1651819201473189486 405.742705 2.463412 1 0 0.000000
1651819203068327356 0.000000 0.000000 0 0 0.000000
1651819204068507049 0.000000 0.000000 0 0 0.000000
1651819204325273938 2234.874179 3.894583 1 0 0.000000
1651819205318547660 203.933530 1.006772 1 0 0.000000
1651819206182237204 202.985100 1.157823 1 0 0.000000
1651819207605105272 204.127823 0.702806 1 0 0.000000
1651819209071976749 0.000000 0.000000 0 0 0.000000
1651819210072937190 0.000000 0.000000 0 0 0.000000
1651819211027344035 1315.052752 2.095542 2 0 0.000000
1651819211943379948 202.864042 1.091660 1 0 0.000000
1651819212702373090 202.803097 2.635070 2 0 0.000000
1651819214075987218 0.000000 0.000000 0 0 0.000000
1651819214894369758 709.358429 2.443845 2 0 0.000000
1651819215268369284 203.535281 2.673800 1 0 0.000000
1651819217077503962 0.000000 0.000000 0 0 0.000000
1651819218021361786 1215.547286 2.118963 2 0 0.000000
1651819218808368017 203.127965 1.270638 1 0 0.000000
1651819220079281887 0.000000 0.000000 0 0 0.000000
1651819221079431696 0.000000 0.000000 0 0 0.000000
1651819221628384325 203.535870 1.821651 1 0 0.000000
1651819222898383154 203.225404 2.362207 3 0 0.000000
1651819224081186456 0.000000 0.000000 0 0 0.000000
1651819224335341218 203.025802 3.934612 1 0 0.000000
1651819226082019596 0.000000 0.000000 0 0 0.000000
1651819227082479531 0.000000 0.000000 0 0 0.000000
1651819228083144721 0.000000 0.000000 0 0 0.000000
1651819229083229890 0.000000 0.000000 0 0 0.000000
1651819229954357601 5065.115250 1.147937 1 0 0.000000
1651819230255341323 203.284066 3.322439 1 0 0.000000
1651819231731307302 1216.481307 0.677522 1 0 0.000000
1651819233084642863 0.000000 0.000000 0 0 0.000000
1651819234084777732 0.000000 0.000000 0 0 0.000000
1651819234283274093 2228.281884 5.037876 1 0 0.000000
1651819235799358546 202.974215 1.319188 2 0 0.000000
1651819236256342616 203.526790 2.188260 1 0 0.000000
1651819238087155356 0.000000 0.000000 0 0 0.000000
1651819238141331653 1215.775636 18.458257 1 0 0.000000
1651819239475326244 203.588250 1.499256 2 0 0.000000
1651819240696276086 1215.779771 0.819034 1 0 0.000000
1651819242088648045 0.000000 0.000000 0 0 0.000000
1651819243089439277 0.000000 0.000000 0 0 0.000000
1651819244089709310 0.000000 0.000000 0 0 0.000000
1651819245073288994 1148.049314 3.050083 3 0 0.000000
1651819246091087526 0.000000 0.000000 0 0 0.000000
1651819247091397151 0.000000 0.000000 0 0 0.000000
1651819247688252432 2025.162753 1.675448 1 0 0.000000
1651819248747260578 202.980899 1.888560 2 0 0.000000
1651819250093513418 0.000000 0.000000 0 0 0.000000
1651819251093585403 0.000000 0.000000 0 0 0.000000
1651819251372241894 709.442027 7.177296 2 0 0.000000
1651819252601321088 1215.929409 0.813617 1 0 0.000000
1651819254095775008 0.000000 0.000000 0 0 0.000000
1651819254992311336 203.424570 2.230808 2 0 0.000000
1651819256096628683 0.000000 0.000000 0 0 0.000000
1651819256197222937 203.875451 9.940926 1 0 0.000000
1651819258098304897 0.000000 0.000000 0 0 0.000000
1651819258938305058 1215.925827 2.380952 2 0 0.000000
1651819260099791022 0.000000 0.000000 0 0 0.000000
1651819261100782053 0.000000 0.000000 0 0 0.000000
1651819261396222325 2228.738207 3.384779 1 0 0.000000
1651819262418296004 203.310870 0.978403 1 0 0.000000
1651819263929221930 709.429601 1.323692 2 0 0.000000
1651819265001293143 202.945294 1.865548 2 0 0.000000
1651819266104380353 0.000000 0.000000 0 0 0.000000
1651819267104811558 0.000000 0.000000 0 0 0.000000
1651819267633214236 1113.187772 3.784992 2 0 0.000000
1651819268432282606 203.071029 1.251457 1 0 0.000000
1651819269137288379 202.861116 1.418428 1 0 0.000000
1651819270811255994 710.319578 1.194766 2 0 0.000000
1651819271451268243 203.466672 1.562470 1 0 0.000000
1651819272904283766 1216.038994 0.688224 1 0 0.000000
1651819274108806470 0.000000 0.000000 0 0 0.000000
1651819274393328051 203.315067 3.514672 1 0 0.000000
1651819275793260496 203.408086 1.428640 2 0 0.000000
1651819276501254941 203.284840 1.412440 1 0 0.000000
1651819277272276710 202.925635 1.296980 1 0 0.000000
1651819279111780905 0.000000 0.000000 0 0 0.000000
1651819279784253557 1215.447939 1.487049 1 0 0.000000
1651819280333268565 203.782371 1.821444 1 0 0.000000
1651819281615266105 203.076263 1.560065 2 0 0.000000
1651819282872262390 202.744514 0.795547 1 0 0.000000
1651819283630519484 203.369798 1.318814 1 0 0.000000
1651819284638259991 203.690519 0.992319 1 0 0.000000
1651819285270262233 203.234063 1.582273 1 0 0.000000
1651819287114742312 0.000000 0.000000 0 0 0.000000
1651819287768257791 709.549157 3.060371 2 0 0.000000
1651819289116107695 0.000000 0.000000 0 0 0.000000
1651819289527260170 709.308390 4.864376 2 0 0.000000
1651819290943152385 203.569972 1.412537 2 0 0.000000
1651819292118385084 0.000000 0.000000 0 0 0.000000
1651819292627255471 1215.181306 1.965137 1 0 0.000000
1651819293168245457 203.028847 1.848463 1 0 0.000000
1651819295122027647 0.000000 0.000000 0 0 0.000000
1651819296122059401 0.000000 0.000000 0 0 0.000000
1651819297122747356 0.000000 0.000000 0 0 0.000000
1651819298004176907 1972.028875 2.269041 2 0 0.000000
1651819298214226086 203.923574 4.760789 1 0 0.000000
1651819299960165301 540.958651 1.718273 3 0 0.000000
1651819300317158419 203.028915 2.801174 1 0 0.000000
1651819301882116084 709.292223 1.277990 2 0 0.000000
1651819303126317854 0.000000 0.000000 0 0 0.000000
1651819303467242551 1214.433363 2.933199 1 0 0.000000
1651819305032155830 709.989950 1.278026 2 0 0.000000
1651819305430207367 203.512152 2.512237 1 0 0.000000
1651819306418169778 203.137569 2.024369 2 0 0.000000
1651819307435207142 203.256593 0.983248 1 0 0.000000
1651819309129954912 0.000000 0.000000 0 0 0.000000
1651819309891210718 2023.264604 1.313619 1 0 0.000000
1651819310568204087 203.525997 2.954239 2 0 0.000000
1651819311920221540 203.903579 1.479271 2 0 0.000000
1651819312616208357 203.414747 1.436809 1 0 0.000000
1651819313239144365 203.402895 1.605301 1 0 0.000000
1651819314501077425 203.733044 0.792435 1 0 0.000000
1651819316087108246 203.362934 1.261010 2 0 0.000000
1651819317132251891 0.000000 0.000000 0 0 0.000000
1651819318122137613 709.189228 2.020435 2 0 0.000000
1651819319133727468 0.000000 0.000000 0 0 0.000000
1651819320134627756 0.000000 0.000000 0 0 0.000000
1651819321032178563 1215.620387 2.228286 2 0 0.000000
1651819322090181793 203.657100 0.945177 1 0 0.000000
1651819323135981095 0.000000 0.000000 0 0 0.000000
1651819323292142648 203.432150 6.403627 1 0 0.000000
1651819325137335617 0.000000 0.000000 0 0 0.000000
1651819326137414519 0.000000 0.000000 0 0 0.000000
1651819327088192195 204.291186 2.103541 2 0 0.000000
1651819327893123882 203.976319 1.242341 1 0 0.000000
1651819329137997021 0.000000 0.000000 0 0 0.000000
1651819329282121047 1215.476480 6.938468 1 0 0.000000
1651819330707181487 203.325383 1.403449 2 0 0.000000
1651819331455118171 203.099905 1.337012 1 0 0.000000
1651819332460178406 203.228736 1.989930 2 0 0.000000
1651819333751019031 1216.629971 0.774689 1 0 0.000000
1651819334960063017 204.446105 1.654199 2 0 0.000000
1651819335991155495 202.827748 1.939690 2 0 0.000000
1651819336292081544 203.714347 3.323075 1 0 0.000000
1651819338142680280 0.000000 0.000000 0 0 0.000000
1651819339143514872 0.000000 0.000000 0 0 0.000000
1651819340144194673 0.000000 0.000000 0 0 0.000000
1651819341113029522 1014.366397 2.064335 2 0 0.000000
1651819341486165169 203.592738 2.679991 1 0 0.000000
1651819343145975788 0.000000 0.000000 0 0 0.000000
1651819343960103603 1215.643904 1.228308 1 0 0.000000
1651819345059166139 203.586375 0.909866 1 0 0.000000
1651819345426156325 203.287655 2.724869 1 0 0.000000
1651819347148366292 0.000000 0.000000 0 0 0.000000
1651819347561143428 1215.918115 2.422615 1 0 0.000000
1651819348806044082 1216.395801 0.803277 1 0 0.000000
1651819349406169075 202.924794 1.666320 1 0 0.000000
1651819350913140119 203.341205 1.327166 2 0 0.000000
1651819351817072964 203.201598 2.212554 2 0 0.000000
1651819352802162134 203.234405 1.015137 1 0 0.000000
1651819353977143313 204.447129 0.851077 1 0 0.000000
1651819355153384996 0.000000 0.000000 0 0 0.000000
1651819355567131250 1214.923313 2.416940 1 0 0.000000
1651819357154187825 0.000000 0.000000 0 0 0.000000
1651819358154428822 0.000000 0.000000 0 0 0.000000
1651819359154791837 0.000000 0.000000 0 0 0.000000
1651819360143137082 710.204694 2.023584 2 0 0.000000
1651819361156499768 0.000000 0.000000 0 0 0.000000
1651819362156877299 0.000000 0.000000 0 0 0.000000
1651819363157247946 0.000000 0.000000 0 0 0.000000
1651819363972115891 2228.545118 1.227193 1 0 0.000000
1651819364697121715 203.101524 1.379299 1 0 0.000000
1651819365267036437 203.878682 1.754648 1 0 0.000000
1651819366489946327 1216.757106 0.817722 1 0 0.000000
1651819368160283895 0.000000 0.000000 0 0 0.000000
1651819368594063815 1216.260594 2.305317 1 0 0.000000
1651819370028056892 203.094039 0.697353 1 0 0.000000
1651819370563090535 203.246275 1.869041 1 0 0.000000
1651819371507112570 203.636988 1.059297 1 0 0.000000
1651819372826092514 1217.389999 0.758162 1 0 0.000000
1651819374007102232 204.596638 0.846733 1 0 0.000000
1651819374222034252 203.386106 4.652634 1 0 0.000000
1651819375759097427 203.632570 0.650591 1 0 0.000000
1651819377008103175 1216.570780 0.800637 1 0 0.000000
1651819378166220006 0.000000 0.000000 0 0 0.000000
1651819378717105429 1414.851264 1.815260 1 0 0.000000
1651819380167832187 0.000000 0.000000 0 0 0.000000
1651819381168739532 0.000000 0.000000 0 0 0.000000
1651819381938941060 3038.324757 1.298361 1 0 0.000000
1651819382627005633 204.244676 1.453352 1 0 0.000000
1651819384169756334 0.000000 0.000000 0 0 0.000000
1651819385169807860 0.000000 0.000000 0 0 0.000000
1651819385270094399 2430.233633 9.971431 1 0 0.000000
1651819387171273960 0.000000 0.000000 0 0 0.000000
1651819388011908681 1215.673419 1.189577 1 0 0.000000
1651819389172514375 0.000000 0.000000 0 0 0.000000
1651819389515077859 1214.218357 2.919167 1 0 0.000000
1651819391173405000 0.000000 0.000000 0 0 0.000000
1651819391292023675 1215.742506 8.430380 1 0 0.000000
1651819393174160701 0.000000 0.000000 0 0 0.000000
1651819393797081211 204.107218 3.210683 2 0 0.000000
1651819395175380952 0.000000 0.000000 0 0 0.000000
1651819395276974282 1218.136866 9.843165 1 0 0.000000
1651819397175915875 0.000000 0.000000 0 0 0.000000
1651819398154073726 2227.849433 1.022330 1 0 0.000000
1651819399177137794 0.000000 0.000000 0 0 0.000000
1651819399712043971 1216.992758 1.869487 1 0 0.000000
1651819401178675154 0.000000 0.000000 0 0 0.000000
1651819402179588971 0.000000 0.000000 0 0 0.000000
1651819403073057136 1114.792051 2.238468 2 0 0.000000
1651819404180521563 0.000000 0.000000 0 0 0.000000
1651819405181585359 0.000000 0.000000 0 0 0.000000
1651819405495041337 2230.331242 3.190240 1 0 0.000000
1651819406402053553 203.801692 1.102521 1 0 0.000000
1651819407795950191 203.932999 1.434827 2 0 0.000000
1651819408240048933 203.340107 2.251752 1 0 0.000000
1651819409508982852 1216.797887 0.788063 1 0 0.000000
1651819411186102597 0.000000 0.000000 0 0 0.000000
1651819412186858232 0.000000 0.000000 0 0 0.000000
1651819413187296773 0.000000 0.000000 0 0 0.000000
1651819414178048035 1720.722862 2.018670 2 0 0.000000
1651819415188170735 0.000000 0.000000 0 0 0.000000
1651819415632981781 1215.223609 2.248145 1 0 0.000000
1651819416264930785 203.873929 1.582406 1 0 0.000000
1651819418088966282 710.271785 1.096470 2 0 0.000000
1651819419190439560 0.000000 0.000000 0 0 0.000000
1651819420190705823 0.000000 0.000000 0 0 0.000000
1651819421191267340 0.000000 0.000000 0 0 0.000000
1651819421723030132 3441.846413 1.880538 1 0 0.000000
1651819422328957260 202.953361 1.650364 1 0 0.000000
1651819423723002665 1217.421888 0.717337 1 0 0.000000
1651819424958969550 1216.384292 0.809083 1 0 0.000000
1651819425237871170 204.473602 3.585495 1 0 0.000000
1651819427086984795 203.446418 1.622399 3 0 0.000000
1651819428195133763 0.000000 0.000000 0 0 0.000000
1651819429195844747 0.000000 0.000000 0 0 0.000000
1651819429949958743 2228.405503 1.326059 1 0 0.000000
1651819431196369330 0.000000 0.000000 0 0 0.000000
1651819431797947323 1215.839375 1.662295 1 0 0.000000
1651819433156015430 1216.579895 0.736340 1 0 0.000000
1651819433361955003 203.487943 4.855794 1 0 0.000000
1651819434792947125 1216.214488 0.698816 1 0 0.000000
1651819436198036616 0.000000 0.000000 0 0 0.000000
1651819436429983374 1216.199399 4.311334 1 0 0.000000
1651819437202962013 202.942678 1.293697 1 0 0.000000
1651819439199151635 0.000000 0.000000 0 0 0.000000
1651819439653978249 2025.059098 2.198640 1 0 0.000000
1651819441200397733 0.000000 0.000000 0 0 0.000000
1651819441591918467 1416.905247 2.554143 1 0 0.000000
1651819442215965817 203.135330 1.602442 1 0 0.000000
1651819443461919379 1216.542268 0.802598 1 0 0.000000
1651819444862000819 203.231511 1.428488 2 0 0.000000
1651819445658993782 202.928702 1.254716 1 0 0.000000
1651819447203838557 0.000000 0.000000 0 0 0.000000
1651819448140928021 709.121187 2.134268 2 0 0.000000
1651819448820970522 202.986470 1.470496 1 0 0.000000
1651819449976872139 203.830510 2.595377 3 0 0.000000
1651819450216976943 203.914140 4.164848 1 0 0.000000
1651819452208077435 0.000000 0.000000 0 0 0.000000
1651819453040898451 709.803090 2.401476 2 0 0.000000
1651819453322899564 204.395153 3.546085 1 0 0.000000
1651819454802990508 1215.147045 0.675634 1 0 0.000000
1651819456209887989 0.000000 0.000000 0 0 0.000000
1651819457210157914 0.000000 0.000000 0 0 0.000000
1651819458006870188 710.028441 2.510317 2 0 0.000000
1651819458778893467 204.105768 1.295298 1 0 0.000000
1651819460211690171 0.000000 0.000000 0 0 0.000000
1651819460898973134 1215.658702 1.455005 1 0 0.000000
1651819462132949084 202.930904 0.810389 1 0 0.000000
1651819462998838291 204.214993 2.309764 2 0 0.000000
1651819463772957563 203.304636 1.291791 1 0 0.000000
1651819465214717401 0.000000 0.000000 0 0 0.000000
1651819465329793074 204.680827 8.689936 1 0 0.000000
1651819467143938058 203.244979 1.102448 2 0 0.000000
1651819467619922105 203.028376 2.100911 1 0 0.000000
1651819468671878554 204.027382 0.950610 1 0 0.000000
1651819470216669564 0.000000 0.000000 0 0 0.000000
1651819470321962753 1216.087773 9.497290 1 0 0.000000
1651819472217717656 0.000000 0.000000 0 0 0.000000
1651819472966924442 1217.434158 1.334745 1 0 0.000000
1651819474208932337 1216.560819 0.805148 1 0 0.000000
1651819475123826266 204.705303 1.093023 1 0 0.000000
1651819476220925912 0.000000 0.000000 0 0 0.000000
1651819477221178116 0.000000 0.000000 0 0 0.000000
1651819478210905953 1114.529039 2.020758 2 0 0.000000
1651819478938866303 203.178558 1.373701 1 0 0.000000
1651819480222819586 0.000000 0.000000 0 0 0.000000
1651819480963909080 1216.722479 1.349365 1 0 0.000000
1651819482000851022 203.948146 1.928748 2 0 0.000000
1651819483224530153 0.000000 0.000000 0 0 0.000000
1651819483583906379 204.133478 2.782599 1 0 0.000000
1651819484804834127 1216.295897 0.819049 1 0 0.000000
1651819485531826870 204.118501 1.375529 1 0 0.000000
1651819487135874372 710.455339 1.246846 2 0 0.000000
1651819487476769263 204.744085 2.933456 1 0 0.000000
1651819489174896812 1217.803794 0.588884 1 0 0.000000
1651819490228948223 0.000000 0.000000 0 0 0.000000
1651819490748793912 1217.048918 1.923648 1 0 0.000000
1651819492229790886 0.000000 0.000000 0 0 0.000000
1651819492322907367 1215.881476 10.739246 1 0 0.000000
1651819493266912371 203.382629 1.059316 1 0 0.000000
1651819494941775969 711.243090 1.194127 2 0 0.000000
1651819495834825976 203.642854 2.239516 2 0 0.000000
1651819497232656546 0.000000 0.000000 0 0 0.000000
1651819497244847489 1217.318230 82.028647 1 0 0.000000
1651819499155824375 1216.663130 0.523293 1 0 0.000000
1651819499732777111 204.101128 1.733244 1 0 0.000000
1651819501234731772 0.000000 0.000000 0 0 0.000000
1651819502235430435 0.000000 0.000000 0 0 0.000000
1651819503145893923 1115.555991 2.196683 2 0 0.000000
1651819504236338613 0.000000 0.000000 0 0 0.000000
1651819504434824845 1217.288612 5.038133 1 0 0.000000
1651819506222698262 711.217389 1.118647 2 0 0.000000
1651819507237602307 0.000000 0.000000 0 0 0.000000
1651819508121806063 1214.957718 1.130961 1 0 0.000000
1651819508484800686 204.346176 2.754862 1 0 0.000000
1651819510110837153 1215.732170 0.614992 1 0 0.000000
1651819511229820847 204.345395 1.787336 2 0 0.000000
1651819511482703450 204.057195 3.954404 1 0 0.000000
1651819512588887748 203.189396 0.904008 1 0 0.000000
1651819513799816934 203.985945 1.651624 2 0 0.000000
1651819514294846969 204.250687 2.020079 1 0 0.000000
1651819516060871707 1215.257737 0.566243 1 0 0.000000
1651819516380739742 204.272177 3.126289 1 0 0.000000
1651819517897900846 1215.422616 0.659126 1 0 0.000000
1651819519244749210 0.000000 0.000000 0 0 0.000000
1651819519399793613 1415.238590 6.449766 1 0 0.000000
1651819520737795779 1217.432536 0.747383 1 0 0.000000
1651819522246783787 0.000000 0.000000 0 0 0.000000
1651819522723747784 710.288148 4.193188 2 0 0.000000
1651819524047812989 1217.436111 0.755250 1 0 0.000000
1651819524988730069 204.440508 2.125586 2 0 0.000000
1651819526249073855 0.000000 0.000000 0 0 0.000000
1651819526269844626 1215.942317 48.144601 1 0 0.000000
1651819527750837185 203.847519 0.675223 1 0 0.000000
1651819528393696643 203.770816 1.555550 1 0 0.000000
1651819530251879446 0.000000 0.000000 0 0 0.000000
1651819531252534077 0.000000 0.000000 0 0 0.000000
1651819531657819225 711.384769 4.934797 2 0 0.000000
1651819532920817109 204.688949 0.791767 1 0 0.000000
1651819534170801355 1216.470477 0.800010 1 0 0.000000
1651819535254406982 0.000000 0.000000 0 0 0.000000
1651819535688819490 204.310278 2.301959 1 0 0.000000
1651819537255474850 0.000000 0.000000 0 0 0.000000
1651819537577764907 1216.776309 3.102794 1 0 0.000000
1651819538853717745 204.422598 0.783728 1 0 0.000000
1651819539654799476 203.478317 2.496624 2 0 0.000000
1651819540978660220 1216.826913 0.755366 1 0 0.000000
1651819542242815783 1217.493342 0.791042 1 0 0.000000
1651819543248802787 204.537594 0.994049 1 0 0.000000
1651819543659692348 204.207235 2.433744 1 0 0.000000
1651819545200768401 1217.304487 0.648897 1 0 0.000000
1651819545639799342 204.238577 4.555487 2 0 0.000000
1651819546902615520 1217.609308 0.791881 1 0 0.000000
1651819547608802723 205.050045 1.416055 1 0 0.000000
1651819548894767392 1217.499091 0.777626 1 0 0.000000
1651819550038792918 204.112657 1.748213 2 0 0.000000
1651819551265310248 0.000000 0.000000 0 0 0.000000
1651819551579734066 1214.803232 3.180421 1 0 0.000000
1651819553265850197 0.000000 0.000000 0 0 0.000000
1651819554009775916 1114.949977 2.688440 2 0 0.000000
1651819554679777994 204.461129 1.492533 1 0 0.000000
1651819555710677997 204.735244 0.970026 1 0 0.000000
1651819556566776830 204.000064 1.168089 1 0 0.000000
1651819558268755090 0.000000 0.000000 0 0 0.000000
1651819558404719553 1216.792522 7.354865 1 0 0.000000
1651819559640704725 1216.549676 0.809071 1 0 0.000000
1651819561200788435 1214.942801 0.640991 1 0 0.000000
1651819562270546714 0.000000 0.000000 0 0 0.000000
1651819563270596481 0.000000 0.000000 0 0 0.000000
1651819563994664039 1218.524721 1.381087 1 0 0.000000
1651819564716761580 204.818569 1.384854 1 0 0.000000
1651819565973775205 1216.535337 0.795536 1 0 0.000000
1651819567096758005 203.910666 2.671457 3 0 0.000000
1651819567410651375 204.142842 3.185795 1 0 0.000000
1651819568679728573 1216.898177 0.787974 1 0 0.000000
1651819570274517645 0.000000 0.000000 0 0 0.000000
1651819570461757833 1215.445511 5.340733 1 0 0.000000
1651819572275244163 0.000000 0.000000 0 0 0.000000
1651819573275585015 0.000000 0.000000 0 0 0.000000
1651819573909765291 3444.013253 1.576839 1 0 0.000000
1651819574597687880 204.725785 1.453652 1 0 0.000000
1651819576056757587 1215.239994 0.685368 1 0 0.000000
1651819576883722273 203.697877 2.418483 2 0 0.000000
1651819578167718760 1218.781348 0.778818 1 0 0.000000
1651819579278894513 0.000000 0.000000 0 0 0.000000
1651819579760700417 1216.097442 2.075525 1 0 0.000000
1651819581280018042 0.000000 0.000000 0 0 0.000000
1651819582280323756 0.000000 0.000000 0 0 0.000000
1651819582674722392 1315.799642 5.071011 2 0 0.000000
1651819583481717769 204.906565 1.239164 1 0 0.000000
1651819585196635485 204.808664 1.749355 3 0 0.000000
1651819586281828587 0.000000 0.000000 0 0 0.000000
1651819586322718727 203.478435 24.455773 1 0 0.000000
1651819587611609464 1218.396483 0.775861 1 0 0.000000
1651819588847685116 1216.557401 0.809012 1 0 0.000000
1651819589648605724 203.909743 1.248563 1 0 0.000000
1651819591283851706 0.000000 0.000000 0 0 0.000000
1651819591982707415 204.776349 1.430911 1 0 0.000000
1651819593285428550 0.000000 0.000000 0 0 0.000000
1651819593366705674 1217.417795 12.303583 1 0 0.000000
1651819594693810989 1218.539249 0.753520 1 0 0.000000
1651819595849811420 204.667625 0.865052 1 0 0.000000
1651819596956825550 204.409981 0.903331 1 0 0.000000
1651819597648804667 204.186031 1.445130 1 0 0.000000
1651819599289024237 0.000000 0.000000 0 0 0.000000
1651819600264790494 2027.126186 1.024836 1 0 0.000000
1651819601290813154 0.000000 0.000000 0 0 0.000000
1651819601735793172 1217.053339 2.247292 1 0 0.000000
1651819602797723583 204.100139 1.883363 2 0 0.000000
1651819604292828332 0.000000 0.000000 0 0 0.000000
1651819605293786344 0.000000 0.000000 0 0 0.000000
1651819605944785451 204.840684 3.072201 2 0 0.000000
1651819606891792859 204.933122 1.055958 1 0 0.000000
1651819608295776872 0.000000 0.000000 0 0 0.000000
1651819609296374578 0.000000 0.000000 0 0 0.000000
1651819609880771984 204.563484 3.422329 2 0 0.000000
1651819610367758083 204.553410 2.053447 1 0 0.000000
1651819611770706553 1216.213651 0.712785 1 0 0.000000
1651819613214785532 1215.988398 0.692483 1 0 0.000000
1651819614232762223 204.319791 0.982341 1 0 0.000000
1651819615300306495 0.000000 0.000000 0 0 0.000000
1651819616300969521 0.000000 0.000000 0 0 0.000000
1651819617301462078 0.000000 0.000000 0 0 0.000000
1651819617966779588 1725.362586 3.006083 2 0 0.000000
1651819618865771085 204.233269 1.112358 1 0 0.000000
1651819620303486673 0.000000 0.000000 0 0 0.000000
1651819620773690183 709.707115 4.253478 2 0 0.000000
1651819622304908253 0.000000 0.000000 0 0 0.000000
1651819623156710130 2229.273773 1.173982 1 0 0.000000
1651819624306710336 0.000000 0.000000 0 0 0.000000
1651819625028742615 204.081689 2.769959 2 0 0.000000
1651819626298745804 204.502313 0.787400 1 0 0.000000
1651819627052736264 204.225565 1.326277 1 0 0.000000
1651819628309422326 0.000000 0.000000 0 0 0.000000
1651819628341677856 1218.325059 31.002465 1 0 0.000000
1651819630012673086 203.772915 0.598446 1 0 0.000000
1651819631311183991 0.000000 0.000000 0 0 0.000000
1651819632265725399 541.862631 3.142870 3 0 0.000000
1651819633312904567 0.000000 0.000000 0 0 0.000000
1651819634313432337 0.000000 0.000000 0 0 0.000000
1651819635150711023 204.954697 2.388691 2 0 0.000000
1651819636314964819 0.000000 0.000000 0 0 0.000000
1651819637315428097 0.000000 0.000000 0 0 0.000000
1651819637440655372 1218.676886 7.985482 1 0 0.000000
1651819638373716057 203.837616 1.071742 1 0 0.000000
1651819640038715325 204.818446 0.600601 1 0 0.000000
1651819640779718566 204.968968 1.349522 1 0 0.000000
1651819642222644864 204.895105 1.386072 2 0 0.000000
1651819643043601916 204.998574 2.436181 2 0 0.000000
1651819644318732801 1215.955288 0.784233 1 0 0.000000
1651819645320095856 0.000000 0.000000 0 0 0.000000
1651819645454702658 204.226064 7.429045 1 0 0.000000
1651819647090704729 204.498215 1.222492 2 0 0.000000
1651819647520636839 204.011462 2.325949 1 0 0.000000
1651819648741633805 1217.840614 0.819003 1 0 0.000000
1651819650067636387 1219.510007 0.754146 1 0 0.000000
1651819651323435910 0.000000 0.000000 0 0 0.000000
1651819652323837138 0.000000 0.000000 0 0 0.000000
1651819653018679409 1216.666737 2.878351 2 0 0.000000
1651819654046621771 204.311380 1.945634 2 0 0.000000
1651819655325709517 0.000000 0.000000 0 0 0.000000
1651819655861698082 1216.048541 1.865711 1 0 0.000000
1651819656576657637 204.616221 2.797362 2 0 0.000000
1651819657427671130 204.248987 1.175069 1 0 0.000000
1651819659327098061 0.000000 0.000000 0 0 0.000000
1651819660222674794 711.376032 2.233198 2 0 0.000000
1651819660899666021 239.576233 2.954248 2 0 0.000000
1651819662328101636 0.000000 0.000000 0 0 0.000000
1651819662576675727 1217.946490 4.022945 1 0 0.000000
1651819664064613130 204.269104 1.344143 2 0 0.000000
1651819665329984540 0.000000 0.000000 0 0 0.000000
1651819666285703081 710.940714 2.092666 2 0 0.000000
1651819667331298631 0.000000 0.000000 0 0 0.000000
1651819668331778114 0.000000 0.000000 0 0 0.000000
1651819669108602168 710.671298 2.574586 2 0 0.000000
1651819670333110468 0.000000 0.000000 0 0 0.000000
1651819671333221509 0.000000 0.000000 0 0 0.000000
1651819672250640491 710.692296 2.180029 2 0 0.000000
1651819672681656002 204.254657 2.320102 1 0 0.000000
1651819674334488042 0.000000 0.000000 0 0 0.000000
1651819675303588148 1015.477060 2.063770 2 0 0.000000
1651819675933640677 204.301104 1.587169 1 0 0.000000
1651819677336264379 0.000000 0.000000 0 0 0.000000
1651819678337203613 0.000000 0.000000 0 0 0.000000
1651819678720627761 1216.077730 2.608077 1 0 0.000000
1651819679542602287 204.832801 1.216583 1 0 0.000000
1651819681218623182 204.727359 1.193303 2 0 0.000000
1651819682338911501 0.000000 0.000000 0 0 0.000000
1651819682511518188 1218.289629 5.793519 1 0 0.000000
1651819683524628186 204.402233 0.987060 1 0 0.000000
1651819685340317188 0.000000 0.000000 0 0 0.000000
1651819686341291416 0.000000 0.000000 0 0 0.000000
1651819687342123267 0.000000 0.000000 0 0 0.000000
1651819687634634161 2229.882008 3.418676 1 0 0.000000
1651819689122615752 204.826375 1.344103 2 0 0.000000
1651819690343482395 0.000000 0.000000 0 0 0.000000
1651819691344186084 0.000000 0.000000 0 0 0.000000
1651819691706608028 1828.743123 2.759215 1 0 0.000000
1651819692938549118 1217.435425 0.811727 1 0 0.000000
1651819693934595159 204.649588 1.003970 1 0 0.000000
1651819695347233096 0.000000 0.000000 0 0 0.000000
1651819696076618893 710.645611 2.742033 2 0 0.000000
1651819697226546809 204.486440 0.869620 1 0 0.000000
1651819697958531873 204.643936 2.732296 2 0 0.000000
1651819699228595399 1217.906017 0.787362 1 0 0.000000
1651819700349152047 0.000000 0.000000 0 0 0.000000
1651819701241611405 710.260658 2.240998 2 0 0.000000
1651819702067504621 205.712943 1.210810 1 0 0.000000
1651819703350968407 0.000000 0.000000 0 0 0.000000
1651819704351710587 0.000000 0.000000 0 0 0.000000
1651819705351753946 0.000000 0.000000 0 0 0.000000
1651819705883714780 3441.201852 1.879838 1 0 0.000000
1651819707353663322 0.000000 0.000000 0 0 0.000000
1651819707998507649 2027.271871 1.550762 1 0 0.000000
1651819709120581122 204.562223 0.891207 1 0 0.000000
1651819710356329954 0.000000 0.000000 0 0 0.000000
1651819710780540886 710.928040 4.714636 2 0 0.000000
1651819712171574044 204.590472 2.156670 3 0 0.000000
1651819712832576708 204.221774 1.512853 1 0 0.000000
1651819714192566974 204.072735 0.735299 1 0 0.000000
1651819715120564628 204.699651 2.155178 2 0 0.000000
1651819716359450584 0.000000 0.000000 0 0 0.000000
1651819717269550428 457.493742 4.395122 4 0 0.000000
1651819718361212421 0.000000 0.000000 0 0 0.000000
1651819719099571992 711.615694 2.708707 2 0 0.000000
1651819720362918962 0.000000 0.000000 0 0 0.000000
1651819720530550365 1218.499427 5.965469 1 0 0.000000
1651819722095506188 204.568214 1.916987 3 0 0.000000
1651819723364902187 0.000000 0.000000 0 0 0.000000
1651819724365509541 0.000000 0.000000 0 0 0.000000
1651819725056491021 1217.911032 2.894434 2 0 0.000000
1651819725464507406 204.994934 2.450882 1 0 0.000000
1651819727158534163 1218.534020 0.590309 1 0 0.000000
1651819728316540842 205.532022 0.863553 1 0 0.000000
1651819729369167715 0.000000 0.000000 0 0 0.000000
1651819729824536704 204.980076 2.196021 1 0 0.000000
1651819731221528880 1218.388838 0.715824 1 0 0.000000
1651819732370965448 0.000000 0.000000 0 0 0.000000
1651819733371101246 0.000000 0.000000 0 0 0.000000
1651819733634533681 2229.030586 3.796040 1 0 0.000000
1651819735372145190 0.000000 0.000000 0 0 0.000000
1651819736373199932 0.000000 0.000000 0 0 0.000000
1651819737187523065 204.059760 3.684041 3 0 0.000000
1651819738312536839 204.677798 1.777756 2 0 0.000000
1651819738723519620 204.061492 2.433192 1 0 0.000000
1651819740161449733 204.739940 1.390888 2 0 0.000000
1651819741375672702 0.000000 0.000000 0 0 0.000000
1651819741872451886 204.242713 2.012967 1 0 0.000000
1651819743307522723 204.653594 0.696830 1 0 0.000000
1651819744121526265 204.987118 1.228496 1 0 0.000000
1651819744798509320 204.959939 1.477142 1 0 0.000000
1651819745904521102 205.444698 0.904149 1 0 0.000000
1651819746730506394 204.848750 1.210675 1 0 0.000000
1651819748379025875 0.000000 0.000000 0 0 0.000000
1651819748697507435 1217.720692 3.139899 1 0 0.000000
1651819750236502153 204.545400 1.299550 2 0 0.000000
1651819750978511018 204.671536 2.695386 2 0 0.000000
1651819752380982771 0.000000 0.000000 0 0 0.000000
1651819753247484831 710.906014 2.308131 2 0 0.000000
1651819753994465264 205.018718 1.338723 1 0 0.000000
1651819755382386256 0.000000 0.000000 0 0 0.000000
1651819756383471402 0.000000 0.000000 0 0 0.000000
1651819757008476774 1216.757994 3.199973 2 0 0.000000
1651819758366494550 204.496439 1.472735 2 0 0.000000
1651819759385137538 0.000000 0.000000 0 0 0.000000
1651819759883490223 204.796070 2.006611 1 0 0.000000
1651819761191316840 1220.158073 0.764627 1 0 0.000000
1651819762040522417 204.894905 1.177571 1 0 0.000000
1651819763388252191 0.000000 0.000000 0 0 0.000000
1651819763692447565 710.103513 6.574722 2 0 0.000000
1651819764978466977 204.694300 0.777593 1 0 0.000000
1651819766389263396 0.000000 0.000000 0 0 0.000000
1651819767390160328 0.000000 0.000000 0 0 0.000000
1651819768085416473 3104.431522 1.438319 1 0 0.000000
1651819769391181431 0.000000 0.000000 0 0 0.000000
1651819769469467041 205.155625 12.773738 1 0 0.000000
1651819771391493995 0.000000 0.000000 0 0 0.000000
1651819772177479257 2432.126156 1.272289 1 0 0.000000
1651819773393097711 0.000000 0.000000 0 0 0.000000
1651819774394102053 0.000000 0.000000 0 0 0.000000
1651819774666456186 2229.999494 3.671690 1 0 0.000000
1651819776395594409 0.000000 0.000000 0 0 0.000000
1651819777396494436 0.000000 0.000000 0 0 0.000000
1651819777923448932 2230.074573 1.897697 1 0 0.000000
1651819779351451140 204.929289 0.700279 1 0 0.000000
1651819780398095102 0.000000 0.000000 0 0 0.000000
1651819781398749958 0.000000 0.000000 0 0 0.000000
1651819781559452980 204.549448 6.222658 1 0 0.000000
1651819782543448419 204.826317 1.016265 1 0 0.000000
1651819783416384458 204.783596 1.145559 1 0 0.000000
1651819785257390187 204.581568 1.629544 3 0 0.000000
1651819786401970405 0.000000 0.000000 0 0 0.000000
1651819787402376895 0.000000 0.000000 0 0 0.000000
1651819788403420700 0.000000 0.000000 0 0 0.000000
1651819789231412504 3238.095366 1.207741 1 0 0.000000
1651819790334433920 205.162467 0.906601 1 0 0.000000
1651819791203362669 204.775772 1.150842 1 0 0.000000
1651819792405835968 0.000000 0.000000 0 0 0.000000
1651819793321352565 711.560839 2.184559 2 0 0.000000
1651819794407204819 0.000000 0.000000 0 0 0.000000
1651819795408131092 0.000000 0.000000 0 0 0.000000
1651819796087410761 2024.745860 1.472148 1 0 0.000000
1651819796711417115 205.181713 1.602548 1 0 0.000000
1651819797627412381 204.671546 1.091709 1 0 0.000000
1651819799409914080 0.000000 0.000000 0 0 0.000000
1651819800409984297 0.000000 0.000000 0 0 0.000000
1651819800688438565 2838.331513 3.591255 1 0 0.000000
1651819802411238481 0.000000 0.000000 0 0 0.000000
1651819803411841868 0.000000 0.000000 0 0 0.000000
1651819803958409882 1216.794125 1.829598 1 0 0.000000
1651819805412961369 0.000000 0.000000 0 0 0.000000
1651819806294346759 2026.780205 1.134578 1 0 0.000000
1651819807004411075 204.938597 1.408323 1 0 0.000000
1651819808414698512 0.000000 0.000000 0 0 0.000000
1651819808423356016 1216.982498 115.507146 1 0 0.000000
1651819810416412136 0.000000 0.000000 0 0 0.000000
1651819810870421502 1216.897499 2.202598 1 0 0.000000
1651819812084390284 204.996906 0.823744 1 0 0.000000
1651819813192327912 204.676635 1.805156 2 0 0.000000
1651819814362390689 204.993830 0.854655 1 0 0.000000
1651819814632420480 204.438188 3.703295 1 0 0.000000
1651819816164322250 204.449790 0.652783 1 0 0.000000
1651819817419803769 0.000000 0.000000 0 0 0.000000
1651819817676342889 1216.036162 3.898042 1 0 0.000000
1651819819420434590 0.000000 0.000000 0 0 0.000000
1651819819946281135 2029.824734 1.901696 1 0 0.000000
1651819820670379511 204.921835 1.381028 1 0 0.000000
1651819822134319961 204.458536 1.366176 2 0 0.000000
1651819823041375271 205.036224 2.204937 2 0 0.000000
1651819824422547250 0.000000 0.000000 0 0 0.000000
1651819825312320626 542.845829 3.371645 3 0 0.000000
1651819826424563560 0.000000 0.000000 0 0 0.000000
1651819827424856722 0.000000 0.000000 0 0 0.000000
1651819828007257524 204.853837 3.434061 2 0 0.000000
1651819829426227220 0.000000 0.000000 0 0 0.000000
1651819829503383090 1218.036995 12.960783 1 0 0.000000
1651819830973312104 711.858937 1.360610 2 0 0.000000
1651819832236376599 204.873815 2.375176 3 0 0.000000
1651819833427795201 0.000000 0.000000 0 0 0.000000
1651819833624300635 1218.168510 5.088919 1 0 0.000000
1651819835429238494 0.000000 0.000000 0 0 0.000000
1651819836414304456 2229.724754 1.015160 1 0 0.000000
1651819837025301000 204.812831 1.636670 1 0 0.000000
1651819837723298113 204.870068 1.432671 1 0 0.000000
1651819839431981348 0.000000 0.000000 0 0 0.000000
1651819840432866330 0.000000 0.000000 0 0 0.000000
1651819841428320172 1723.577364 2.009134 2 0 0.000000
1651819842205345197 203.996519 1.286960 1 0 0.000000
1651819843390330809 204.613191 1.687784 2 0 0.000000
1651819844434877950 0.000000 0.000000 0 0 0.000000
1651819844707272457 1217.373217 3.671146 1 0 0.000000
1651819846274270210 204.773516 0.638163 1 0 0.000000
1651819847222348987 204.761073 1.054765 1 0 0.000000
1651819848317306958 205.468520 0.913277 1 0 0.000000
1651819848855335408 204.850160 1.858638 1 0 0.000000
1651819849995213037 204.865549 1.754574 2 0 0.000000
1651819851053346678 204.835622 0.945060 1 0 0.000000
1651819851836336615 204.896357 1.277156 1 0 0.000000
1651819853439768244 0.000000 0.000000 0 0 0.000000
1651819854397320224 2026.882438 1.044330 1 0 0.000000
1651819855440042599 0.000000 0.000000 0 0 0.000000
1651819856435256842 204.432542 2.009618 2 0 0.000000
1651819856896565489 204.950729 2.167746 1 0 0.000000
1651819858441076371 0.000000 0.000000 0 0 0.000000
1651819859201310281 1219.051524 1.315385 1 0 0.000000
1651819860178259063 204.697274 1.023595 1 0 0.000000
1651819860464290866 204.486538 3.496114 1 0 0.000000
1651819862027307398 204.609309 0.639788 1 0 0.000000
1651819863444217284 0.000000 0.000000 0 0 0.000000
1651819863827323167 204.719119 5.220489 2 0 0.000000
1651819865371302881 1218.382729 0.647677 1 0 0.000000
1651819866445936649 0.000000 0.000000 0 0 0.000000
1651819867392296248 1218.157907 1.056681 1 0 0.000000
1651819868447792800 0.000000 0.000000 0 0 0.000000
1651819868816291277 1217.929650 2.713716 1 0 0.000000
1651819870448672480 0.000000 0.000000 0 0 0.000000
1651819871449362643 0.000000 0.000000 0 0 0.000000
1651819871921284653 1415.275478 2.118994 1 0 0.000000
1651819873450165458 0.000000 0.000000 0 0 0.000000
1651819874450443048 0.000000 0.000000 0 0 0.000000
1651819874939284091 2649.017394 2.045655 1 0 0.000000
1651819876263260334 205.264156 0.755301 1 0 0.000000
1651819877452431345 0.000000 0.000000 0 0 0.000000
1651819878073274350 710.217339 3.221426 2 0 0.000000
1651819879452717750 0.000000 0.000000 0 0 0.000000
1651819880007218854 710.870163 3.606846 2 0 0.000000
1651819881453558925 0.000000 0.000000 0 0 0.000000
1651819881557279305 204.628233 9.641306 1 0 0.000000
1651819883057204653 1218.969419 0.666700 1 0 0.000000
1651819884456089809 0.000000 0.000000 0 0 0.000000
1651819885426267914 2229.393925 1.030739 1 0 0.000000
1651819886261208609 204.427326 1.197690 1 0 0.000000
1651819886739267161 205.161654 2.091794 1 0 0.000000
1651819888109257605 1218.492744 0.729932 1 0 0.000000
1651819889458624194 0.000000 0.000000 0 0 0.000000
1651819889665211473 1216.921276 4.840570 1 0 0.000000
1651819891018245452 1217.539765 0.739080 1 0 0.000000
1651819891590189432 204.871640 1.748423 1 0 0.000000
1651819893460245346 711.546877 1.069487 2 0 0.000000
1651819894461456306 0.000000 0.000000 0 0 0.000000
1651819895083273948 205.005741 3.216377 2 0 0.000000
1651819896462745460 0.000000 0.000000 0 0 0.000000
1651819896727186102 1217.701188 3.781567 1 0 0.000000
1651819898083249455 204.744541 0.737429 1 0 0.000000
1651819898508185017 204.325133 2.353298 1 0 0.000000
1651819900229240757 1219.108308 0.581039 1 0 0.000000
1651819901248173236 204.353358 0.981419 1 0 0.000000
1651819902092233038 204.935159 1.184750 1 0 0.000000
1651819903466599290 0.000000 0.000000 0 0 0.000000
1651819904028167512 711.485036 3.561455 2 0 0.000000
1651819905467259141 0.000000 0.000000 0 0 0.000000
1651819906032188480 1217.864904 1.770133 1 0 0.000000
1651819906939182510 204.786120 1.102543 1 0 0.000000
1651819908322175376 204.815900 1.446139 2 0 0.000000
1651819909470144532 0.000000 0.000000 0 0 0.000000
1651819910470869318 0.000000 0.000000 0 0 0.000000
1651819910654168523 2027.049432 5.455563 1 0 0.000000
1651819912471573392 0.000000 0.000000 0 0 0.000000
1651819912793173427 1827.903567 3.109453 1 0 0.000000
1651819914472315657 0.000000 0.000000 0 0 0.000000
1651819915472701967 0.000000 0.000000 0 0 0.000000
1651819915838238086 2839.153920 2.735708 1 0 0.000000
1651819917246212852 205.150643 1.420480 2 0 0.000000
1651819918473848718 0.000000 0.000000 0 0 0.000000
1651819919339212069 712.222809 2.311168 2 0 0.000000
1651819920475014416 0.000000 0.000000 0 0 0.000000
1651819921475537384 0.000000 0.000000 0 0 0.000000
1651819921887213558 1218.391942 4.858188 2 0 0.000000
1651819922707239127 204.989511 1.219474 1 0 0.000000
1651819923547206711 204.983340 1.190522 1 0 0.000000
1651819924809165922 1218.432487 0.792419 1 0 0.000000
1651819926268131738 204.973425 1.370834 2 0 0.000000
1651819927014135517 204.987737 1.340476 1 0 0.000000
1651819927564196429 205.026630 1.817980 1 0 0.000000
1651819929480183885 0.000000 0.000000 0 0 0.000000
1651819930480690812 0.000000 0.000000 0 0 0.000000
1651819930696194138 2231.694013 4.640300 1 0 0.000000
1651819931675209001 204.771261 1.021435 1 0 0.000000
1651819933483224902 0.000000 0.000000 0 0 0.000000
1651819934483286773 0.000000 0.000000 0 0 0.000000
1651819935386121246 1724.755622 2.215246 2 0 0.000000
1651819936056184215 205.146064 1.492397 1 0 0.000000
1651819937283210705 1216.850760 0.814978 1 0 0.000000
1651819938486354297 0.000000 0.000000 0 0 0.000000
1651819939486527016 0.000000 0.000000 0 0 0.000000
1651819939944173249 2229.970719 2.185094 1 0 0.000000
1651819940587174745 204.806738 1.555206 1 0 0.000000
1651819941963180890 1219.231074 0.726741 1 0 0.000000
1651819943378109181 204.531110 1.413499 2 0 0.000000
1651819944491340860 0.000000 0.000000 0 0 0.000000
1651819944928178052 205.228459 2.289183 1 0 0.000000
1651819945559099453 205.076804 1.584984 1 0 0.000000
1651819947494014199 0.000000 0.000000 0 0 0.000000
1651819948494090256 0.000000 0.000000 0 0 0.000000
1651819949494286728 0.000000 0.000000 0 0 0.000000
1651819950495318568 0.000000 0.000000 0 0 0.000000
1651819950924161842 5274.313978 2.331854 1 0 0.000000
1651819952496626400 0.000000 0.000000 0 0 0.000000
1651819952587156091 1217.825276 11.046100 1 0 0.000000
1651819954121149540 205.131531 1.303787 2 0 0.000000
1651819955498263653 0.000000 0.000000 0 0 0.000000
1651819956450165275 2277.037504 1.050529 1 0 0.000000
1651819957039155855 204.935338 1.697820 1 0 0.000000
1651819958345135676 204.994634 1.531417 2 0 0.000000
1651819958662147733 205.282751 3.154454 1 0 0.000000
1651819960501287124 0.000000 0.000000 0 0 0.000000
1651819961502283346 0.000000 0.000000 0 0 0.000000
1651819962370146917 810.059719 2.304510 2 0 0.000000
1651819963503461304 0.000000 0.000000 0 0 0.000000
1651819963896145495 1214.936566 2.546592 1 0 0.000000
1651819964761081352 205.385954 1.156155 1 0 0.000000
1651819965602126415 204.796398 1.188997 1 0 0.000000
1651819966925132460 204.567708 0.755854 1 0 0.000000
1651819968470132278 205.002774 1.294499 2 0 0.000000
1651819969508412863 0.000000 0.000000 0 0 0.000000
1651819969825142859 203.975827 3.157264 1 0 0.000000
1651819971509793238 0.000000 0.000000 0 0 0.000000
1651819972510850465 0.000000 0.000000 0 0 0.000000
1651819972900160045 1318.086675 5.137300 2 0 0.000000
1651819973655057638 204.845500 1.324683 1 0 0.000000
1651819975513328473 0.000000 0.000000 0 0 0.000000
1651819975959121627 2229.336876 2.243193 1 0 0.000000
1651819976905115984 205.144260 1.057089 1 0 0.000000
1651819978452127746 1216.219893 0.646407 1 0 0.000000
1651819979496113354 205.172423 1.915735 2 0 0.000000
1651819980517031193 0.000000 0.000000 0 0 0.000000
1651819981498060332 710.093768 2.038675 2 0 0.000000
1651819981755104576 204.484792 3.890381 1 0 0.000000
1651819983518050572 0.000000 0.000000 0 0 0.000000
1651819984411092771 204.967864 2.239536 2 0 0.000000
1651819985058106773 205.314609 1.545562 1 0 0.000000
1651819986343109987 205.367239 0.778208 1 0 0.000000
1651819986606051515 205.285534 3.803126 1 0 0.000000
1651819987600092067 204.825342 1.005995 1 0 0.000000
1651819989074031430 1218.003508 0.678454 1 0 0.000000
1651819990522336098 0.000000 0.000000 0 0 0.000000
1651819991446112719 2228.545539 1.082513 1 0 0.000000
1651819991981115458 204.897347 1.869149 1 0 0.000000
1651819993523578324 0.000000 0.000000 0 0 0.000000
1651819994034023838 711.602688 3.918146 2 0 0.000000
1651819995524202068 0.000000 0.000000 0 0 0.000000
1651819996525010537 0.000000 0.000000 0 0 0.000000
1651819997525743433 0.000000 0.000000 0 0 0.000000
1651819998519112102 2685.361483 1.006676 1 0 0.000000
1651819999527667386 0.000000 0.000000 0 0 0.000000
1651820000094098910 710.961450 3.530877 2 0 0.000000
1651820001528030160 0.000000 0.000000 0 0 0.000000
1651820001636102464 1415.912112 9.253070 1 0 0.000000
1651820003529630144 0.000000 0.000000 0 0 0.000000
1651820004254003487 711.497215 2.761007 2 0 0.000000
1651820005429973662 205.246386 1.700723 2 0 0.000000
1651820006531436577 0.000000 0.000000 0 0 0.000000
1651820007532472051 0.000000 0.000000 0 0 0.000000
1651820008532551011 0.000000 0.000000 0 0 0.000000
1651820008756057361 1218.463490 4.474147 1 0 0.000000
1651820010533819463 0.000000 0.000000 0 0 0.000000
1651820011437054825 1828.538648 1.107131 1 0 0.000000
1651820012535240320 0.000000 0.000000 0 0 0.000000
1651820012563060246 205.420458 35.945459 1 0 0.000000
1651820014535954131 0.000000 0.000000 0 0 0.000000
1651820015243071659 1215.837643 1.414192 1 0 0.000000
1651820015608059235 205.368991 2.739819 1 0 0.000000
1651820017184040367 204.513136 0.634525 1 0 0.000000
1651820018538199498 0.000000 0.000000 0 0 0.000000
1651820018747985897 1216.808294 4.766751 1 0 0.000000
1651820020538774016 0.000000 0.000000 0 0 0.000000
1651820021332053831 205.633968 2.521178 2 0 0.000000
1651820021590036956 204.444436 3.876223 1 0 0.000000
1651820023392049395 1217.139716 0.554935 1 0 0.000000
1651820024541808973 0.000000 0.000000 0 0 0.000000
1651820025542742585 0.000000 0.000000 0 0 0.000000
1651820026275020308 543.250251 4.096806 3 0 0.000000
1651820027543534091 0.000000 0.000000 0 0 0.000000
1651820027928026883 712.000207 5.201658 2 0 0.000000
1651820029241035426 1218.867256 0.761610 1 0 0.000000
1651820029956966219 204.894110 2.793566 2 0 0.000000
1651820031214062250 1219.987629 0.795484 1 0 0.000000
1651820032323040574 204.758757 1.803462 2 0 0.000000
1651820033545660842 0.000000 0.000000 0 0 0.000000
1651820034209014971 712.196326 3.014981 2 0 0.000000
1651820035547434600 0.000000 0.000000 0 0 0.000000
1651820036414023566 712.040919 2.307899 2 0 0.000000
1651820037067024259 204.859756 3.062784 2 0 0.000000
1651820038300013682 205.086401 0.811037 1 0 0.000000
1651820038954956889 205.054121 1.526850 1 0 0.000000
1651820040130006245 204.908952 1.702056 2 0 0.000000
1651820041534007227 1218.685306 0.712250 1 0 0.000000
1651820042552269811 0.000000 0.000000 0 0 0.000000
1651820042624002014 204.687152 13.940754 1 0 0.000000
