1652147945086977553 160.371965 0.000000
1652147945164412653 77.429146 0.000000
1652147945240165256 75.748944 0.000000
1652147945618283279 378.114324 0.000000
1652147945692886826 74.599261 0.000000
1652147945766713272 73.821673 0.000000
1652147945840639456 73.921895 0.000000
1652147945913798178 73.154643 0.000000
1652147945987627978 73.826026 0.000000
1652147946061193591 73.561479 0.000000
1652147946134998902 73.801708 0.000000
1652147946208933255 73.929034 0.000000
1652147946282391391 73.452800 0.000000
1652147946358534905 76.138832 0.000000
1652147946432025960 73.486428 0.000000
1652147946505604127 73.573163 0.000000
1652147946578972032 73.364081 0.000000
1652147946652678001 73.701559 0.000000
1652147946725333873 72.650339 0.000000
1652147946947652989 222.314079 0.000000
1652147947021027344 73.369070 0.000000
1652147947093658085 72.627303 0.000000
1652147947166834280 73.172006 0.000000
1652147947238718116 71.880317 0.000000
1652147947311878432 73.156451 0.000000
1652147947527640891 215.758249 0.000000
1652147947600967039 73.321183 0.000000
1652147947674217781 73.246504 0.000000
1652147947747030774 72.807804 0.000000
1652147947820494209 73.458429 0.000000
1652147947893209380 72.711747 0.000000
1652147947967208241 73.993067 0.000000
1652147948183911143 216.697430 0.000000
1652147948256361978 72.445417 0.000000
1652147948329806345 73.439923 0.000000
1652147948403162809 73.350192 0.000000
1652147948476769867 73.600976 0.000000
1652147948550236089 73.461289 0.000000
1652147948622234045 71.992092 0.000000
1652147948695306672 73.063006 0.000000
1652147948768389523 73.078052 0.000000
1652147948841466414 73.072281 0.000000
1652147948914355430 72.885403 0.000000
1652147948986828180 72.467983 0.000000
1652147949059452315 72.619352 0.000000
1652147949275451288 215.995402 0.000000
1652147949348014937 72.559723 0.000000
1652147949419432099 71.410629 0.000000
1652147949491897334 72.461504 0.000000
1652147949564703605 72.802160 0.000000
1652147949636454114 71.747097 0.000000
1652147949709434468 72.974228 0.000000
1652147949781546184 72.107346 0.000000
1652147949853451767 71.900989 0.000000
1652147949925814797 72.358878 0.000000
1652147949998204807 72.386105 0.000000
1652147950069885139 71.673761 0.000000
1652147950141224540 71.335425 0.000000
1652147950213167015 71.925076 0.000000
1652147950284854018 71.683354 0.000000
1652147950356998346 72.139374 0.000000
1652147950574812957 217.809623 0.000000
1652147950646592996 71.775026 0.000000
1652147950719199137 72.601280 0.000000
1652147950791031526 71.826556 0.000000
1652147951006210638 215.154631 0.000000
1652147951078320406 72.104297 0.000000
1652147951212381563 134.057866 0.000000
1652147951284685561 72.298844 0.000000
1652147951356484323 71.794486 0.000000
1652147951427799313 71.310690 0.000000
1652147951499601019 71.797872 0.000000
1652147951571826248 72.220032 0.000000
1652147951643316284 71.485310 0.000000
1652147951715623959 72.290641 0.000000
1652147951787244540 71.615529 0.000000
1652147951859128638 71.878441 0.000000
1652147951931426677 72.293087 0.000000
1652147952003007399 71.574894 0.000000
1652147952074717001 71.704209 0.000000
1652147952147052205 72.330088 0.000000
1652147952219597617 72.538592 0.000000
1652147952291627377 72.023191 0.000000
1652147952363307188 71.674142 0.000000
1652147952434656449 71.345244 0.000000
1652147952507057279 72.396094 0.000000
1652147952579561809 72.499458 0.000000
1652147952651850976 72.284200 0.000000
1652147952723348722 71.492758 0.000000
1652147952794751169 71.397829 0.000000
1652147952866650619 71.894862 0.000000
1652147952941772113 75.116577 0.000000
1652147953014260754 72.484437 0.000000
1652147953085928358 71.663173 0.000000
1652147953158526308 72.593155 0.000000
1652147953231359557 72.828403 0.000000
1652147953302743165 71.379508 0.000000
1652147953375428639 72.680422 0.000000
1652147953447160527 71.727358 0.000000
1652147953518641963 71.475497 0.000000
1652147953590309957 71.661836 0.000000
1652147953661762714 71.448036 0.000000
1652147953733253138 71.486251 0.000000
1652147953805675162 72.418034 0.000000
1652147953877992925 72.312852 0.000000
1652147953950333517 72.336336 0.000000
1652147954022208860 71.870562 0.000000
1652147954093650395 71.437288 0.000000
1652147954165913871 72.259122 0.000000
1652147954237735286 71.816366 0.000000
1652147954310076611 72.338002 0.000000
1652147954382502405 72.421734 0.000000
1652147954454303206 71.795216 0.000000
1652147954526738733 72.431754 0.000000
1652147954598980165 72.237029 0.000000
1652147954671385116 72.400114 0.000000
1652147954743915504 72.525637 0.000000
1652147954816273981 72.354247 0.000000
1652147954887907279 71.628953 0.000000
1652147954960039982 72.127521 0.000000
1652147955032582947 72.538559 0.000000
1652147955105253547 72.666049 0.000000
1652147955176739857 71.482580 0.000000
1652147955396768155 220.023156 0.000000
1652147955469639296 72.865603 0.000000
1652147955542114229 72.470923 0.000000
1652147955614745641 72.626603 0.000000
1652147955686595841 71.845119 0.000000
1652147955758278539 71.678158 0.000000
1652147955830692769 72.409849 0.000000
1652147955903435624 72.736569 0.000000
1652147955975986781 72.545566 0.000000
1652147956048408340 72.416863 0.000000
1652147956120818336 72.404994 0.000000
1652147956192594925 71.771240 0.000000
1652147956264834384 72.234351 0.000000
1652147956336627982 71.789654 0.000000
1652147956409013997 72.381324 0.000000
1652147956480507624 71.490168 0.000000
1652147956699211575 218.698760 0.000000
1652147956770808414 71.592841 0.000000
1652147956843423980 72.609046 0.000000
1652147956915738942 72.309891 0.000000
1652147956987615589 71.873101 0.000000
1652147957059863301 72.243776 0.000000
1652147957131629949 71.760857 0.000000
1652147957203853656 72.218649 0.000000
1652147957420738254 216.879615 0.000000
1652147957492237448 71.494517 0.000000
1652147957565335680 73.093501 0.000000
1652147957638922323 73.581442 0.000000
1652147957711037835 72.111055 0.000000
1652147957783303598 72.260987 0.000000
1652147957854652761 71.344144 0.000000
1652147957926347709 71.691030 0.000000
1652147957998021390 71.667981 0.000000
1652147958068690967 70.664183 0.000000
1652147958140085412 71.387904 0.000000
1652147958211543478 71.454286 0.000000
1652147958282491486 70.943655 0.000000
1652147958353868470 71.371712 0.000000
1652147958426021742 72.146842 0.000000
1652147958497627324 71.600754 0.000000
1652147958568661506 71.029265 0.000000
1652147958640773581 72.108405 0.000000
1652147958712993340 72.213129 0.000000
1652147958784069343 71.070606 0.000000
1652147958855353460 71.277969 0.000000
1652147958926323674 70.964024 0.000000
1652147958997428959 71.100723 0.000000
1652147959069082555 71.649231 0.000000
1652147959143372878 74.285415 0.000000
1652147959215048797 71.672303 0.000000
1652147959286601872 71.549607 0.000000
1652147959357893899 71.287593 0.000000
1652147959429347841 71.450197 0.000000
1652147959501136541 71.784835 0.000000
1652147959573648582 72.508121 0.000000
1652147959645379504 71.726310 0.000000
1652147959717312974 71.929054 0.000000
1652147959788366705 71.048839 0.000000
1652147959860176808 71.805091 0.000000
1652147959931382808 71.201405 0.000000
1652147960002351556 70.964504 0.000000
1652147960362061393 359.704775 0.000000
1652147960433368624 71.302189 0.000000
1652147960505080304 71.706966 0.000000
1652147960576206431 71.120838 0.000000
1652147960647760767 71.548427 0.000000
1652147960719679157 71.914070 0.000000
1652147960790591539 70.907725 0.000000
1652147960862582141 71.985996 0.000000
1652147960933610552 71.024479 0.000000
1652147961004881063 71.264181 0.000000
1652147961076351582 71.464354 0.000000
1652147961148434516 72.078647 0.000000
1652147961219958646 71.519595 0.000000
1652147961291835619 71.872748 0.000000
1652147961363941903 72.100607 0.000000
1652147961436006886 72.060793 0.000000
1652147961508060354 72.048326 0.000000
1652147961579951520 71.886680 0.000000
1652147961652004101 72.048536 0.000000
1652147961723160435 71.152105 0.000000
1652147961795359984 72.192367 0.000000
1652147961867085461 71.720735 0.000000
1652147961939730627 72.640106 0.000000
1652147962010602036 70.861803 0.000000
1652147962081525056 70.916380 0.000000
1652147962153175976 71.646003 0.000000
1652147962228322508 75.141751 0.000000
1652147962299625814 71.298219 0.000000
1652147962370913754 71.282417 0.000000
1652147962441988002 71.068875 0.000000
1652147962513124784 71.129835 0.000000
1652147962584883964 71.753402 0.000000
1652147962655755708 70.867223 0.000000
1652147962727469685 71.709900 0.000000
1652147962798381935 70.906842 0.000000
1652147962870168226 71.781520 0.000000
1652147962941353738 71.180956 0.000000
1652147963012248953 70.890173 0.000000
1652147963083256996 71.003387 0.000000
1652147963154741373 71.479997 0.000000
1652147963226428270 71.682156 0.000000
1652147963297994204 71.562067 0.000000
1652147963369377711 71.378701 0.000000
1652147963440998576 71.615052 0.000000
1652147963511877078 70.873725 0.000000
1652147963582689193 70.807306 0.000000
1652147963653394295 70.700086 0.000000
1652147963727036313 73.637407 0.000000
1652147963798868770 71.828464 0.000000
1652147963870752783 71.880439 0.000000
1652147963942044793 71.285300 0.000000
1652147964014111769 72.063295 0.000000
1652147964085850064 71.734659 0.000000
1652147964157588578 71.734018 0.000000
1652147964229638396 72.045243 0.000000
1652147964301509765 71.865670 0.000000
1652147964372988114 71.473364 0.000000
1652147964444231598 71.239461 0.000000
1652147964515586879 71.339299 0.000000
1652147964587396122 71.804981 0.000000
1652147964659197848 71.797735 0.000000
1652147964730166944 70.965187 0.000000
1652147964802104106 71.932912 0.000000
1652147964873530973 71.422783 0.000000
1652147964944886144 71.350711 0.000000
1652147965307540720 362.650433 0.000000
1652147965379138948 71.592736 0.000000
1652147965450832802 71.688702 0.000000
1652147965522588666 71.751378 0.000000
1652147965594103919 71.511168 0.000000
1652147965666048587 71.939782 0.000000
1652147965737157423 71.104667 0.000000
1652147965808838520 71.676951 0.000000
1652147965880885571 72.043459 0.000000
1652147965951948394 71.058649 0.000000
1652147966023752329 71.799189 0.000000
1652147966094952579 71.195926 0.000000
1652147966165860827 70.904076 0.000000
1652147966236862282 70.996845 0.000000
1652147966308783125 71.917472 0.000000
1652147966526914282 218.126755 0.000000
1652147966598163767 71.245204 0.000000
1652147966670166649 71.997799 0.000000
1652147966741366438 71.195587 0.000000
1652147966813456229 72.086765 0.000000
1652147966885458300 71.997721 0.000000
1652147966956279847 70.817432 0.000000
1652147967027366052 71.082105 0.000000
1652147967098591117 71.221176 0.000000
1652147967169747393 71.152217 0.000000
1652147967241672485 71.919979 0.000000
1652147967313800694 72.123197 0.000000
1652147967384754253 70.948509 0.000000
1652147967456725370 71.966701 0.000000
1652147967528589336 71.860483 0.000000
1652147967600506760 71.886567 0.000000
1652147967671376875 70.865895 0.000000
1652147967743528253 72.147270 0.000000
1652147967815647630 72.115869 0.000000
1652147967887506509 71.855060 0.000000
1652147967958893287 71.381966 0.000000
1652147968030842090 71.944774 0.000000
1652147968102009155 71.163283 0.000000
1652147968173374277 71.360606 0.000000
1652147968245144217 71.764923 0.000000
1652147968316584926 71.435999 0.000000
1652147968537283720 220.694627 0.000000
1652147968609040790 71.751136 0.000000
1652147968826680030 217.634414 0.000000
1652147968897870129 71.184917 0.000000
1652147968969786194 71.911465 0.000000
1652147969041139068 71.349335 0.000000
1652147969111909380 70.766182 0.000000
1652147969183867406 71.954600 0.000000
1652147969255135080 71.263645 0.000000
1652147969327206777 72.067206 0.000000
1652147969399030171 71.819555 0.000000
1652147969470970643 71.936690 0.000000
1652147969541997717 71.023977 0.000000
1652147969612707453 70.705060 0.000000
1652147969684273141 71.551811 0.000000
1652147969755111321 70.833819 0.000000
1652147969826123806 71.008964 0.000000
1652147969897953018 71.825584 0.000000
1652147969971373471 73.415972 0.000000
1652147970043585756 72.208561 0.000000
1652147970115493761 71.904417 0.000000
1652147970334813817 219.315987 0.000000
1652147970406104856 71.285917 0.000000
1652147970477317842 71.207901 0.000000
1652147970549036226 71.714975 0.000000
1652147970620268929 71.228588 0.000000
1652147970691538238 71.265345 0.000000
1652147970763112630 71.570641 0.000000
1652147970834300679 71.184185 0.000000
1652147970905420483 71.115604 0.000000
1652147970976715642 71.290818 0.000000
1652147971048170918 71.450740 0.000000
1652147971120153576 71.978454 0.000000
1652147971191302794 71.144978 0.000000
1652147971262852484 71.545459 0.000000
1652147971334412073 71.556129 0.000000
1652147971406165007 71.749507 0.000000
1652147971478066091 71.897119 0.000000
1652147971549062986 70.992553 0.000000
1652147971620823200 71.757157 0.000000
1652147971691541417 70.712625 0.000000
1652147971762997235 71.451976 0.000000
1652147971834201749 71.200760 0.000000
1652147971906077770 71.871186 0.000000
1652147972124192470 218.110171 0.000000
1652147972196148615 71.951096 0.000000
1652147972267272855 71.120221 0.000000
1652147972338986055 71.709046 0.000000
1652147972552764954 213.774759 0.000000
1652147972770230849 217.459822 0.000000
1652147972841391012 71.154720 0.000000
1652147972912310395 70.915310 0.000000
1652147972984260924 71.947011 0.000000
1652147973056389904 72.125055 0.000000
1652147973128321115 71.927517 0.000000
1652147973201616750 73.291982 0.000000
1652147973272824608 71.203108 0.000000
1652147973344358619 71.530278 0.000000
1652147973416181191 71.818885 0.000000
1652147973488263902 72.078536 0.000000
1652147973559534036 71.265964 0.000000
1652147973631623017 72.084911 0.000000
1652147973703748567 72.121687 0.000000
1652147973775129340 71.376094 0.000000
1652147973847238751 72.105801 0.000000
1652147973919076833 71.833982 0.000000
1652147973990072074 70.990737 0.000000
1652147974061457182 71.381093 0.000000
1652147974278991679 217.529976 0.000000
1652147974350470337 71.473786 0.000000
1652147974422363296 71.888353 0.000000
1652147974639795006 217.427013 0.000000
1652147974711661180 71.860271 0.000000
1652147974784934438 73.268743 0.000000
1652147974857185481 72.246442 0.000000
1652147974929200849 72.010919 0.000000
1652147975000884345 71.679650 0.000000
1652147975072334737 71.446728 0.000000
1652147975144088611 71.749634 0.000000
1652147975360702703 216.609731 0.000000
1652147975432730476 72.022651 0.000000
1652147975504114574 71.380069 0.000000
1652147975575696918 71.576255 0.000000
1652147975647640469 71.939662 0.000000
1652147975719595131 71.950933 0.000000
1652147975790445328 70.846501 0.000000
1652147975862121759 71.673632 0.000000
1652147975933200039 71.074317 0.000000
1652147976151001866 217.797963 0.000000
1652147976222200292 71.193925 0.000000
1652147976294023862 71.818974 0.000000
1652147976367481227 73.452603 0.000000
1652147976586816116 219.330397 0.000000
1652147976658922761 72.100997 0.000000
1652147976730768704 71.841638 0.000000
1652147976802197160 71.424346 0.000000
1652147976873814961 71.613872 0.000000
1652147976945856059 72.037148 0.000000
1652147977017661060 71.801307 0.000000
1652147977089464516 71.799568 0.000000
1652147977161227946 71.759481 0.000000
1652147977233524217 72.268998 0.000000
1652147977305107077 71.578965 0.000000
1652147977377158082 72.046579 0.000000
1652147977448920846 71.758824 0.000000
1652147977520003943 71.079273 0.000000
1652147977592088536 72.080012 0.000000
1652147977663052379 70.959999 0.000000
1652147977734984903 71.929739 0.000000
1652147977950511512 215.522637 0.000000
1652147978022657146 72.140997 0.000000
1652147978093968473 71.306796 0.000000
1652147978165067806 71.095225 0.000000
1652147978236530732 71.458991 0.000000
1652147978307974129 71.439469 0.000000
1652147978525245630 217.268107 0.000000
1652147978597096063 71.845346 0.000000
1652147978669042229 71.942036 0.000000
1652147978741051781 72.005834 0.000000
1652147978812344756 71.289120 0.000000
1652147978884151702 71.803386 0.000000
1652147978955145552 70.990973 0.000000
1652147979026995457 71.847576 0.000000
1652147979099034864 72.034852 0.000000
1652147979170549890 71.511037 0.000000
1652147979242106152 71.551908 0.000000
1652147979314302730 72.174627 0.000000
1652147979385201080 70.894190 0.000000
1652147979457767041 72.561545 0.000000
1652147979529120503 71.348761 0.000000
1652147979600147263 71.022124 0.000000
1652147979672215287 72.062757 0.000000
1652147979743261541 71.042220 0.000000
1652147979815171962 71.906628 0.000000
1652147979886428001 71.251443 0.000000
1652147979957596294 71.164069 0.000000
1652147980029188530 71.587690 0.000000
1652147980101174738 71.982409 0.000000
1652147980173055427 71.876394 0.000000
1652147980244162776 71.103158 0.000000
1652147980316191233 72.024257 0.000000
1652147980387482282 71.286965 0.000000
1652147980458642666 71.155653 0.000000
1652147980529646817 70.999991 0.000000
1652147980600633578 70.981759 0.000000
1652147980671838912 71.201245 0.000000
1652147980743602707 71.760021 0.000000
1652147980814570814 70.964594 0.000000
1652147980886591442 72.017060 0.000000
1652147980959107992 72.512271 0.000000
1652147981031195754 72.083590 0.000000
1652147981103476735 72.276609 0.000000
1652147981174876856 71.396102 0.000000
1652147981246106341 71.225235 0.000000
1652147981317154073 71.043269 0.000000
1652147981389208577 72.050663 0.000000
1652147981461339665 72.127614 0.000000
1652147981532570518 71.226548 0.000000
1652147981604708169 72.132358 0.000000
1652147981676389460 71.677373 0.000000
1652147981896528959 220.136309 0.000000
1652147981968243141 71.709675 0.000000
1652147982040006732 71.760743 0.000000
1652147982259226067 219.215228 0.000000
1652147982330283696 71.052092 0.000000
1652147982402193070 71.904768 0.000000
1652147982474037071 71.839596 0.000000
1652147982687496550 213.455047 0.000000
1652147982759632141 72.132103 0.000000
1652147982831511294 71.874468 0.000000
1652147982973290688 141.774667 0.000000
1652147983045030563 71.728830 0.000000
1652147983117081376 72.046874 0.000000
1652147983189581380 72.494842 0.000000
1652147983261444570 71.859191 0.000000
1652147983333319316 71.870411 0.000000
1652147983404744256 71.421081 0.000000
1652147983476689211 71.940950 0.000000
1652147983548114436 71.421039 0.000000
1652147983619931048 71.812316 0.000000
1652147983690876281 70.940050 0.000000
1652147983763276443 72.395423 0.000000
1652147983835510334 72.229262 0.000000
1652147983906839822 71.324296 0.000000
1652147983978421521 71.575504 0.000000
1652147984050320489 71.893651 0.000000
1652147984122497660 72.172556 0.000000
1652147984195115598 72.612750 0.000000
1652147984267352102 72.231126 0.000000
1652147984338987257 71.630945 0.000000
1652147984410313254 71.321392 0.000000
1652147984482530769 72.213206 0.000000
1652147984554550523 72.015786 0.000000
1652147984626626498 72.070909 0.000000
1652147984698100657 71.470409 0.000000
1652147984770269633 72.164901 0.000000
1652147984841721275 71.446585 0.000000
1652147984913783730 72.058424 0.000000
1652147984985917443 72.130273 0.000000
1652147985057914391 71.991792 0.000000
1652147985129091825 71.172915 0.000000
1652147985200654756 71.559122 0.000000
1652147985272777425 72.117717 0.000000
1652147985344231316 71.449034 0.000000
1652147985416138727 71.902918 0.000000
1652147985635694066 219.549428 0.000000
1652147985707646611 71.947789 0.000000
1652147985921540162 213.888752 0.000000
1652147985993157568 71.612054 0.000000
1652147986064638266 71.476904 0.000000
1652147986136713375 72.070303 0.000000
1652147986207742697 71.025812 0.000000
1652147986279808697 72.062328 0.000000
1652147986351672692 71.859716 0.000000
1652147986422854489 71.176409 0.000000
1652147986495317976 72.458956 0.000000
1652147986566885827 71.560749 0.000000
1652147986639225866 72.335072 0.000000
1652147986711105644 71.874380 0.000000
1652147986782803487 71.692977 0.000000
1652147986995952309 213.143800 0.000000
1652147987068040943 72.083251 0.000000
1652147987139578618 71.533555 0.000000
1652147987211969581 72.365539 0.000000
1652147987283458962 71.484945 0.000000
1652147987502265290 218.801478 0.000000
1652147987574139180 71.868653 0.000000
1652147987787803665 213.660388 0.000000
1652147987859475542 71.667127 0.000000
1652147987930818309 71.338532 0.000000
1652147988003031988 72.209004 0.000000
1652147988074383742 71.346415 0.000000
1652147988145420559 71.034317 0.000000
1652147988216484516 71.060088 0.000000
1652147988288278056 71.789472 0.000000
1652147988360106413 71.824778 0.000000
1652147988432037329 71.926726 0.000000
1652147988503244990 71.204088 0.000000
1652147988574631167 71.382293 0.000000
1652147988646508688 71.873657 0.000000
1652147988863836725 217.324333 0.000000
1652147988935758440 71.916939 0.000000
1652147989008657911 72.895429 0.000000
1652147989080866202 72.203536 0.000000
1652147989152164714 71.294087 0.000000
1652147989224003871 71.834807 0.000000
1652147989436327066 212.318390 0.000000
1652147989508326962 71.994332 0.000000
1652147989580428099 72.096135 0.000000
1652147989652548846 72.116652 0.000000
1652147989724061452 71.508797 0.000000
1652147989795519265 71.453814 0.000000
1652147989867971024 72.447544 0.000000
1652147989940106733 72.130587 0.000000
1652147990012078767 71.968145 0.000000
1652147990083963173 71.880352 0.000000
1652147990155951386 71.983903 0.000000
1652147990227137561 71.181064 0.000000
1652147990299328522 72.186370 0.000000
1652147990371633362 72.297869 0.000000
1652147990443548781 71.910958 0.000000
1652147990515256922 71.704242 0.000000
1652147990590017456 74.755146 0.000000
1652147990661351586 71.329464 0.000000
1652147990732813239 71.456953 0.000000
1652147990804128925 71.311792 0.000000
1652147990875668073 71.533581 0.000000
1652147990947873086 72.200202 0.000000
1652147991019259252 71.381324 0.000000
1652147991090365510 71.101141 0.000000
1652147991161655941 71.284919 0.000000
1652147991232793289 71.115291 0.000000
1652147991304425330 71.628437 0.000000
1652147991375684548 71.256502 0.000000
1652147991447826014 72.137574 0.000000
1652147991662498348 214.667335 0.000000
1652147991734203118 71.698988 0.000000
1652147991952233047 218.025847 0.000000
1652147992023533147 71.294236 0.000000
1652147992095632142 72.094835 0.000000
1652147992168195774 72.559523 0.000000
1652147992239840983 71.640589 0.000000
1652147992311016708 71.171776 0.000000
1652147992382465537 71.444434 0.000000
1652147992454238920 71.769509 0.000000
1652147992525900143 71.656482 0.000000
1652147992597338938 71.433904 0.000000
1652147992669422610 72.078622 0.000000
1652147992887966719 218.539568 0.000000
1652147992959459859 71.487765 0.000000
1652147993030426581 70.963050 0.000000
1652147993101645973 71.215522 0.000000
1652147993172769722 71.119632 0.000000
1652147993244052536 71.278578 0.000000
1652147993315431324 71.374122 0.000000
1652147993386591883 71.155077 0.000000
1652147993458400329 71.804151 0.000000
1652147993530418428 72.013734 0.000000
1652147993601541900 71.118301 0.000000
1652147993673290299 71.744169 0.000000
1652147993744289413 70.995200 0.000000
1652147993815660577 71.367096 0.000000
1652147993887770433 72.105986 0.000000
1652147993959758269 71.983466 0.000000
1652147994031109973 71.347369 0.000000
1652147994103154757 72.040599 0.000000
1652147994174074003 70.914956 0.000000
1652147994246103481 72.024737 0.000000
1652147994317522432 71.415112 0.000000
1652147994389119788 71.592352 0.000000
1652147994607135504 218.011910 0.000000
1652147994679362381 72.222161 0.000000
1652147994751412612 72.045916 0.000000
1652147994823401330 71.984328 0.000000
1652147994895116265 71.710926 0.000000
1652147994967268027 72.146104 0.000000
1652147995039219954 71.946684 0.000000
1652147995110494488 71.268945 0.000000
1652147995184809525 74.310314 0.000000
1652147995256505709 71.691885 0.000000
1652147995328037261 71.526746 0.000000
1652147995399094790 71.053456 0.000000
1652147995470873468 71.775256 0.000000
1652147995542466740 71.588831 0.000000
1652147995614324888 71.853337 0.000000
1652147995686072642 71.743694 0.000000
1652147995757595922 71.519310 0.000000
1652147995971139732 213.539845 0.000000
1652147996042702753 71.558204 0.000000
1652147996114538874 71.832172 0.000000
1652147996185970975 71.428126 0.000000
1652147996258303342 72.327876 0.000000
1652147996330313143 72.005290 0.000000
1652147996402279167 71.961453 0.000000
1652147996473310595 71.027450 0.000000
1652147996545321222 72.007294 0.000000
1652147996616706699 71.381158 0.000000
1652147996691198761 74.487877 0.000000
1652147996763032882 71.829603 0.000000
1652147996834144808 71.108648 0.000000
1652147996905326490 71.177066 0.000000
1652147996976637754 71.307375 0.000000
1652147997047924686 71.281991 0.000000
1652147997119751646 71.822490 0.000000
1652147997191872791 72.116379 0.000000
1652147997264014037 72.135764 0.000000
1652147997335095366 71.077004 0.000000
1652147997406623916 71.524179 0.000000
1652147997477870340 71.242567 0.000000
1652147997549705027 71.831083 0.000000
1652147997621648211 71.939430 0.000000
1652147997693675026 72.022495 0.000000
1652147997764976953 71.297151 0.000000
1652147997837132042 72.151125 0.000000
1652147997908421790 71.285664 0.000000
1652147997979835428 71.406304 0.000000
1652147998051083814 71.244689 0.000000
1652147998124603245 73.514510 0.000000
1652147998196755156 72.147465 0.000000
1652147998268822330 72.063255 0.000000
1652147998340342509 71.516726 0.000000
1652147998412460396 72.113772 0.000000
1652147998483622226 71.157596 0.000000
1652147998700975224 217.348256 0.000000
1652147998772993113 72.012852 0.000000
1652147998845022604 72.025266 0.000000
1652147998917038156 72.008604 0.000000
1652147998988967821 71.925847 0.000000
1652147999061441079 72.469019 0.000000
1652147999133516954 72.072020 0.000000
1652147999205669074 72.148403 0.000000
1652147999277567319 71.893153 0.000000
1652147999349673854 72.102310 0.000000
1652147999421460273 71.782254 0.000000
1652147999493722576 72.258456 0.000000
1652147999565777912 72.051618 0.000000
1652147999638878826 73.095316 0.000000
1652147999710918140 72.035000 0.000000
1652147999781860013 70.937387 0.000000
1652147999852829966 70.965420 0.000000
1652147999925010398 72.176683 0.000000
1652147999997105281 72.088824 0.000000
1652148000215762423 218.652993 0.000000
1652148000287401033 71.634719 0.000000
1652148000358614380 71.208334 0.000000
1652148000430487729 71.869675 0.000000
1652148000502494320 72.002607 0.000000
1652148000786371034 283.872519 0.000000
1652148000858502586 72.127218 0.000000
1652148000929991577 71.484235 0.000000
1652148001001936255 71.916913 0.000000
1652148001073339105 71.398190 0.000000
1652148001145690115 72.323935 0.000000
1652148001216849407 71.155718 0.000000
1652148001289196850 72.342836 0.000000
1652148001361519565 72.318429 0.000000
1652148001432876909 71.353683 0.000000
1652148001504900009 72.019670 0.000000
1652148001576953650 72.049677 0.000000
1652148001648263652 71.305761 0.000000
1652148001719280243 71.012697 0.000000
1652148001790452335 71.167931 0.000000
1652148001862479058 72.022161 0.000000
1652148001934017354 71.534685 0.000000
1652148002005765170 71.744051 0.000000
1652148002077592128 71.821961 0.000000
1652148002149409478 71.810344 0.000000
1652148002221007241 71.593673 0.000000
1652148002585016566 364.005190 0.000000
1652148002657077193 72.055996 0.000000
1652148002728615473 71.533825 0.000000
1652148002802984736 74.365238 0.000000
1652148002875060493 72.071697 0.000000
1652148002947068343 72.004007 0.000000
1652148003019151676 72.079603 0.000000
1652148003232560909 213.404792 0.000000
1652148003304127720 71.561364 0.000000
1652148003375750878 71.618247 0.000000
1652148003447432316 71.676908 0.000000
1652148003519437152 72.001187 0.000000
1652148003591035777 71.594491 0.000000
1652148003662201354 71.161112 0.000000
1652148003734462724 72.257220 0.000000
1652148003805617861 71.151053 0.000000
1652148003877174649 71.552618 0.000000
1652148003948421615 71.243092 0.000000
1652148004019637194 71.211499 0.000000
1652148004091769326 72.127902 0.000000
1652148004163535572 71.759330 0.000000
1652148004234809481 71.268131 0.000000
1652148004306189393 71.375051 0.000000
1652148004379751213 73.558285 0.000000
1652148004452041629 72.286562 0.000000
1652148004523626757 71.581140 0.000000
1652148004594762931 71.132375 0.000000
1652148004666454071 71.686991 0.000000
1652148004738221379 71.763283 0.000000
1652148004810537525 72.311946 0.000000
1652148004882555411 72.013686 0.000000
1652148004954060574 71.500427 0.000000
1652148005024943653 70.878248 0.000000
1652148005096752276 71.804111 0.000000
1652148005168160716 71.403984 0.000000
1652148005240331394 72.166909 0.000000
1652148005455297640 214.960986 0.000000
1652148005526830483 71.527639 0.000000
1652148005598992017 72.157314 0.000000
1652148005671106127 72.109705 0.000000
1652148006029292996 358.181757 0.000000
1652148006101060714 71.762256 0.000000
1652148006173016300 71.950652 0.000000
1652148006244996377 71.975306 0.000000
1652148006315927747 70.927611 0.000000
1652148006533034255 217.101982 0.000000
1652148006605204791 72.165323 0.000000
1652148006676493107 71.283905 0.000000
1652148006748608210 72.111102 0.000000
1652148006820567940 71.956035 0.000000
1652148006891864564 71.292746 0.000000
1652148006963024479 71.155960 0.000000
1652148007035127588 72.098398 0.000000
1652148007107010994 71.879367 0.000000
1652148007179020575 72.004329 0.000000
1652148007250543002 71.517630 0.000000
1652148007469323928 218.777143 0.000000
1652148007541309804 71.979356 0.000000
1652148007614599280 73.285186 0.000000
1652148007686986360 72.383166 0.000000
1652148007758298211 71.307917 0.000000
1652148007830359182 72.057668 0.000000
1652148007901862082 71.498470 0.000000
1652148007974173446 72.307294 0.000000
1652148008186095228 211.917041 0.000000
1652148008257656645 71.556405 0.000000
1652148008330031441 72.370050 0.000000
1652148008402228019 72.192409 0.000000
1652148008474785313 72.553740 0.000000
1652148008546093014 71.302128 0.000000
1652148008618122079 72.023408 0.000000
1652148008690012755 71.885541 0.000000
1652148008761898184 71.880501 0.000000
1652148008833847664 71.945641 0.000000
1652148008905783134 71.931562 0.000000
1652148008977885659 72.096625 0.000000
1652148009049266854 71.376477 0.000000
1652148009263808257 214.537284 0.000000
1652148009336177560 72.364156 0.000000
1652148009407253481 71.071020 0.000000
1652148009478563427 71.305581 0.000000
1652148009549691894 71.124764 0.000000
1652148009768772512 219.077094 0.000000
1652148009840992867 72.215228 0.000000
1652148009912553382 71.556110 0.000000
1652148009984929180 72.371679 0.000000
1652148010056408091 71.474221 0.000000
1652148010128132443 71.721126 0.000000
1652148010199424762 71.288044 0.000000
1652148010270952806 71.522893 0.000000
1652148010488510838 217.553502 0.000000
1652148010560335431 71.819633 0.000000
1652148010632651112 72.312035 0.000000
1652148010704058164 71.402195 0.000000
1652148010775768742 71.705221 0.000000
1652148010847278523 71.505586 0.000000
1652148010918816194 71.534398 0.000000
1652148010990939085 72.119263 0.000000
1652148011062382397 71.439286 0.000000
1652148011134482235 72.096029 0.000000
1652148011206792436 72.306511 0.000000
1652148011278705095 71.908559 0.000000
1652148011350473236 71.763623 0.000000
1652148011422693576 72.216622 0.000000
1652148011639966492 217.268992 0.000000
1652148011711451189 71.479921 0.000000
1652148011783164633 71.709176 0.000000
1652148011854340943 71.172243 0.000000
1652148011926327612 71.983216 0.000000
1652148011998696554 72.364707 0.000000
1652148012071175264 72.474486 0.000000
1652148012143146109 71.965487 0.000000
1652148012214653412 71.502728 0.000000
1652148012286578049 71.920577 0.000000
1652148012505463903 218.881494 0.000000
1652148012577051604 71.582695 0.000000
1652148012648317577 71.259999 0.000000
1652148012719881332 71.558097 0.000000
1652148012791241198 71.355185 0.000000
1652148012863512633 72.264644 0.000000
1652148012935607654 72.091226 0.000000
1652148013007625463 72.013243 0.000000
1652148013224026319 216.395825 0.000000
1652148013296125717 72.093639 0.000000
1652148013368159011 72.029184 0.000000
1652148013440257802 72.093454 0.000000
1652148013512324348 72.062762 0.000000
1652148013584360762 72.031915 0.000000
1652148013656562494 72.198553 0.000000
1652148013727902479 71.335173 0.000000
1652148013801448214 73.541816 0.000000
1652148013873037900 71.585576 0.000000
1652148013945104997 72.062772 0.000000
1652148014016965664 71.856437 0.000000
1652148014089057017 72.073774 0.000000
1652148014160969263 71.909091 0.000000
1652148014233054447 72.081084 0.000000
1652148014304646281 71.587503 0.000000
1652148014376006453 71.356485 0.000000
1652148014447620114 71.607893 0.000000
1652148014519629607 72.004651 0.000000
1652148014590896751 71.262520 0.000000
1652148014663135853 72.234705 0.000000
1652148014734904505 71.764990 0.000000
1652148014806294908 71.385928 0.000000
1652148014877811934 71.513746 0.000000
1652148014949205957 71.390060 0.000000
1652148015021037465 71.827463 0.000000
1652148015234231246 213.189823 0.000000
1652148015307472657 73.236585 0.000000
1652148015379381877 71.903471 0.000000
1652148015451213514 71.827329 0.000000
1652148015522577494 71.359494 0.000000
1652148015594713636 72.131691 0.000000
1652148015666735578 72.017707 0.000000
1652148015737988339 71.247227 0.000000
1652148016247498394 509.506393 0.000000
1652148016319214281 71.710400 0.000000
1652148016391603217 72.383398 0.000000
1652148016463060484 71.453237 0.000000
1652148016535349163 72.284330 0.000000
1652148016606691699 71.339273 0.000000
1652148016678035000 71.339181 0.000000
1652148016750455860 72.403154 0.000000
1652148016821923090 71.462464 0.000000
1652148016893385798 71.457386 0.000000
1652148016965111279 71.720177 0.000000
1652148017039775217 74.659362 0.000000
1652148017111610064 71.830759 0.000000
1652148017182851633 71.238258 0.000000
1652148017255263962 72.408504 0.000000
1652148017326692393 71.424175 0.000000
1652148017398114289 71.418035 0.000000
1652148017469854226 71.736259 0.000000
1652148017541890740 72.031425 0.000000
1652148017613370054 71.475348 0.000000
1652148017685511083 72.137732 0.000000
1652148017757059713 71.544916 0.000000
1652148017828377492 71.313778 0.000000
1652148017900058015 71.676756 0.000000
1652148017971393116 71.330044 0.000000
1652148018043770669 72.372857 0.000000
1652148018115499778 71.724608 0.000000
1652148018330420036 214.916089 0.000000
1652148018401919180 71.495489 0.000000
1652148018473736989 71.814044 0.000000
1652148018546327934 72.585553 0.000000
1652148018618151807 71.819814 0.000000
1652148018690274139 72.117317 0.000000
1652148018761608906 71.331658 0.000000
1652148018833925312 72.308487 0.000000
1652148018905343363 71.414002 0.000000
1652148018976981006 71.633493 0.000000
1652148019049149057 72.163522 0.000000
1652148019120568243 71.413655 0.000000
1652148019193043220 72.470723 0.000000
1652148019265341285 72.293554 0.000000
1652148019337803766 72.457633 0.000000
1652148019409503220 71.694722 0.000000
1652148019480848690 71.340914 0.000000
1652148019552100413 71.247111 0.000000
1652148019623826878 71.722731 0.000000
1652148019696661790 72.830998 0.000000
1652148019916491089 219.822613 0.000000
1652148019989415570 72.918141 0.000000
1652148020061726758 72.306873 0.000000
1652148020133201002 71.469567 0.000000
1652148020205104994 71.899477 0.000000
1652148020277088557 71.980308 0.000000
1652148020349144441 72.051087 0.000000
1652148020420532259 71.383648 0.000000
1652148020492135749 71.598985 0.000000
1652148020563552423 71.412736 0.000000
1652148020634840088 71.283956 0.000000
1652148020706532450 71.688267 0.000000
1652148020778105966 71.569351 0.000000
1652148020850523637 72.413913 0.000000
1652148021068384674 217.857295 0.000000
1652148021140285902 71.896548 0.000000
1652148021212300464 72.010844 0.000000
1652148021284630140 72.325512 0.000000
1652148021356286595 71.652566 0.000000
1652148021428325141 72.035188 0.000000
1652148021501214895 72.885726 0.000000
1652148021572507286 71.288546 0.000000
1652148021644134214 71.622823 0.000000
1652148021715298201 71.159835 0.000000
1652148021787461549 72.159003 0.000000
1652148021858760951 71.295633 0.000000
1652148021930078770 71.313575 0.000000
1652148022147751488 217.668230 0.000000
1652148022219766185 72.010924 0.000000
1652148022292071319 72.300753 0.000000
1652148022363185754 71.110015 0.000000
1652148022435482247 72.292208 0.000000
1652148022507117367 71.630729 0.000000
1652148022578559218 71.437511 0.000000
1652148022649862753 71.299005 0.000000
1652148022721460459 71.593537 0.000000
1652148022792885593 71.421359 0.000000
1652148022864901337 72.011925 0.000000
1652148022936817741 71.912064 0.000000
1652148023011032010 74.209680 0.000000
1652148023082298063 71.262846 0.000000
1652148023154342829 72.041237 0.000000
1652148023226403582 72.055120 0.000000
1652148023297898014 71.490552 0.000000
1652148023369090002 71.188428 0.000000
1652148023441510514 72.416176 0.000000
1652148023513186336 71.672104 0.000000
1652148023585010551 71.819930 0.000000
1652148023657201842 72.188041 0.000000
1652148023729596569 72.390577 0.000000
1652148023801509168 71.908378 0.000000
1652148023873455043 71.940997 0.000000
1652148023945771873 72.312520 0.000000
1652148024017751523 71.975990 0.000000
1652148024229987889 212.231771 0.000000
1652148024301350267 71.357900 0.000000
1652148024373638138 72.283645 0.000000
1652148024445333400 71.691638 0.000000
1652148024520155213 74.817729 0.000000
1652148024738690643 218.531265 0.000000
1652148024811079080 72.383462 0.000000
1652148024883245899 72.163867 0.000000
1652148024954455325 71.205025 0.000000
1652148025026724494 72.264362 0.000000
1652148025099019723 72.290684 0.000000
1652148025170911813 71.887560 0.000000
1652148025243036384 72.120487 0.000000
1652148025314497155 71.456711 0.000000
1652148025386512812 72.011975 0.000000
1652148025457924489 71.407241 0.000000
1652148025530009088 72.081895 0.000000
1652148025602052049 72.034697 0.000000
1652148025673223902 71.168174 0.000000
1652148025745450436 72.221878 0.000000
1652148025817067756 71.612224 0.000000
1652148025889111159 72.038170 0.000000
1652148025962345595 73.229850 0.000000
1652148026034213386 71.862736 0.000000
1652148026252055185 217.837527 0.000000
1652148026323493749 71.433828 0.000000
1652148026395690141 72.191516 0.000000
1652148026467201721 71.504710 0.000000
1652148026538118595 70.912821 0.000000
1652148026609814062 71.691435 0.000000
1652148026681505257 71.687118 0.000000
1652148026913715785 232.206475 0.000000
1652148026985436293 71.715110 0.000000
1652148027057568137 72.128179 0.000000
1652148027129427186 71.854710 0.000000
1652148027200931181 71.499810 0.000000
1652148027272297193 71.361672 0.000000
1652148027344667168 72.366043 0.000000
1652148027417418293 72.746344 0.000000
1652148027489561912 72.139185 0.000000
1652148027709273047 219.707346 0.000000
1652148027781208024 71.929710 0.000000
1652148027853434808 72.220398 0.000000
1652148027925121671 71.684106 0.000000
1652148027996645588 71.519572 0.000000
1652148028068449215 71.799135 0.000000
1652148028140024853 71.571951 0.000000
1652148028211676292 71.647419 0.000000
1652148028424017914 212.337031 0.000000
1652148028495879071 71.854747 0.000000
1652148028568102100 72.218819 0.000000
1652148028639842145 71.735875 0.000000
1652148028712052585 72.206405 0.000000
1652148028784349577 72.293513 0.000000
1652148028856048990 71.695389 0.000000
1652148028927427162 71.373794 0.000000
1652148028999349314 71.917643 0.000000
1652148029071653136 72.298891 0.000000
1652148029145811011 74.152668 0.000000
1652148029217163242 71.347831 0.000000
1652148029288891678 71.724615 0.000000
1652148029360351222 71.455377 0.000000
1652148029432239958 71.884722 0.000000
1652148029504525737 72.280753 0.000000
1652148029576532353 72.003279 0.000000
1652148029648388879 71.851674 0.000000
1652148029719986538 71.593429 0.000000
1652148029791903834 71.913561 0.000000
1652148029864106221 72.197943 0.000000
1652148029936596718 72.485992 0.000000
1652148030008913034 72.291003 0.000000
1652148030081124383 72.204928 0.000000
1652148030153404839 72.276637 0.000000
1652148030225552186 72.143238 0.000000
1652148030297496681 71.940211 0.000000
1652148030369342994 71.841136 0.000000
1652148030441280818 71.933927 0.000000
1652148030514881946 73.595610 0.000000
1652148030586837352 71.950449 0.000000
1652148030658498352 71.651994 0.000000
1652148030730807572 72.304464 0.000000
1652148030802551957 71.739445 0.000000
1652148030874517179 71.961299 0.000000
1652148030945734735 71.212924 0.000000
1652148031017629190 71.890324 0.000000
1652148031089430863 71.797648 0.000000
1652148031161599249 72.164512 0.000000
1652148031232808477 71.205109 0.000000
1652148031304161439 71.348933 0.000000
1652148031375617472 71.451707 0.000000
1652148031447535063 71.913330 0.000000
1652148031682734825 235.195381 0.000000
1652148031754422862 71.682205 0.000000
1652148031825777720 71.349511 0.000000
1652148031897598998 71.816657 0.000000
1652148031969527616 71.924137 0.000000
1652148032043896276 74.363508 0.000000
1652148032115545977 71.645326 0.000000
1652148032187907898 72.357503 0.000000
1652148032259798134 71.885822 0.000000
1652148032332075142 72.272768 0.000000
1652148032403941028 71.861239 0.000000
1652148032617806751 213.847612 0.000000
1652148032689910471 72.098457 0.000000
1652148032762199237 72.284955 0.000000
1652148032833680004 71.476634 0.000000
1652148032905331569 71.646496 0.000000
1652148033123829298 218.492814 0.000000
1652148033196099964 72.266094 0.000000
1652148033268332204 72.227793 0.000000
1652148033340665318 72.327918 0.000000
1652148033412304251 71.634918 0.000000
1652148033483536031 71.227460 0.000000
1652148033555693616 72.153816 0.000000
1652148033629374408 73.676106 0.000000
1652148033701389758 72.011151 0.000000
1652148033773562302 72.168982 0.000000
1652148033845919157 72.352800 0.000000
1652148034058284939 212.361768 0.000000
1652148034129988267 71.698416 0.000000
1652148034202281198 72.289139 0.000000
1652148034274267468 71.979960 0.000000
1652148034346097696 71.825747 0.000000
1652148034418132304 72.029245 0.000000
1652148034630222359 212.085564 0.000000
1652148034702292314 72.064373 0.000000
1652148034774570345 72.273439 0.000000
1652148034846090256 71.516252 0.000000
1652148034917784120 71.689811 0.000000
1652148034989968578 72.180077 0.000000
1652148035062541530 72.568587 0.000000
1652148035134907250 72.361605 0.000000
1652148035209129457 74.214960 0.000000
1652148035339591844 130.456684 0.000000
1652148035552758327 213.162004 0.000000
1652148035764870003 212.107130 0.000000
1652148035836380145 71.504133 0.000000
1652148035907941491 71.556946 0.000000
1652148036126245938 218.296226 0.000000
1652148036198353463 72.102860 0.000000
1652148036269977028 71.619406 0.000000
1652148036341769607 71.788881 0.000000
1652148036413266465 71.492860 0.000000
1652148036485041497 71.771258 0.000000
1652148036557558408 72.512486 0.000000
1652148036628997038 71.433523 0.000000
1652148036701251529 72.249809 0.000000
1652148036772653232 71.397059 0.000000
1652148036844806912 72.149381 0.000000
1652148036919104492 74.293213 0.000000
1652148037137573325 218.463953 0.000000
1652148037209778665 72.200203 0.000000
1652148037281490672 71.707702 0.000000
1652148037353057612 71.562263 0.000000
1652148037425180307 72.117654 0.000000
1652148037497463885 72.279097 0.000000
1652148037569293881 71.824673 0.000000
1652148037641259268 71.960415 0.000000
1652148037713604604 72.341477 0.000000
1652148037785452225 71.843818 0.000000
1652148037857416533 71.960091 0.000000
1652148037928820268 71.399960 0.000000
1652148038001405210 72.579898 0.000000
1652148038073414516 72.005480 0.000000
1652148038145120583 71.701707 0.000000
1652148038217409546 72.284286 0.000000
1652148038288993081 71.579629 0.000000
1652148038361009244 72.012596 0.000000
1652148038435319114 74.289282 0.000000
1652148038507447368 72.124263 0.000000
1652148038578555508 71.105056 0.000000
1652148038650549862 71.990631 0.000000
1652148038722726400 72.172238 0.000000
1652148038794971597 72.241464 0.000000
1652148038866509465 71.533508 0.000000
1652148038938763327 72.250933 0.000000
1652148039010408847 71.640193 0.000000
1652148039081901950 71.489007 0.000000
1652148039153993483 72.087195 0.000000
1652148039226257419 72.259896 0.000000
1652148039298317851 72.055305 0.000000
1652148039369721679 71.399894 0.000000
1652148039441671754 71.945995 0.000000
1652148039514013150 72.336404 0.000000
1652148039585447128 71.429990 0.000000
1652148039657587467 72.133928 0.000000
1652148039729825064 72.233700 0.000000
1652148039801911486 72.083074 0.000000
1652148039873387564 71.472663 0.000000
1652148039945371343 71.979398 0.000000
1652148040017195044 71.818889 0.000000
1652148040089390926 72.191241 0.000000
1652148040161666032 72.269869 0.000000
1652148040233464889 71.794517 0.000000
1652148040305547343 72.078865 0.000000
1652148040377454011 71.903085 0.000000
1652148040594842587 217.383946 0.000000
1652148040666935981 72.088472 0.000000
1652148040738616753 71.677013 0.000000
1652148040810326584 71.705987 0.000000
1652148040882162668 71.831889 0.000000
1652148040953379221 71.212835 0.000000
1652148041165809354 212.427053 0.000000
1652148041237572687 71.757930 0.000000
1652148041309444080 71.867487 0.000000
1652148041383976051 74.526934 0.000000
1652148041456079066 72.097202 0.000000
1652148041528444676 72.360363 0.000000
1652148041600224035 71.775247 0.000000
1652148041672406394 72.177766 0.000000
1652148041743906757 71.495572 0.000000
1652148041816085546 72.172535 0.000000
1652148041888352732 72.262673 0.000000
1652148041959754905 71.398239 0.000000
1652148042031299366 71.540877 0.000000
1652148042103114775 71.830412 0.000000
1652148042175358931 72.221523 0.000000
1652148042247693458 72.330740 0.000000
1652148042407830008 160.132030 0.000000
1652148042479417669 71.583327 0.000000
1652148042551717496 72.295846 0.000000
1652148042624299236 72.576699 0.000000
1652148042838453203 214.149953 0.000000
1652148042910984090 72.526456 0.000000
1652148042983641460 72.652870 0.000000
1652148043055469650 71.824624 0.000000
1652148043127054549 71.580223 0.000000
1652148043199165687 72.106733 0.000000
1652148043271309838 72.140249 0.000000
1652148043343686299 72.372417 0.000000
1652148043415781290 72.090405 0.000000
1652148043487981727 72.196377 0.000000
1652148043559571502 71.585681 0.000000
1652148043631754337 72.179242 0.000000
1652148043703826891 72.068158 0.000000
1652148043776125934 72.295095 0.000000
1652148043848260638 72.131189 0.000000
1652148043919834272 71.569794 0.000000
1652148043992182192 72.343028 0.000000
1652148044205831587 213.645420 0.000000
1652148044277489641 71.652240 0.000000
1652148044349412205 71.917733 0.000000
1652148044421405825 71.989811 0.000000
1652148044495111235 73.701421 0.000000
1652148044567181253 72.065982 0.000000
1652148044639364198 72.178741 0.000000
1652148044711375073 72.007186 0.000000
1652148044783356439 71.977687 0.000000
1652148044855143800 71.783255 0.000000
1652148044927216743 72.069333 0.000000
1652148045068298241 141.078616 0.000000
1652148045140869074 72.566027 0.000000
1652148045212874771 72.001542 0.000000
1652148045285217664 72.339274 0.000000
1652148045356801193 71.579755 0.000000
1652148045428634034 71.829122 0.000000
1652148045500027390 71.389598 0.000000
1652148045571906196 71.875299 0.000000
1652148045643997664 72.087864 0.000000
1652148045716259929 72.258496 0.000000
1652148045787818946 71.554913 0.000000
1652148045860001908 72.178748 0.000000
1652148045933936605 73.931410 0.000000
1652148046006120889 72.179929 0.000000
1652148046223009268 216.884236 0.000000
1652148046295249511 72.233197 0.000000
1652148046367645683 72.391856 0.000000
1652148046439831526 72.182078 0.000000
1652148046511751887 71.916896 0.000000
1652148046583793071 72.037155 0.000000
1652148046656120223 72.323550 0.000000
1652148047014497413 358.373125 0.000000
1652148047086390771 71.887197 0.000000
1652148047158082479 71.687933 0.000000
1652148047230416987 72.330136 0.000000
1652148047302375914 71.954963 0.000000
1652148047374539539 72.159395 0.000000
1652148047445844769 71.301096 0.000000
1652148047517651227 71.802744 0.000000
1652148047592854529 75.199213 0.000000
1652148047665169531 72.309991 0.000000
1652148047737206505 72.032659 0.000000
1652148047808885542 71.673704 0.000000
1652148047880242894 71.353498 0.000000
1652148047952479187 72.232143 0.000000
1652148048024560385 72.077569 0.000000
1652148048096774441 72.209270 0.000000
1652148048168351926 71.572914 0.000000
1652148048240440144 72.084224 0.000000
1652148048313250253 72.805524 0.000000
1652148048530522094 217.267886 0.000000
1652148048602519973 71.992040 0.000000
1652148048961788079 359.263447 0.000000
1652148049033682684 71.890107 0.000000
1652148049105661414 71.976182 0.000000
1652148049177370757 71.704939 0.000000
1652148049248913574 71.538901 0.000000
1652148049320507381 71.589597 0.000000
1652148049392762162 72.250556 0.000000
1652148049464348301 71.581879 0.000000
1652148049536725665 72.373357 0.000000
1652148049748520548 211.790621 0.000000
1652148049820414489 71.888509 0.000000
1652148049891956055 71.537215 0.000000
1652148050105783078 213.822934 0.000000
1652148050177481288 71.693013 0.000000
1652148050249022261 71.536784 0.000000
1652148050321452365 72.425889 0.000000
1652148050393425064 71.968549 0.000000
1652148050465788587 72.359279 0.000000
1652148050537102432 71.309881 0.000000
1652148050609315676 72.209129 0.000000
1652148050827462728 218.142386 0.000000
1652148050899288697 71.821479 0.000000
1652148050970976174 71.683037 0.000000
1652148051042777635 71.796910 0.000000
1652148051115315755 72.532953 0.000000
1652148051187422941 72.102410 0.000000
1652148051259812074 72.384652 0.000000
1652148051473725267 213.908767 0.000000
1652148051686047925 212.316158 0.000000
1652148051757579421 71.526295 0.000000
1652148051829213937 71.629930 0.000000
1652148051900974767 71.756389 0.000000
1652148051973141432 72.161778 0.000000
1652148052045457816 72.311723 0.000000
1652148052116830156 71.368366 0.000000
1652148052189275552 72.441115 0.000000
1652148052261325923 72.046831 0.000000
1652148052332733361 71.403751 0.000000
1652148052405001748 72.264197 0.000000
1652148052477056577 72.050436 0.000000
1652148052549169817 72.108883 0.000000
1652148052621443406 72.269209 0.000000
1652148052693834458 72.387134 0.000000
1652148052766044053 72.205084 0.000000
1652148052838312791 72.264455 0.000000
1652148052909826656 71.511160 0.000000
1652148052982247037 72.416172 0.000000
1652148053054156123 71.905774 0.000000
1652148053126207397 72.047098 0.000000
1652148053198507482 72.296101 0.000000
1652148053270257015 71.745208 0.000000
1652148053342536372 72.275317 0.000000
1652148053415054515 72.514465 0.000000
1652148053486828045 71.768113 0.000000
1652148053559261765 72.429187 0.000000
1652148053777297785 218.030998 0.000000
1652148053850846189 73.543578 0.000000
1652148054070999441 220.148631 0.000000
1652148054142528235 71.523151 0.000000
1652148054214311101 71.778435 0.000000
1652148054285879156 71.564236 0.000000
1652148054357207538 71.324006 0.000000
1652148054428582043 71.370661 0.000000
1652148054788657198 360.070334 0.000000
1652148054860552861 71.889353 0.000000
1652148055077933689 217.376974 0.000000
1652148055149528717 71.589881 0.000000
1652148055221076454 71.542655 0.000000
1652148055293600665 72.520081 0.000000
1652148055365513268 71.907887 0.000000
1652148055438343697 72.826591 0.000000
1652148055510736082 72.388305 0.000000
1652148055582385150 71.645011 0.000000
1652148055654551193 72.162623 0.000000
1652148055726866718 72.311730 0.000000
1652148055798697394 71.826818 0.000000
1652148055870632198 71.930730 0.000000
1652148055942423137 71.786874 0.000000
1652148056014682662 72.255881 0.000000
1652148056087048835 72.362179 0.000000
1652148056159725115 72.671905 0.000000
1652148056372750174 213.021375 0.000000
1652148056444632085 71.876393 0.000000
1652148056516528331 71.892109 0.000000
1652148056588965306 72.433149 0.000000
1652148056661357653 72.387370 0.000000
1652148056733172605 71.810759 0.000000
1652148056805091631 71.914642 0.000000
1652148056877360192 72.264125 0.000000
1652148056949899137 72.534847 0.000000
1652148057021961603 72.058491 0.000000
1652148057094514087 72.548084 0.000000
1652148057166632525 72.114238 0.000000
1652148057238487422 71.850924 0.000000
1652148057310269327 71.777579 0.000000
1652148057382392908 72.119092 0.000000
1652148057454103679 71.706948 0.000000
1652148057526473576 72.365391 0.000000
1652148057598052651 71.574756 0.000000
1652148057669753343 71.696853 0.000000
1652148057741861220 72.103306 0.000000
1652148057813974938 72.110200 0.000000
1652148057885844365 71.865932 0.000000
1652148057958145976 72.297631 0.000000
1652148058030310636 72.160772 0.000000
1652148058101677492 71.362451 0.000000
1652148058173765075 72.082507 0.000000
1652148058245816118 72.045830 0.000000
1652148058318068451 72.248273 0.000000
1652148058390726408 72.653647 0.000000
1652148058608468294 217.736764 0.000000
1652148058680447920 71.975161 0.000000
1652148058752378839 71.925356 0.000000
1652148058971160244 218.776930 0.000000
1652148059043689175 72.523322 0.000000
1652148059115380431 71.686560 0.000000
1652148059187616981 72.231673 0.000000
1652148059259101225 71.480460 0.000000
1652148059330540584 71.435176 0.000000
1652148059402863559 72.319691 0.000000
1652148059474492606 71.624661 0.000000
1652148059547062131 72.565591 0.000000
1652148059618899682 71.832760 0.000000
1652148059691370014 72.463264 0.000000
1652148059763669658 72.295473 0.000000
1652148059835621055 71.945869 0.000000
1652148059907264940 71.639880 0.000000
1652148059981392763 74.124092 0.000000
1652148060053557372 72.160308 0.000000
1652148060125521517 71.959985 0.000000
1652148060198001414 72.475912 0.000000
1652148060270103225 72.098073 0.000000
1652148060341480028 71.372919 0.000000
1652148060414018862 72.534791 0.000000
1652148060485986861 71.964627 0.000000
1652148060558277537 72.286064 0.000000
1652148060630737677 72.455746 0.000000
1652148060702510106 71.768683 0.000000
1652148060774318038 71.803612 0.000000
1652148060847007941 72.686170 0.000000
1652148060919104111 72.091879 0.000000
1652148060991280045 72.171884 0.000000
1652148061063153619 71.869901 0.000000
1652148061135065447 71.907918 0.000000
1652148061207357105 72.287548 0.000000
1652148061279300989 71.939909 0.000000
1652148061353883441 74.576719 0.000000
1652148061425888100 72.000685 0.000000
1652148061498006845 72.114014 0.000000
1652148061569743616 71.731554 0.000000
1652148061642056753 72.308677 0.000000
1652148061855787425 213.726768 0.000000
1652148061927624396 71.830684 0.000000
1652148062140060943 212.432067 0.000000
1652148062211584888 71.518533 0.000000
1652148062283797271 72.207892 0.000000
1652148062356204122 72.402810 0.000000
1652148062568738216 212.529947 0.000000
1652148062640639560 71.896317 0.000000
1652148062712993964 72.350329 0.000000
1652148062785087409 72.089767 0.000000
1652148062857423175 72.330343 0.000000
1652148062929258928 71.811551 0.000000
1652148063001669334 72.405887 0.000000
1652148063076588233 74.913932 0.000000
1652148063148803332 72.210754 0.000000
1652148063221070775 72.263454 0.000000
1652148063292990895 71.916344 0.000000
1652148063365891064 72.895228 0.000000
1652148063579329904 213.434144 0.000000
1652148063651213234 71.878192 0.000000
1652148063723478867 72.262331 0.000000
1652148063795615929 72.132838 0.000000
1652148063867555316 71.935107 0.000000
1652148063939470454 71.911145 0.000000
1652148064011268865 71.795207 0.000000
1652148064083926129 72.653735 0.000000
1652148064156290972 72.360132 0.000000
1652148064228970646 72.676061 0.000000
1652148064301350590 72.375676 0.000000
1652148064373711257 72.355922 0.000000
1652148064445786153 72.070732 0.000000
1652148064519012090 73.220177 0.000000
1652148064591353985 72.336388 0.000000
1652148064663511589 72.153509 0.000000
1652148064735287861 71.772072 0.000000
1652148064806923322 71.631161 0.000000
1652148064879328541 72.401383 0.000000
1652148064951718688 72.385310 0.000000
1652148065024341289 72.617114 0.000000
1652148065096096711 71.749858 0.000000
1652148065167676301 71.546932 0.000000
1652148065381705540 214.025234 0.000000
1652148065453358053 71.647216 0.000000
1652148065525753627 72.390918 0.000000
1652148065598059321 72.301364 0.000000
1652148065669960217 71.896832 0.000000
1652148065742553256 72.589070 0.000000
1652148065814570192 72.011820 0.000000
1652148065886701580 72.127454 0.000000
1652148065960932417 74.227093 0.000000
1652148066033207596 72.270714 0.000000
1652148066105726215 72.514815 0.000000
1652148066177869496 72.139066 0.000000
1652148066250278278 72.405036 0.000000
1652148066322603444 72.320400 0.000000
1652148066394603003 71.994822 0.000000
1652148066466589184 71.982312 0.000000
1652148066539016221 72.422381 0.000000
1652148066610950906 71.930260 0.000000
1652148066683423629 72.468313 0.000000
1652148066755188363 71.760585 0.000000
1652148066827268286 72.075227 0.000000
1652148066899206544 71.935517 0.000000
1652148066972162337 72.951628 0.000000
1652148067044884019 72.717453 0.000000
1652148067117271218 72.382683 0.000000
1652148067188911951 71.636177 0.000000
1652148067260903014 71.987376 0.000000
1652148067336043993 75.137406 0.000000
1652148067407850731 71.802749 0.000000
1652148067480087865 72.232002 0.000000
1652148067551840821 71.748139 0.000000
1652148067623693199 71.847302 0.000000
1652148067696150607 72.453388 0.000000
1652148067768958890 72.803532 0.000000
1652148067840683460 71.720028 0.000000
1652148067912781500 72.095017 0.000000
1652148067984319196 71.534152 0.000000
1652148068056147793 71.824237 0.000000
1652148068127836678 71.684820 0.000000
1652148068200234590 72.394442 0.000000
1652148068271940905 71.702094 0.000000
1652148068344137736 72.192004 0.000000
1652148068416341042 72.199627 0.000000
1652148068488629363 72.284674 0.000000
1652148068560821126 72.187624 0.000000
1652148068632952313 72.127242 0.000000
1652148068704727195 71.770346 0.000000
1652148068779644494 74.911686 0.000000
1652148068852071449 72.423039 0.000000
1652148068923633487 71.557886 0.000000
1652148068995878984 72.241328 0.000000
1652148069067736133 71.852708 0.000000
1652148069139264840 71.523831 0.000000
1652148069210984074 71.715920 0.000000
1652148069282952555 71.964475 0.000000
1652148069355279537 72.321892 0.000000
1652148069426966692 71.683287 0.000000
1652148069499005619 72.034942 0.000000
1652148069570902129 71.891478 0.000000
1652148069643494725 72.587810 0.000000
1652148069715314176 71.815107 0.000000
1652148069786961105 71.643330 0.000000
1652148069859536576 72.571502 0.000000
1652148070078996034 219.452772 0.000000
1652148070151159355 72.158711 0.000000
1652148070225141215 73.977825 0.000000
1652148070296530103 71.384583 0.000000
1652148070368611033 72.077001 0.000000
1652148070441117973 72.502665 0.000000
1652148070658997873 217.875855 0.000000
1652148070731557447 72.554407 0.000000
1652148070803540243 71.978241 0.000000
1652148070875383193 71.839297 0.000000
1652148070947461576 72.073592 0.000000
1652148071019545843 72.079060 0.000000
1652148071090980232 71.430756 0.000000
1652148071303838713 212.853456 0.000000
1652148071375508365 71.664234 0.000000
1652148071448157015 72.644280 0.000000
1652148071520201990 72.040274 0.000000
1652148071592637119 72.430368 0.000000
1652148071664841170 72.200022 0.000000
1652148071736518804 71.673049 0.000000
1652148071808632370 72.109335 0.000000
1652148072021109015 212.473016 0.000000
1652148072093143998 72.029649 0.000000
1652148072164696602 71.545813 0.000000
1652148072236745165 72.043486 0.000000
1652148072308968681 72.219551 0.000000
1652148072381174465 72.201314 0.000000
1652148072453302378 72.124055 0.000000
1652148072525889681 72.582922 0.000000
1652148072597502735 71.608223 0.000000
1652148072669501076 71.993802 0.000000
1652148072741142988 71.637863 0.000000
1652148072813598028 72.450364 0.000000
1652148072885985830 72.383322 0.000000
1652148072957564123 71.573592 0.000000
1652148073030091937 72.503204 0.000000
1652148073101886490 71.790837 0.000000
1652148073173336424 71.445336 0.000000
1652148073246865268 73.523622 0.000000
1652148073318530899 71.660385 0.000000
1652148073390404269 71.869044 0.000000
1652148073462079653 71.671545 0.000000
1652148073533936736 71.853078 0.000000
1652148073606402569 72.461113 0.000000
1652148073677919881 71.512976 0.000000
1652148073750229943 72.306033 0.000000
1652148073822140644 71.907078 0.000000
1652148073894859619 72.714740 0.000000
1652148074108968654 214.104891 0.000000
1652148074180976608 72.003223 0.000000
1652148074253637235 72.657089 0.000000
1652148074326038533 72.397149 0.000000
1652148074398102060 72.059890 0.000000
1652148074470426706 72.320974 0.000000
1652148074542675887 72.245434 0.000000
1652148074615049579 72.369905 0.000000
1652148074687289575 72.235826 0.000000
1652148074760073607 72.778604 0.000000
1652148074972042898 211.964295 0.000000
1652148075043860794 71.813039 0.000000
1652148075115657760 71.794360 0.000000
1652148075187646754 71.984852 0.000000
1652148075259132746 71.482301 0.000000
1652148075331145179 72.008444 0.000000
1652148075402843977 71.695194 0.000000
1652148075474491417 71.643364 0.000000
1652148075546718143 72.222787 0.000000
1652148075619043144 72.321282 0.000000
1652148075691490254 72.443201 0.000000
1652148075764185497 72.691429 0.000000
1652148075835592105 71.401907 0.000000
1652148075907295463 71.699354 0.000000
1652148075979781179 72.481842 0.000000
1652148076052222520 72.437603 0.000000
1652148076124689571 72.463127 0.000000
1652148076339372937 214.679487 0.000000
1652148076702072193 362.693168 0.000000
1652148076775160800 73.085160 0.000000
1652148076847427290 72.261102 0.000000
1652148077067289098 219.857588 0.000000
1652148077139523972 72.229646 0.000000
1652148077211864420 72.335659 0.000000
1652148077284188097 72.319066 0.000000
1652148077356483579 72.291407 0.000000
1652148077427965075 71.477136 0.000000
1652148077499887728 71.918819 0.000000
1652148077572762984 72.871191 0.000000
1652148077644990498 72.223255 0.000000
1652148077717520992 72.526259 0.000000
1652148077789419580 71.894468 0.000000
1652148077861118542 71.694442 0.000000
1652148077933186018 72.062043 0.000000
1652148078005798187 72.608130 0.000000
1652148078078115243 72.312105 0.000000
1652148078150087527 71.967247 0.000000
1652148078221847739 71.756011 0.000000
1652148078294252939 72.401439 0.000000
1652148078367118968 72.860382 0.000000
1652148078439907241 72.783121 0.000000
1652148078511932324 72.021917 0.000000
1652148078584443964 72.507320 0.000000
1652148078656837102 72.388868 0.000000
1652148078728906312 72.064105 0.000000
1652148078800221115 71.312013 0.000000
1652148078872787261 72.561851 0.000000
1652148078944820474 72.029037 0.000000
1652148079016828579 72.004242 0.000000
1652148079089146352 72.313894 0.000000
1652148079161339569 72.189212 0.000000
1652148079234045101 72.701577 0.000000
1652148079305875341 71.826226 0.000000
1652148079378301590 72.422464 0.000000
1652148079450433126 72.127382 0.000000
1652148079522913379 72.476256 0.000000
1652148079595067496 72.148714 0.000000
1652148079957921811 362.849214 0.000000
1652148080175497619 217.570430 0.000000
1652148080247783810 72.280651 0.000000
1652148080320078281 72.290130 0.000000
1652148080533556873 213.474587 0.000000
1652148080605182169 71.620254 0.000000
1652148080677765841 72.579512 0.000000
1652148080749441944 71.671793 0.000000
1652148080820765656 71.320034 0.000000
1652148080893082202 72.312815 0.000000
1652148080967694146 74.607549 0.000000
1652148081040540268 72.843237 0.000000
1652148081113099297 72.554890 0.000000
1652148081185448317 72.343718 0.000000
1652148081258201245 72.748301 0.000000
1652148081330721831 72.514882 0.000000
1652148081402875788 72.148847 0.000000
1652148081474722694 71.840432 0.000000
1652148081546722362 71.994184 0.000000
1652148081618205785 71.479957 0.000000
1652148081836737828 218.527728 0.000000
1652148081909178418 72.434995 0.000000
1652148081980852329 71.671010 0.000000
1652148082053743912 72.887378 0.000000
1652148082125586328 71.837924 0.000000
1652148082198199131 72.608619 0.000000
1652148082270189557 71.985088 0.000000
1652148082342524519 72.330617 0.000000
1652148082416541452 74.012323 0.000000
1652148082488524140 71.978546 0.000000
1652148082560849974 72.321021 0.000000
1652148082632485993 71.631627 0.000000
1652148083214229335 581.738619 0.000000
1652148083286466210 72.232136 0.000000
1652148083357959980 71.489897 0.000000
1652148083430014563 72.051408 0.000000
1652148083501974302 71.953446 0.000000
1652148083574427121 72.448346 0.000000
1652148083646657750 72.226990 0.000000
1652148083718895140 72.233230 0.000000
1652148083790906568 72.007324 0.000000
1652148083863021936 72.110969 0.000000
1652148083935095556 72.070079 0.000000
1652148084007444516 72.344514 0.000000
1652148084079141587 71.693689 0.000000
1652148084151257007 72.110639 0.000000
1652148084223446896 72.185847 0.000000
1652148084441436658 217.986850 0.000000
1652148084513553742 72.112083 0.000000
1652148084585986942 72.428769 0.000000
1652148084657844535 71.853457 0.000000
1652148084729892034 72.043673 0.000000
1652148084801668475 71.772507 0.000000
1652148084873497909 71.825320 0.000000
1652148084945606056 72.103948 0.000000
1652148085016958070 71.348796 0.000000
1652148085089248493 72.286298 0.000000
1652148085161384842 72.132400 0.000000
1652148085232756839 71.367832 0.000000
1652148085304267537 71.506824 0.000000
1652148085376539452 72.267695 0.000000
1652148085448718786 72.175014 0.000000
1652148085520526273 71.803042 0.000000
1652148085591928838 71.397804 0.000000
1652148085663935435 72.002693 0.000000
1652148085735617195 71.678066 0.000000
1652148085807596643 71.975548 0.000000
1652148085879479677 71.878814 0.000000
1652148085951719387 72.235736 0.000000
1652148086023444573 71.720185 0.000000
1652148086094842652 71.393905 0.000000
1652148086167232486 72.385308 0.000000
1652148086239162302 71.925549 0.000000
1652148086311591314 72.426245 0.000000
1652148086530495993 218.885006 0.000000
1652148086602316697 71.814028 0.000000
1652148086674479506 72.157196 0.000000
1652148086746735248 72.251996 0.000000
1652148086818100418 71.361378 0.000000
1652148086890390871 72.286303 0.000000
1652148086962783783 72.390440 0.000000
1652148087034813453 72.026338 0.000000
1652148087107071976 72.254608 0.000000
1652148087179398302 72.322352 0.000000
1652148087250604138 71.201777 0.000000
1652148087322601789 71.992853 0.000000
1652148087394531715 71.926817 0.000000
1652148087466846916 72.311241 0.000000
1652148087538930290 72.079776 0.000000
1652148087611120388 72.185046 0.000000
1652148087682850530 71.726333 0.000000
1652148087754534056 71.680099 0.000000
1652148087826351530 71.814218 0.000000
1652148087898323805 71.968437 0.000000
1652148087970004462 71.676718 0.000000
1652148088041482803 71.474137 0.000000
1652148088114467406 72.981094 0.000000
1652148088187221236 72.749996 0.000000
1652148088401267669 214.042443 0.000000
1652148088473099828 71.826237 0.000000
1652148088544807948 71.703510 0.000000
1652148088616467140 71.655248 0.000000
1652148088688664129 72.192629 0.000000
1652148088760974401 72.306232 0.000000
1652148088832555087 71.577564 0.000000
1652148088904647679 72.089075 0.000000
1652148088976801495 72.149958 0.000000
1652148089048556375 71.750920 0.000000
1652148089121007224 72.446424 0.000000
1652148089192785413 71.773688 0.000000
1652148089265173411 72.383692 0.000000
1652148089482952774 217.775063 0.000000
1652148089554983325 72.025470 0.000000
1652148089626890780 71.903575 0.000000
1652148089699295432 72.400437 0.000000
1652148089772027045 72.727193 0.000000
1652148089843798114 71.766804 0.000000
1652148089915560399 71.758267 0.000000
1652148089988146439 72.580778 0.000000
1652148090060725486 72.574873 0.000000
1652148090133171419 72.441853 0.000000
1652148090351400423 218.224508 0.000000
1652148090422876834 71.471369 0.000000
1652148090494641591 71.759450 0.000000
1652148090566659979 72.013360 0.000000
1652148090638936418 72.272506 0.000000
1652148090710840283 71.898466 0.000000
1652148090782701369 71.856430 0.000000
1652148090855017326 72.311335 0.000000
1652148090927542068 72.521118 0.000000
1652148090999745494 72.199680 0.000000
1652148091071763275 72.013656 0.000000
1652148091144188063 72.420172 0.000000
1652148091215453005 71.260977 0.000000
1652148091287741332 72.285087 0.000000
1652148091360110045 72.363631 0.000000
1652148091433592597 73.477375 0.000000
1652148091505552423 71.955922 0.000000
1652148091577541757 71.984959 0.000000
1652148091650173122 72.626849 0.000000
1652148091722516742 72.339425 0.000000
1652148091794658731 72.138386 0.000000
1652148091866532090 71.869179 0.000000
1652148091938877594 72.341134 0.000000
1652148092011193033 72.309399 0.000000
1652148092083528282 72.330745 0.000000
1652148092155564451 72.032451 0.000000
1652148092227821076 72.251234 0.000000
1652148092300029171 72.203896 0.000000
1652148092517914211 217.879673 0.000000
1652148092590256519 72.337679 0.000000
1652148092662387027 72.126444 0.000000
1652148092733951116 71.558275 0.000000
1652148092806031582 72.076147 0.000000
1652148092878868234 72.832189 0.000000
1652148092950894850 72.023435 0.000000
1652148093022538890 71.639259 0.000000
1652148093094822209 72.278988 0.000000
1652148093167171722 72.345268 0.000000
1652148093239495234 72.319282 0.000000
1652148093312332562 72.833148 0.000000
1652148093384708020 72.371163 0.000000
1652148093456563452 71.851167 0.000000
1652148093528411132 71.843375 0.000000
1652148093600756965 72.341925 0.000000
1652148093673149870 72.388875 0.000000
1652148093745113354 71.958487 0.000000
1652148093816957616 71.839677 0.000000
1652148093888977657 72.014904 0.000000
1652148093962616864 73.635363 0.000000
1652148094035237266 72.616237 0.000000
1652148094107687200 72.444962 0.000000
1652148094180283892 72.592602 0.000000
1652148094254232042 73.943895 0.000000
1652148094326696984 72.460837 0.000000
1652148094398494242 71.793284 0.000000
1652148094470116811 71.618645 0.000000
1652148094542758800 72.637759 0.000000
1652148094614427582 71.664729 0.000000
1652148094687493315 73.061803 0.000000
1652148094975071572 287.574197 0.000000
1652148095047208116 72.131331 0.000000
1652148095119073049 71.859486 0.000000
1652148095190678332 71.597725 0.000000
1652148095262162395 71.478950 0.000000
1652148095334311356 72.144619 0.000000
1652148095406864021 72.548243 0.000000
1652148095479051859 72.183076 0.000000
1652148095551824265 72.767339 0.000000
1652148095624201464 72.373029 0.000000
1652148095695954807 71.748682 0.000000
1652148095768200503 72.241881 0.000000
1652148095839563015 71.359517 0.000000
1652148095912348181 72.781241 0.000000
1652148095984666363 72.314242 0.000000
1652148096056894638 72.224380 0.000000
1652148096128752609 71.852884 0.000000
1652148096200670334 71.914134 0.000000
1652148096273413435 72.737397 0.000000
1652148096345080003 71.661811 0.000000
1652148096417631811 72.546319 0.000000
1652148096490183909 72.547754 0.000000
1652148096562843060 72.654801 0.000000
1652148096634341717 71.494762 0.000000
1652148096706539425 72.193278 0.000000
1652148096779162918 72.618571 0.000000
1652148096851118159 71.951052 0.000000
1652148096922581304 71.459841 0.000000
1652148096994398846 71.813582 0.000000
1652148097214798771 220.395690 0.000000
1652148097286731404 71.927977 0.000000
1652148097505459361 218.723528 0.000000
1652148097577058702 71.594475 0.000000
1652148097649324633 72.248736 0.000000
1652148097720924259 71.595817 0.000000
1652148097792828481 71.899395 0.000000
1652148097865160754 72.328239 0.000000
1652148097937754888 72.589970 0.000000
1652148098009989983 72.230442 0.000000
1652148098228876706 218.884029 0.000000
1652148098300829964 71.949278 0.000000
1652148098372966126 72.131796 0.000000
1652148098444501606 71.531410 0.000000
1652148098517080140 72.574384 0.000000
1652148098588502415 71.417724 0.000000
1652148098660101267 71.595064 0.000000
1652148098733189536 73.083998 0.000000
1652148098805152022 71.958081 0.000000
1652148098877014756 71.858689 0.000000
1652148098949525448 72.505087 0.000000
1652148099021301823 71.770997 0.000000
1652148099093711636 72.404296 0.000000
1652148099165712721 71.993587 0.000000
1652148099237403747 71.685709 0.000000
1652148099309850887 72.442440 0.000000
1652148099382052019 72.196830 0.000000
1652148099453668260 71.612283 0.000000
1652148099525709079 72.036634 0.000000
1652148099597845145 72.132366 0.000000
1652148099670140650 72.291936 0.000000
1652148099742441454 72.295542 0.000000
1652148099957828404 215.381253 0.000000
1652148100030805215 72.971393 0.000000
1652148100103114742 72.304976 0.000000
1652148100175066822 71.947992 0.000000
1652148100249574399 74.502841 0.000000
1652148100321868366 72.289459 0.000000
1652148100394161285 72.288297 0.000000
1652148100466138647 71.972972 0.000000
1652148100537738276 71.594240 0.000000
1652148100609447365 71.705371 0.000000
1652148100827830528 218.379364 0.000000
1652148100900111088 72.275869 0.000000
1652148101115719588 215.603809 0.000000
1652148101188849238 73.124012 0.000000
1652148101261296421 72.443324 0.000000
1652148101333082044 71.781408 0.000000
1652148101405492050 72.405611 0.000000
1652148101624055167 218.558913 0.000000
1652148101696150193 72.090269 0.000000
1652148101768440550 72.285921 0.000000
1652148101840174482 71.730074 0.000000
1652148101912056471 71.877498 0.000000
1652148101985545881 73.484714 0.000000
1652148102199520080 213.970296 0.000000
1652148102271501088 71.975786 0.000000
1652148102343764897 72.259410 0.000000
1652148102415953408 72.184893 0.000000
1652148102635521236 219.562285 0.000000
1652148102707730345 72.204730 0.000000
1652148102780241044 72.504750 0.000000
1652148102852185607 71.940502 0.000000
1652148102924146017 71.957310 0.000000
1652148102996263383 72.113577 0.000000
1652148103068144827 71.871210 0.000000
1652148103140582264 72.433282 0.000000
1652148103212127054 71.540580 0.000000
1652148103284218505 72.087668 0.000000
1652148103356127845 71.905989 0.000000
1652148103429767391 73.634941 0.000000
1652148103501776576 72.004986 0.000000
1652148103574097333 72.316388 0.000000
1652148103646187199 72.085520 0.000000
1652148103718515800 72.323965 0.000000
1652148103790651538 72.130630 0.000000
1652148103862360029 71.704587 0.000000
1652148103933888363 71.525013 0.000000
1652148104005607674 71.715406 0.000000
1652148104077957725 72.346012 0.000000
1652148104149764623 71.802588 0.000000
1652148104221136171 71.367293 0.000000
1652148104292773884 71.633117 0.000000
1652148104365024072 72.246023 0.000000
1652148104436561848 71.533908 0.000000
1652148104508513437 71.947628 0.000000
1652148104580544059 72.026017 0.000000
1652148104652998133 72.449844 0.000000
1652148104726003272 73.001215 0.000000
1652148104798369821 72.361718 0.000000
1652148104870452746 72.079522 0.000000
1652148104942389224 71.932182 0.000000
1652148105014855446 72.462223 0.000000
