1652147945737316981 84.613799 11.813812 10 0 0.000000
1652147946836818529 109.945165 9.095030 10 0 0.000000
1652147947859541177 73.046457 13.688951 14 0 0.000000
1652147948881214414 72.971818 13.703011 14 0 0.000000
1652147949813785374 93.252621 10.723045 10 0 0.000000
1652147950824979512 84.261280 11.867157 12 0 0.000000
1652147951832557717 83.959979 11.909746 12 0 0.000000
1652147952839798160 83.931884 11.913739 12 0 0.000000
1652147953849762300 72.135526 13.861879 14 0 0.000000
1652147954858605944 72.055323 13.877274 14 0 0.000000
1652147955868383026 72.121728 13.864446 14 0 0.000000
1652147956873968282 83.794000 11.933349 12 0 0.000000
1652147957882976291 84.078732 11.892869 12 0 0.000000
1652147958890516195 83.956892 11.910198 12 0 0.000000
1652147959894210344 71.687434 13.948473 14 0 0.000000
1652147960898006278 71.694697 13.947058 14 0 0.000000
1652147961824329763 102.919942 9.715828 9 0 0.000000
1652147962895461439 119.009608 8.402329 9 0 0.000000
1652147963898317793 71.627088 13.960124 14 0 0.000000
1652147964898785155 83.367907 11.994394 12 0 0.000000
1652147965834175384 85.029638 11.759798 11 0 0.000000
1652147966836256588 71.571909 13.970924 14 0 0.000000
1652147967841609230 71.806684 13.925462 14 0 0.000000
1652147968702749144 71.757702 13.935018 12 0 0.000000
1652147969850107795 143.415350 6.972536 8 0 0.000000
1652147970859462302 126.164393 7.925857 8 0 0.000000
1652147971858401364 83.240574 12.012745 12 0 0.000000
1652147972859912267 71.532159 13.978879 14 0 0.000000
1652147973864605793 71.759812 13.934598 14 0 0.000000
1652147974579321119 89.335167 11.193268 8 0 0.000000
1652147975870289312 107.576367 9.295349 12 0 0.000000
1652147976850839507 89.136864 11.218191 11 0 0.000000
1652147977865834369 101.494985 9.852267 10 0 0.000000
1652147978866146623 83.354983 11.996254 12 0 0.000000
1652147979725784638 85.959383 11.632803 10 0 0.000000
1652147980655562339 84.520711 11.830785 11 0 0.000000
1652147981871212125 110.509360 9.048659 11 0 0.000000
1652147982872068873 100.080913 9.991440 10 0 0.000000
1652147983874968883 71.631150 13.959517 14 0 0.000000
1652147984879911747 100.489423 9.950814 10 0 0.000000
1652147985886058286 71.862745 13.914474 14 0 0.000000
1652147986891237424 71.793778 13.927866 14 0 0.000000
1652147987893499945 71.585570 13.968396 14 0 0.000000
1652147988899564674 100.599450 9.939718 10 0 0.000000
1652147989901923705 83.524786 11.971758 12 0 0.000000
1652147990907523193 83.794501 11.933181 12 0 0.000000
1652147991914352068 83.898053 11.918609 12 0 0.000000
1652147992919545446 71.795357 13.927668 14 0 0.000000
1652147993855297955 85.064115 11.755245 11 0 0.000000
1652147994866522014 84.264474 11.866806 12 0 0.000000
1652147995871710575 71.794999 13.927735 14 0 0.000000
1652147996877453912 83.807517 11.931474 12 0 0.000000
1652147997739815612 71.859294 13.915275 12 0 0.000000
1652147998888595440 95.727355 10.445866 12 0 0.000000
1652147999894969750 83.860114 11.923993 12 0 0.000000
1652148000900906674 71.848200 13.917373 14 0 0.000000
1652148001908688996 71.979846 13.891889 14 0 0.000000
1652148002911774240 83.586412 11.963091 12 0 0.000000
1652148003918747566 100.693129 9.930749 10 0 0.000000
1652148004921845829 100.305387 9.969113 10 0 0.000000
1652148005927740466 91.440775 10.935539 11 0 0.000000
1652148006865588907 72.137994 13.861514 13 0 0.000000
1652148007869551505 71.707213 13.944743 14 0 0.000000
1652148008869888888 100.028861 9.996628 10 0 0.000000
1652148009881470113 72.251241 13.839719 14 0 0.000000
1652148010888534769 83.917738 11.915819 12 0 0.000000
1652148011752860842 86.428175 11.569708 10 0 0.000000
1652148012896600928 95.305738 10.491894 12 0 0.000000
1652148013902340309 71.834826 13.920107 14 0 0.000000
1652148014909525360 100.714501 9.928662 10 0 0.000000
1652148015920287598 84.226029 11.872228 12 0 0.000000
1652148016924235796 71.706426 13.944943 14 0 0.000000
1652148017931099498 91.528569 10.925014 11 0 0.000000
1652148018940186183 72.072172 13.873932 14 0 0.000000
1652148019875572579 71.948269 13.898000 13 0 0.000000
1652148020882544806 83.910246 11.916913 12 0 0.000000
1652148021892464364 72.132951 13.862490 14 0 0.000000
1652148022897560774 71.788742 13.929012 14 0 0.000000
1652148023899544383 83.494495 11.976244 12 0 0.000000
1652148024830857997 84.660697 11.811274 11 0 0.000000
1652148025905964028 97.732507 10.231549 11 0 0.000000
1652148026916750848 84.228204 11.871940 12 0 0.000000
1652148027926017372 100.922235 9.908185 10 0 0.000000
1652148028928785890 83.559786 11.966870 12 0 0.000000
1652148029935279563 71.888427 13.909675 14 0 0.000000
1652148030943896655 72.037510 13.880392 14 0 0.000000
1652148031880446279 72.038770 13.880737 13 0 0.000000
1652148032883195023 83.558086 11.967106 12 0 0.000000
1652148033893084199 72.130709 13.862907 14 0 0.000000
1652148034897573932 71.744979 13.937425 14 0 0.000000
1652148035902178054 71.753395 13.935838 14 0 0.000000
1652148036910973275 84.062467 11.895378 12 0 0.000000
1652148037917742949 111.858872 8.939482 9 0 0.000000
1652148038921098020 83.608653 11.959874 12 0 0.000000
1652148039931992499 72.202530 13.849121 14 0 0.000000
1652148040943919864 84.323059 11.858559 12 0 0.000000
1652148041952294178 72.019609 13.883733 14 0 0.000000
1652148042892366684 85.455483 11.701225 11 0 0.000000
1652148043904116418 84.308390 11.860640 12 0 0.000000
1652148044909982101 71.843889 13.918360 14 0 0.000000
1652148045917802290 71.982356 13.891366 14 0 0.000000
1652148046921536374 83.640197 11.955358 12 0 0.000000
1652148047926854786 71.804777 13.925936 14 0 0.000000
1652148048935663356 84.063467 11.895220 12 0 0.000000
1652148049941780777 83.837923 11.927037 12 0 0.000000
1652148050950463284 72.044826 13.879491 14 0 0.000000
1652148051960844817 72.166000 13.856152 14 0 0.000000
1652148052893730603 84.803685 11.791369 11 0 0.000000
1652148053833072455 85.390176 11.710326 11 0 0.000000
1652148054902968145 97.259323 10.281376 11 0 0.000000
1652148055905981567 83.580126 11.963947 12 0 0.000000
1652148056844060437 72.155778 13.858110 13 0 0.000000
1652148057922807206 82.975853 12.051020 13 0 0.000000
1652148058934186347 84.277517 11.864988 12 0 0.000000
1652148059946126438 84.323439 11.858409 12 0 0.000000
1652148060950421886 100.425469 9.957229 10 0 0.000000
1652148061959537637 72.075869 13.873533 14 0 0.000000
1652148062968599249 100.901927 9.910197 10 0 0.000000
1652148063902626522 84.907240 11.776958 11 0 0.000000
1652148064916562974 84.489673 11.835061 12 0 0.000000
1652148065925054383 84.036672 11.898961 12 0 0.000000
1652148066790716663 72.134301 13.862219 12 0 0.000000
1652148067942910860 96.012016 10.414911 12 0 0.000000
1652148068955316992 84.360740 11.852951 12 0 0.000000
1652148069965877045 101.051851 9.895503 10 0 0.000000
1652148070974459808 100.854253 9.914903 10 0 0.000000
1652148071913888749 72.257922 13.838194 13 0 0.000000
1652148072925913121 101.198367 9.881185 10 0 0.000000
1652148073859986594 133.434509 7.494057 7 0 0.000000
1652148074942803684 98.433340 10.158687 11 0 0.000000
1652148075951955116 72.078342 13.873042 14 0 0.000000
1652148076963520562 112.391870 8.897101 9 0 0.000000
1652148077975812408 84.351788 11.854289 12 0 0.000000
1652148078913447591 104.177119 9.598616 9 0 0.000000
1652148079778849469 72.112639 13.866390 12 0 0.000000
1652148080786148418 100.724349 9.927539 10 0 0.000000
1652148081937658595 82.246642 12.157948 14 0 0.000000
1652148082947000022 84.107669 11.888940 12 0 0.000000
1652148083889375911 85.664626 11.672625 11 0 0.000000
1652148084969265067 119.983319 8.334189 9 0 0.000000
1652148085979930165 84.217849 11.873370 12 0 0.000000
1652148086919930421 85.450490 11.702124 11 0 0.000000
1652148087923882928 100.390518 9.960631 10 0 0.000000
1652148088860518415 72.044871 13.879466 13 0 0.000000
1652148089947519627 98.814269 10.119584 11 0 0.000000
1652148090958784122 72.229267 13.844054 14 0 0.000000
1652148091967829175 100.900188 9.910360 10 0 0.000000
1652148092983994139 72.578741 13.777291 14 0 0.000000
1652148093780100217 72.369349 13.817254 11 0 0.000000
1652148094933272061 82.365200 12.140428 14 0 0.000000
1652148095947816895 72.463672 13.799291 14 0 0.000000
1652148096815742110 72.323001 13.826076 12 0 0.000000
1652148097972600942 96.400662 10.372916 12 0 0.000000
1652148098983094726 72.173851 13.854613 14 0 0.000000
1652148099995096968 72.281984 13.833961 14 0 0.000000
1652148100932829904 85.244265 11.730419 11 0 0.000000
1652148101943162763 72.162702 13.856819 14 0 0.000000
1652148102953257768 84.170525 11.880071 12 0 0.000000
1652148103962927469 84.134683 11.885075 12 0 0.000000
1652148104607556780 92.085734 10.858954 7 0 0.000000
1652148105911367687 100.289071 9.970771 13 0 0.000000
1652148106997791589 83.566672 11.965863 13 0 0.000000
1652148107938181604 72.332583 13.824052 13 0 0.000000
1652148108806788088 86.856472 11.512693 10 0 0.000000
1652148109964887353 96.503825 10.361806 12 0 0.000000
1652148110979624981 84.557687 11.825717 12 0 0.000000
1652148111991829368 84.346308 11.855313 12 0 0.000000
1652148112932743547 72.373473 13.816351 13 0 0.000000
1652148113952574942 101.979182 9.805542 10 0 0.000000
1652148114969612721 72.641545 13.765467 14 0 0.000000
1652148115985950713 84.686838 11.807096 12 0 0.000000
1652148117002490695 72.605923 13.772208 14 0 0.000000
1652148117948278355 72.748253 13.745157 13 0 0.000000
1652148118958192185 100.987389 9.901835 10 0 0.000000
1652148119969435060 84.266479 11.866585 12 0 0.000000
1652148120984034475 84.546239 11.827328 12 0 0.000000
1652148121996995969 101.292096 9.872043 10 0 0.000000
1652148123011977648 72.494842 13.793353 14 0 0.000000
1652148123950953709 72.223390 13.844868 13 0 0.000000
1652148124822177700 72.597969 13.773725 12 0 0.000000
1652148125975134037 82.350004 12.142697 14 0 0.000000
1652148126985221881 72.143855 13.860181 14 0 0.000000
1652148127996960893 72.263058 13.837561 14 0 0.000000
1652148129013623664 72.614654 13.770545 14 0 0.000000
1652148129956645888 72.536336 13.785465 13 0 0.000000
1652148130967677216 84.248533 11.869069 12 0 0.000000
1652148131982801171 72.505173 13.791419 14 0 0.000000
1652148132997240120 72.456177 13.800732 14 0 0.000000
1652148134009700818 84.367129 11.852312 12 0 0.000000
1652148135023257447 72.393017 13.812746 14 0 0.000000
1652148135964739232 72.417949 13.808020 13 0 0.000000
1652148136978617014 72.415560 13.808371 14 0 0.000000
1652148137993554995 72.490771 13.793946 14 0 0.000000
1652148139005802843 84.349662 11.854804 12 0 0.000000
1652148140019559998 84.476031 11.837154 12 0 0.000000
1652148140959423314 72.293050 13.831799 13 0 0.000000
1652148141973662381 112.689026 8.873648 9 0 0.000000
1652148142992636580 84.910339 11.776550 12 0 0.000000
1652148143933591337 72.377467 13.815755 13 0 0.000000
1652148145012849546 98.109102 10.192185 11 0 0.000000
1652148145980591209 96.769977 10.333337 10 0 0.000000
1652148146992285368 72.259863 13.838174 14 0 0.000000
1652148148001946089 100.961697 9.904317 10 0 0.000000
1652148148937194977 85.018724 11.761575 11 0 0.000000
1652148150021925464 154.956675 6.453216 7 0 0.000000
1652148151033184328 84.266688 11.866398 12 0 0.000000
1652148151981099140 105.319676 9.494524 9 0 0.000000
1652148152847987522 86.684540 11.535510 10 0 0.000000
1652148154006185759 115.813661 8.634100 10 0 0.000000
1652148155025252557 72.786415 13.738060 14 0 0.000000
1652148155970656812 85.941586 11.635234 11 0 0.000000
1652148156983689348 84.413568 11.845622 12 0 0.000000
1652148158000481646 72.622505 13.768790 14 0 0.000000
1652148159018306763 72.697545 13.754819 14 0 0.000000
1652148160037376728 84.918467 11.775442 12 0 0.000000
1652148160976142116 85.338144 11.717518 11 0 0.000000
1652148161997434125 85.102623 11.749822 12 0 0.000000
1652148163012878155 72.527786 13.787072 14 0 0.000000
1652148164028531784 84.633846 11.815052 12 0 0.000000
1652148164971621661 72.541462 13.784477 13 0 0.000000
1652148165985465429 84.483273 11.836143 12 0 0.000000
1652148167003306533 72.699076 13.754603 14 0 0.000000
1652148168014902532 84.295779 11.862443 12 0 0.000000
1652148169032832181 84.823708 11.788634 12 0 0.000000
1652148170042426654 84.127417 11.885960 12 0 0.000000
1652148170984871394 85.672946 11.671772 11 0 0.000000
1652148171997743364 84.402049 11.847499 12 0 0.000000
1652148173009674705 84.323343 11.858512 12 0 0.000000
1652148174025630548 72.564195 13.780126 14 0 0.000000
1652148175046740166 85.088764 11.751922 12 0 0.000000
1652148175992175442 72.720639 13.750280 13 0 0.000000
1652148177009102215 72.633911 13.766969 14 0 0.000000
1652148178025883875 84.727692 11.801944 12 0 0.000000
1652148178899468009 87.354379 11.447094 10 0 0.000000
1652148179987302707 83.675806 11.950345 13 0 0.000000
1652148181003579515 72.587517 13.775774 14 0 0.000000
1652148182017993504 72.454336 13.801072 14 0 0.000000
1652148183031122416 72.362436 13.818577 14 0 0.000000
1652148183974290617 72.547440 13.783331 13 0 0.000000
1652148185059354583 83.462568 11.980861 13 0 0.000000
1652148186002616232 85.746960 11.661664 11 0 0.000000
1652148187022377379 72.836516 13.728705 14 0 0.000000
1652148187968197702 105.087048 9.515550 9 0 0.000000
1652148189058604784 99.123987 10.087975 11 0 0.000000
1652148189999813083 85.560644 11.687105 11 0 0.000000
1652148191017188710 72.666159 13.760896 14 0 0.000000
1652148192035164340 72.707749 13.752785 14 0 0.000000
1652148192907804671 72.716176 13.751370 12 0 0.000000
1652148193995446188 83.661036 11.952467 13 0 0.000000
1652148194867133487 72.636788 13.766405 12 0 0.000000
1652148196027558890 96.697893 10.341035 12 0 0.000000
1652148197048582847 85.081249 11.752907 12 0 0.000000
1652148197996063409 72.879177 13.720599 13 0 0.000000
1652148199027367034 85.936176 11.635759 12 0 0.000000
1652148200044979164 72.682720 13.757698 14 0 0.000000
1652148201062040036 72.643552 13.765154 14 0 0.000000
1652148202004048094 104.663592 9.554058 9 0 0.000000
1652148203023482366 72.811745 13.733107 14 0 0.000000
1652148204043184819 72.832272 13.729495 14 0 0.000000
1652148205064079474 85.070778 11.754396 12 0 0.000000
1652148206008407083 104.921567 9.530591 9 0 0.000000
1652148207027730821 72.805096 13.734596 14 0 0.000000
1652148208046507491 72.765942 13.741972 14 0 0.000000
1652148209062049206 72.535024 13.785746 14 0 0.000000
1652148210008513504 86.038431 11.622203 11 0 0.000000
1652148211027010933 72.745649 13.745739 14 0 0.000000
1652148212048393059 72.951694 13.706917 14 0 0.000000
1652148213065766882 72.665656 13.760920 14 0 0.000000
1652148214013077317 72.866423 13.723062 13 0 0.000000
1652148215030738176 84.801197 11.791747 12 0 0.000000
1652148215974862321 72.620377 13.769376 13 0 0.000000
1652148217062654325 83.672548 11.950814 13 0 0.000000
1652148218010591304 72.914526 13.713992 13 0 0.000000
1652148219027843891 84.767033 11.796480 12 0 0.000000
1652148220044845196 72.639026 13.765961 14 0 0.000000
1652148221063875979 72.784315 13.738545 14 0 0.000000
1652148222011980269 72.927343 13.711572 13 0 0.000000
1652148223031486309 72.818095 13.732140 14 0 0.000000
1652148224051309465 72.840776 13.727870 14 0 0.000000
1652148225068869639 84.793011 11.792914 12 0 0.000000
1652148226086228699 72.664819 13.761120 14 0 0.000000
1652148227037881399 86.510144 11.558839 11 0 0.000000
1652148228055990832 72.718403 13.750978 14 0 0.000000
1652148229075929892 84.991113 11.765409 12 0 0.000000
1652148230023758776 86.162619 11.605470 11 0 0.000000
1652148231041371094 84.797163 11.792310 12 0 0.000000
1652148232064052370 73.045020 13.689504 14 0 0.000000
1652148233083831634 72.837737 13.728461 14 0 0.000000
1652148234035938216 86.550684 11.553328 11 0 0.000000
1652148235057670684 72.975277 13.702217 14 0 0.000000
1652148236081935028 73.156290 13.668346 14 0 0.000000
1652148237028405102 105.159350 9.509017 9 0 0.000000
1652148238049078617 72.901547 13.716433 14 0 0.000000
1652148239067219597 72.718975 13.750552 14 0 0.000000
1652148240087199104 84.994572 11.764942 12 0 0.000000
1652148241033032906 72.752688 13.744487 13 0 0.000000
1652148242056061045 73.069949 13.684863 14 0 0.000000
1652148243075236553 72.794544 13.736594 14 0 0.000000
1652148244027936945 73.280823 13.645423 13 0 0.000000
1652148245050047978 73.004275 13.697142 14 0 0.000000
1652148246073969473 85.323011 11.719648 12 0 0.000000
1652148247092410869 84.866398 11.782710 12 0 0.000000
1652148248038602029 72.780369 13.739296 13 0 0.000000
1652148249053239358 84.549474 11.826886 12 0 0.000000
1652148250078641741 73.239217 13.653177 14 0 0.000000
1652148251100143684 72.960642 13.705309 14 0 0.000000
1652148252047800764 105.291601 9.497106 9 0 0.000000
1652148253065136062 72.663224 13.761441 14 0 0.000000
1652148254088726415 73.109685 13.677346 14 0 0.000000
1652148255107310142 72.752505 13.744575 14 0 0.000000
1652148255984801373 73.120395 13.675350 12 0 0.000000
1652148257075420551 83.890052 11.919834 13 0 0.000000
1652148258094362724 84.907996 11.776920 12 0 0.000000
1652148259047886154 73.343981 13.633645 13 0 0.000000
1652148259925844240 73.159434 13.668079 12 0 0.000000
1652148261089692468 83.127958 12.029060 14 0 0.000000
1652148262109948468 102.021650 9.801462 10 0 0.000000
1652148263060750824 73.135068 13.672663 13 0 0.000000
1652148263936412056 72.968012 13.703930 12 0 0.000000
1652148264958972362 85.208005 11.735249 12 0 0.000000
1652148266058285130 84.558804 11.825570 13 0 0.000000
1652148267078073759 84.978299 11.767144 12 0 0.000000
1652148268104719805 85.549856 11.688547 12 0 0.000000
1652148268909448781 73.153027 13.669198 11 0 0.000000
1652148270076195406 89.745686 11.142094 13 0 0.000000
1652148271095451854 72.800134 13.735503 14 0 0.000000
1652148272117854470 73.025054 13.693236 14 0 0.000000
1652148273064728100 105.204173 9.504964 9 0 0.000000
1652148274088244893 73.104467 13.678329 14 0 0.000000
1652148275105220290 84.743882 11.799695 12 0 0.000000
1652148275912025009 73.341605 13.634030 11 0 0.000000
1652148277077931273 97.154802 10.292423 12 0 0.000000
1652148278102204510 73.158385 13.668228 14 0 0.000000
1652148279124879230 73.042924 13.689592 14 0 0.000000
1652148280076996906 73.236115 13.653774 13 0 0.000000
1652148281101679185 85.386409 11.710947 12 0 0.000000
1652148282123945036 73.015494 13.695068 14 0 0.000000
1652148282995352562 72.613497 13.770825 12 0 0.000000
1652148284087754944 84.027107 11.900376 13 0 0.000000
1652148285111192325 73.098920 13.679390 14 0 0.000000
1652148286060616306 73.028756 13.692513 13 0 0.000000
1652148287089628538 102.897509 9.718058 10 0 0.000000
1652148288112744172 73.076113 13.683693 14 0 0.000000
1652148289064823360 73.233269 13.654327 13 0 0.000000
1652148290085709628 85.070209 11.754493 12 0 0.000000
1652148291039310830 73.350315 13.632533 13 0 0.000000
1652148292063367872 85.334331 11.718097 12 0 0.000000
1652148293090052876 85.553422 11.688103 12 0 0.000000
1652148294111510928 72.957682 13.705898 14 0 0.000000
1652148295136718918 85.428588 11.704942 12 0 0.000000
1652148296088959751 73.245488 13.652008 13 0 0.000000
1652148297115263594 85.521740 11.692444 12 0 0.000000
1652148298139879734 73.182969 13.663653 14 0 0.000000
1652148299091154331 73.170905 13.665876 13 0 0.000000
1652148300112767150 92.870119 10.767288 11 0 0.000000
1652148301140548627 73.408165 13.621573 14 0 0.000000
1652148302090116483 73.039715 13.690438 13 0 0.000000
1652148302970545710 73.365228 13.629716 12 0 0.000000
1652148304073942263 84.872632 11.781802 13 0 0.000000
1652148305099071251 73.219880 13.656818 14 0 0.000000
1652148306124740463 85.468386 11.699679 12 0 0.000000
1652148307076198631 73.185590 13.663238 13 0 0.000000
1652148308098279379 73.001920 13.697548 14 0 0.000000
1652148309125747630 85.618550 11.679193 12 0 0.000000
1652148310081701338 106.213320 9.414682 9 0 0.000000
1652148311108453053 73.335338 13.635234 14 0 0.000000
1652148312062558568 73.388677 13.625327 13 0 0.000000
1652148313109865085 87.271259 11.457964 12 0 0.000000
1652148314138190525 85.689872 11.669457 12 0 0.000000
1652148315086015645 86.162019 11.605517 11 0 0.000000
1652148316106320241 85.021429 11.761194 12 0 0.000000
1652148316839042703 73.268362 13.647732 10 0 0.000000
1652148318150574528 93.676004 10.674541 14 0 0.000000
1652148319102331123 73.208261 13.658954 13 0 0.000000
1652148320128409477 85.500446 11.695013 12 0 0.000000
1652148321084971913 73.578034 13.590331 13 0 0.000000
1652148322111286016 73.304337 13.641048 14 0 0.000000
1652148323133736716 102.241081 9.780423 10 0 0.000000
1652148324013032718 125.609704 7.960914 7 0 0.000000
1652148325110417327 99.758373 10.023833 11 0 0.000000
1652148326138054627 73.398711 13.623484 14 0 0.000000
1652148327091553068 73.342156 13.634003 13 0 0.000000
1652148328117811277 73.300561 13.641791 14 0 0.000000
1652148329144538380 73.333621 13.635561 14 0 0.000000
1652148330097302838 73.285859 13.644506 13 0 0.000000
1652148331123575332 85.518951 11.692800 12 0 0.000000
1652148332151414036 73.413583 13.620814 14 0 0.000000
1652148333103267261 86.527660 11.556403 11 0 0.000000
1652148334126129093 73.058026 13.687088 14 0 0.000000
1652148335155133632 73.496592 13.605382 14 0 0.000000
1652148336106669123 73.191329 13.662129 13 0 0.000000
1652148337132953126 73.302430 13.641448 14 0 0.000000
1652148338159207841 73.300120 13.641837 14 0 0.000000
1652148339111615765 73.258420 13.649613 13 0 0.000000
1652148340138924282 85.604949 11.681009 12 0 0.000000
1652148341165718326 85.561980 11.686862 12 0 0.000000
1652148342118012959 73.249480 13.651237 13 0 0.000000
1652148343147808169 85.811681 11.652802 12 0 0.000000
1652148344030291647 73.536261 13.597988 12 0 0.000000
1652148345131249951 100.083137 9.991296 11 0 0.000000
1652148346142386753 101.108958 9.889859 10 0 0.000000
1652148347158716928 84.690002 11.807186 12 0 0.000000
1652148348105969244 86.109939 11.612534 11 0 0.000000
1652148349139862645 86.153867 11.606612 12 0 0.000000
1652148350164387202 102.448358 9.760625 10 0 0.000000
1652148351118021332 73.350251 13.632062 13 0 0.000000
1652148352146433144 85.696996 11.668478 12 0 0.000000
1652148353099464049 86.635249 11.542123 11 0 0.000000
1652148354117325612 127.228296 7.859615 8 0 0.000000
1652148355139030882 85.138450 11.745070 12 0 0.000000
1652148356164947019 102.587702 9.747385 10 0 0.000000
1652148357120068250 73.467092 13.610838 13 0 0.000000
1652148358146435787 73.308283 13.640338 14 0 0.000000
1652148359176079379 73.542005 13.596938 14 0 0.000000
1652148360131346153 73.478240 13.608764 13 0 0.000000
1652148361156927597 102.554384 9.750566 10 0 0.000000
1652148362183761131 73.340072 13.634148 14 0 0.000000
1652148363134843812 73.156243 13.668633 13 0 0.000000
1652148364080765814 105.098485 9.514526 9 0 0.000000
1652148365178760134 84.457028 11.839770 13 0 0.000000
1652148366134798154 73.537428 13.597785 13 0 0.000000
1652148367087933498 73.314031 13.639197 13 0 0.000000
1652148368189672764 84.745520 11.799525 13 0 0.000000
1652148369149069806 73.796003 13.550178 13 0 0.000000
1652148370179158114 73.573991 13.591068 14 0 0.000000
1652148371133025261 86.711402 11.532004 11 0 0.000000
1652148372160462408 73.384650 13.626137 14 0 0.000000
1652148373191843706 73.666125 13.574030 14 0 0.000000
1652148374143665311 86.525548 11.556787 11 0 0.000000
1652148375175492004 73.697920 13.568170 14 0 0.000000
1652148376132197204 86.967590 11.497795 11 0 0.000000
1652148377164076783 85.985258 11.629264 12 0 0.000000
1652148378196354082 73.727503 13.562247 14 0 0.000000
1652148379157681954 73.944366 13.522962 13 0 0.000000
1652148380185008005 85.606558 11.680809 12 0 0.000000
1652148381138069678 86.638396 11.541750 11 0 0.000000
1652148382167140980 73.501369 13.604499 14 0 0.000000
1652148383197529102 85.861931 11.646097 12 0 0.000000
1652148384154277094 73.592387 13.587695 13 0 0.000000
1652148385184333824 85.834390 11.649843 12 0 0.000000
1652148386135460816 86.462023 11.565228 11 0 0.000000
1652148387167903008 86.033211 11.622927 12 0 0.000000
1652148388195416055 73.389778 13.625131 14 0 0.000000
1652148389151372201 73.531096 13.598950 13 0 0.000000
1652148390177578992 85.513438 11.693550 12 0 0.000000
1652148391203293057 102.567606 9.749306 10 0 0.000000
1652148392152494965 86.287147 11.588683 11 0 0.000000
1652148393175168099 85.218674 11.733955 12 0 0.000000
1652148394133812257 73.738084 13.560819 13 0 0.000000
1652148395162665084 73.485533 13.607388 14 0 0.000000
1652148396189677886 85.579701 11.684372 12 0 0.000000
1652148397147960657 73.710343 13.565933 13 0 0.000000
1652148398181734784 73.837501 13.542610 14 0 0.000000
1652148399141791935 73.846892 13.540860 13 0 0.000000
1652148400170570544 73.480505 13.608371 14 0 0.000000
1652148401205910116 73.948914 13.522134 14 0 0.000000
1652148402161674667 73.516851 13.601676 13 0 0.000000
1652148403198505326 74.052369 13.502687 14 0 0.000000
1652148404155882003 73.640818 13.578772 13 0 0.000000
1652148405192217736 74.020253 13.509136 14 0 0.000000
1652148406149224058 73.612289 13.584027 13 0 0.000000
1652148407185693600 74.030171 13.507391 14 0 0.000000
1652148408216046843 73.592939 13.587573 14 0 0.000000
1652148409100604238 73.709586 13.566107 12 0 0.000000
1652148410210506455 85.373480 11.712743 13 0 0.000000
1652148411171052625 73.884654 13.533967 13 0 0.000000
1652148412199480037 85.698443 11.668300 12 0 0.000000
1652148413088830271 74.108742 13.492997 12 0 0.000000
1652148414195977976 100.645945 9.935440 11 0 0.000000
1652148415157628047 73.969142 13.518431 13 0 0.000000
1652148416181420549 85.312623 11.721125 12 0 0.000000
1652148417215662339 73.870701 13.536487 14 0 0.000000
1652148418174826556 73.778082 13.553466 13 0 0.000000
1652148419207141699 86.022539 11.624357 12 0 0.000000
1652148420167107019 73.839593 13.542156 13 0 0.000000
1652148421197985912 73.630335 13.580645 14 0 0.000000
1652148422157453510 73.801504 13.549181 13 0 0.000000
1652148423190506712 86.083829 11.616052 12 0 0.000000
1652148424221417715 73.632719 13.580222 14 0 0.000000
1652148425176350288 86.808632 11.519138 11 0 0.000000
1652148426210757596 73.882478 13.534321 14 0 0.000000
1652148427169790851 73.767741 13.555317 13 0 0.000000
1652148428201878830 73.717040 13.564735 14 0 0.000000
1652148429166610132 74.206381 13.475255 13 0 0.000000
1652148430201249039 86.216213 11.598249 12 0 0.000000
1652148431230746806 73.532081 13.598864 14 0 0.000000
1652148432184554066 86.705693 11.532729 11 0 0.000000
1652148433212826454 73.444244 13.615069 14 0 0.000000
1652148434166143449 73.328586 13.636598 13 0 0.000000
1652148435201695692 73.963176 13.519356 14 0 0.000000
1652148436230171623 73.458885 13.612375 14 0 0.000000
1652148437114132696 73.659142 13.575259 12 0 0.000000
1652148438217147749 84.843687 11.785877 13 0 0.000000
1652148439174165178 73.613136 13.583870 13 0 0.000000
1652148440137387923 74.090518 13.496359 13 0 0.000000
1652148441164342921 85.575746 11.685030 12 0 0.000000
1652148442121745516 87.031325 11.489419 11 0 0.000000
1652148443223677716 84.759941 11.797460 13 0 0.000000
1652148444185684508 73.996755 13.513418 13 0 0.000000
1652148445218188056 86.038236 11.622236 12 0 0.000000
1652148446179631702 73.953534 13.521333 13 0 0.000000
1652148447214177265 73.892503 13.532512 14 0 0.000000
1652148448175048189 73.909689 13.529392 13 0 0.000000
1652148449209276281 73.869696 13.536666 14 0 0.000000
1652148450241259648 73.709487 13.566110 14 0 0.000000
1652148451199452039 73.703417 13.567212 13 0 0.000000
1652148452231407234 73.707522 13.566481 14 0 0.000000
1652148453193674964 74.016634 13.509754 13 0 0.000000
1652148454225044945 73.665780 13.574178 14 0 0.000000
1652148455250886414 73.270389 13.647333 14 0 0.000000
1652148456209083246 73.703891 13.567150 13 0 0.000000
1652148457240047394 85.909897 11.639590 12 0 0.000000
1652148457829656922 73.697759 13.568302 8 0 0.000000
1652148459073602805 124.390748 8.038935 10 0 0.000000
1652148460255114932 84.390048 11.849222 14 0 0.000000
1652148461216453066 73.945223 13.522817 13 0 0.000000
1652148462250374541 73.847882 13.540680 14 0 0.000000
1652148463211537140 73.931774 13.525287 13 0 0.000000
1652148464242089821 73.607155 13.584944 14 0 0.000000
1652148465192660376 86.411962 11.571997 11 0 0.000000
1652148466226403633 73.833550 13.543015 14 0 0.000000
1652148467258756704 73.735908 13.561252 14 0 0.000000
1652148468222997430 74.168469 13.482111 13 0 0.000000
1652148469256950204 73.849950 13.540270 14 0 0.000000
1652148470211359436 73.412362 13.620991 13 0 0.000000
1652148471242783362 103.138750 9.695334 10 0 0.000000
1652148472202918343 73.852837 13.539763 13 0 0.000000
1652148473238508950 73.967010 13.518856 14 0 0.000000
1652148474198808349 73.865623 13.537445 13 0 0.000000
1652148475235438129 74.041422 13.505304 14 0 0.000000
1652148476197770149 74.022084 13.508851 13 0 0.000000
1652148477233771942 73.996675 13.513490 14 0 0.000000
1652148478262343292 85.710448 11.666668 12 0 0.000000
1652148479217459883 86.825113 11.516919 11 0 0.000000
1652148480247318751 85.817788 11.652082 12 0 0.000000
1652148481206869973 87.228316 11.463692 11 0 0.000000
1652148482241322282 73.884211 13.533731 14 0 0.000000
1652148483200852487 73.806497 13.548297 13 0 0.000000
1652148484239747394 74.203073 13.475858 14 0 0.000000
1652148485266634015 85.570161 11.685808 12 0 0.000000
1652148486228808946 74.009644 13.511057 13 0 0.000000
1652148487269989954 74.366372 13.446269 14 0 0.000000
1652148488232499457 74.035441 13.506360 13 0 0.000000
1652148489270969468 74.172651 13.481372 14 0 0.000000
1652148490232426246 73.954656 13.521148 13 0 0.000000
1652148491256083738 102.362191 9.768893 10 0 0.000000
1652148492220560714 74.186923 13.478808 13 0 0.000000
1652148493252796581 73.727453 13.562792 14 0 0.000000
1652148494215645299 74.061380 13.501602 13 0 0.000000
1652148495250728453 73.931061 13.525483 14 0 0.000000
1652148496213699183 74.071075 13.499891 13 0 0.000000
1652148497253078291 74.237915 13.469580 14 0 0.000000
1652148498217096426 87.634380 11.410574 11 0 0.000000
1652148499250610953 73.818843 13.546012 14 0 0.000000
1652148500216431115 74.290299 13.460063 13 0 0.000000
1652148501251562595 73.934235 13.524852 14 0 0.000000
1652148502216519928 74.223480 13.472098 13 0 0.000000
1652148503242614259 102.605734 9.745693 10 0 0.000000
1652148504279325150 74.047099 13.504247 14 0 0.000000
1652148505243872735 74.190904 13.477821 13 0 0.000000
1652148506271870336 102.795835 9.727649 10 0 0.000000
1652148507230452327 106.505209 9.388868 9 0 0.000000
1652148508267109127 74.043477 13.504952 14 0 0.000000
1652148509234570189 74.416345 13.437233 13 0 0.000000
1652148510268407018 86.149348 11.607247 12 0 0.000000
1652148511229883839 106.827109 9.360600 9 0 0.000000
1652148512267281714 74.096289 13.495304 14 0 0.000000
1652148513226720845 73.799442 13.549583 13 0 0.000000
1652148514262837023 74.004697 13.511998 14 0 0.000000
1652148515222138627 73.788295 13.551526 13 0 0.000000
1652148516258819785 74.045014 13.504634 14 0 0.000000
1652148517296992690 74.151573 13.485230 14 0 0.000000
1652148518260616302 74.121266 13.490745 13 0 0.000000
1652148519227471361 74.369774 13.445655 13 0 0.000000
1652148520263122190 73.970052 13.518070 14 0 0.000000
1652148521292542013 85.781196 11.657052 12 0 0.000000
1652148522108813003 74.201013 13.475917 11 0 0.000000
1652148523280328805 97.622381 10.243140 12 0 0.000000
1652148524244068964 87.609207 11.413865 11 0 0.000000
1652148525132322854 74.017282 13.509651 12 0 0.000000
1652148526237425481 85.004345 11.763613 13 0 0.000000
1652148527277597440 74.292542 13.459313 14 0 0.000000
1652148528241420974 74.136566 13.487946 13 0 0.000000
1652148529283056541 74.398559 13.440401 14 0 0.000000
1652148530246021822 74.070390 13.499967 13 0 0.000000
1652148531284289127 74.158266 13.484003 14 0 0.000000
1652148532242737790 87.127822 11.476880 11 0 0.000000
1652148533272506223 85.810284 11.653105 12 0 0.000000
1652148534236383109 74.140573 13.487200 13 0 0.000000
1652148535269675884 86.104058 11.613359 12 0 0.000000
1652148536302071494 103.235916 9.686209 10 0 0.000000
1652148537107305027 89.466748 11.176882 9 0 0.000000
1652148538309503905 85.867348 11.645328 14 0 0.000000
1652148539276446583 74.375965 13.444437 13 0 0.000000
1652148540160737246 88.425407 11.308499 10 0 0.000000
1652148541263903818 84.854849 11.784258 13 0 0.000000
1652148542298454697 73.892912 13.532442 14 0 0.000000
1652148543262883295 87.670122 11.405717 11 0 0.000000
1652148544303255688 74.308489 13.456720 14 0 0.000000
1652148545270388272 74.391159 13.441797 13 0 0.000000
1652148546309202316 86.564077 11.551634 12 0 0.000000
1652148547272808418 87.596812 11.415453 11 0 0.000000
1652148548310856585 74.142459 13.486850 14 0 0.000000
1652148549270008770 73.775788 13.553636 13 0 0.000000
1652148550300789068 85.894741 11.641665 12 0 0.000000
1652148551189902684 74.088865 13.496589 12 0 0.000000
1652148552300997237 101.004486 9.900148 11 0 0.000000
1652148553262828605 87.435412 11.436516 11 0 0.000000
1652148554295761482 73.776984 13.553640 14 0 0.000000
1652148555262898772 87.918068 11.373773 11 0 0.000000
1652148556304529842 74.398638 13.440459 14 0 0.000000
1652148557269273801 74.207295 13.475078 13 0 0.000000
1652148558297185499 85.655766 11.674154 12 0 0.000000
1652148559257723170 87.318119 11.451920 11 0 0.000000
1652148560299485016 74.408113 13.438772 14 0 0.000000
1652148561263665885 74.164113 13.482948 13 0 0.000000
1652148562227012490 74.099836 13.494624 13 0 0.000000
