1652147945913798178 123.395231 8.102335 8 0 0.000000
1652147946725333873 73.771404 13.554548 11 0 0.000000
1652147947893209380 97.318595 10.275068 12 0 0.000000
1652147948914355430 85.089927 11.751502 12 0 0.000000
1652147949925814797 84.283774 11.864046 12 0 0.000000
1652147950791031526 86.515558 11.557797 10 0 0.000000
1652147951859128638 89.000720 11.234934 12 0 0.000000
1652147952866650619 71.960618 13.895478 14 0 0.000000
1652147953877992925 72.233967 13.842989 14 0 0.000000
1652147954887907279 72.132311 13.862562 14 0 0.000000
1652147955903435624 84.622557 11.816509 12 0 0.000000
1652147956915738942 84.353725 11.854155 12 0 0.000000
1652147957926347709 84.212723 11.874031 12 0 0.000000
1652147958926323674 71.421480 14.000337 14 0 0.000000
1652147959931382808 71.785623 13.929529 14 0 0.000000
1652147960933610552 100.217997 9.977772 10 0 0.000000
1652147961867085461 71.800744 13.926459 13 0 0.000000
1652147962870168226 71.643163 13.956974 14 0 0.000000
1652147963870752783 71.465708 13.991810 14 0 0.000000
1652147964873530973 71.621708 13.961224 14 0 0.000000
1652147965880885571 100.730999 9.926991 10 0 0.000000
1652147966885458300 83.710166 11.945377 12 0 0.000000
1652147967887506509 71.568747 13.971384 14 0 0.000000
1652147968897870129 101.031665 9.897427 10 0 0.000000
1652147969897953018 71.429850 13.998839 14 0 0.000000
1652147970905420483 83.951508 11.911055 12 0 0.000000
1652147971906077770 71.471390 13.990804 14 0 0.000000
1652147972912310395 125.774393 7.950448 8 0 0.000000
1652147973919076833 71.907915 13.905906 14 0 0.000000
1652147974929200849 101.007733 9.899775 10 0 0.000000
1652147975933200039 83.662480 11.952201 12 0 0.000000
1652147976945856059 101.261186 9.875022 10 0 0.000000
1652147977734984903 71.732977 13.939422 11 0 0.000000
1652147978884151702 95.759829 10.442349 12 0 0.000000
1652147979886428001 71.585760 13.968204 14 0 0.000000
1652147980886591442 71.436090 13.997712 14 0 0.000000
1652147981896528959 84.157328 11.881923 12 0 0.000000
1652147982831511294 103.882636 9.625850 9 0 0.000000
1652147983906839822 76.804231 13.019277 14 0 0.000000
1652147984913783730 71.919867 13.903456 14 0 0.000000
1652147985921540162 100.770974 9.923032 10 0 0.000000
1652147986782803487 71.767138 13.933022 12 0 0.000000
1652147987930818309 114.794727 8.710689 10 0 0.000000
1652147988935758440 83.741009 11.941010 12 0 0.000000
1652147989940106733 83.691176 11.948046 12 0 0.000000
1652147990947873086 71.978574 13.892109 14 0 0.000000
1652147991952233047 100.429736 9.956589 10 0 0.000000
1652147992959459859 83.930937 11.913901 12 0 0.000000
1652147993959758269 71.445577 13.995823 14 0 0.000000
1652147994895116265 85.028215 11.760203 11 0 0.000000
1652147995757595922 71.868713 13.913372 12 0 0.000000
1652147996905326490 81.976576 12.197984 14 0 0.000000
1652147997908421790 71.645336 13.956800 14 0 0.000000
1652147998917038156 84.046608 11.897487 12 0 0.000000
1652147999925010398 71.993778 13.889271 14 0 0.000000
1652148000929991577 111.660125 8.955392 9 0 0.000000
1652148001934017354 71.708735 13.943866 14 0 0.000000
1652148002947068343 101.300598 9.871171 10 0 0.000000
1652148003948421615 83.441807 11.983783 12 0 0.000000
1652148004954060574 71.826901 13.921497 14 0 0.000000
1652148005671106127 89.626112 11.156892 8 0 0.000000
1652148006963024479 107.655386 9.288513 12 0 0.000000
1652148007901862082 85.344421 11.716616 11 0 0.000000
1652148008905783134 83.655477 11.953131 12 0 0.000000
1652148009912553382 100.672434 9.932753 10 0 0.000000
1652148010918816194 83.850878 11.925314 12 0 0.000000
1652148011926327612 83.955287 11.910535 12 0 0.000000
1652148012935607654 84.101777 11.889663 12 0 0.000000
1652148013945104997 84.120326 11.887104 12 0 0.000000
1652148014949205957 71.716348 13.942821 14 0 0.000000
1652148015737988339 87.637866 11.409991 9 0 0.000000
1652148016965111279 111.550854 8.964057 11 0 0.000000
1652148017971393116 71.873239 13.912603 14 0 0.000000
1652148018976981006 83.794451 11.933318 12 0 0.000000
1652148019916491089 85.405289 11.708229 11 0 0.000000
1652148020850523637 71.844331 13.918145 13 0 0.000000
1652148021930078770 83.038700 12.041997 13 0 0.000000
1652148022936817741 83.890688 11.919674 12 0 0.000000
1652148023945771873 72.064042 13.875755 14 0 0.000000
1652148024954455325 100.864229 9.913913 10 0 0.000000
1652148025962345595 71.987565 13.890401 14 0 0.000000
1652148026913715785 105.703130 9.460040 9 0 0.000000
1652148027925121671 84.279384 11.864673 12 0 0.000000
1652148028927427162 83.521137 11.972398 12 0 0.000000
1652148029936596718 72.079170 13.872793 14 0 0.000000
1652148030945734735 72.074805 13.873226 14 0 0.000000
1652148031969527616 85.311621 11.721121 12 0 0.000000
1652148032905331569 85.067302 11.754599 11 0 0.000000
1652148033845919157 85.503623 11.694817 11 0 0.000000
1652148034917784120 97.437610 10.262487 11 0 0.000000
1652148035907941491 110.012458 9.089464 9 0 0.000000
1652148036919104492 84.258914 11.867523 12 0 0.000000
1652148037928820268 84.138442 11.884532 12 0 0.000000
1652148038938763327 72.133641 13.862167 14 0 0.000000
1652148039945371343 71.896189 13.908095 14 0 0.000000
1652148040953379221 83.996384 11.904669 12 0 0.000000
1652148041959754905 83.859917 11.923976 12 0 0.000000
1652148042983641460 93.076430 10.743378 11 0 0.000000
1652148043992182192 72.034515 13.881443 14 0 0.000000
1652148044927216743 84.998983 11.764271 11 0 0.000000
1652148045933936605 77.436205 12.913225 13 0 0.000000
1652148046656120223 90.268612 11.077515 8 0 0.000000
1652148047952479187 92.592700 10.799478 14 0 0.000000
1652148048961788079 126.159109 7.926216 8 0 0.000000
1652148049891956055 84.556533 11.825821 11 0 0.000000
1652148050970976174 98.088396 10.194435 11 0 0.000000
1652148051973141432 100.211624 9.978394 10 0 0.000000
1652148052982247037 72.074894 13.873672 14 0 0.000000
1652148053850846189 86.855584 11.512790 10 0 0.000000
1652148054860552861 126.208601 7.923093 8 0 0.000000
1652148055942423137 83.216628 12.016228 13 0 0.000000
1652148056949899137 83.952061 11.910954 12 0 0.000000
1652148057958145976 72.013530 13.885489 14 0 0.000000
1652148058971160244 101.296769 9.871529 10 0 0.000000
1652148059981392763 72.154891 13.858196 14 0 0.000000
1652148060991280045 72.130761 13.862933 14 0 0.000000
1652148061927624396 85.117671 11.747815 11 0 0.000000
1652148063001669334 97.634131 10.241657 11 0 0.000000
1652148063939470454 85.250315 11.729566 11 0 0.000000
1652148064951718688 72.299105 13.830599 14 0 0.000000
1652148065960932417 84.094242 11.890445 12 0 0.000000
1652148066972162337 72.226505 13.844527 14 0 0.000000
1652148067984319196 72.292672 13.831848 14 0 0.000000
1652148068995878984 72.250075 13.840012 14 0 0.000000
1652148069859536576 71.967190 13.894395 12 0 0.000000
1652148070947461576 98.897723 10.110991 11 0 0.000000
1652148071808632370 86.112483 11.612099 10 0 0.000000
1652148072957564123 82.061927 12.185232 14 0 0.000000
1652148073894859619 72.093769 13.869692 13 0 0.000000
1652148074972042898 97.921571 10.211818 11 0 0.000000
1652148075979781179 71.977383 13.892496 14 0 0.000000
1652148076847427290 144.603274 6.915262 6 0 0.000000
1652148078005798187 82.736365 12.085939 14 0 0.000000
1652148079016828579 72.212118 13.847259 14 0 0.000000
1652148079957921811 104.561660 9.563346 9 0 0.000000
1652148080967694146 100.972775 9.903223 10 0 0.000000
1652148081980852329 84.425182 11.844152 12 0 0.000000
1652148082632485993 72.399238 13.811441 9 0 0.000000
1652148084007444516 114.575580 8.727536 12 0 0.000000
1652148085016958070 84.122132 11.886913 12 0 0.000000
1652148086023444573 71.887711 13.909774 14 0 0.000000
1652148086962783783 85.388850 11.710360 11 0 0.000000
1652148087970004462 71.940472 13.899635 14 0 0.000000
1652148088976801495 83.895677 11.918986 12 0 0.000000
1652148089988146439 84.274359 11.865388 12 0 0.000000
1652148090999745494 84.295412 11.862407 12 0 0.000000
1652148092011193033 72.241868 13.841547 14 0 0.000000
1652148093022538890 84.274286 11.865378 12 0 0.000000
1652148093962616864 72.309356 13.828640 13 0 0.000000
1652148094975071572 92.037177 10.864684 11 0 0.000000
1652148095984666363 72.109240 13.866950 14 0 0.000000
1652148096994398846 72.119326 13.865058 14 0 0.000000
1652148098009989983 101.553427 9.846482 10 0 0.000000
1652148099021301823 84.271711 11.865776 12 0 0.000000
1652148100030805215 84.120356 11.887033 12 0 0.000000
1652148100900111088 86.926138 11.503431 10 0 0.000000
1652148101985545881 98.671414 10.134188 11 0 0.000000
1652148102996263383 101.067354 9.893961 10 0 0.000000
1652148104005607674 72.091440 13.870391 14 0 0.000000
1652148105014855446 72.084949 13.871718 14 0 0.000000
