1652147945710959492 86.934073 11.498698 11 0 0.000000
1652147946742339041 73.664992 13.574052 14 0 0.000000
1652147947695792740 158.903976 6.292912 6 0 0.000000
1652147948721285431 102.543904 9.751410 10 0 0.000000
1652147949730931706 100.960014 9.904459 10 0 0.000000
1652147950701797732 74.677451 13.390107 13 0 0.000000
1652147951708534684 71.905848 13.906314 14 0 0.000000
1652147952720094583 84.292231 11.862866 12 0 0.000000
1652147953731271162 72.221907 13.845257 14 0 0.000000
1652147954743023262 72.263330 13.837382 14 0 0.000000
1652147955754090459 72.214307 13.846756 14 0 0.000000
1652147956693333394 72.244728 13.840934 13 0 0.000000
1652147957702294515 72.063986 13.875659 14 0 0.000000
1652147958708516479 100.617266 9.938165 10 0 0.000000
1652147959715850611 100.729192 9.927193 10 0 0.000000
1652147960715119259 71.372247 14.010246 14 0 0.000000
1652147961716235963 125.134784 7.991076 8 0 0.000000
1652147962517687778 89.045537 11.229621 9 0 0.000000
1652147963739099990 111.032562 9.005969 11 0 0.000000
1652147964745970554 83.900740 11.918116 12 0 0.000000
1652147965743241350 83.097955 12.032840 12 0 0.000000
1652147966742317726 71.357785 14.012943 14 0 0.000000
1652147967747875385 83.790717 11.933677 12 0 0.000000
1652147968744425683 99.650400 10.034616 10 0 0.000000
1652147969747338364 71.631513 13.959341 14 0 0.000000
1652147970747324565 71.423312 14.000193 14 0 0.000000
1652147971750117883 71.622096 13.961003 14 0 0.000000
1652147972753417927 83.603533 11.960529 12 0 0.000000
1652147973615224033 95.751010 10.443184 9 0 0.000000
1652147974758367012 95.257255 10.497375 12 0 0.000000
1652147975761944345 83.627087 11.957225 12 0 0.000000
1652147976761626400 83.301991 12.003816 12 0 0.000000
1652147977761614613 71.423249 14.000165 14 0 0.000000
1652147978766737938 71.790184 13.928639 14 0 0.000000
1652147979770106448 71.665248 13.952999 14 0 0.000000
1652147980701149218 84.635450 11.814709 11 0 0.000000
1652147981706905685 100.570875 9.942765 10 0 0.000000
1652147982710370778 83.617383 11.958562 12 0 0.000000
1652147983641296665 84.624631 11.816193 11 0 0.000000
1652147984720827739 98.134324 10.189609 11 0 0.000000
1652147985725456895 71.753941 13.935490 14 0 0.000000
1652147986729139468 71.687344 13.948633 14 0 0.000000
1652147987729429627 83.349985 11.996519 12 0 0.000000
1652147988587574501 85.809999 11.653044 10 0 0.000000
1652147989737848326 88.477964 11.301657 13 0 0.000000
1652147990742283956 83.697669 11.947007 12 0 0.000000
1652147991741513956 83.264472 12.009247 12 0 0.000000
1652147992746135898 71.754003 13.935590 14 0 0.000000
1652147993749618907 83.619074 11.958349 12 0 0.000000
1652147994755974291 71.877907 13.911587 14 0 0.000000
1652147995757611639 83.465312 11.980384 12 0 0.000000
1652147996756371597 83.225435 12.014899 12 0 0.000000
1652147997761120279 71.763267 13.933833 14 0 0.000000
1652147998766376868 71.799688 13.926793 14 0 0.000000
1652147999627763260 71.778012 13.931030 12 0 0.000000
1652148000776158425 82.023676 12.190925 14 0 0.000000
1652148001779933998 100.373024 9.962386 10 0 0.000000
1652148002782563319 71.611706 13.963286 14 0 0.000000
1652148003789614880 71.927662 13.901969 14 0 0.000000
1652148004726917171 85.204808 11.735808 11 0 0.000000
1652148005735150326 84.013309 11.902009 12 0 0.000000
1652148006738685926 83.623185 11.957722 12 0 0.000000
1652148007599103765 86.037369 11.622260 10 0 0.000000
1652148008744638204 81.819433 12.221370 14 0 0.000000
1652148009750877557 125.775197 7.950395 8 0 0.000000
1652148010760949375 72.143245 13.860401 14 0 0.000000
1652148011764404644 71.671007 13.951793 14 0 0.000000
1652148012773973958 72.106493 13.867300 14 0 0.000000
1652148013780786574 71.911129 13.905269 14 0 0.000000
1652148014786327627 71.819990 13.922853 14 0 0.000000
1652148015722167646 71.982033 13.891263 13 0 0.000000
1652148016801541772 98.120505 10.191091 11 0 0.000000
1652148017736892864 71.944941 13.898524 13 0 0.000000
1652148018740894563 83.660202 11.952172 12 0 0.000000
1652148019749654598 72.050085 13.878424 14 0 0.000000
1652148020755305401 71.827874 13.921334 14 0 0.000000
1652148021757504951 125.270385 7.982442 8 0 0.000000
1652148022767058228 72.106669 13.867520 14 0 0.000000
1652148023630833921 86.372993 11.577080 10 0 0.000000
1652148024782599081 95.976083 10.418791 12 0 0.000000
1652148025791038307 72.026923 13.882839 14 0 0.000000
1652148026781011956 98.993225 10.101279 10 0 0.000000
1652148027787146451 100.608302 9.939029 10 0 0.000000
1652148028797587272 84.198835 11.876005 12 0 0.000000
1652148029805412667 71.981749 13.891295 14 0 0.000000
1652148030810973157 83.790280 11.933643 12 0 0.000000
1652148031742678089 116.458402 8.586409 8 0 0.000000
1652148032463007990 72.028722 13.882528 10 0 0.000000
1652148033758710143 129.565603 7.717823 10 0 0.000000
1652148034767761244 72.070137 13.874421 14 0 0.000000
1652148035783522237 84.642228 11.813803 12 0 0.000000
1652148036717197390 133.377428 7.497254 7 0 0.000000
1652148037801028033 135.474322 7.381227 8 0 0.000000
1652148038809603994 84.043402 11.897964 12 0 0.000000
1652148039747258910 72.123021 13.864375 13 0 0.000000
1652148040755626048 84.026390 11.900428 12 0 0.000000
1652148041759099473 83.616798 11.958463 12 0 0.000000
1652148042624630401 72.123285 13.864323 12 0 0.000000
1652148043781683567 96.416516 10.371174 12 0 0.000000
1652148044789725736 71.998515 13.888308 14 0 0.000000
1652148045798678924 72.063771 13.875767 14 0 0.000000
1652148046662160574 71.952741 13.897227 12 0 0.000000
1652148047741732331 98.138259 10.189225 11 0 0.000000
1652148048819719055 82.917320 12.059518 13 0 0.000000
1652148049759017654 72.249221 13.840114 13 0 0.000000
1652148050769062571 72.141839 13.860769 14 0 0.000000
1652148051777430408 84.026146 11.900419 12 0 0.000000
1652148052788453878 101.097684 9.890967 10 0 0.000000
1652148053799201615 72.191223 13.851132 14 0 0.000000
1652148054805200907 83.828597 11.928438 12 0 0.000000
1652148055813730787 84.039736 11.898507 12 0 0.000000
1652148056821375368 71.970613 13.893788 14 0 0.000000
1652148057824726414 83.608093 11.959922 12 0 0.000000
1652148058615603179 71.893311 13.908614 11 0 0.000000
1652148059700030193 98.579736 10.143606 11 0 0.000000
1652148060780577230 98.226973 10.180029 11 0 0.000000
1652148061789192455 72.039805 13.880417 14 0 0.000000
1652148062794486924 83.770313 11.936801 12 0 0.000000
1652148063801470843 71.923023 13.902903 14 0 0.000000
1652148064811144604 84.135340 11.885027 12 0 0.000000
1652148065819889624 72.048962 13.878631 14 0 0.000000
1652148066540225246 72.028952 13.882417 10 0 0.000000
1652148067689343242 143.634977 6.961861 8 0 0.000000
1652148068769997768 90.048705 11.104381 12 0 0.000000
1652148069776810250 100.675702 9.932336 10 0 0.000000
1652148070785169555 72.020128 13.883940 14 0 0.000000
1652148071795363713 72.152716 13.858722 14 0 0.000000
1652148072803860379 84.035896 11.898899 12 0 0.000000
1652148073811438684 83.960537 11.909744 12 0 0.000000
1652148074682177095 87.069232 11.484505 10 0 0.000000
1652148075833986440 82.267565 12.154789 14 0 0.000000
1652148076771148097 104.121966 9.603466 9 0 0.000000
1652148077783064515 101.187323 9.882239 10 0 0.000000
1652148078504856864 72.175125 13.854400 10 0 0.000000
1652148079808479919 108.628437 9.205115 12 0 0.000000
1652148080820105790 72.254968 13.839108 14 0 0.000000
1652148081829648696 72.105624 13.867662 14 0 0.000000
1652148082623974374 72.207158 13.848225 11 0 0.000000
1652148083779323506 88.868375 11.252010 13 0 0.000000
1652148084647513988 86.814586 11.518210 10 0 0.000000
1652148085807010046 82.816398 12.074211 14 0 0.000000
1652148086818383267 101.130870 9.887546 10 0 0.000000
1652148087824185565 83.812230 11.930775 12 0 0.000000
1652148088835341155 72.221137 13.845544 14 0 0.000000
1652148089775709188 72.331534 13.824375 13 0 0.000000
1652148090783559031 100.780546 9.922113 10 0 0.000000
1652148091788594102 83.748706 11.939882 12 0 0.000000
1652148092802395700 101.375719 9.863863 10 0 0.000000
1652148093813531823 72.219411 13.845811 14 0 0.000000
1652148094826259949 72.333537 13.824046 14 0 0.000000
1652148095836714819 72.170189 13.855146 14 0 0.000000
1652148096846110042 72.095411 13.869691 14 0 0.000000
1652148097856471603 72.163418 13.856426 14 0 0.000000
1652148098795993534 72.266665 13.836824 13 0 0.000000
1652148099807171722 72.222557 13.845235 14 0 0.000000
1652148100817797931 72.183228 13.852798 14 0 0.000000
1652148101825532018 83.973135 11.907903 12 0 0.000000
1652148102835576274 72.141721 13.860779 14 0 0.000000
1652148103701089189 72.120844 13.864612 12 0 0.000000
1652148104850143246 95.748994 10.443373 12 0 0.000000
1652148105856595146 83.866475 11.923073 12 0 0.000000
1652148106797045282 72.338016 13.823168 13 0 0.000000
1652148107810012821 72.349342 13.820779 14 0 0.000000
1652148108821675119 72.257321 13.838610 14 0 0.000000
1652148109835024583 101.330527 9.868264 10 0 0.000000
1652148110699076364 86.401024 11.573381 10 0 0.000000
1652148111853453885 128.259056 7.796410 9 0 0.000000
1652148112862949579 126.182062 7.924749 8 0 0.000000
1652148113803614412 72.354344 13.820013 13 0 0.000000
1652148114670273145 86.659931 11.538567 10 0 0.000000
1652148115842534578 83.728403 11.942728 14 0 0.000000
1652148116857982431 84.616529 11.817446 12 0 0.000000
1652148117802042874 72.615219 13.770305 13 0 0.000000
1652148118816396701 72.449330 13.801890 14 0 0.000000
1652148119756952091 104.501304 9.568815 9 0 0.000000
1652148120839491661 83.268056 12.008799 13 0 0.000000
1652148121707548452 108.502762 9.215987 8 0 0.000000
1652148122862346441 82.481773 12.123332 14 0 0.000000
1652148123872749005 84.193896 11.876455 12 0 0.000000
1652148124812519692 85.429582 11.704983 11 0 0.000000
1652148125825189694 72.329598 13.824839 14 0 0.000000
1652148126838607375 72.382713 13.814639 14 0 0.000000
1652148127852695520 72.430097 13.805507 14 0 0.000000
1652148128870249615 84.791763 11.792985 12 0 0.000000
1652148129807136744 104.094374 9.606280 9 0 0.000000
1652148130822546027 72.524519 13.787544 14 0 0.000000
1652148131829453212 125.856651 7.945122 8 0 0.000000
1652148132844298805 72.484802 13.795202 14 0 0.000000
1652148133860290014 72.566868 13.779647 14 0 0.000000
1652148134869896862 84.129871 11.885815 12 0 0.000000
1652148135810979064 72.386854 13.813884 13 0 0.000000
1652148136824426035 72.380140 13.814240 14 0 0.000000
1652148137840530518 101.605493 9.841508 10 0 0.000000
1652148138860168832 84.965221 11.768879 12 0 0.000000
1652148139871931383 101.171597 9.883742 10 0 0.000000
1652148140814145506 72.474030 13.797289 13 0 0.000000
1652148141827607949 72.385763 13.814029 14 0 0.000000
1652148142845320256 72.689676 13.756343 14 0 0.000000
1652148143855275735 84.158704 11.881712 12 0 0.000000
1652148144870149827 72.487132 13.794815 14 0 0.000000
1652148145882385799 126.524963 7.903295 8 0 0.000000
1652148146890921805 84.040562 11.898435 12 0 0.000000
1652148147834308370 72.564037 13.780141 13 0 0.000000
1652148148703291011 72.410999 13.809252 12 0 0.000000
1652148149863545848 96.683910 10.342556 12 0 0.000000
1652148150879346010 72.551529 13.782238 14 0 0.000000
1652148151894780295 72.526543 13.787204 14 0 0.000000
1652148152838610945 85.798332 11.654633 11 0 0.000000
1652148153848677179 84.168069 11.880409 12 0 0.000000
1652148154851405284 125.336107 7.978235 8 0 0.000000
1652148155865995108 72.466620 13.798680 14 0 0.000000
1652148156882311942 72.587648 13.775232 14 0 0.000000
1652148157895632722 72.375820 13.815960 14 0 0.000000
1652148158837270155 72.429584 13.805738 13 0 0.000000
1652148159853860093 72.609466 13.771531 14 0 0.000000
1652148160865142442 84.269125 11.866123 12 0 0.000000
1652148161879051721 72.418061 13.807941 14 0 0.000000
1652148162893917003 112.758079 8.868172 9 0 0.000000
1652148163833634992 72.281783 13.833938 13 0 0.000000
1652148164848758844 101.508227 9.851015 10 0 0.000000
1652148165886546375 115.305417 8.672295 9 0 0.000000
1652148166901048326 72.459795 13.799875 14 0 0.000000
1652148167844674500 72.582623 13.776642 13 0 0.000000
1652148168862189708 72.675455 13.759008 14 0 0.000000
1652148169881223554 84.915313 11.775860 12 0 0.000000
1652148170899980339 84.892559 11.779062 12 0 0.000000
1652148171839743883 85.428801 11.705072 11 0 0.000000
1652148172786959893 72.857302 13.724430 13 0 0.000000
1652148173871178455 108.417440 9.223233 10 0 0.000000
1652148174811981679 85.523089 11.692137 11 0 0.000000
1652148175895813659 83.367562 11.994479 13 0 0.000000
1652148176842640116 86.070892 11.617758 11 0 0.000000
1652148177861925124 72.802014 13.735118 14 0 0.000000
1652148178880151252 72.726308 13.749402 14 0 0.000000
1652148179898725996 84.876952 11.781168 12 0 0.000000
1652148180908874101 91.827310 10.889492 11 0 0.000000
1652148181854406295 72.728105 13.748871 13 0 0.000000
1652148182874640359 85.015313 11.762007 12 0 0.000000
1652148183889268209 72.469249 13.798163 14 0 0.000000
1652148184906831056 72.677086 13.758364 14 0 0.000000
1652148185851528122 85.876684 11.643944 11 0 0.000000
1652148186865993967 169.073078 5.914443 6 0 0.000000
1652148187888377899 73.021985 13.693486 14 0 0.000000
1652148188907120585 72.763268 13.742430 14 0 0.000000
1652148189861037582 86.715619 11.531401 11 0 0.000000
1652148190880788585 72.835388 13.728842 14 0 0.000000
1652148191897438383 84.716799 11.803475 12 0 0.000000
1652148192915843033 84.862944 11.783135 12 0 0.000000
1652148193858572376 85.698979 11.668248 11 0 0.000000
1652148194876976728 72.737155 13.746995 14 0 0.000000
1652148195892341110 92.299827 10.833549 11 0 0.000000
1652148196905601825 84.433916 11.842954 12 0 0.000000
1652148197924140872 72.748743 13.745178 14 0 0.000000
1652148198875032163 73.138377 13.671384 13 0 0.000000
1652148199895377862 72.877223 13.720840 14 0 0.000000
1652148200912931395 72.678023 13.758490 14 0 0.000000
1652148201929208623 72.587402 13.775769 14 0 0.000000
1652148202877918287 72.973519 13.702822 13 0 0.000000
1652148203897218758 72.803079 13.734910 14 0 0.000000
1652148204915480440 101.822016 9.820658 10 0 0.000000
1652148205864581233 73.003504 13.697175 13 0 0.000000
1652148206877864322 84.436132 11.842693 12 0 0.000000
1652148207894030613 72.579318 13.777273 14 0 0.000000
1652148208914463897 72.883378 13.719662 14 0 0.000000
1652148209935812840 72.949508 13.707362 14 0 0.000000
1652148210876074212 72.323868 13.825943 13 0 0.000000
1652148211895070578 72.781241 13.739009 14 0 0.000000
1652148212769229574 72.842314 13.727480 12 0 0.000000
1652148213936848160 83.397325 11.990217 14 0 0.000000
1652148214885352375 72.957905 13.705790 13 0 0.000000
1652148215901970297 72.611030 13.771152 14 0 0.000000
1652148216916130913 84.509372 11.832445 12 0 0.000000
1652148217931447824 72.518676 13.788798 14 0 0.000000
1652148218880552587 73.003787 13.697118 13 0 0.000000
1652148219897862602 72.661184 13.761783 14 0 0.000000
1652148220912612068 84.558476 11.825579 12 0 0.000000
1652148221934132048 72.961530 13.705067 14 0 0.000000
1652148222877483008 72.561770 13.780661 13 0 0.000000
1652148223823598891 72.774196 13.740389 13 0 0.000000
1652148224912731910 99.008343 10.099776 11 0 0.000000
1652148225927233737 72.459527 13.799877 14 0 0.000000
1652148226942169601 84.574061 11.823407 12 0 0.000000
1652148227887698827 105.054770 9.518479 9 0 0.000000
1652148228904156412 72.600364 13.773324 14 0 0.000000
1652148229921239714 72.644860 13.764851 14 0 0.000000
1652148230868615512 72.871338 13.722115 13 0 0.000000
1652148231887859732 84.932953 11.773430 12 0 0.000000
1652148232909981494 85.172870 11.740284 12 0 0.000000
1652148233932616146 102.259179 9.778663 10 0 0.000000
1652148234881213080 72.964775 13.704451 13 0 0.000000
1652148235897546622 84.690348 11.807147 12 0 0.000000
1652148236727421594 75.439009 13.255009 11 0 0.000000
1652148237890319161 129.206667 7.739289 9 0 0.000000
1652148238910837172 85.037787 11.758734 12 0 0.000000
1652148239785961038 72.923112 13.712345 12 0 0.000000
1652148240952230119 83.300724 12.004091 14 0 0.000000
1652148241899212372 72.840692 13.727818 13 0 0.000000
1652148242919991383 72.907836 13.715015 14 0 0.000000
1652148243940614230 72.897705 13.717114 14 0 0.000000
1652148244891008896 73.103004 13.678528 13 0 0.000000
1652148245916302037 85.436989 11.703970 12 0 0.000000
1652148246933827054 101.748365 9.827768 10 0 0.000000
1652148247956334882 73.032351 13.691826 14 0 0.000000
1652148248905434045 105.451319 9.482676 9 0 0.000000
1652148249928545267 85.255097 11.728930 12 0 0.000000
1652148250953457322 78.834282 12.684015 13 0 0.000000
1652148251901800339 72.945511 13.708120 13 0 0.000000
1652148252921601018 84.979354 11.767005 12 0 0.000000
1652148253941693822 72.859747 13.724242 14 0 0.000000
1652148254962210393 72.889884 13.718542 14 0 0.000000
1652148255910473285 72.939132 13.709279 13 0 0.000000
1652148256784505278 87.399269 11.441229 10 0 0.000000
1652148257914362160 102.710059 9.735746 11 0 0.000000
1652148258936374798 72.997193 13.698461 14 0 0.000000
1652148259956912896 85.040857 11.758503 12 0 0.000000
1652148260920618306 87.605447 11.414277 11 0 0.000000
1652148261871814094 73.164408 13.667007 13 0 0.000000
1652148262961904661 99.094218 10.090904 11 0 0.000000
1652148263910885556 86.266795 11.591382 11 0 0.000000
1652148264929259047 72.737053 13.747412 14 0 0.000000
1652148265953741262 73.173502 13.665440 14 0 0.000000
1652148266974599479 72.914626 13.713951 14 0 0.000000
1652148267920409379 85.978437 11.630244 11 0 0.000000
1652148268792467217 87.201488 11.467129 10 0 0.000000
1652148269956778191 97.021773 10.306525 12 0 0.000000
1652148270907339712 73.116002 13.676127 13 0 0.000000
1652148271926443696 84.921565 11.775049 12 0 0.000000
1652148272949093541 73.041016 13.689925 14 0 0.000000
1652148273969524432 72.883978 13.719695 14 0 0.000000
1652148274918887970 73.023419 13.693385 13 0 0.000000
1652148275939941975 72.928433 13.711322 14 0 0.000000
1652148276964100316 73.150382 13.669761 14 0 0.000000
1652148277913908218 73.058251 13.686978 13 0 0.000000
1652148278937245066 102.329701 9.771953 10 0 0.000000
1652148279959470177 85.179755 11.739097 12 0 0.000000
1652148280977758876 84.851364 11.784477 12 0 0.000000
1652148281925734862 86.175664 11.603670 11 0 0.000000
1652148282950034802 73.159846 13.667872 14 0 0.000000
1652148283975426093 85.445341 11.702850 12 0 0.000000
1652148284920911612 85.949348 11.634234 11 0 0.000000
1652148285942723700 72.982686 13.701149 14 0 0.000000
1652148286962574881 84.983765 11.766423 12 0 0.000000
1652148287975685674 101.307106 9.870589 10 0 0.000000
1652148288928898116 73.320081 13.638093 13 0 0.000000
1652148289952980360 73.144485 13.670777 14 0 0.000000
1652148290981193676 73.439880 13.615852 14 0 0.000000
1652148291934206182 73.304894 13.640954 13 0 0.000000
1652148292951749130 84.791213 11.793114 12 0 0.000000
1652148293973273732 72.962002 13.705005 14 0 0.000000
1652148294930025502 86.973167 11.497235 11 0 0.000000
1652148295953074300 73.070781 13.684587 14 0 0.000000
1652148296975723285 73.042332 13.689937 14 0 0.000000
1652148297931050179 73.482811 13.607907 13 0 0.000000
1652148298957645101 73.324151 13.637317 14 0 0.000000
1652148299979335003 72.971780 13.702788 14 0 0.000000
1652148300999303570 84.993350 11.765069 12 0 0.000000
1652148301947404289 72.926580 13.711623 13 0 0.000000
1652148302966358698 92.627827 10.795380 11 0 0.000000
1652148303992032641 73.258337 13.649562 14 0 0.000000
1652148304948017425 73.532973 13.598543 13 0 0.000000
1652148305974254633 73.297109 13.642070 14 0 0.000000
1652148306993106444 101.880852 9.814970 10 0 0.000000
1652148307942077924 86.266192 11.591497 11 0 0.000000
1652148308891386192 73.019762 13.694182 13 0 0.000000
1652148309841674876 86.386092 11.575430 11 0 0.000000
1652148310935451769 84.132837 11.885422 13 0 0.000000
1652148311979961826 87.038408 11.488640 12 0 0.000000
1652148313004796383 85.398413 11.709207 12 0 0.000000
1652148313953885941 73.002942 13.697337 13 0 0.000000
1652148314981583336 73.402787 13.622687 14 0 0.000000
1652148316006466868 73.202071 13.660088 14 0 0.000000
1652148316955540997 73.000608 13.697560 13 0 0.000000
1652148317978136920 73.037527 13.690648 14 0 0.000000
1652148319003923353 85.478575 11.698342 12 0 0.000000
1652148319953620530 73.047549 13.688574 13 0 0.000000
1652148320970973610 101.730993 9.829429 10 0 0.000000
1652148321924846208 73.369370 13.628654 13 0 0.000000
1652148322945253304 85.029834 11.760012 12 0 0.000000
1652148323973591344 73.447585 13.614200 14 0 0.000000
1652148325000142219 73.321232 13.637902 14 0 0.000000
1652148325954282171 73.390914 13.624836 13 0 0.000000
1652148326981983873 85.637242 11.676540 12 0 0.000000
1652148328008377586 73.309634 13.639990 14 0 0.000000
1652148328811331227 114.703152 8.717813 7 0 0.000000
1652148329833540677 85.179904 11.739277 12 0 0.000000
1652148330993039279 96.620724 10.349300 12 0 0.000000
1652148332016611376 102.353084 9.769708 10 0 0.000000
1652148332968322013 73.204539 13.659614 13 0 0.000000
1652148333991673055 73.092515 13.680545 14 0 0.000000
1652148335016248054 73.179637 13.664202 14 0 0.000000
1652148335972331052 73.540781 13.597146 13 0 0.000000
1652148336996366598 73.141464 13.671400 14 0 0.000000
1652148338012070005 101.565855 9.845394 10 0 0.000000
1652148338959075187 189.396537 5.279802 5 0 0.000000
1652148339987074294 73.424440 13.618688 14 0 0.000000
1652148341015173060 73.431179 13.617369 14 0 0.000000
1652148341963543289 94.833067 10.544405 10 0 0.000000
1652148342998219219 73.901395 13.530807 14 0 0.000000
1652148344027252728 102.898737 9.717856 10 0 0.000000
1652148344983606183 73.561500 13.593300 13 0 0.000000
1652148346014670232 73.643040 13.578206 14 0 0.000000
1652148346966303185 73.198063 13.660729 13 0 0.000000
1652148347995723644 73.526058 13.599885 14 0 0.000000
1652148349027698171 73.708383 13.566226 14 0 0.000000
1652148349980741044 73.306680 13.640519 13 0 0.000000
1652148350860174440 73.281881 13.645150 12 0 0.000000
1652148352033567800 83.809708 11.931208 14 0 0.000000
1652148352985912525 190.464121 5.250200 5 0 0.000000
1652148354013466904 85.625681 11.678214 12 0 0.000000
1652148355035730793 73.013452 13.695095 14 0 0.000000
1652148355989846207 73.389292 13.625186 13 0 0.000000
1652148357019574404 73.547970 13.595821 14 0 0.000000
1652148357972023457 73.261278 13.649024 13 0 0.000000
1652148359042146009 107.007333 9.344724 10 0 0.000000
1652148359996338773 73.392983 13.624082 13 0 0.000000
1652148361036377193 86.666006 11.538035 12 0 0.000000
1652148361992864461 86.947916 11.500415 11 0 0.000000
1652148363013402351 85.039379 11.758505 12 0 0.000000
1652148364042512987 73.504192 13.603979 14 0 0.000000
1652148364998289575 73.516949 13.601505 13 0 0.000000
1652148366025169893 85.569270 11.685880 12 0 0.000000
1652148366910187988 73.747499 13.559045 12 0 0.000000
1652148368013236324 84.845440 11.785522 13 0 0.000000
1652148369044352329 73.646955 13.577522 14 0 0.000000
1652148369996386054 86.544480 11.554212 11 0 0.000000
1652148371029176402 73.766525 13.555511 14 0 0.000000
1652148371985210595 73.537224 13.597840 13 0 0.000000
1652148373013505151 73.445458 13.614776 14 0 0.000000
1652148374041773712 73.443846 13.615120 14 0 0.000000
1652148374997694738 73.528244 13.599450 13 0 0.000000
1652148376022674344 73.208675 13.658808 14 0 0.000000
1652148377054846690 73.722342 13.563627 14 0 0.000000
1652148378005522243 86.420748 11.570719 11 0 0.000000
1652148379031400447 85.485139 11.697295 12 0 0.000000
1652148380058491554 73.359638 13.630728 14 0 0.000000
1652148381015821509 87.025916 11.490292 11 0 0.000000
1652148382046942594 73.647411 13.577455 14 0 0.000000
1652148383006043158 73.773046 13.554366 13 0 0.000000
1652148384036243449 73.580393 13.589590 14 0 0.000000
1652148385061419153 85.427354 11.705311 12 0 0.000000
1652148386017070046 73.507632 13.603294 13 0 0.000000
1652148387042133586 85.417975 11.706592 12 0 0.000000
1652148387996782270 73.430542 13.617575 13 0 0.000000
1652148389026864254 73.573223 13.591151 14 0 0.000000
1652148390047748409 85.069666 11.754517 12 0 0.000000
1652148391001489925 73.360848 13.630527 13 0 0.000000
1652148392028371080 73.344593 13.633515 14 0 0.000000
1652148393058250150 73.558392 13.593829 14 0 0.000000
1652148394012665135 86.760870 11.525385 11 0 0.000000
1652148395041639284 102.892968 9.718417 10 0 0.000000
