1652147945710778424 85.060751 11.751898 11 0 0.000000
1652147946747543524 74.049910 13.503542 14 0 0.000000
1652147947771039691 73.101177 13.678605 14 0 0.000000
1652147948720770484 73.051327 13.688089 13 0 0.000000
1652147949734123742 72.377638 13.815518 14 0 0.000000
1652147950750710473 78.194252 12.787890 13 0 0.000000
1652147951757377934 100.661988 9.933767 10 0 0.000000
1652147952768303262 84.238847 11.870313 12 0 0.000000
1652147953777739013 112.154330 8.915872 9 0 0.000000
1652147954715024753 72.093924 13.869837 13 0 0.000000
1652147955729834940 84.562882 11.824871 12 0 0.000000
1652147956735842163 83.829325 11.928343 12 0 0.000000
1652147957744827498 72.064579 13.875326 14 0 0.000000
1652147958605023132 71.677869 13.950315 12 0 0.000000
1652147959756431031 115.135825 8.685019 10 0 0.000000
1652147960755423270 83.245044 12.012106 12 0 0.000000
1652147961757955734 71.604871 13.964635 14 0 0.000000
1652147962759799336 83.481964 11.977917 12 0 0.000000
1652147963755270605 82.950117 12.054592 12 0 0.000000
1652147964758267015 71.637877 13.958175 14 0 0.000000
1652147965765896101 83.962375 11.909144 12 0 0.000000
1652147966767241773 83.441230 11.983874 12 0 0.000000
1652147967703004432 103.969243 9.617823 9 0 0.000000
1652147968778993807 82.764007 12.081904 13 0 0.000000
1652147969783213279 71.725638 13.941176 14 0 0.000000
1652147970570087030 71.529534 13.979371 11 0 0.000000
1652147971786999609 135.208065 7.395765 9 0 0.000000
1652147972789841877 71.627223 13.960321 14 0 0.000000
1652147973724130154 71.864078 13.914335 13 0 0.000000
1652147974724419173 83.353286 11.996533 12 0 0.000000
1652147975655311050 103.427941 9.668148 9 0 0.000000
1652147976730385953 82.693942 12.092181 13 0 0.000000
1652147977735335286 83.741372 11.940901 12 0 0.000000
1652147978740457426 71.788869 13.928655 14 0 0.000000
1652147979676401841 133.702036 7.479077 7 0 0.000000
1652147980750707376 97.659642 10.239173 11 0 0.000000
1652147981757128152 71.882297 13.910682 14 0 0.000000
1652147982759083583 83.491406 11.976581 12 0 0.000000
1652147983767322028 72.012658 13.885604 14 0 0.000000
1652147984630087971 71.892395 13.908755 12 0 0.000000
1652147985775553917 81.813873 12.222101 14 0 0.000000
1652147986782374434 71.911533 13.905160 14 0 0.000000
1652147987783391951 100.095007 9.989835 10 0 0.000000
1652147988782387449 99.895154 10.010055 10 0 0.000000
1652147989786361461 71.708181 13.944584 14 0 0.000000
1652147990789234272 83.568394 11.965625 12 0 0.000000
1652147991794120291 83.734392 11.941653 12 0 0.000000
1652147992792181925 83.167213 12.023306 12 0 0.000000
1652147993795896761 83.638295 11.955587 12 0 0.000000
1652147994796764059 71.486397 13.987868 14 0 0.000000
1652147995727360585 84.594995 11.820375 11 0 0.000000
1652147996801952932 119.394585 8.375269 9 0 0.000000
1652147997808907874 71.920770 13.903303 14 0 0.000000
1652147998743484169 84.957273 11.770039 11 0 0.000000
1652147999749657262 71.864930 13.914107 14 0 0.000000
1652148000542606845 88.101017 11.350028 9 0 0.000000
1652148001488510220 105.095562 9.514714 9 0 0.000000
1652148002779573681 107.583886 9.294663 12 0 0.000000
1652148003782989075 83.611766 11.959155 12 0 0.000000
1652148004787411073 83.697683 11.947170 12 0 0.000000
1652148005794031609 83.880522 11.921076 12 0 0.000000
1652148006803379015 84.107854 11.888869 12 0 0.000000
1652148007736127300 71.745658 13.937309 13 0 0.000000
1652148008806940168 97.342371 10.272570 11 0 0.000000
1652148009816533647 72.109799 13.866968 14 0 0.000000
1652148010752306722 85.065961 11.754987 11 0 0.000000
1652148011759076716 71.907983 13.905857 14 0 0.000000
1652148012764783046 71.830140 13.920565 14 0 0.000000
1652148013773527585 100.869864 9.913313 10 0 0.000000
1652148014778235651 83.721214 11.943768 12 0 0.000000
1652148015714125530 71.985718 13.890523 13 0 0.000000
1652148016788081196 82.607629 12.104783 13 0 0.000000
1652148017648538705 86.041105 11.621724 10 0 0.000000
1652148018644801031 110.687687 9.033765 9 0 0.000000
1652148019799271708 82.458066 12.126770 14 0 0.000000
1652148020807773272 84.037249 11.898841 12 0 0.000000
1652148021811952133 71.722922 13.941739 14 0 0.000000
1652148022817163898 125.644515 7.958522 8 0 0.000000
1652148023680161823 71.912254 13.905016 12 0 0.000000
1652148024765620068 98.673903 10.133969 11 0 0.000000
1652148025770805014 71.794453 13.927785 14 0 0.000000
1652148026778345238 71.961418 13.895227 14 0 0.000000
1652148027782943290 71.752736 13.935922 14 0 0.000000
1652148028789970279 125.871069 7.944176 8 0 0.000000
1652148029795808218 83.815670 11.930351 12 0 0.000000
1652148030798265709 83.531762 11.970582 12 0 0.000000
1652148031801916769 71.684901 13.949071 14 0 0.000000
1652148032810078564 84.009089 11.902851 12 0 0.000000
1652148033823004412 84.405994 11.846869 12 0 0.000000
1652148034834541656 72.248080 13.840321 14 0 0.000000
1652148035772006570 85.219660 11.733773 11 0 0.000000
1652148036782591927 72.180476 13.853357 14 0 0.000000
1652148037647212969 72.046443 13.878913 12 0 0.000000
1652148038817147556 89.990584 11.111732 13 0 0.000000
1652148039827341991 126.269546 7.919268 8 0 0.000000
1652148040834974889 71.969715 13.893949 14 0 0.000000
1652148041773358672 72.179531 13.853607 13 0 0.000000
1652148042785493211 84.340463 11.856131 12 0 0.000000
1652148043795065568 72.108140 13.867258 14 0 0.000000
1652148044805911595 72.199216 13.849785 14 0 0.000000
1652148045809794684 100.383612 9.961319 10 0 0.000000
1652148046825241221 84.615836 11.817461 12 0 0.000000
1652148047833520529 72.015750 13.885041 14 0 0.000000
1652148048840756551 71.941469 13.899424 14 0 0.000000
1652148049701800749 86.100146 11.613806 10 0 0.000000
1652148050783347531 98.315062 10.170619 11 0 0.000000
1652148051791462900 84.005429 11.903400 12 0 0.000000
1652148052655070699 71.961208 13.895196 12 0 0.000000
1652148053851447983 99.693491 10.030281 12 0 0.000000
1652148054788464226 72.074029 13.873825 13 0 0.000000
1652148055796623452 72.007183 13.886695 14 0 0.000000
1652148056518345940 72.168335 13.855741 10 0 0.000000
1652148057743561496 94.243153 10.610378 13 0 0.000000
1652148058821877976 82.942842 12.055830 13 0 0.000000
1652148059830969250 126.131792 7.927925 8 0 0.000000
1652148060836872432 111.762593 8.947183 9 0 0.000000
1652148061839168496 100.225392 9.977092 10 0 0.000000
1652148062853525271 84.525586 11.830157 12 0 0.000000
1652148063788405810 71.909803 13.905520 13 0 0.000000
1652148064796756496 84.024962 11.900622 12 0 0.000000
1652148065809558043 72.338834 13.823044 14 0 0.000000
1652148066814217365 83.717250 11.944347 12 0 0.000000
1652148067861104069 130.856506 7.641706 8 0 0.000000
1652148068802543602 85.581058 11.684234 11 0 0.000000
1652148069743687944 85.554283 11.687899 11 0 0.000000
1652148070827124508 83.336941 11.998856 13 0 0.000000
1652148071837623749 72.174536 13.854538 14 0 0.000000
1652148072845665683 71.995994 13.888311 14 0 0.000000
1652148073858172573 72.317969 13.827066 14 0 0.000000
1652148074797739116 72.270198 13.836167 13 0 0.000000
1652148075444966605 71.910088 13.905466 9 0 0.000000
1652148076817809466 105.599103 9.469401 13 0 0.000000
1652148077828727826 72.203949 13.848794 14 0 0.000000
1652148078838769213 72.141735 13.860818 14 0 0.000000
1652148079848967785 72.152579 13.858661 14 0 0.000000
1652148080861912226 72.349082 13.821094 14 0 0.000000
1652148081800975399 72.230903 13.843584 13 0 0.000000
1652148082807416202 83.865733 11.923205 12 0 0.000000
1652148083750487135 85.729664 11.664022 11 0 0.000000
1652148084826654717 97.829073 10.221456 11 0 0.000000
1652148085835730853 84.085424 11.892066 12 0 0.000000
1652148086845896960 101.012403 9.899362 10 0 0.000000
1652148087714468572 72.375706 13.815786 12 0 0.000000
1652148088868243705 82.408172 12.134080 14 0 0.000000
1652148089665917719 72.511590 13.790094 11 0 0.000000
1652148090819204222 82.373028 12.139221 14 0 0.000000
1652148091831245942 72.284272 13.833422 14 0 0.000000
1652148092772758847 72.419814 13.807564 13 0 0.000000
1652148093706442674 103.738191 9.639237 9 0 0.000000
1652148094716068198 168.266185 5.942798 6 0 0.000000
1652148095868195322 96.006186 10.415517 12 0 0.000000
1652148096878353290 101.011085 9.899442 10 0 0.000000
1652148097745687717 72.273630 13.835494 12 0 0.000000
1652148098832803643 83.619643 11.958246 13 0 0.000000
1652148099843841502 72.212618 13.847157 14 0 0.000000
1652148100859423277 72.537206 13.785202 14 0 0.000000
1652148101800809731 85.576320 11.684893 11 0 0.000000
1652148102874189284 97.575460 10.248006 11 0 0.000000
1652148103884834050 72.184533 13.852543 14 0 0.000000
1652148104823800625 104.325408 9.585006 9 0 0.000000
1652148105844486923 85.049573 11.756795 12 0 0.000000
1652148106856239663 101.170650 9.883838 10 0 0.000000
1652148107796447964 85.469295 11.699535 11 0 0.000000
1652148108882331878 83.525557 11.971814 13 0 0.000000
1652148109822857465 72.344296 13.822059 13 0 0.000000
1652148110836366186 72.389780 13.813399 14 0 0.000000
1652148111705556068 86.914972 11.504966 10 0 0.000000
1652148112868758217 96.926262 10.316349 12 0 0.000000
1652148113883846674 72.501966 13.791902 14 0 0.000000
1652148114825208129 104.591200 9.560621 9 0 0.000000
1652148115860440009 73.937610 13.523540 14 0 0.000000
1652148116875083973 72.470604 13.797943 14 0 0.000000
1652148117885045449 84.159122 11.881641 12 0 0.000000
1652148118829607731 104.946494 9.528223 9 0 0.000000
1652148119845994738 84.694602 11.806526 12 0 0.000000
1652148120862291524 127.032736 7.871716 8 0 0.000000
1652148121877368588 72.501718 13.792056 14 0 0.000000
1652148122890541013 84.427026 11.843986 12 0 0.000000
1652148123832665191 72.467000 13.798606 13 0 0.000000
1652148124842471685 100.976910 9.902887 10 0 0.000000
1652148125859732709 72.657363 13.762446 14 0 0.000000
1652148126871885917 84.342048 11.855913 12 0 0.000000
1652148127738182865 96.251269 10.389046 9 0 0.000000
1652148128901927531 83.120169 12.030131 14 0 0.000000
1652148129840165768 85.289724 11.724101 11 0 0.000000
1652148130853307236 72.360970 13.818406 14 0 0.000000
1652148131871638769 84.854818 11.783981 12 0 0.000000
1652148132884037925 72.310012 13.828538 14 0 0.000000
1652148133898168359 72.433810 13.804931 14 0 0.000000
1652148134836249021 85.275654 11.726070 11 0 0.000000
1652148135703282372 108.374890 9.226865 8 0 0.000000
1652148136860203701 82.632833 12.101082 14 0 0.000000
1652148137874181700 72.423045 13.807006 14 0 0.000000
1652148138888412877 72.441221 13.803559 14 0 0.000000
1652148139903125916 72.475652 13.797004 14 0 0.000000
1652148140844052700 72.374435 13.816166 13 0 0.000000
1652148141859770119 72.547359 13.783361 14 0 0.000000
1652148142874146355 72.451162 13.801585 14 0 0.000000
1652148143889748883 84.629498 11.815646 12 0 0.000000
1652148144905435785 72.545047 13.783775 14 0 0.000000
1652148145847940656 72.496274 13.793032 13 0 0.000000
1652148146717314928 108.666577 9.202021 8 0 0.000000
1652148147883615560 97.187390 10.288942 12 0 0.000000
1652148148900340690 84.721253 11.802600 12 0 0.000000
1652148149912752010 84.363425 11.852890 12 0 0.000000
1652148150856502167 85.791171 11.655627 11 0 0.000000
1652148151873301431 72.624600 13.768696 14 0 0.000000
1652148152672529833 72.650956 13.763275 11 0 0.000000
1652148153904407343 111.984441 8.929459 11 0 0.000000
1652148154920447697 72.570497 13.778980 14 0 0.000000
1652148155858994183 78.208150 12.785728 12 0 0.000000
1652148156870257367 84.265174 11.866347 12 0 0.000000
1652148157882617637 84.357056 11.853488 12 0 0.000000
1652148158903422488 85.062886 11.755430 12 0 0.000000
1652148159916902869 72.387398 13.813785 14 0 0.000000
1652148160861154915 85.834423 11.649432 11 0 0.000000
1652148161872363948 84.263353 11.866982 12 0 0.000000
1652148162885427226 84.417741 11.845262 12 0 0.000000
1652148163823787992 85.301528 11.722570 11 0 0.000000
1652148164901782742 97.995257 10.204131 11 0 0.000000
1652148165922763781 85.077546 11.753401 12 0 0.000000
1652148166789070061 86.626659 11.543262 10 0 0.000000
1652148167876493098 90.613327 11.035264 12 0 0.000000
1652148168895081434 72.751937 13.744512 14 0 0.000000
1652148169915253824 85.007436 11.762718 12 0 0.000000
1652148170932069751 101.677274 9.834622 10 0 0.000000
1652148171731702234 72.688379 13.756319 11 0 0.000000
1652148172897646292 97.157568 10.292089 12 0 0.000000
1652148173918619887 85.076910 11.753487 12 0 0.000000
1652148174927673557 84.083738 11.892331 12 0 0.000000
1652148175865739038 85.274686 11.726260 11 0 0.000000
1652148176883293741 72.678610 13.758474 14 0 0.000000
1652148177900351960 101.701338 9.832279 10 0 0.000000
1652148178923977818 102.358573 9.769194 10 0 0.000000
1652148179933681375 100.965950 9.903897 10 0 0.000000
1652148180732181654 72.586668 13.775825 11 0 0.000000
1652148181890539743 82.735507 12.086073 14 0 0.000000
1652148182901484708 101.090538 9.891735 10 0 0.000000
1652148183908279063 100.675197 9.932515 10 0 0.000000
