1651814569385220118 8.986234 70.624274 69 0 0.000000
1651814570388221776 7.332851 71.784527 72 0 0.000000
1651814571367810216 5.187467 75.541929 74 0 0.000000
1651814572408072257 4.286462 62.484234 65 0 0.000000
1651814573407948526 5.354115 82.010167 82 0 0.000000
1651814574395324780 4.228191 63.805473 63 0 0.000000
1651814575413449900 4.113798 55.985249 57 0 0.000000
1651814576405695871 5.457500 68.531409 68 0 0.000000
1651814577394024408 4.930582 73.862067 73 0 0.000000
1651814578399136220 4.656168 72.628746 73 0 0.000000
1651814579401493875 3.697578 71.830649 72 0 0.000000
1651814580417108013 3.738235 63.016059 64 0 0.000000
1651814581406883729 5.012317 71.733412 71 0 0.000000
1651814582403298200 3.538116 83.298669 83 0 0.000000
1651814583414993866 6.383469 67.213899 68 0 0.000000
1651814584410802123 6.641611 63.265192 63 0 0.000000
1651814585416355692 7.365125 67.624442 68 0 0.000000
1651814586419159693 5.529827 70.801470 71 0 0.000000
1651814587421512238 13.602901 67.840396 68 0 0.000000
1651814588413799146 3.709533 77.598535 77 0 0.000000
1651814589423179847 3.425278 72.321573 73 0 0.000000
1651814590422206587 3.781432 61.059427 61 0 0.000000
1651814591419334718 3.550604 81.233291 81 0 0.000000
1651814592362403628 3.782830 72.105010 68 0 0.000000
1651814593427418694 3.515447 78.872132 84 0 0.000000
1651814594416633104 4.809047 64.697795 64 0 0.000000
1651814595409660011 3.438422 77.540699 77 0 0.000000
1651814596381796583 3.329536 73.035006 71 0 0.000000
1651814597427692031 6.862194 64.059940 67 0 0.000000
1651814598385323687 6.106745 83.539439 80 0 0.000000
1651814599426686318 7.970756 53.775695 56 0 0.000000
1651814600423982148 3.334875 76.206074 76 0 0.000000
1651814601430042938 3.627642 68.584325 69 0 0.000000
1651814602425673741 3.533970 77.337904 77 0 0.000000
1651814603410820974 4.467626 65.979977 65 0 0.000000
1651814604406526287 3.701419 73.314874 73 0 0.000000
1651814605433697490 3.683735 59.386410 61 0 0.000000
1651814606422761005 4.965887 83.917750 83 0 0.000000
1651814607416795349 5.554326 60.360080 60 0 0.000000
1651814608426505120 3.647591 57.442249 58 0 0.000000
1651814609414752919 20.163877 62.737301 62 0 0.000000
1651814610420579176 3.726555 73.571364 74 0 0.000000
1651814611425712518 3.969361 72.627180 73 0 0.000000
1651814612400548661 4.522186 76.935983 75 0 0.000000
1651814613427185254 3.385305 76.950318 79 0 0.000000
1651814614439814804 3.600110 79.002248 80 0 0.000000
1651814615398791337 3.433570 89.678929 86 0 0.000000
1651814616440587296 3.559241 69.111430 72 0 0.000000
1651814617439200398 3.394522 69.095830 69 0 0.000000
1651814618436035886 3.821650 64.203170 64 0 0.000000
1651814619435666650 3.476419 80.029551 80 0 0.000000
1651814620434616131 3.578529 59.062037 59 0 0.000000
1651814621438932783 3.565566 61.733519 62 0 0.000000
1651814622424830426 3.516217 79.115718 78 0 0.000000
1651814623442079566 3.965980 76.677390 78 0 0.000000
1651814624410996641 4.724500 76.373925 74 0 0.000000
1651814625445536353 4.147433 87.961814 91 0 0.000000
1651814626431025801 12.428812 63.927634 63 0 0.000000
1651814627443703151 4.924896 67.148723 68 0 0.000000
1651814628438387786 3.324164 100.534390 100 0 0.000000
1651814629421762734 3.387122 81.352479 80 0 0.000000
1651814630440243117 4.977406 69.711700 71 0 0.000000
1651814631449560123 3.508757 72.326142 73 0 0.000000
1651814632450730702 3.487647 86.898273 87 0 0.000000
1651814633441062236 4.025586 76.741987 76 0 0.000000
1651814634447300266 3.380349 71.553645 72 0 0.000000
1651814635441514709 3.571696 62.360786 62 0 0.000000
1651814636434071875 5.184010 68.509915 68 0 0.000000
1651814637452376320 4.109373 79.543982 81 0 0.000000
1651814638431020891 6.718376 70.505688 69 0 0.000000
1651814639422939715 9.959793 55.448078 55 0 0.000000
1651814640443519739 34.643000 63.689281 65 0 0.000000
1651814641453627097 3.372728 66.329575 67 0 0.000000
1651814642436377876 4.131762 82.421711 81 0 0.000000
1651814643444035437 3.436493 81.376851 82 0 0.000000
1651814644433807339 4.752084 70.723375 70 0 0.000000
1651814645437870626 3.602814 78.680299 79 0 0.000000
1651814646449717601 3.575419 76.098463 77 0 0.000000
1651814647460795333 3.747203 79.123483 80 0 0.000000
1651814648450711381 3.650080 63.641768 63 0 0.000000
1651814649432898161 3.667582 66.178850 65 0 0.000000
1651814650440116879 3.806303 66.519821 67 0 0.000000
1651814651447087586 3.821475 68.522351 69 0 0.000000
1651814652419391798 3.475838 78.164837 76 0 0.000000
1651814653426055019 3.668467 67.549889 68 0 0.000000
1651814654454633568 3.578064 76.805025 79 0 0.000000
1651814655434842231 5.377197 94.877758 93 0 0.000000
1651814656460764718 3.638627 71.155474 73 0 0.000000
1651814657457612296 3.794446 74.234025 74 0 0.000000
1651814658467015408 3.640016 85.198867 86 0 0.000000
1651814659466319154 5.227113 61.042491 61 0 0.000000
1651814660469823293 4.772859 64.773036 65 0 0.000000
1651814661468761869 5.074298 65.069067 65 0 0.000000
1651814662462255397 3.819297 72.471525 72 0 0.000000
1651814663471106964 6.469344 68.394609 69 0 0.000000
1651814664448165438 5.419700 64.479250 63 0 0.000000
1651814665451959675 3.459887 79.697610 80 0 0.000000
1651814666457204412 3.460721 75.603469 76 0 0.000000
1651814667437627282 3.704084 68.337849 67 0 0.000000
1651814668462902035 3.648349 60.471604 62 0 0.000000
1651814669474401023 3.605819 62.283807 63 0 0.000000
1651814670465634779 3.754074 66.583682 66 0 0.000000
1651814671472967743 3.747310 70.483157 71 0 0.000000
1651814672477319078 4.215320 88.614407 89 0 0.000000
1651814673474540293 3.853987 77.214553 77 0 0.000000
1651814674467858328 3.699081 75.504530 75 0 0.000000
1651814675477955202 3.652086 74.250294 75 0 0.000000
1651814676472050593 4.573824 78.463305 78 0 0.000000
1651814677477568332 5.741612 76.577466 77 0 0.000000
1651814678479459112 3.880949 71.864099 72 0 0.000000
1651814679477526860 4.044346 75.145222 75 0 0.000000
1651814680459058897 5.197574 75.392322 74 0 0.000000
1651814681479635372 3.865635 80.346769 82 0 0.000000
1651814682475357689 4.329016 79.339378 79 0 0.000000
1651814683480351161 4.159491 73.632329 74 0 0.000000
1651814684487225740 5.772528 79.453789 80 0 0.000000
1651814685474653064 4.123364 70.891293 70 0 0.000000
1651814686471346221 7.369530 68.225612 68 0 0.000000
1651814687473679907 3.887935 57.864953 58 0 0.000000
1651814688456804580 5.375433 76.287374 75 0 0.000000
1651814689488758971 6.037338 68.801500 71 0 0.000000
1651814690477392614 4.862004 72.827760 72 0 0.000000
1651814691474608858 5.465415 66.184264 66 0 0.000000
1651814692494851197 3.987283 72.531787 74 0 0.000000
1651814693476576905 4.020845 97.786988 96 0 0.000000
1651814694461438325 3.875795 74.122103 73 0 0.000000
1651814695495298923 5.389719 66.740140 69 0 0.000000
1651814696487751759 3.855068 77.585550 77 0 0.000000
1651814697489400842 5.334698 74.876523 75 0 0.000000
1651814698492432886 3.949303 70.785375 71 0 0.000000
1651814699497926922 5.946364 75.584735 76 0 0.000000
1651814700438369654 5.473827 70.179702 66 0 0.000000
1651814701497072964 5.390470 68.007722 72 0 0.000000
1651814702493455725 4.011688 88.319474 88 0 0.000000
1651814703498098313 4.150468 69.676529 70 0 0.000000
1651814704493997450 9.488372 69.284116 69 0 0.000000
1651814705502055483 5.060596 67.456432 68 0 0.000000
1651814706496064643 4.287902 72.433926 72 0 0.000000
1651814707496181447 4.166002 62.992663 63 0 0.000000
1651814708479612849 4.770306 68.128799 67 0 0.000000
1651814709506868809 5.497864 77.877367 80 0 0.000000
1651814710494866981 4.003249 77.935378 77 0 0.000000
1651814711497897671 4.019263 75.770363 76 0 0.000000
1651814712500390656 3.939968 67.830889 68 0 0.000000
1651814713505757094 3.868903 65.647715 66 0 0.000000
1651814714478743917 3.937938 65.776839 64 0 0.000000
1651814715496136377 7.371641 63.888811 65 0 0.000000
1651814716504832808 4.062357 73.362022 74 0 0.000000
1651814717507024206 4.031046 72.840368 73 0 0.000000
1651814718514353605 3.860316 82.396098 83 0 0.000000
1651814719510242933 3.981739 71.293052 71 0 0.000000
1651814720507940782 8.090556 71.163831 71 0 0.000000
1651814721508532810 4.041531 72.956817 73 0 0.000000
