1651814569500039635 8.658388 81.821697 81 0 0.000000
1651814570482266817 5.829165 63.121853 62 0 0.000000
1651814571505151965 4.335751 69.411508 71 0 0.000000
1651814572509376882 4.350140 83.646600 84 0 0.000000
1651814573510832901 7.619428 76.888049 77 0 0.000000
1651814574512722170 5.082553 57.890623 58 0 0.000000
1651814575488579656 3.601176 81.979192 80 0 0.000000
1651814576498074000 4.637804 74.294624 75 0 0.000000
1651814577507400418 5.855233 75.297740 76 0 0.000000
1651814578507590771 3.724234 59.988573 60 0 0.000000
1651814579505733361 3.397023 86.160046 86 0 0.000000
1651814580514687669 3.856691 65.414250 66 0 0.000000
1651814581507881721 5.180954 63.431715 63 0 0.000000
1651814582501784843 3.567310 82.503011 82 0 0.000000
1651814583513799726 7.026497 64.228311 65 0 0.000000
1651814584477316761 4.055093 79.915559 77 0 0.000000
1651814585512504178 3.476928 56.994503 59 0 0.000000
1651814586516559833 9.958555 52.785925 53 0 0.000000
1651814587500330766 4.416388 35.577383 35 0 0.000000
1651814588516497437 3.258782 37.395440 38 0 0.000000
1651814589511462388 3.181249 27.136638 27 0 0.000000
1651814590512245530 150.018730 59.953040 60 0 0.000000
1651814591504052019 3.820634 70.578293 70 0 0.000000
1651814592488996324 3.616389 88.329859 87 0 0.000000
1651814593514885484 5.211311 53.612037 55 0 0.000000
1651814594491619860 6.566835 62.452999 61 0 0.000000
1651814595523415006 3.495185 63.966194 66 0 0.000000
1651814596517857708 3.329643 73.407940 73 0 0.000000
1651814597517271049 4.606973 75.044025 75 0 0.000000
1651814598513550503 7.916886 64.239004 64 0 0.000000
1651814599534107401 4.920002 69.569870 71 0 0.000000
1651814600534681414 3.366121 67.960989 68 0 0.000000
1651814601517833156 3.291467 78.319547 77 0 0.000000
1651814602511726081 3.241745 82.503849 82 0 0.000000
1651814603512458264 3.624306 68.949516 69 0 0.000000
1651814604534761386 4.282739 67.494666 69 0 0.000000
1651814605513750239 4.379810 63.330649 62 0 0.000000
1651814606538988917 3.236949 71.202932 73 0 0.000000
1651814607535120753 5.630993 72.279591 72 0 0.000000
1651814608532655917 3.464828 84.207556 84 0 0.000000
1651814609542836376 7.029648 66.324782 67 0 0.000000
1651814610540003064 3.488792 78.221628 78 0 0.000000
1651814611521580607 3.410389 70.294997 69 0 0.000000
1651814612533477305 3.990864 64.235815 65 0 0.000000
1651814613531851748 3.647229 75.122115 75 0 0.000000
1651814614540148072 4.838791 66.448719 67 0 0.000000
1651814615549015341 3.324590 75.332012 76 0 0.000000
1651814616544726690 3.451159 60.258425 60 0 0.000000
1651814617531177173 3.626789 88.195001 87 0 0.000000
1651814618540836599 3.525925 64.378135 65 0 0.000000
1651814619551137061 3.600583 64.337307 65 0 0.000000
1651814620550579509 3.373672 57.031788 57 0 0.000000
1651814621551872828 7.603868 69.909595 70 0 0.000000
1651814622548733882 3.497986 71.223530 71 0 0.000000
1651814623527215999 4.397913 55.187548 54 0 0.000000
1651814624552551632 3.665481 90.702006 93 0 0.000000
1651814625536124167 4.915975 67.102314 66 0 0.000000
1651814626550749962 8.554507 71.947716 73 0 0.000000
1651814627556447980 3.395736 79.546733 80 0 0.000000
1651814628556499570 3.407455 89.995367 90 0 0.000000
1651814629552083325 4.379420 79.350421 79 0 0.000000
1651814630531153433 4.728284 64.346780 63 0 0.000000
1651814631525003661 3.786053 70.433137 70 0 0.000000
1651814632560174636 3.702926 84.044099 87 0 0.000000
1651814633556411721 3.442428 78.294604 78 0 0.000000
1651814634556423220 3.369741 67.999213 68 0 0.000000
1651814635560010032 3.539715 62.774840 63 0 0.000000
1651814636544709962 3.551533 75.149805 74 0 0.000000
1651814637536745462 3.743467 86.690454 86 0 0.000000
1651814638561893400 10.878879 74.135642 76 0 0.000000
1651814639413822957 25.769987 52.821264 45 0 0.000000
1651814640562339745 37.406778 57.465417 66 0 0.000000
1651814641544501060 3.577971 84.507504 83 0 0.000000
1651814642552986418 3.477600 88.251157 89 0 0.000000
1651814643567309043 4.261002 85.771527 87 0 0.000000
1651814644566024406 3.527790 74.095197 74 0 0.000000
1651814645561448123 3.601960 62.285024 62 0 0.000000
1651814646558342085 5.041198 82.255489 82 0 0.000000
1651814647566464091 3.785618 68.444097 69 0 0.000000
1651814648572250714 3.505523 81.528227 82 0 0.000000
1651814649573800245 3.574988 73.885514 74 0 0.000000
1651814650559208581 3.555417 73.066157 72 0 0.000000
1651814651576303708 4.579744 83.571346 85 0 0.000000
1651814652575265487 4.261010 71.073790 71 0 0.000000
1651814653576978306 3.536922 80.861523 81 0 0.000000
1651814654573469882 6.396730 74.260514 74 0 0.000000
1651814655576422355 3.535475 85.746824 86 0 0.000000
1651814656556082892 3.862541 62.266467 61 0 0.000000
1651814657573868782 3.647692 81.549561 83 0 0.000000
1651814658578217136 3.612350 73.679632 74 0 0.000000
1651814659580524941 10.376553 71.834221 72 0 0.000000
1651814660577821572 4.566968 65.176195 65 0 0.000000
1651814661574804919 3.760645 86.260206 86 0 0.000000
1651814662573092821 5.410382 80.137213 80 0 0.000000
1651814663566185174 5.255561 81.563410 81 0 0.000000
1651814664583328150 3.918626 71.769655 73 0 0.000000
1651814665566680824 3.823200 68.134255 67 0 0.000000
1651814666576568405 4.369835 66.344018 67 0 0.000000
1651814667584159741 3.466466 76.419868 77 0 0.000000
1651814668588648086 3.380756 73.669349 74 0 0.000000
1651814669588858672 3.817741 69.985249 70 0 0.000000
1651814670581863019 6.322457 65.457934 65 0 0.000000
1651814671550752424 3.714243 57.798105 56 0 0.000000
1651814672583012352 3.780032 75.562399 78 0 0.000000
1651814673584641438 3.640702 64.894281 65 0 0.000000
1651814674585005594 3.684571 70.974154 71 0 0.000000
1651814675590107016 3.755683 65.665015 66 0 0.000000
1651814676574351298 3.994837 61.976476 61 0 0.000000
1651814677566365853 7.020278 56.450793 56 0 0.000000
1651814678596505364 4.296747 63.098232 65 0 0.000000
1651814679590048239 4.019630 65.422460 65 0 0.000000
1651814680596835156 4.097692 80.453965 81 0 0.000000
1651814681583801316 5.330682 72.950820 72 0 0.000000
1651814682591203267 4.057780 61.544452 62 0 0.000000
1651814683595569574 5.300869 75.669598 76 0 0.000000
1651814684599705010 4.287841 78.674652 79 0 0.000000
1651814685598280207 3.993717 63.089898 63 0 0.000000
1651814686593283527 6.688196 66.331438 66 0 0.000000
1651814687583848599 3.922537 73.695307 73 0 0.000000
1651814688596556548 3.840422 81.958478 83 0 0.000000
1651814689605036188 4.807169 70.403008 71 0 0.000000
1651814690585557137 3.949087 82.609148 81 0 0.000000
1651814691603853734 5.900739 76.598506 78 0 0.000000
1651814692597891054 3.942842 69.413893 69 0 0.000000
1651814693605116290 4.445923 71.483507 72 0 0.000000
1651814694597679525 4.016029 81.606901 81 0 0.000000
1651814695613825605 4.628820 69.871835 71 0 0.000000
1651814696610824138 4.276588 65.195691 65 0 0.000000
1651814697615315486 4.850153 77.651241 78 0 0.000000
1651814698588120789 4.028752 77.096608 75 0 0.000000
1651814699608723593 5.582680 56.829168 58 0 0.000000
1651814700618682866 3.798179 84.161810 85 0 0.000000
1651814701553100767 4.777216 73.842763 69 0 0.000000
1651814702622229743 5.801356 60.797148 65 0 0.000000
1651814703614151176 4.184667 63.513095 63 0 0.000000
1651814704617457456 11.199257 69.769332 70 0 0.000000
1651814705615491550 4.138036 70.137863 70 0 0.000000
1651814706623998674 4.155672 74.367360 75 0 0.000000
1651814707607211310 4.062434 58.990298 58 0 0.000000
1651814708622842569 5.173471 80.737966 82 0 0.000000
1651814709607189695 4.143293 66.033615 65 0 0.000000
1651814710618626069 4.451867 57.344184 58 0 0.000000
1651814711628376921 4.202029 74.275758 75 0 0.000000
1651814712621052471 4.044999 78.575510 78 0 0.000000
1651814713625977356 3.963252 66.671660 67 0 0.000000
1651814714605704662 4.199461 76.551914 75 0 0.000000
1651814715629218838 4.294995 79.139109 81 0 0.000000
1651814716628377554 4.446386 73.061464 73 0 0.000000
1651814717605466408 4.430001 70.617933 69 0 0.000000
1651814718620098401 4.536559 52.235692 53 0 0.000000
1651814719581408591 5.160615 58.253829 56 0 0.000000
1651814720619810159 4.335934 80.893550 84 0 0.000000
1651814721635564956 5.123107 67.929789 69 0 0.000000
1651814722626364299 5.422983 77.715020 77 0 0.000000
