1653950575291884516 222.072604 0.000000
1653950575406004440 114.103196 0.000000
1653950575504818160 98.798918 0.000000
1653950575601650545 96.828787 0.000000
1653950575699033997 97.379333 0.000000
1653950575796283748 97.245906 0.000000
1653950575895274281 98.986957 0.000000
1653950575990262871 94.985146 0.000000
1653950576086370164 96.102481 0.000000
1653950576572641900 486.267599 0.000000
1653950576668493313 95.846054 0.000000
1653950576764825360 96.327019 0.000000
1653950576861654389 96.824735 0.000000
1653950576956307342 94.635037 0.000000
1653950577051054044 94.741394 0.000000
1653950577143972605 92.913608 0.000000
1653950577237854733 93.878097 0.000000
1653950577332428117 94.568507 0.000000
1653950577426785256 94.351604 0.000000
1653950577521087228 94.296195 0.000000
1653950577613974628 92.883375 0.000000
1653950577707126453 93.146888 0.000000
1653950577801489165 94.356994 0.000000
1653950577896620932 95.127107 0.000000
1653950578559641577 663.016022 0.000000
1653950578652961991 93.314324 0.000000
1653950578747384504 94.417521 0.000000
1653950578843105501 95.715975 0.000000
1653950578936522912 93.412166 0.000000
1653950579030611145 94.085103 0.000000
1653950579124056285 93.440975 0.000000
1653950579221262704 97.200079 0.000000
1653950579313492564 92.224507 0.000000
1653950579576471391 262.973680 0.000000
1653950579669187180 92.705851 0.000000
1653950579761813952 92.621193 0.000000
1653950579854112141 92.293370 0.000000
1653950579952775295 98.657857 0.000000
1653950580045918290 93.137061 0.000000
1653950580138683295 92.760511 0.000000
1653950580231562609 92.874908 0.000000
1653950580323731388 92.163497 0.000000
1653950580417002358 93.266672 0.000000
1653950580510121793 93.114059 0.000000
1653950580603204195 93.078068 0.000000
1653950580696307351 93.097463 0.000000
1653950580790198870 93.886103 0.000000
1653950580883492155 93.288325 0.000000
1653950580976693991 93.196037 0.000000
1653950581069877730 93.178166 0.000000
1653950581545178155 475.295623 0.000000
1653950581835352255 290.168726 0.000000
1653950581928228083 92.872494 0.000000
1653950582377124559 448.891168 0.000000
1653950582470793978 93.663236 0.000000
1653950582563359644 92.560985 0.000000
1653950582655872170 92.508718 0.000000
1653950582748614331 92.736502 0.000000
1653950582841002779 92.383637 0.000000
1653950583107295832 266.287991 0.000000
1653950583199159990 91.859031 0.000000
1653950583292901431 93.736389 0.000000
1653950583386224664 93.318226 0.000000
1653950583478158824 91.929630 0.000000
1653950583570416809 92.253228 0.000000
1653950583662587738 92.165966 0.000000
1653950583754627467 92.034438 0.000000
1653950583846502781 91.869906 0.000000
1653950583938752516 92.244317 0.000000
1653950584031632648 92.875040 0.000000
1653950584298306256 266.668576 0.000000
1653950584391371132 93.059745 0.000000
1653950584483587630 92.211496 0.000000
1653950584947291576 463.698925 0.000000
1653950585040514593 93.218977 0.000000
1653950585311955866 271.436071 0.000000
1653950585404872463 92.911384 0.000000
1653950585496841124 91.963453 0.000000
1653950585776460036 279.614864 0.000000
1653950585868173334 91.708389 0.000000
1653950585959657831 91.480398 0.000000
1653950586051319688 91.657557 0.000000
1653950586143928779 92.603413 0.000000
1653950586235519515 91.584857 0.000000
1653950586327577328 92.052526 0.000000
1653950586419589350 92.007295 0.000000
1653950586511130741 91.536630 0.000000
1653950586986826614 475.691766 0.000000
1653950587079555660 92.723833 0.000000
1653950587172002147 92.441401 0.000000
1653950587265317596 93.309624 0.000000
1653950587357717553 92.394440 0.000000
1653950587449624503 91.902285 0.000000
1653950587540833210 91.203930 0.000000
1653950587632888763 92.050521 0.000000
1653950587725062255 92.168582 0.000000
1653950587987960117 262.892108 0.000000
1653950588080456675 92.491236 0.000000
1653950588172297925 91.837325 0.000000
1653950588264292570 91.989719 0.000000
1653950588356105544 91.808904 0.000000
1653950588448273548 92.163635 0.000000
1653950588540043857 91.766099 0.000000
1653950588631829261 91.780964 0.000000
1653950588725538261 93.704369 0.000000
1653950588817198781 91.655668 0.000000
1653950588909680986 92.477339 0.000000
1653950589001396522 91.710144 0.000000
1653950589092910113 91.508395 0.000000
1653950589184688100 91.773135 0.000000
1653950589276394059 91.701253 0.000000
1653950589368250854 91.852931 0.000000
1653950589459770700 91.515842 0.000000
1653950589551616631 91.841285 0.000000
1653950589644240295 92.619985 0.000000
1653950589736265699 92.021420 0.000000
1653950589828392320 92.121865 0.000000
1653950589920079782 91.683202 0.000000
1653950590011657206 91.572648 0.000000
1653950590104274311 92.612985 0.000000
1653950590196434163 92.155047 0.000000
1653950590288605779 92.166835 0.000000
1653950590380787775 92.177241 0.000000
1653950590472536990 91.743987 0.000000
1653950590564807468 92.266133 0.000000
1653950590656392701 91.580201 0.000000
1653950590748692943 92.295521 0.000000
1653950590840674052 91.975561 0.000000
1653950590932831006 92.151256 0.000000
1653950591024080978 91.245302 0.000000
1653950591116608564 92.523626 0.000000
1653950591208572714 91.959675 0.000000
1653950591301029104 92.450957 0.000000
1653950591392433702 91.399355 0.000000
1653950591484332350 91.893847 0.000000
1653950591576425700 92.088414 0.000000
1653950591668723121 92.292951 0.000000
1653950591760229896 91.502196 0.000000
1653950591852137454 91.903127 0.000000
1653950591943796794 91.654073 0.000000
1653950592035581376 91.780106 0.000000
1653950592132301393 96.715687 0.000000
1653950592223667566 91.361612 0.000000
1653950592315624484 91.952106 0.000000
1653950592407770937 92.141788 0.000000
1653950592499766897 91.991910 0.000000
1653950592591718808 91.947476 0.000000
1653950592683769228 92.046376 0.000000
1653950592775615275 91.841332 0.000000
1653950592868268291 92.647830 0.000000
1653950593320373069 452.101014 0.000000
1653950593412484987 92.106515 0.000000
1653950593504108324 91.618345 0.000000
1653950593596949694 92.836288 0.000000
1653950593688303624 91.348692 0.000000
1653950593779457699 91.148527 0.000000
1653950593871288288 91.825452 0.000000
1653950593963907917 92.614463 0.000000
1653950594055255955 91.342744 0.000000
1653950594147132794 91.871606 0.000000
1653950594238576388 91.439469 0.000000
1653950594330389717 91.808513 0.000000
1653950594422199401 91.805058 0.000000
1653950594514327046 92.122368 0.000000
1653950594606093722 91.761243 0.000000
1653950594697635403 91.536469 0.000000
1653950594789637781 91.997575 0.000000
1653950594883298514 93.657139 0.000000
1653950595143567280 260.263750 0.000000
1653950595234723314 91.150673 0.000000
1653950595326458376 91.730308 0.000000
1653950595418155088 91.691955 0.000000
1653950595509808043 91.647721 0.000000
1653950595600936272 91.123083 0.000000
1653950595692312413 91.371666 0.000000
1653950595786097500 93.780395 0.000000
1653950595877095266 90.993075 0.000000
1653950595968726586 91.626464 0.000000
1653950596061141790 92.410358 0.000000
1653950596152964570 91.818451 0.000000
1653950596244790990 91.821068 0.000000
1653950596335544379 90.749644 0.000000
1653950596427263631 91.714704 0.000000
1653950596519298624 92.029896 0.000000
1653950596610510658 91.206923 0.000000
1653950596702520357 92.005339 0.000000
1653950596793286911 90.762407 0.000000
1653950596884671121 91.380221 0.000000
1653950596978767177 94.091380 0.000000
1653950597070175660 91.403582 0.000000
1653950597160972855 90.793679 0.000000
1653950597257831917 96.855199 0.000000
1653950597349685182 91.848059 0.000000
1653950597628225768 278.537894 0.000000
1653950597720494396 92.263576 0.000000
1653950597811711011 91.211586 0.000000
1653950597903566643 91.852260 0.000000
1653950597995170874 91.598093 0.000000
1653950598086748749 91.572282 0.000000
1653950598553813570 467.060024 0.000000
1653950598644994429 91.177264 0.000000
1653950598736729977 91.730415 0.000000
1653950598827782429 91.047430 0.000000
1653950599110360886 282.572984 0.000000
1653950599201413263 91.047371 0.000000
1653950599292827938 91.411032 0.000000
1653950599383992412 91.159708 0.000000
1653950599476351239 92.354276 0.000000
1653950599567629196 91.273437 0.000000
1653950599659052021 91.418409 0.000000
1653950599751305398 92.249177 0.000000
1653950599842453984 91.143278 0.000000
1653950599933946932 91.488547 0.000000
1653950600025433003 91.481435 0.000000
1653950600117448497 92.009941 0.000000
1653950600208525768 91.072800 0.000000
1653950600300717481 92.187869 0.000000
1653950600392004971 91.283065 0.000000
1653950600482833326 90.823389 0.000000
1653950600574758887 91.920861 0.000000
1653950600666626024 91.861233 0.000000
1653950600757872142 91.241281 0.000000
1653950600849373289 91.496306 0.000000
1653950600941195201 91.816691 0.000000
1653950601032668178 91.468235 0.000000
1653950601124535917 91.862938 0.000000
1653950601216541633 92.000960 0.000000
1653950601310675586 94.109587 0.000000
1653950601402632814 91.952426 0.000000
1653950601494299075 91.657100 0.000000
1653950601586775792 92.471985 0.000000
1653950601678010413 91.229255 0.000000
1653950601769066990 91.052086 0.000000
1653950601860303221 91.231791 0.000000
1653950601951477200 91.169604 0.000000
1653950602043756623 92.274422 0.000000
1653950602135316541 91.555417 0.000000
1653950602227540775 92.219974 0.000000
1653950602318996902 91.451050 0.000000
1653950602410248728 91.246979 0.000000
1653950602502162059 91.908825 0.000000
1653950602593138419 90.972461 0.000000
1653950603158518304 565.375790 0.000000
1653950603603267159 444.743358 0.000000
1653950603695416620 92.144519 0.000000
1653950603788025389 92.603607 0.000000
1653950603879322851 91.292726 0.000000
1653950603970850585 91.523935 0.000000
1653950604062819925 91.965050 0.000000
1653950604154017695 91.193425 0.000000
1653950604246275789 92.252967 0.000000
1653950604338209176 91.929498 0.000000
1653950604601818127 263.604997 0.000000
1653950604692882653 91.059158 0.000000
1653950604784163301 91.276488 0.000000
1653950604875125062 90.958253 0.000000
1653950604966231921 91.102930 0.000000
1653950605057489023 91.251465 0.000000
1653950605149050506 91.557848 0.000000
1653950605241079821 92.025556 0.000000
1653950605332655646 91.572442 0.000000
1653950605424686715 92.026207 0.000000
1653950605686664883 261.973191 0.000000
1653950605777879242 91.208921 0.000000
1653950605869206313 91.322621 0.000000
1653950605986246545 117.035772 0.000000
1653950606245349962 259.098315 0.000000
1653950606337205963 91.850580 0.000000
1653950606428297571 91.087599 0.000000
1653950606519515704 91.213842 0.000000
1653950606610907581 91.387918 0.000000
1653950606703049548 92.136504 0.000000
1653950606794832475 91.778406 0.000000
1653950606886783088 91.946253 0.000000
1653950606977883657 91.095668 0.000000
1653950607068903753 91.015039 0.000000
1653950607348302934 279.395066 0.000000
1653950607439425870 91.117999 0.000000
1653950607530624312 91.194267 0.000000
1653950607622420594 91.792013 0.000000
1653950607713816601 91.391837 0.000000
1653950607804781624 90.960042 0.000000
1653950607895872977 91.085925 0.000000
1653950607987405767 91.529021 0.000000
1653950608078883077 91.473394 0.000000
1653950608171576748 92.689812 0.000000
1653950608262759238 91.177518 0.000000
1653950608353952312 91.188839 0.000000
1653950608445629854 91.673688 0.000000
1653950608536733374 91.099691 0.000000
1653950608628102458 91.363997 0.000000
1653950608720616676 92.509051 0.000000
1653950608812026604 91.405679 0.000000
1653950608903229627 91.199098 0.000000
1653950608994450881 91.217431 0.000000
1653950609085676065 91.221350 0.000000
1653950609177334663 91.654789 0.000000
1653950609268402922 91.064465 0.000000
1653950609360300590 91.893941 0.000000
1653950609452424235 92.119715 0.000000
1653950609544290224 91.861919 0.000000
1653950609636389798 92.096161 0.000000
1653950609728061801 91.668656 0.000000
1653950609819029807 90.964542 0.000000
1653950609911460030 92.426314 0.000000
1653950610002878589 91.413803 0.000000
1653950610094854209 91.971425 0.000000
1653950610186543863 91.685880 0.000000
1653950610277552132 91.004485 0.000000
1653950610369826136 92.269494 0.000000
1653950610461737692 91.907838 0.000000
1653950610552872194 91.130087 0.000000
1653950610644170468 91.294555 0.000000
1653950610735433991 91.259820 0.000000
1653950610826217488 90.779828 0.000000
1653950610917476270 91.255144 0.000000
1653950611008714172 91.233993 0.000000
1653950611100153103 91.435318 0.000000
1653950611192588047 92.431241 0.000000
1653950611283785777 91.193665 0.000000
1653950611754943159 471.153648 0.000000
1653950611846815579 91.866607 0.000000
1653950611938855423 92.036070 0.000000
1653950612030275856 91.416163 0.000000
1653950612121783561 91.503908 0.000000
1653950612213410389 91.622212 0.000000
1653950612306885875 93.470900 0.000000
1653950612398671583 91.781187 0.000000
1653950612490278254 91.602265 0.000000
1653950612582452286 92.170449 0.000000
1653950612673718535 91.262681 0.000000
1653950612765037917 91.315678 0.000000
1653950612861653976 96.611047 0.000000
1653950612952948641 91.290672 0.000000
1653950613045033635 92.081165 0.000000
1653950613136518193 91.479701 0.000000
1653950613228532938 92.009142 0.000000
1653950613320155381 91.618594 0.000000
1653950613599458196 279.298900 0.000000
1653950613691656995 92.193547 0.000000
1653950613782695775 91.033998 0.000000
1653950613874388222 91.688691 0.000000
1653950613965757324 91.365725 0.000000
1653950614056863004 91.100102 0.000000
1653950614148811241 91.943370 0.000000
1653950614240271937 91.456150 0.000000
1653950614332997932 92.721379 0.000000
1653950614430187555 97.184963 0.000000
1653950614522384339 92.192092 0.000000
1653950614614629952 92.240915 0.000000
1653950614706397458 91.763868 0.000000
1653950614798192192 91.789261 0.000000
1653950614890567622 92.370272 0.000000
1653950614982023217 91.450622 0.000000
1653950615073800900 91.772677 0.000000
1653950615166046434 92.241188 0.000000
1653950615257188062 91.137794 0.000000
1653950615349055580 91.863769 0.000000
1653950615440668797 91.609273 0.000000
1653950615532640520 91.966946 0.000000
1653950615793999115 261.353501 0.000000
1653950615886264835 92.260177 0.000000
1653950615977767353 91.496840 0.000000
1653950616069220256 91.447911 0.000000
1653950616161429159 92.204302 0.000000
1653950616252696766 91.263728 0.000000
1653950616343761816 91.060324 0.000000
1653950616435537812 91.770884 0.000000
1653950616526918091 91.375533 0.000000
1653950616617973839 91.050832 0.000000
1653950616709362083 91.383071 0.000000
1653950616800625369 91.257999 0.000000
1653950616891968431 91.335771 0.000000
1653950616983066580 91.093402 0.000000
1653950617074176149 91.103746 0.000000
1653950617165621870 91.441090 0.000000
1653950617256931935 91.305860 0.000000
1653950617348137152 91.200776 0.000000
1653950617439753877 91.613177 0.000000
1653950617531716466 91.958199 0.000000
1653950617623153501 91.431979 0.000000
1653950617714914632 91.757493 0.000000
1653950617805756579 90.838254 0.000000
1653950617896899586 91.138201 0.000000
1653950617988407015 91.502864 0.000000
1653950618079977627 91.565906 0.000000
1653950618171469195 91.487604 0.000000
1653950618262879364 91.405248 0.000000
1653950618354713640 91.829890 0.000000
1653950618446295863 91.578054 0.000000
1653950618539544886 93.243570 0.000000
1653950618630872617 91.322113 0.000000
1653950618722341277 91.464745 0.000000
1653950618814304368 91.958160 0.000000
1653950618906231569 91.922426 0.000000
1653950618997081409 90.846061 0.000000
1653950619088748625 91.663403 0.000000
1653950619180688241 91.935982 0.000000
1653950619272332233 91.639447 0.000000
1653950619363697883 91.361561 0.000000
1653950619455620489 91.918661 0.000000
1653950619554459314 98.834515 0.000000
1653950619645408410 90.941443 0.000000
1653950619736708563 91.296164 0.000000
1653950620182741055 446.028843 0.000000
1653950620274830349 92.084182 0.000000
1653950620365942148 91.107248 0.000000
1653950620457353043 91.406445 0.000000
1653950620555640455 98.283763 0.000000
1653950620647621572 91.976646 0.000000
1653950620738792594 91.166882 0.000000
1653950620829969720 91.172495 0.000000
1653950620922372423 92.398558 0.000000
1653950621013653134 91.276972 0.000000
1653950621105292777 91.634345 0.000000
1653950621366532482 261.235175 0.000000
1653950621624337338 257.799665 0.000000
1653950621716717369 92.374733 0.000000
1653950621807926675 91.205387 0.000000
1653950621898962848 91.032209 0.000000
1653950621990885684 91.919218 0.000000
1653950622081948474 91.058766 0.000000
1653950622174034004 92.081867 0.000000
1653950622265724580 91.687198 0.000000
1653950622356981342 91.253083 0.000000
1653950622448221829 91.236763 0.000000
1653950622726940288 278.714284 0.000000
1653950622818638507 91.692716 0.000000
1653950622910126025 91.482471 0.000000
1653950623001374573 91.244799 0.000000
1653950623092520330 91.141132 0.000000
1653950623183887934 91.363344 0.000000
1653950623276657681 92.765833 0.000000
1653950623368074520 91.412558 0.000000
1653950623459152610 91.074070 0.000000
1653950623550618358 91.462397 0.000000
1653950623642019295 91.396707 0.000000
1653950623733639427 91.616399 0.000000
1653950623825617632 91.973324 0.000000
1653950623916886089 91.263301 0.000000
1653950624008972948 92.082548 0.000000
1653950624100729131 91.751738 0.000000
1653950624192014749 91.280340 0.000000
1653950624283986329 91.966839 0.000000
1653950624375852904 91.862245 0.000000
1653950624466964242 91.106486 0.000000
1653950624559737416 92.767430 0.000000
1653950624651618937 91.876785 0.000000
1653950624745250529 93.627463 0.000000
1653950624836902149 91.647756 0.000000
1653950624929318498 92.411163 0.000000
1653950625020887246 91.564823 0.000000
1653950625112338404 91.447003 0.000000
1653950625204011108 91.668715 0.000000
1653950625296081583 92.066671 0.000000
1653950625387014455 90.928647 0.000000
1653950625478916428 91.898269 0.000000
1653950625570065764 91.145608 0.000000
1653950625661061166 90.990982 0.000000
1653950625753288732 92.222940 0.000000
1653950625845206024 91.912913 0.000000
1653950625937334309 92.123879 0.000000
1653950626028783944 91.444959 0.000000
1653950626120783939 91.996552 0.000000
1653950626212341781 91.553532 0.000000
1653950626304477667 92.131542 0.000000
1653950626395828498 91.346485 0.000000
1653950626486939063 91.106731 0.000000
1653950626957991630 471.048548 0.000000
1653950627233087393 275.089493 0.000000
1653950627324536351 91.442137 0.000000
1653950627415481848 90.941457 0.000000
1653950627506708704 91.223027 0.000000
1653950627598794560 92.081867 0.000000
1653950627690014499 91.215324 0.000000
1653950627781131364 91.111563 0.000000
1653950627872458535 91.323301 0.000000
1653950627964142414 91.680145 0.000000
1653950628055448205 91.301556 0.000000
1653950628151885129 96.432811 0.000000
1653950628243502816 91.614008 0.000000
1653950628335040841 91.534457 0.000000
1653950628426541865 91.497125 0.000000
1653950628518629565 92.083139 0.000000
1653950628610043962 91.410744 0.000000
1653950628716975118 106.925087 0.000000
1653950628809354746 92.374121 0.000000
1653950628901048414 91.689838 0.000000
1653950628993123214 92.071112 0.000000
1653950629085353705 92.226402 0.000000
1653950629343836414 258.479069 0.000000
1653950629435481087 91.639760 0.000000
1653950629527307789 91.822753 0.000000
1653950629790481473 263.170136 0.000000
1653950629881660627 91.173788 0.000000
1653950629973292604 91.627992 0.000000
1653950630065165501 91.868168 0.000000
1653950630156328699 91.158622 0.000000
1653950630248023960 91.691257 0.000000
1653950630339256360 91.227523 0.000000
1653950630430665274 91.405461 0.000000
1653950630522863190 92.193475 0.000000
1653950630614752864 91.886041 0.000000
1653950630706738661 91.982249 0.000000
1653950630798115305 91.371819 0.000000
1653950630890700903 92.581819 0.000000
1653950630981938750 91.232601 0.000000
1653950631074273925 92.330625 0.000000
1653950631169502899 95.224845 0.000000
1653950631261879446 92.371825 0.000000
1653950631353272804 91.389068 0.000000
1653950631444470201 91.191764 0.000000
1653950631536146609 91.672519 0.000000
1653950631627222694 91.055381 0.000000
1653950631719414055 92.187827 0.000000
1653950631993074887 273.655481 0.000000
1653950632084591918 91.511839 0.000000
1653950632176636828 92.013501 0.000000
1653950632268141395 91.500928 0.000000
1653950632359635032 91.489808 0.000000
1653950632450982067 91.341713 0.000000
1653950632548313183 97.326806 0.000000
1653950632640168942 91.852166 0.000000
1653950632732036389 91.863452 0.000000
1653950632823607467 91.566146 0.000000
1653950632914962556 91.350950 0.000000
1653950633006243894 91.277474 0.000000
1653950633097552149 91.303765 0.000000
1653950633188502887 90.946438 0.000000
1653950633280089155 91.582013 0.000000
1653950633372500417 92.407068 0.000000
1653950633464390711 91.886160 0.000000
1653950633555562484 91.168139 0.000000
1653950633647591050 92.025124 0.000000
1653950633739762003 92.167284 0.000000
1653950633831072188 91.306060 0.000000
1653950633922544164 91.467957 0.000000
1653950634014443746 91.895773 0.000000
1653950634105899234 91.451529 0.000000
1653950634197594174 91.691181 0.000000
1653950634289078744 91.480096 0.000000
1653950634380836586 91.753957 0.000000
1653950634472492280 91.652056 0.000000
1653950634563644336 91.148243 0.000000
1653950634654986551 91.337874 0.000000
1653950634747111186 92.120270 0.000000
1653950634838461639 91.346831 0.000000
1653950635101107594 262.641875 0.000000
1653950635192242446 91.129655 0.000000
1653950635283039251 90.792971 0.000000
1653950635375296986 92.254402 0.000000
1653950635466683360 91.382361 0.000000
1653950635557877181 91.189581 0.000000
1653950635648958478 91.076280 0.000000
1653950635741359692 92.397284 0.000000
1653950635832819455 91.456094 0.000000
1653950635923849017 91.024565 0.000000
1653950636015358640 91.505570 0.000000
1653950636106882994 91.520374 0.000000
1653950636198079739 91.192616 0.000000
1653950636290110179 92.026461 0.000000
1653950636381443262 91.329305 0.000000
1653950636643935700 262.487892 0.000000
1653950636735598120 91.657699 0.000000
1653950636827304425 91.702261 0.000000
1653950636919445047 92.136628 0.000000
1653950637202901939 283.452822 0.000000
1653950637480185806 277.279463 0.000000
1653950637571273553 91.083156 0.000000
1653950637663519430 92.237838 0.000000
1653950637755407459 91.880291 0.000000
1653950637846134497 90.722367 0.000000
1653950637937308740 91.170339 0.000000
1653950638034363482 97.051194 0.000000
1653950638125715244 91.345121 0.000000
1653950638217093997 91.374809 0.000000
1653950638308364560 91.266984 0.000000
1653950638400453762 92.085423 0.000000
1653950638492533798 92.076162 0.000000
1653950638583634395 91.096607 0.000000
1653950638674571792 90.933263 0.000000
1653950638766844702 92.268865 0.000000
1653950638858119368 91.270651 0.000000
1653950638949533861 91.410308 0.000000
1653950639041587215 92.049460 0.000000
1653950639133144654 91.553620 0.000000
1653950639225147887 91.999324 0.000000
1653950639316710358 91.558552 0.000000
1653950639408879271 92.164729 0.000000
1653950639500473902 91.590603 0.000000
1653950639592894340 92.416248 0.000000
1653950639685117740 92.219140 0.000000
1653950639776572350 91.450275 0.000000
1653950639867627302 91.051276 0.000000
1653950639959873183 92.242314 0.000000
1653950640051202401 91.325324 0.000000
1653950640143139409 91.933185 0.000000
1653950640234846201 91.703058 0.000000
1653950640326304165 91.454175 0.000000
1653950640418594379 92.286275 0.000000
1653950640510689951 92.091944 0.000000
1653950640602048663 91.355078 0.000000
1653950640693637822 91.585465 0.000000
1653950640785117245 91.475329 0.000000
1653950640877050565 91.929621 0.000000
1653950640968698124 91.643610 0.000000
1653950641061184446 92.482588 0.000000
1653950641152510476 91.322297 0.000000
1653950641411851665 259.337279 0.000000
1653950641676982921 265.126375 0.000000
1653950641768632457 91.644649 0.000000
1653950641860345678 91.709566 0.000000
1653950641951176883 90.827532 0.000000
1653950642043521103 92.339609 0.000000
1653950642135010630 91.485437 0.000000
1653950642226627202 91.612658 0.000000
1653950642317931973 91.301127 0.000000
1653950642410261034 92.325021 0.000000
1653950642501494284 91.228835 0.000000
1653950642592991393 91.493386 0.000000
1653950642684340844 91.345957 0.000000
1653950642775258539 90.913956 0.000000
1653950642867042426 91.780213 0.000000
1653950642959148477 92.102207 0.000000
1653950643050530895 91.378499 0.000000
1653950643141829322 91.294348 0.000000
1653950643233203554 91.370445 0.000000
1653950643325365451 92.158047 0.000000
1653950643417026522 91.657372 0.000000
1653950643509220256 92.189651 0.000000
1653950643783763059 274.538828 0.000000
1653950643875524934 91.756392 0.000000
1653950643966677672 91.149180 0.000000
1653950644057568981 90.887159 0.000000
1653950644149595211 92.022586 0.000000
1653950644240724675 91.125260 0.000000
1653950644332815090 92.086741 0.000000
1653950644424114839 91.296147 0.000000
1653950644516161151 92.041515 0.000000
1653950644607663859 91.498854 0.000000
1653950644698946218 91.278765 0.000000
1653950644790675953 91.724569 0.000000
1653950645052339395 261.658921 0.000000
1653950645143268056 90.923770 0.000000
1653950645235639295 92.367766 0.000000
1653950645327314002 91.671099 0.000000
1653950645419519454 92.200731 0.000000
1653950645511588559 92.065120 0.000000
1653950645603597043 92.004525 0.000000
1653950645695648282 92.047240 0.000000
1653950645786629992 90.977881 0.000000
1653950645877921909 91.288093 0.000000
1653950645970318921 92.393314 0.000000
1653950646061393526 91.070597 0.000000
1653950646153296264 91.898483 0.000000
1653950646244481086 91.180657 0.000000
1653950646596572118 352.087047 0.000000
1653950646688855346 92.277875 0.000000
1653950646780238721 91.379180 0.000000
1653950646872444203 92.201714 0.000000
1653950646964013410 91.564957 0.000000
1653950647055639714 91.621499 0.000000
1653950647147891530 92.248087 0.000000
1653950647239002445 91.105974 0.000000
1653950647330263930 91.257741 0.000000
1653950647421358342 91.090613 0.000000
1653950647518573066 97.210800 0.000000
1653950647610066531 91.489636 0.000000
1653950647701457959 91.387308 0.000000
1653950647793304047 91.841535 0.000000
1653950647885430533 92.123223 0.000000
1653950647977171825 91.736787 0.000000
1653950648069349453 92.173453 0.000000
1653950648160973733 91.620211 0.000000
1653950648252136819 91.159443 0.000000
1653950648343422521 91.281632 0.000000
1653950648435202092 91.775416 0.000000
1653950648527342558 92.136672 0.000000
1653950648618727260 91.380983 0.000000
1653950648710051397 91.319315 0.000000
1653950648801315047 91.259611 0.000000
1653950648892618701 91.298888 0.000000
1653950648983923728 91.301173 0.000000
1653950649075829392 91.901705 0.000000
1653950649167408246 91.573261 0.000000
1653950649258851625 91.438928 0.000000
1653950649352036476 93.180350 0.000000
1653950649443552845 91.512690 0.000000
1653950649535191829 91.634373 0.000000
1653950649626471190 91.274335 0.000000
1653950649717651341 91.176447 0.000000
1653950649809681365 92.026310 0.000000
1653950649901464359 91.778101 0.000000
1653950649992470130 91.002331 0.000000
1653950650084615272 92.141717 0.000000
1653950650176247795 91.628685 0.000000
1653950650267625406 91.373992 0.000000
1653950650359134864 91.505749 0.000000
1653950650450538655 91.400052 0.000000
1653950650541621705 91.079016 0.000000
1653950650633772054 92.146490 0.000000
1653950650725215217 91.438888 0.000000
1653950650817128148 91.909113 0.000000
1653950650909250477 92.118279 0.000000
1653950651001229407 91.974524 0.000000
1653950651093168494 91.934862 0.000000
1653950651185246599 92.074398 0.000000
1653950651278648215 93.397300 0.000000
1653950651370965282 92.312461 0.000000
1653950651462330834 91.360701 0.000000
1653950651554003586 91.668748 0.000000
1653950651645393756 91.386451 0.000000
1653950651736462009 91.064018 0.000000
1653950651828313951 91.847377 0.000000
1653950651920412509 92.094554 0.000000
1653950652011698617 91.282219 0.000000
1653950652103046624 91.343391 0.000000
1653950652194597858 91.546824 0.000000
1653950652285670178 91.068285 0.000000
1653950652378287238 92.612018 0.000000
1653950652469640302 91.349225 0.000000
1653950652561828803 92.184477 0.000000
1653950652653344906 91.512354 0.000000
1653950652745778279 92.429398 0.000000
1653950652836921912 91.139277 0.000000
1653950652929258927 92.333293 0.000000
1653950653021471591 92.209001 0.000000
1653950653112847991 91.372468 0.000000
1653950653204457008 91.606443 0.000000
1653950653295684023 91.223522 0.000000
1653950653387914618 92.227067 0.000000
1653950653479196150 91.277558 0.000000
1653950653571390045 92.189495 0.000000
1653950653663529478 92.135213 0.000000
1653950653754993419 91.460062 0.000000
1653950653847119326 92.121807 0.000000
1653950653938368492 91.245196 0.000000
1653950654029653648 91.281041 0.000000
1653950654121195254 91.537577 0.000000
1653950654213494369 92.295447 0.000000
1653950654305229577 91.731238 0.000000
1653950654396956234 91.722973 0.000000
1653950654488328317 91.368148 0.000000
1653950654579604317 91.271459 0.000000
1653950654670904015 91.296024 0.000000
1653950654763301584 92.393605 0.000000
1653950654854805373 91.499720 0.000000
1653950654946244922 91.435746 0.000000
1653950655037823826 91.574959 0.000000
1653950655129141758 91.313883 0.000000
1653950655221469594 92.324153 0.000000
1653950655312983096 91.509272 0.000000
1653950655404588150 91.601571 0.000000
1653950655496841022 92.249129 0.000000
1653950655593611296 96.766320 0.000000
1653950655685561820 91.943723 0.000000
1653950655777001524 91.435940 0.000000
1653950655868704005 91.698842 0.000000
1653950655959800066 91.091430 0.000000
1653950656051244576 91.416074 0.000000
1653950656143606136 92.357927 0.000000
1653950656235222472 91.612642 0.000000
1653950656326702085 91.475263 0.000000
1653950656417964487 91.258683 0.000000
1653950656509247217 91.279047 0.000000
1653950656600594305 91.343390 0.000000
1653950656691961477 91.362877 0.000000
1653950657027491989 335.526573 0.000000
1653950657120470305 92.972873 0.000000
1653950657212596907 92.120754 0.000000
1653950657304009433 91.406822 0.000000
1653950657396046604 92.032665 0.000000
1653950657487683317 91.632939 0.000000
1653950657749105314 261.418245 0.000000
1653950657840919149 91.808749 0.000000
1653950657932306762 91.381323 0.000000
1653950658024643851 92.331826 0.000000
1653950658115820678 91.171816 0.000000
1653950658208014523 92.190001 0.000000
1653950658299867750 91.848877 0.000000
1653950658391367399 91.495289 0.000000
1653950658483390330 92.018071 0.000000
1653950658574351547 90.956230 0.000000
1653950658665804968 91.447849 0.000000
1653950658757132076 91.322857 0.000000
1653950658848534885 91.398740 0.000000
1653950658940086620 91.547755 0.000000
1653950659031350906 91.260392 0.000000
1653950659125541878 94.186707 0.000000
1653950659217303457 91.757314 0.000000
1653950659309290655 91.983334 0.000000
1653950659401182677 91.888263 0.000000
1653950659493248909 92.062394 0.000000
1653950659585075004 91.822215 0.000000
1653950659677283918 92.205236 0.000000
1653950659768023182 90.733682 0.000000
1653950659859770632 91.742729 0.000000
1653950659950949230 91.174616 0.000000
1653950660042210119 91.257135 0.000000
1653950660134784829 92.570701 0.000000
1653950660226157733 91.369190 0.000000
1653950660318420277 92.258961 0.000000
1653950660409753630 91.329243 0.000000
1653950660500912586 91.155298 0.000000
1653950660592477667 91.561227 0.000000
1653950660683974113 91.492792 0.000000
1653950660775450257 91.472445 0.000000
1653950660866986190 91.532260 0.000000
1653950660957967073 90.977109 0.000000
1653950661051451200 93.480132 0.000000
1653950661142465644 91.010085 0.000000
1653950661233705694 91.235933 0.000000
1653950661325145283 91.435597 0.000000
1653950661416747155 91.598153 0.000000
1653950661508350505 91.599661 0.000000
1653950661599732330 91.377986 0.000000
1653950661691362894 91.626284 0.000000
1653950661783451654 92.084721 0.000000
1653950661879867948 96.411609 0.000000
1653950661971312945 91.439554 0.000000
1653950662062955306 91.638547 0.000000
1653950662155322378 92.363524 0.000000
1653950662246687975 91.361918 0.000000
1653950662337796464 91.104499 0.000000
1653950662429362362 91.562195 0.000000
1653950662520820659 91.454584 0.000000
1653950662613036234 92.211525 0.000000
1653950662704742168 91.702321 0.000000
1653950662796524339 91.778227 0.000000
1653950662888643144 92.114179 0.000000
1653950662981773778 93.126830 0.000000
1653950663244628268 262.850321 0.000000
1653950663336452442 91.819593 0.000000
1653950663427439433 90.983052 0.000000
1653950663519677600 92.234524 0.000000
1653950663610973475 91.292036 0.000000
1653950663703384910 92.407666 0.000000
1653950663795065565 91.677016 0.000000
1653950663887238827 92.169327 0.000000
1653950663978754367 91.511651 0.000000
1653950664070975795 92.216546 0.000000
1653950664163088355 92.108400 0.000000
1653950664254430919 91.338840 0.000000
1653950664346119877 91.685218 0.000000
1653950664437629950 91.506029 0.000000
1653950664528889420 91.255791 0.000000
1653950664620320920 91.427692 0.000000
1653950664711642615 91.317926 0.000000
1653950664803623875 91.976579 0.000000
1653950664895690593 92.063019 0.000000
1653950664989992302 94.296076 0.000000
1653950665081611624 91.615112 0.000000
1653950665172770529 91.154636 0.000000
1653950665264992895 92.218451 0.000000
1653950665356165558 91.169185 0.000000
1653950665447614579 91.445157 0.000000
1653950665538909155 91.290147 0.000000
1653950665630266042 91.352942 0.000000
1653950665721605884 91.335998 0.000000
1653950665813821223 92.211665 0.000000
1653950665905345889 91.520431 0.000000
1653950665996949104 91.598779 0.000000
1653950666093677134 96.724202 0.000000
1653950666184699081 91.017257 0.000000
1653950666275766794 91.062671 0.000000
1653950666367973022 92.201577 0.000000
1653950666459527328 91.550216 0.000000
1653950666551439657 91.908324 0.000000
1653950666643701664 92.257923 0.000000
1653950666735238199 91.532039 0.000000
1653950666826642095 91.400363 0.000000
1653950666921267562 94.621744 0.000000
1653950667013189845 91.918469 0.000000
1653950667104686681 91.492591 0.000000
1653950667196040275 91.345685 0.000000
1653950667287110900 91.066876 0.000000
1653950667378577708 91.462964 0.000000
1653950667470332935 91.751168 0.000000
1653950667566764907 96.427536 0.000000
1653950667658235292 91.466216 0.000000
1653950667749404677 91.165736 0.000000
1653950667841761520 92.353100 0.000000
1653950667933070971 91.305712 0.000000
1653950668024647228 91.572563 0.000000
1653950668116662321 92.011083 0.000000
1653950668208817785 92.151767 0.000000
1653950668301100100 92.278932 0.000000
1653950668393017420 91.913531 0.000000
1653950668485011104 91.989945 0.000000
1653950668576351151 91.336233 0.000000
1653950668667769169 91.414249 0.000000
1653950668759867060 92.093997 0.000000
1653950668851225469 91.354696 0.000000
1653950668942385903 91.156706 0.000000
1653950669034599930 92.210047 0.000000
1653950669126223035 91.618520 0.000000
1653950669218211837 91.984862 0.000000
1653950669310235665 92.019884 0.000000
1653950669401931655 91.692100 0.000000
1653950669493365746 91.430522 0.000000
1653950669584653607 91.283936 0.000000
1653950669675597538 90.940106 0.000000
1653950669767252612 91.651517 0.000000
1653950670029128078 261.871551 0.000000
1653950670120815082 91.681292 0.000000
1653950670212474251 91.654965 0.000000
1653950670303914828 91.437033 0.000000
1653950670396244256 92.325630 0.000000
1653950670487983373 91.735343 0.000000
1653950670579268760 91.280529 0.000000
1653950670670630460 91.357852 0.000000
1653950670763473062 92.838514 0.000000
1653950670855763045 92.286265 0.000000
1653950670947561353 91.794745 0.000000
1653950671039669799 92.104155 0.000000
1653950671131674712 92.000990 0.000000
1653950671223375805 91.697284 0.000000
1653950671315472555 92.092986 0.000000
1653950671406932814 91.456993 0.000000
1653950671499119020 92.182602 0.000000
1653950671591022007 91.898802 0.000000
1653950671682322887 91.296907 0.000000
1653950671773662764 91.335748 0.000000
1653950671865121196 91.454322 0.000000
1653950671957172830 92.047634 0.000000
1653950672049012534 91.836151 0.000000
1653950672141058233 92.041850 0.000000
1653950672232113276 91.051445 0.000000
1653950672324091588 91.974455 0.000000
1653950672415674746 91.579343 0.000000
1653950672507053939 91.375459 0.000000
1653950672599190951 92.133504 0.000000
1653950672693262884 94.065092 0.000000
1653950672784941308 91.674354 0.000000
1653950672876829060 91.883863 0.000000
1653950672968242673 91.409649 0.000000
1653950673060676119 92.429623 0.000000
1653950673152149215 91.468892 0.000000
1653950673244535166 92.381685 0.000000
1653950673336272397 91.732812 0.000000
1653950673427701987 91.425630 0.000000
1653950673520451138 92.745056 0.000000
1653950673612143550 91.688573 0.000000
1653950673704063927 91.916638 0.000000
1653950673795308636 91.240600 0.000000
1653950673886417591 91.104930 0.000000
1653950673977582901 91.161586 0.000000
1653950674069804799 92.218035 0.000000
1653950674161590118 91.781048 0.000000
1653950674252886824 91.292787 0.000000
1653950674345118054 92.227406 0.000000
1653950674436978858 91.856905 0.000000
1653950674712531639 275.548531 0.000000
1653950674804497888 91.961649 0.000000
1653950674896431666 91.930040 0.000000
1653950674987788437 91.352977 0.000000
1653950675079079154 91.286357 0.000000
1653950675170716929 91.633706 0.000000
1653950675262772605 92.051542 0.000000
1653950675354927568 92.150708 0.000000
1653950675446679924 91.748488 0.000000
1653950675538072148 91.388755 0.000000
1653950675629384309 91.308242 0.000000
1653950675720662657 91.274083 0.000000
1653950675813060485 92.394094 0.000000
1653950675904492196 91.427942 0.000000
1653950675995648540 91.152495 0.000000
1653950676088320851 92.668744 0.000000
1653950676180182767 91.857766 0.000000
1653950676442347851 262.161345 0.000000
1653950676533760035 91.407052 0.000000
1653950676625882297 92.118072 0.000000
1653950676718899437 93.013266 0.000000
1653950676811343738 92.440272 0.000000
1653950677090711792 279.364122 0.000000
1653950677183066193 92.349541 0.000000
1653950677274727528 91.657661 0.000000
1653950677366318498 91.586770 0.000000
1653950677457688645 91.366283 0.000000
1653950677549037768 91.345329 0.000000
1653950677811951422 262.909625 0.000000
1653950677904324534 92.367789 0.000000
1653950677995735480 91.406867 0.000000
1653950678087146657 91.407288 0.000000
1653950678178727549 91.576717 0.000000
1653950678270255588 91.524295 0.000000
1653950678361581722 91.322190 0.000000
1653950678454209891 92.624180 0.000000
1653950678545516204 91.302073 0.000000
1653950678638765172 93.245144 0.000000
1653950678730904909 92.135593 0.000000
1653950678824733071 93.824403 0.000000
1653950678916159900 91.423030 0.000000
1653950679007494699 91.330785 0.000000
1653950679099616760 92.117681 0.000000
1653950679191496623 91.876244 0.000000
1653950679283857735 92.357288 0.000000
1653950679375530831 91.669457 0.000000
1653950679468165369 92.630745 0.000000
1653950679559854779 91.682744 0.000000
1653950679651162295 91.303201 0.000000
1653950679743672279 92.506381 0.000000
1653950679835275127 91.598483 0.000000
1653950679926799783 91.520346 0.000000
1653950680019081500 92.277973 0.000000
1653950680110467143 91.381488 0.000000
1653950680202001807 91.530765 0.000000
1653950680293412353 91.406311 0.000000
1653950680384920510 91.504444 0.000000
1653950680476617617 91.692888 0.000000
1653950680568217283 91.596002 0.000000
1653950680659521065 91.298444 0.000000
1653950680751102407 91.575965 0.000000
1653950680842412635 91.306329 0.000000
1653950680934552608 92.135021 0.000000
1653950681026739289 92.182451 0.000000
1653950681118044094 91.300209 0.000000
1653950681209381077 91.332313 0.000000
1653950681300666106 91.280964 0.000000
1653950681392399467 91.729202 0.000000
1653950681484020528 91.616510 0.000000
1653950681576329614 92.303804 0.000000
1653950681667636859 91.302318 0.000000
1653950681759800241 92.159332 0.000000
1653950682184967290 425.163141 0.000000
1653950682277404570 92.416030 0.000000
1653950682368599860 91.191641 0.000000
1653950682460029415 91.425395 0.000000
1653950682551651138 91.617654 0.000000
1653950682644062420 92.407944 0.000000
1653950682740961282 96.894778 0.000000
1653950682836006980 95.040833 0.000000
1653950682927521079 91.509316 0.000000
1653950683018830582 91.305596 0.000000
1653950683110958672 92.124025 0.000000
1653950683203038239 92.074550 0.000000
1653950683294562308 91.520390 0.000000
1653950683385920908 91.354966 0.000000
1653950683477115205 91.190508 0.000000
1653950683569501827 92.382682 0.000000
1653950683662654080 93.147893 0.000000
1653950683753627027 90.968978 0.000000
1653950683846124892 92.494042 0.000000
1653950683938353185 92.224569 0.000000
1653950684029954379 91.597545 0.000000
1653950684121428462 91.469969 0.000000
1653950684213931620 92.499664 0.000000
1653950684305397008 91.461609 0.000000
1653950684396705886 91.304860 0.000000
1653950684489287682 92.577626 0.000000
1653950684580952494 91.661048 0.000000
1653950684673249502 92.293309 0.000000
1653950684764907107 91.653647 0.000000
1653950684855930737 91.019881 0.000000
1653950684947492574 91.556620 0.000000
1653950685038869095 91.371465 0.000000
1653950685129922118 91.049274 0.000000
1653950685222464126 92.537433 0.000000
1653950685314245053 91.776993 0.000000
1653950685406748687 92.499779 0.000000
1653950685498261516 91.509291 0.000000
1653950685590499245 92.234086 0.000000
1653950685682872691 92.369752 0.000000
1653950685774787179 91.910859 0.000000
1653950685866699973 91.909065 0.000000
1653950685958322922 91.618680 0.000000
1653950686050026494 91.699904 0.000000
1653950686141983260 91.952621 0.000000
1653950686233711881 91.724977 0.000000
1653950686325836432 92.120311 0.000000
1653950686417507203 91.667283 0.000000
1653950686509128197 91.617021 0.000000
1653950686601677027 92.544991 0.000000
1653950686693521837 91.840966 0.000000
1653950686785928485 92.402774 0.000000
1653950686877714819 91.781989 0.000000
1653950686969293210 91.574557 0.000000
1653950687061504539 92.207164 0.000000
1653950687153490352 91.981023 0.000000
1653950687245002494 91.507917 0.000000
1653950687336533890 91.527226 0.000000
1653950687428586434 92.048631 0.000000
1653950687520240471 91.650388 0.000000
1653950687611671469 91.427114 0.000000
1653950687702890197 91.215165 0.000000
1653950687794477609 91.583182 0.000000
1653950687885393798 90.912370 0.000000
1653950687977517709 92.120277 0.000000
1653950688069385918 91.864646 0.000000
1653950688161230524 91.840747 0.000000
1653950688253441696 92.206146 0.000000
1653950688344705595 91.259749 0.000000
1653950688437219673 92.510405 0.000000
1653950688530440580 93.216667 0.000000
1653950688813919333 283.473691 0.000000
1653950688906209120 92.285056 0.000000
1653950688997686695 91.473791 0.000000
1653950689106994086 109.301577 0.000000
1653950689199167822 92.168233 0.000000
1653950689290553007 91.381136 0.000000
1653950689382032197 91.475491 0.000000
1653950689473665931 91.629980 0.000000
1653950689566233594 92.562967 0.000000
1653950689658294397 92.055791 0.000000
1653950689750163168 91.864862 0.000000
1653950689842547098 92.380177 0.000000
1653950689934304981 91.753958 0.000000
1653950690026703582 92.394812 0.000000
1653950690118171344 91.464339 0.000000
1653950690209833739 91.657701 0.000000
1653950690301698947 91.861705 0.000000
1653950690393623348 91.920677 0.000000
1653950690487102236 93.475440 0.000000
1653950690578897941 91.791536 0.000000
1653950690670998352 92.096632 0.000000
1653950690762646214 91.644038 0.000000
1653950690854097032 91.446939 0.000000
1653950690945911628 91.810877 0.000000
1653950691037209992 91.294364 0.000000
1653950691129659008 92.445137 0.000000
1653950691221075166 91.412430 0.000000
1653950691313372660 92.293815 0.000000
1653950691405320620 91.943395 0.000000
1653950691497682248 92.358145 0.000000
1653950691589178773 91.492977 0.000000
1653950691681470283 92.287526 0.000000
1653950691773217721 91.743924 0.000000
1653950691870317891 97.096479 0.000000
1653950691961435779 91.113989 0.000000
1653950692053106395 91.665940 0.000000
1653950692145515925 92.404765 0.000000
1653950692236677865 91.158642 0.000000
1653950692329184285 92.502531 0.000000
1653950692422954746 93.766903 0.000000
1653950692708186357 285.227667 0.000000
1653950692799590662 91.400056 0.000000
1653950692891511374 91.916812 0.000000
1653950692983364348 91.848784 0.000000
1653950693075920574 92.552652 0.000000
1653950693167528628 91.604456 0.000000
1653950693259210465 91.677722 0.000000
1653950693351551449 92.337091 0.000000
1653950693442871368 91.315478 0.000000
1653950693534556742 91.681720 0.000000
1653950693626953647 92.393176 0.000000
1653950693718451800 91.494555 0.000000
1653950693810996384 92.540970 0.000000
1653950693902738361 91.738684 0.000000
1653950693993925756 91.183657 0.000000
1653950694085187885 91.258415 0.000000
1653950694176695200 91.503476 0.000000
1653950694269071893 92.372899 0.000000
1653950694361279477 92.203812 0.000000
1653950694452924066 91.640397 0.000000
1653950694544454399 91.525512 0.000000
1653950694635746444 91.288431 0.000000
1653950694727855273 92.104910 0.000000
1653950694819529261 91.670449 0.000000
1653950694912178854 92.646015 0.000000
1653950695003488502 91.304852 0.000000
1653950695095769383 92.276951 0.000000
1653950695187616910 91.843041 0.000000
1653950695280171880 92.551046 0.000000
1653950695542167789 261.992667 0.000000
1653950695634293964 92.121935 0.000000
1653950695725650763 91.353100 0.000000
1653950695817827801 92.173611 0.000000
1653950695909458368 91.626682 0.000000
1653950696001736296 92.274049 0.000000
1653950696094050964 92.310559 0.000000
1653950696185541866 91.486772 0.000000
1653950696278084209 92.538228 0.000000
1653950696369383665 91.295146 0.000000
1653950696460667515 91.279986 0.000000
1653950696552814719 92.143204 0.000000
1653950696644336512 91.517558 0.000000
1653950696736791267 92.450375 0.000000
1653950696828930151 92.135256 0.000000
1653950696920199402 91.265447 0.000000
1653950697011872472 91.669367 0.000000
1653950697103654530 91.777632 0.000000
1653950697195383757 91.726015 0.000000
1653950697287558215 92.170208 0.000000
1653950697379010351 91.448302 0.000000
1653950697471212107 92.197155 0.000000
1653950697563182599 91.966072 0.000000
1653950697655176000 91.989562 0.000000
1653950697747222895 92.043101 0.000000
1653950697839640924 92.412255 0.000000
1653950697931072151 91.426316 0.000000
1653950698023269792 92.193130 0.000000
1653950698114585090 91.311364 0.000000
1653950698206075295 91.486211 0.000000
1653950698298436071 92.356611 0.000000
1653950698389946257 91.505260 0.000000
1653950698481364339 91.413732 0.000000
1653950698573738020 92.369877 0.000000
1653950698670116870 96.374761 0.000000
1653950698761459862 91.339424 0.000000
1653950698852713707 91.249675 0.000000
1653950698945002741 92.284283 0.000000
1653950699036512231 91.504894 0.000000
1653950699128975524 92.458246 0.000000
1653950699220828293 91.848759 0.000000
1653950699312492362 91.660250 0.000000
1653950699404418692 91.922391 0.000000
1653950699495866288 91.443777 0.000000
1653950699588459670 92.587995 0.000000
1653950699680423476 91.959977 0.000000
1653950699771918612 91.491011 0.000000
1653950699864033641 92.107636 0.000000
1653950699956170461 92.130771 0.000000
1653950700047468744 91.294730 0.000000
1653950700138959143 91.486560 0.000000
1653950700232503488 93.540120 0.000000
1653950700325008289 92.499508 0.000000
1653950700416719839 91.706728 0.000000
1653950700509151785 92.427550 0.000000
1653950700601034678 91.878323 0.000000
1653950700692771387 91.732985 0.000000
1653950700784315236 91.540271 0.000000
1653950700876358708 92.039949 0.000000
1653950700968257764 91.895427 0.000000
1653950701059837041 91.575574 0.000000
1653950701151614820 91.773448 0.000000
1653950701243809634 92.191105 0.000000
1653950701335244701 91.431027 0.000000
1653950701427693637 92.445273 0.000000
1653950701518929805 91.232485 0.000000
1653950701610965879 92.032386 0.000000
1653950701702741378 91.771124 0.000000
1653950701794832646 92.086732 0.000000
1653950701886535736 91.697331 0.000000
1653950701978189121 91.648734 0.000000
1653950702070345180 92.152511 0.000000
1653950702164788356 94.439177 0.000000
1653950702256444532 91.651886 0.000000
1653950702348736226 92.287900 0.000000
1653950702439904657 91.163885 0.000000
1653950702532058151 92.149720 0.000000
1653950702623381316 91.319467 0.000000
1653950702888304413 264.919338 0.000000
1653950702980450544 92.141670 0.000000
1653950703072531468 92.076674 0.000000
1653950703164737890 92.202793 0.000000
1653950703256584874 91.843356 0.000000
1653950703348664094 92.075452 0.000000
1653950703440186985 91.517628 0.000000
1653950703531935445 91.743885 0.000000
1653950703623875372 91.936118 0.000000
1653950703715378822 91.499326 0.000000
1653950703807559313 92.176567 0.000000
1653950703899174443 91.611251 0.000000
1653950703991331043 92.152781 0.000000
1653950704082688413 91.353562 0.000000
1653950704174348488 91.655930 0.000000
1653950704266654040 92.301853 0.000000
1653950704358200926 91.542616 0.000000
1653950704450098479 91.893674 0.000000
1653950704541595649 91.493311 0.000000
1653950704633030019 91.430822 0.000000
1653950704724709383 91.675555 0.000000
1653950704817492311 92.778968 0.000000
1653950704908793546 91.295040 0.000000
1653950705000768493 91.970508 0.000000
1653950705092159727 91.387134 0.000000
1653950705184292723 92.129127 0.000000
1653950705276039444 91.742912 0.000000
1653950705367871775 91.828312 0.000000
1653950705459301919 91.424962 0.000000
1653950705551624887 92.318693 0.000000
1653950705643054490 91.425579 0.000000
1653950705735487278 92.428603 0.000000
1653950706181347759 445.856758 0.000000
1653950706273299532 91.946065 0.000000
1653950706365078419 91.774586 0.000000
1653950706457294858 92.192483 0.000000
1653950706548826860 91.528028 0.000000
1653950706640158230 91.327746 0.000000
1653950706732222605 92.060700 0.000000
1653950706823299538 91.073270 0.000000
1653950706915791182 92.487234 0.000000
1653950707007609651 91.814510 0.000000
1653950707099215840 91.601979 0.000000
1653950707191132707 91.912978 0.000000
1653950707283228025 92.091168 0.000000
1653950707374947412 91.714280 0.000000
1653950707466645721 91.693753 0.000000
1653950707559059048 92.409624 0.000000
1653950708517302575 958.238610 0.000000
1653950708610195934 92.888248 0.000000
1653950708702837427 92.637304 0.000000
1653950708794611182 91.769910 0.000000
1653950708886373259 91.758454 0.000000
1653950708977868279 91.490515 0.000000
1653950709069348901 91.476703 0.000000
1653950709161012494 91.658912 0.000000
1653950709252946451 91.929627 0.000000
1653950709345460061 92.509836 0.000000
1653950709436872569 91.408949 0.000000
1653950709534240857 97.361226 0.000000
1653950709625706690 91.461834 0.000000
1653950709717574838 91.864110 0.000000
1653950709809877458 92.298796 0.000000
1653950709901071062 91.189675 0.000000
1653950709993124517 92.049827 0.000000
1653950710084877498 91.749402 0.000000
1653950710176570509 91.689333 0.000000
1653950710268487972 91.913304 0.000000
1653950710360056830 91.565114 0.000000
1653950710452286113 92.225109 0.000000
1653950710543810708 91.520806 0.000000
1653950710636189374 92.374316 0.000000
1653950710727556321 91.363328 0.000000
1653950710819351109 91.790558 0.000000
1653950710911374073 92.019049 0.000000
1653950711002835340 91.457588 0.000000
1653950711094420074 91.580880 0.000000
1653950711186400684 91.976951 0.000000
1653950711277915405 91.510200 0.000000
1653950711369981590 92.061839 0.000000
1653950711461968184 91.982935 0.000000
1653950711553431125 91.459342 0.000000
1653950711644813288 91.378349 0.000000
1653950711736429926 91.612624 0.000000
1653950711828953494 92.520613 0.000000
1653950711920279842 91.322022 0.000000
1653950712011496090 91.212454 0.000000
1653950712103783869 92.284157 0.000000
1653950712195864598 92.076869 0.000000
1653950712287194859 91.326539 0.000000
1653950712378322039 91.123611 0.000000
1653950712470249290 91.923056 0.000000
1653950712562798528 92.544237 0.000000
1653950712654316917 91.514566 0.000000
1653950712745868405 91.547523 0.000000
1653950712838073733 92.201354 0.000000
1653950712930449623 92.372247 0.000000
1653950713021973039 91.519542 0.000000
1653950713114587835 92.610892 0.000000
1653950713206949382 92.357653 0.000000
1653950713298405231 91.452030 0.000000
1653950713390716014 92.307059 0.000000
1653950713482505896 91.786223 0.000000
1653950713574142290 91.632841 0.000000
1653950713666584750 92.435193 0.000000
1653950713758969671 92.381283 0.000000
1653950713850719724 91.746530 0.000000
1653950714112860395 262.136962 0.000000
1653950714205119643 92.254723 0.000000
1653950714297215512 92.092270 0.000000
1653950714389518562 92.298950 0.000000
1653950714480887509 91.365042 0.000000
1653950714572801735 91.910748 0.000000
1653950714664396863 91.591294 0.000000
1653950714755959520 91.559225 0.000000
1653950714847336741 91.372951 0.000000
1653950714938756237 91.415718 0.000000
1653950715030816757 92.056820 0.000000
1653950715122248274 91.427694 0.000000
1653950715214055276 91.803002 0.000000
1653950715305793697 91.734868 0.000000
1653950715397536414 91.738521 0.000000
1653950715489203359 91.663412 0.000000
1653950715580540346 91.332927 0.000000
1653950715671775166 91.212117 0.000000
1653950715763447228 91.668478 0.000000
1653950715854572007 91.121085 0.000000
1653950715946141806 91.566151 0.000000
1653950716038658729 92.512668 0.000000
1653950716130338885 91.676117 0.000000
1653950716222584571 92.241727 0.000000
1653950716316420378 93.832078 0.000000
1653950716408719124 92.294846 0.000000
1653950716500819528 92.096705 0.000000
1653950716593120593 92.297062 0.000000
1653950716684572358 91.447570 0.000000
1653950716776559308 91.983201 0.000000
1653950716868019842 91.456379 0.000000
1653950716960132319 92.108999 0.000000
1653950717223440662 263.304609 0.000000
1653950717315640547 92.172095 0.000000
1653950717407308980 91.664529 0.000000
1653950717499224419 91.911790 0.000000
1653950717590580926 91.352969 0.000000
1653950717701401251 110.815183 0.000000
1653950717792776031 91.369282 0.000000
1653950718066952444 274.172680 0.000000
1653950718158506720 91.549184 0.000000
1653950718250328561 91.817445 0.000000
1653950718342643043 92.310467 0.000000
1653950718435468288 92.821717 0.000000
1653950718526968129 91.496167 0.000000
1653950718618462092 91.490044 0.000000
1653950718710034768 91.568862 0.000000
1653950718801452463 91.414067 0.000000
1653950719070883447 269.427300 0.000000
1653950719162994801 92.105946 0.000000
1653950719254574904 91.575753 0.000000
1653950719347026354 92.447266 0.000000
1653950719438688303 91.657679 0.000000
1653950719530233344 91.541358 0.000000
1653950719621771144 91.534006 0.000000
1653950719712931570 91.155289 0.000000
1653950719804394480 91.458980 0.000000
1653950719900713937 96.315653 0.000000
1653950719992576587 91.859037 0.000000
1653950720084022768 91.442427 0.000000
1653950720175961065 91.934182 0.000000
1653950720267656135 91.691482 0.000000
1653950720360032977 92.373288 0.000000
1653950720452942363 92.905181 0.000000
1653950720545655532 92.709050 0.000000
1653950720637426810 91.767303 0.000000
1653950720729853112 92.422248 0.000000
1653950720821116879 91.259983 0.000000
1653950720913316137 92.195364 0.000000
1653950721005838162 92.518181 0.000000
1653950721097377766 91.536086 0.000000
1653950721189300576 91.918575 0.000000
1653950721281048970 91.744611 0.000000
1653950721372639597 91.586707 0.000000
1653950721465330365 92.687119 0.000000
1653950721558018687 92.684378 0.000000
1653950721649329583 91.307118 0.000000
1653950721740792769 91.459207 0.000000
1653950721833048780 92.252358 0.000000
1653950721925405424 92.352991 0.000000
1653950722193964128 268.554820 0.000000
1653950722286070335 92.100623 0.000000
1653950722379301991 93.227777 0.000000
1653950722470833145 91.527581 0.000000
1653950722562126857 91.288841 0.000000
1653950722654290913 92.160493 0.000000
1653950722746978703 92.683501 0.000000
1653950722838385372 91.403096 0.000000
1653950722930242560 91.853779 0.000000
1653950723022359778 92.113689 0.000000
1653950723113771488 91.407892 0.000000
1653950723205750955 91.975518 0.000000
1653950723297524894 91.769343 0.000000
1653950723389475850 91.944135 0.000000
1653950723481505990 92.026667 0.000000
1653950723573026364 91.516661 0.000000
1653950723665296056 92.266004 0.000000
1653950723756717875 91.418076 0.000000
1653950723848199859 91.477860 0.000000
1653950724127553388 279.349183 0.000000
1653950724219491278 91.933279 0.000000
1653950724311741134 92.245847 0.000000
1653950724405915929 94.171173 0.000000
1653950724680723674 274.803991 0.000000
1653950724772573665 91.844593 0.000000
1653950724863936191 91.358967 0.000000
1653950724956416389 92.476429 0.000000
1653950725049120587 92.700530 0.000000
1653950725140812310 91.687679 0.000000
1653950725232195624 91.379195 0.000000
1653950725506672880 274.473517 0.000000
1653950725598626742 91.949196 0.000000
1653950725878120992 279.490747 0.000000
1653950725969768346 91.642888 0.000000
1653950726249019200 279.247130 0.000000
1653950726340675335 91.651199 0.000000
1653950726432871831 92.192884 0.000000
1653950726524493731 91.618196 0.000000
1653950726616405701 91.908301 0.000000
1653950726707851055 91.440943 0.000000
1653950726801626776 93.771863 0.000000
1653950726892869595 91.238819 0.000000
1653950726985517452 92.643963 0.000000
1653950727077271093 91.750033 0.000000
1653950727168898045 91.623123 0.000000
1653950727433195598 264.294220 0.000000
1653950727525418902 92.218884 0.000000
1653950727617438822 92.016293 0.000000
1653950727708967456 91.524524 0.000000
1653950727800570125 91.598676 0.000000
1653950727892692570 92.118610 0.000000
1653950727985138798 92.442199 0.000000
1653950728077074979 91.932282 0.000000
1653950728168764762 91.685854 0.000000
1653950728261112144 92.343428 0.000000
1653950728352726066 91.609937 0.000000
1653950728444824635 92.094930 0.000000
1653950728536864051 92.036123 0.000000
1653950728628647727 91.779862 0.000000
1653950728720859680 92.208064 0.000000
1653950728813098350 92.235071 0.000000
1653950728905380376 92.278337 0.000000
1653950728996772966 91.389033 0.000000
1653950729088957506 92.180741 0.000000
1653950729181272373 92.311073 0.000000
1653950729273038659 91.762316 0.000000
1653950729364645288 91.603091 0.000000
1653950729457200224 92.550812 0.000000
1653950729548892693 91.688926 0.000000
1653950729641847654 92.950868 0.000000
1653950729733884414 92.033201 0.000000
1653950730009390323 275.501759 0.000000
1653950730100961876 91.566366 0.000000
1653950730193223053 92.257388 0.000000
1653950730284652790 91.426038 0.000000
1653950730377226900 92.570442 0.000000
1653950730468409633 91.178853 0.000000
1653950730560720722 92.307325 0.000000
1653950730653023311 92.299121 0.000000
1653950730744683594 91.655864 0.000000
1653950730838154787 93.467348 0.000000
1653950730930018570 91.860159 0.000000
1653950731021390212 91.368014 0.000000
1653950731113158342 91.764246 0.000000
1653950731205304562 92.141869 0.000000
1653950731297609090 92.300859 0.000000
1653950731389257276 91.644157 0.000000
1653950731481263725 92.002530 0.000000
1653950731573073602 91.805697 0.000000
1653950731665021169 91.943623 0.000000
1653950731756568871 91.543432 0.000000
1653950731848770675 92.198381 0.000000
1653950731940226840 91.452261 0.000000
1653950732032912038 92.680267 0.000000
1653950732124720507 91.804534 0.000000
1653950732216205072 91.480781 0.000000
1653950732308625890 92.417221 0.000000
1653950732400053187 91.423387 0.000000
1653950732492084394 92.027498 0.000000
1653950732584429612 92.341249 0.000000
1653950732859157941 274.724425 0.000000
1653950732950857185 91.694323 0.000000
1653950733043292673 92.431318 0.000000
1653950733135543781 92.246679 0.000000
1653950733227593882 92.045931 0.000000
1653950733319150675 91.552539 0.000000
1653950733410678551 91.523741 0.000000
1653950733502611184 91.928673 0.000000
1653950733594881517 92.266349 0.000000
1653950733686536238 91.635145 0.000000
1653950733778618203 92.077038 0.000000
1653950733870786730 92.163751 0.000000
1653950733962264339 91.473008 0.000000
1653950734055044498 92.775694 0.000000
1653950734147033261 91.984488 0.000000
1653950734239058319 92.021174 0.000000
1653950734330621376 91.558832 0.000000
1653950734422062666 91.437771 0.000000
1653950734513763218 91.696668 0.000000
1653950734605475989 91.709082 0.000000
1653950734697013357 91.533789 0.000000
1653950734790514324 93.496947 0.000000
1653950734882514082 91.995964 0.000000
1653950734973992994 91.475128 0.000000
1653950735066258180 92.261202 0.000000
1653950735157985515 91.723370 0.000000
1653950735249680665 91.690775 0.000000
1653950735341523619 91.839050 0.000000
1653950735433469227 91.942140 0.000000
1653950735525210509 91.737654 0.000000
1653950735616830474 91.616136 0.000000
1653950735709175716 92.341469 0.000000
1653950735973344358 264.164326 0.000000
1653950736064877791 91.528100 0.000000
1653950736156137999 91.255848 0.000000
1653950736248000834 91.858926 0.000000
1653950736340076935 92.072143 0.000000
1653950736433343582 93.263294 0.000000
1653950736525523219 92.175849 0.000000
1653950736617167917 91.641054 0.000000
1653950736708762463 91.590627 0.000000
1653950736801100087 92.333494 0.000000
1653950736892622034 91.518068 0.000000
1653950737177966902 285.341229 0.000000
1653950737269665364 91.690489 0.000000
1653950737361233819 91.564791 0.000000
1653950737503051246 141.813347 0.000000
1653950737595725940 92.670644 0.000000
1653950737688368529 92.638475 0.000000
1653950737779982726 91.610498 0.000000
1653950737872221340 92.232064 0.000000
1653950737963962627 91.737474 0.000000
1653950738055410372 91.443690 0.000000
1653950738148010802 92.596517 0.000000
1653950738239497627 91.482781 0.000000
1653950738331917825 92.416218 0.000000
1653950738424149152 92.227789 0.000000
1653950738516663472 92.510581 0.000000
1653950738609252322 92.584474 0.000000
1653950738700871004 91.614562 0.000000
1653950738793311734 92.436991 0.000000
1653950738884918723 91.602970 0.000000
1653950738976647596 91.724819 0.000000
1653950739069193481 92.541825 0.000000
1653950739161389265 92.191840 0.000000
1653950739253203837 91.810328 0.000000
1653950739344829145 91.621764 0.000000
1653950739437035594 92.202511 0.000000
1653950739528990013 91.950579 0.000000
1653950739620862805 91.869149 0.000000
1653950739712926402 92.059082 0.000000
1653950739804509747 91.579100 0.000000
1653950739896863926 92.349989 0.000000
1653950739994284738 97.417165 0.000000
1653950740086462025 92.173042 0.000000
1653950740364044038 277.577738 0.000000
1653950740455770581 91.721902 0.000000
1653950740548458355 92.683220 0.000000
1653950740639875503 91.412897 0.000000
1653950740731812059 91.932612 0.000000
1653950740824146953 92.331350 0.000000
1653950740920879830 96.729319 0.000000
1653950741012600208 91.716119 0.000000
1653950741105441479 92.837889 0.000000
1653950741197012946 91.567233 0.000000
1653950741289428362 92.411802 0.000000
1653950741381250612 91.818330 0.000000
1653950741472901018 91.646772 0.000000
1653950741564884398 91.979421 0.000000
1653950741656974161 92.085769 0.000000
1653950741748414698 91.436914 0.000000
1653950741839946923 91.528431 0.000000
1653950741932001670 92.051033 0.000000
1653950742023765795 91.760407 0.000000
1653950742115577024 91.807611 0.000000
1653950742207492703 91.911624 0.000000
1653950742299473065 91.976549 0.000000
1653950742391100457 91.623528 0.000000
1653950742484144861 93.040865 0.000000
1653950742575574962 91.426297 0.000000
1653950742668055241 92.476873 0.000000
1653950742759803649 91.744273 0.000000
1653950742851189369 91.382011 0.000000
1653950742943587915 92.394516 0.000000
1653950743035375730 91.784032 0.000000
1653950743126982494 91.602518 0.000000
1653950743219078371 92.092123 0.000000
1653950743311380518 92.298568 0.000000
1653950743596412757 285.028676 0.000000
1653950743688279969 91.862376 0.000000
1653950743780522811 92.238862 0.000000
1653950743872448853 91.922073 0.000000
1653950743964035901 91.583199 0.000000
1653950744057063261 93.023251 0.000000
1653950744149703784 92.636199 0.000000
1653950744242320624 92.613126 0.000000
1653950744334490352 92.165915 0.000000
1653950744426191897 91.697435 0.000000
1653950744517597472 91.401697 0.000000
1653950744609652550 92.051484 0.000000
1653950744701500529 91.844116 0.000000
1653950744793679650 92.174987 0.000000
1653950744885629407 91.946028 0.000000
1653950744977104545 91.471078 0.000000
1653950745068634865 91.526352 0.000000
1653950745161116585 92.478011 0.000000
1653950745253662835 92.542777 0.000000
1653950745345466592 91.800324 0.000000
1653950745438036417 92.566136 0.000000
1653950745530111085 92.071004 0.000000
1653950745622445938 92.331054 0.000000
1653950745714776606 92.326549 0.000000
1653950745807015897 92.235352 0.000000
1653950746074565214 267.545508 0.000000
1653950746166035057 91.465196 0.000000
1653950746258797401 92.757771 0.000000
1653950746552591478 293.789732 0.000000
1653950746644256698 91.659913 0.000000
1653950746736763777 92.503215 0.000000
1653950746828692679 91.924869 0.000000
1653950746920139096 91.442487 0.000000
1653950747011658140 91.515481 0.000000
1653950747103853278 92.191630 0.000000
1653950747195652479 91.795106 0.000000
1653950747287757898 92.101935 0.000000
1653950747385522516 97.760804 0.000000
1653950747476875670 91.349120 0.000000
1653950747568480965 91.601667 0.000000
1653950747660743148 92.258455 0.000000
1653950747751868342 91.121645 0.000000
1653950747844411584 92.539047 0.000000
1653950747936164763 91.749370 0.000000
1653950748028454291 92.285483 0.000000
1653950748120758194 92.300072 0.000000
1653950748212287620 91.525856 0.000000
1653950748304611974 92.320439 0.000000
1653950748396572546 91.956993 0.000000
1653950748488179084 91.602744 0.000000
1653950748579981613 91.798876 0.000000
1653950748672202651 92.217350 0.000000
1653950748764709805 92.503004 0.000000
1653950748856272280 91.559057 0.000000
1653950748948160980 91.885202 0.000000
1653950749040260616 92.095917 0.000000
1653950749131919921 91.655642 0.000000
1653950749224057144 92.133349 0.000000
1653950749315728654 91.667932 0.000000
1653950749408249910 92.517137 0.000000
1653950749500082745 91.829216 0.000000
1653950749591796497 91.710154 0.000000
1653950749684170181 92.370010 0.000000
1653950749775885471 91.711422 0.000000
1653950749868200869 92.311664 0.000000
1653950749960010314 91.805872 0.000000
1653950750052197408 92.183000 0.000000
1653950750143637574 91.436206 0.000000
1653950750235265447 91.624274 0.000000
1653950750326864793 91.595427 0.000000
1653950750419504660 92.636033 0.000000
1653950750510959906 91.451682 0.000000
1653950750604864437 93.900772 0.000000
1653950750696982665 92.114134 0.000000
1653950750788735489 91.749140 0.000000
1653950750880859962 92.120288 0.000000
1653950750973560320 92.696529 0.000000
1653950751065660978 92.096829 0.000000
1653950751157545999 91.881102 0.000000
1653950751249802981 92.253409 0.000000
1653950751342133749 92.326769 0.000000
1653950751433744205 91.606849 0.000000
1653950751525501434 91.753565 0.000000
1653950751616870395 91.365287 0.000000
1653950751709770322 92.896359 0.000000
1653950751801223017 91.449202 0.000000
1653950751893394920 92.168145 0.000000
1653950751985117453 91.719009 0.000000
1653950752077535850 92.414653 0.000000
1653950752169293750 91.754126 0.000000
1653950752261387783 92.090474 0.000000
1653950752353088796 91.697239 0.000000
1653950752445145907 92.053563 0.000000
1653950752537002767 91.853017 0.000000
1653950752629180214 92.173633 0.000000
1653950752721305163 92.121386 0.000000
1653950752813717290 92.408143 0.000000
1653950752906586466 92.865226 0.000000
1653950752997830450 91.240150 0.000000
1653950753089998520 92.164482 0.000000
1653950753183125807 93.123448 0.000000
1653950753274722657 91.592700 0.000000
1653950753366835267 92.108987 0.000000
1653950753459069491 92.230676 0.000000
1653950753551708271 92.635186 0.000000
1653950753643510750 91.798660 0.000000
1653950753735498941 91.984648 0.000000
1653950753827719688 92.216948 0.000000
1653950753920327521 92.603864 0.000000
1653950754011609513 91.277958 0.000000
1653950754103443425 91.830208 0.000000
1653950754196130527 92.683124 0.000000
1653950754459198656 263.064420 0.000000
1653950754721693340 262.490088 0.000000
1653950754813362454 91.665014 0.000000
1653950754904795398 91.428724 0.000000
1653950754996394248 91.595257 0.000000
1653950755088299150 91.901334 0.000000
1653950755181207322 92.903998 0.000000
1653950755273537032 92.325158 0.000000
1653950755365095613 91.553289 0.000000
1653950755457459598 92.359655 0.000000
1653950755549371306 91.907708 0.000000
1653950755994546937 445.170356 0.000000
1653950756086601578 92.050012 0.000000
1653950756178513852 91.906706 0.000000
1653950756271178076 92.658992 0.000000
1653950756362840153 91.656955 0.000000
1653950756455968597 93.123548 0.000000
1653950756547709066 91.736600 0.000000
1653950756641478948 93.766093 0.000000
1653950756733103197 91.620275 0.000000
1653950756824572090 91.463627 0.000000
1653950756917148148 92.571434 0.000000
1653950757009043859 91.580282 0.000000
1653950757100973408 91.925806 0.000000
1653950757193316019 92.338927 0.000000
1653950757285392655 92.072421 0.000000
1653950757548332384 262.935525 0.000000
1653950757640877326 92.540244 0.000000
1653950757732676873 91.796129 0.000000
1653950757825151265 92.470653 0.000000
1653950757916744006 91.588867 0.000000
1653950758009261553 92.513778 0.000000
1653950758101225407 91.959579 0.000000
1653950758193172948 91.942820 0.000000
1653950758285244804 92.068207 0.000000
1653950758376996060 91.747548 0.000000
1653950758469125036 92.125338 0.000000
1653950758561315373 92.185079 0.000000
1653950758654323231 93.003924 0.000000
1653950758745963061 91.636081 0.000000
1653950758838317299 92.350329 0.000000
1653950759301208823 462.887806 0.000000
1653950759393603014 92.389264 0.000000
1653950759486351989 92.745242 0.000000
1653950759578566011 92.210368 0.000000
1653950759671395429 92.824637 0.000000
1653950759762867012 91.467709 0.000000
1653950759854833026 91.962351 0.000000
1653950759946967111 92.130272 0.000000
1653950760225409674 278.438870 0.000000
1653950760317773625 92.358773 0.000000
1653950760410958200 93.180456 0.000000
1653950760503022592 92.060674 0.000000
1653950760595051477 92.023192 0.000000
1653950760686669131 91.612316 0.000000
1653950760778419694 91.746974 0.000000
1653950760872329440 93.905838 0.000000
1653950760964313447 91.980308 0.000000
1653950761056836667 92.519502 0.000000
1653950761148584614 91.743452 0.000000
1653950761240455286 91.865925 0.000000
1653950761332821386 92.362411 0.000000
1653950761424892127 92.066582 0.000000
1653950761517532893 92.637676 0.000000
1653950761609206245 91.667893 0.000000
1653950761701682512 92.473271 0.000000
1653950761798723916 97.037580 0.000000
1653950761891296071 92.568321 0.000000
1653950761983059413 91.759578 0.000000
1653950762075670428 92.603828 0.000000
1653950762167735367 92.060981 0.000000
1653950762260524095 92.784878 0.000000
1653950762352624963 92.097060 0.000000
1653950762444394009 91.765011 0.000000
1653950762536604747 92.206828 0.000000
1653950762628730814 92.121977 0.000000
1653950762721273649 92.538935 0.000000
1653950762813096907 91.819952 0.000000
1653950762905356148 92.255127 0.000000
1653950762997038763 91.678219 0.000000
1653950763089636526 92.593760 0.000000
1653950763182009523 92.369578 0.000000
1653950763274225317 92.212081 0.000000
1653950763365969170 91.738911 0.000000
1653950763458096083 92.122733 0.000000
1653950763550591303 92.491251 0.000000
1653950763642980678 92.385471 0.000000
1653950763734595394 91.610847 0.000000
1653950763826682043 92.082876 0.000000
1653950763918479635 91.793853 0.000000
1653950764010236517 91.752437 0.000000
1653950764102024928 91.784417 0.000000
1653950764193806378 91.777535 0.000000
1653950764285245641 91.435604 0.000000
1653950764377570871 92.320830 0.000000
1653950764469345469 91.770158 0.000000
1653950764561612012 92.262018 0.000000
1653950764653184847 91.568374 0.000000
1653950764746700827 93.512091 0.000000
1653950764838133234 91.428388 0.000000
1653950765112810169 274.673126 0.000000
1653950765205184799 92.369924 0.000000
1653950765297883793 92.695320 0.000000
1653950765390472551 92.585165 0.000000
1653950765482551593 92.075348 0.000000
1653950765575289067 92.732853 0.000000
1653950765929269877 353.976474 0.000000
1653950766021990437 92.715142 0.000000
1653950766113831540 91.836648 0.000000
1653950766206582916 92.747277 0.000000
1653950766299005527 92.419048 0.000000
1653950766391300376 92.290513 0.000000
1653950766482903415 91.599045 0.000000
1653950766574913166 92.005906 0.000000
1653950766667370984 92.453854 0.000000
1653950766759748877 92.374234 0.000000
1653950766851501248 91.748758 0.000000
1653950766944087500 92.583144 0.000000
1653950767035904488 91.812953 0.000000
1653950767128514901 92.606725 0.000000
1653950767221197254 92.678196 0.000000
1653950767313083239 91.882591 0.000000
1653950767405231466 92.123715 0.000000
1653950767497236356 92.001236 0.000000
1653950767589510867 92.270346 0.000000
1653950767681553078 92.038709 0.000000
1653950767773913951 92.357419 0.000000
1653950767866595004 92.677114 0.000000
1653950767959025308 92.426315 0.000000
1653950768051548077 92.519281 0.000000
1653950768143314116 91.762511 0.000000
1653950768235550899 92.232729 0.000000
1653950768327268384 91.713922 0.000000
1653950768419154197 91.882089 0.000000
1653950768510987692 91.829897 0.000000
1653950768603279414 92.287722 0.000000
1653950768695571316 92.288033 0.000000
1653950768787513734 91.938715 0.000000
1653950768879471133 91.953149 0.000000
1653950768971082031 91.606753 0.000000
1653950769063614402 92.528438 0.000000
1653950769155452052 91.833870 0.000000
1653950769247909740 92.453418 0.000000
1653950769339779294 91.866031 0.000000
1653950769431979277 92.196434 0.000000
1653950769524418191 92.434919 0.000000
1653950769616843233 92.420982 0.000000
1653950769709232446 92.385724 0.000000
1653950769800876090 91.640065 0.000000
1653950769893523830 92.643991 0.000000
1653950769985179381 91.652083 0.000000
1653950770077358015 92.174680 0.000000
1653950770169141689 91.779865 0.000000
1653950770260916843 91.770924 0.000000
1653950770353375564 92.455047 0.000000
1653950770445711288 92.331810 0.000000
1653950770537312412 91.597330 0.000000
1653950770629185004 91.868853 0.000000
1653950770910134308 280.945731 0.000000
1653950771002795374 92.656085 0.000000
1653950771095363309 92.564061 0.000000
1653950771187550321 92.183279 0.000000
1653950771280058426 92.503495 0.000000
1653950771372301800 92.239058 0.000000
1653950771464038696 91.733488 0.000000
1653950771556309203 92.266588 0.000000
1653950771648635470 92.322062 0.000000
1653950771740941896 92.302713 0.000000
1653950771832796520 91.850975 0.000000
1653950771924876524 92.076400 0.000000
1653950772017267130 92.386617 0.000000
1653950772109191402 91.920418 0.000000
1653950772201630156 92.435431 0.000000
