1653950577503308418 257.052111 0.000000
1653950577630065920 126.737199 0.000000
1653950577756905290 126.833136 0.000000
1653950577884354735 127.445861 0.000000
1653950578011339500 126.979806 0.000000
1653950578138097065 126.752790 0.000000
1653950578265126318 127.023655 0.000000
1653950578391646901 126.514916 0.000000
1653950578517858799 126.207307 0.000000
1653950578644450085 126.585727 0.000000
1653950579279076039 634.621460 0.000000
1653950579406616147 127.535194 0.000000
1653950579532905120 126.285153 0.000000
1653950579659140381 126.229345 0.000000
1653950579785419601 126.274769 0.000000
1653950579953929246 168.495557 0.000000
1653950580080242853 126.307950 0.000000
1653950580207114686 126.866440 0.000000
1653950580333779041 126.658768 0.000000
1653950580459260308 125.473772 0.000000
1653950580585749915 126.484222 0.000000
1653950580968111467 382.355808 0.000000
1653950581094827718 126.710509 0.000000
1653950581221153295 126.320289 0.000000
1653950581347400299 126.242638 0.000000
1653950581472714469 125.309277 0.000000
1653950581598175043 125.455122 0.000000
1653950581723119609 124.938067 0.000000
1653950581849002942 125.879302 0.000000
1653950581974012114 125.004996 0.000000
1653950582099977266 125.961421 0.000000
1653950582224826208 124.842472 0.000000
1653950582350780180 125.948738 0.000000
1653950582476493565 125.709899 0.000000
1653950582660435973 183.938711 0.000000
1653950582785859810 125.419105 0.000000
1653950582911559379 125.695620 0.000000
1653950583037343990 125.778637 0.000000
1653950583163124608 125.773783 0.000000
1653950583537579889 374.450448 0.000000
1653950583663083894 125.499100 0.000000
1653950583787812052 124.724315 0.000000
1653950584162334855 374.517996 0.000000
1653950584287278919 124.939857 0.000000
1653950584412367971 125.081452 0.000000
1653950584539007595 126.636262 0.000000
1653950584917180227 378.162313 0.000000
1653950585042976606 125.788909 0.000000
1653950585168049949 125.067031 0.000000
1653950585292529926 124.475875 0.000000
1653950585417687109 125.151993 0.000000
1653950585542292372 124.600140 0.000000
1653950585667188297 124.892061 0.000000
1653950585792563869 125.371549 0.000000
1653950585917675194 125.105727 0.000000
1653950586043165599 125.485405 0.000000
1653950586167978785 124.807528 0.000000
1653950586292735169 124.748145 0.000000
1653950586418253173 125.513102 0.000000
1653950586797767005 379.508503 0.000000
1653950586922875346 125.103149 0.000000
1653950587301965620 379.083728 0.000000
1653950587426802450 124.831613 0.000000
1653950587552360110 125.552659 0.000000
1653950587678051226 125.684821 0.000000
1653950587802864972 124.808890 0.000000
1653950587927455866 124.586548 0.000000
1653950588052837842 125.377003 0.000000
1653950588177913640 125.071464 0.000000
1653950588303593386 125.675217 0.000000
1653950588428520390 124.922078 0.000000
1653950588554098501 125.573316 0.000000
1653950588681791220 127.687375 0.000000
1653950588806906780 125.111121 0.000000
1653950588931485279 124.572345 0.000000
1653950589057277168 125.786787 0.000000
1653950589182696827 125.414712 0.000000
1653950589307199669 124.498307 0.000000
1653950589432596216 125.391346 0.000000
1653950589557540880 124.940132 0.000000
1653950589682231528 124.686221 0.000000
1653950589806844194 124.607665 0.000000
1653950589932188407 125.339040 0.000000
1653950590057631951 125.438702 0.000000
1653950590182336476 124.700004 0.000000
1653950590307501411 125.155136 0.000000
1653950590432928885 125.421961 0.000000
1653950590558272252 125.338345 0.000000
1653950590683735882 125.458894 0.000000
1653950590809414341 125.672835 0.000000
1653950590934230000 124.810344 0.000000
1653950591059516548 125.280814 0.000000
1653950591184129104 124.607033 0.000000
1653950591311954682 127.819564 0.000000
1653950591437023904 125.063493 0.000000
1653950591561354480 124.326371 0.000000
1653950591687243342 125.884136 0.000000
1653950591812548914 125.301076 0.000000
1653950591937334462 124.780586 0.000000
1653950592062273358 124.933807 0.000000
1653950592187211077 124.933861 0.000000
1653950592312749422 125.533327 0.000000
1653950592438264112 125.511033 0.000000
1653950592562879348 124.610360 0.000000
1653950592688146400 125.262386 0.000000
1653950592812540227 124.388675 0.000000
1653950592937407349 124.862622 0.000000
1653950593062615930 125.203820 0.000000
1653950593188492174 125.869757 0.000000
1653950593314001408 125.503961 0.000000
1653950593439389862 125.384346 0.000000
1653950593564547057 125.151779 0.000000
1653950593689679485 125.127240 0.000000
1653950593814188835 124.503577 0.000000
1653950593941505619 127.311838 0.000000
1653950594066572690 125.060271 0.000000
1653950594190985103 124.408827 0.000000
1653950594315395507 124.406294 0.000000
1653950594439439230 124.039696 0.000000
1653950594563401270 123.958137 0.000000
1653950594688404536 124.999374 0.000000
1653950594813257719 124.848346 0.000000
1653950595178259123 364.997403 0.000000
1653950595303142997 124.878406 0.000000
1653950595427545673 124.397599 0.000000
1653950595552464813 124.914450 0.000000
1653950595918285808 365.814449 0.000000
1653950596042937389 124.644736 0.000000
1653950596167305982 124.364744 0.000000
1653950596292629417 125.318598 0.000000
1653950596416861511 124.227548 0.000000
1653950596541875363 125.009415 0.000000
1653950596666051273 124.172987 0.000000
1653950596831630031 165.574303 0.000000
1653950596956642247 125.007836 0.000000
1653950597081749165 125.102341 0.000000
1653950597206042920 124.289676 0.000000
1653950597331491053 125.442645 0.000000
1653950597456083088 124.587123 0.000000
1653950597581066762 124.979369 0.000000
1653950597705748330 124.676210 0.000000
1653950597831260848 125.508028 0.000000
1653950597955983120 124.717337 0.000000
1653950598080805109 124.818328 0.000000
1653950598205295566 124.484764 0.000000
1653950598330619084 125.318611 0.000000
1653950598456042124 125.417191 0.000000
1653950598580051098 124.004027 0.000000
1653950598704576331 124.520452 0.000000
1653950598829257131 124.675026 0.000000
1653950598954448112 125.184441 0.000000
1653950599078714904 124.261861 0.000000
1653950599203206825 124.486995 0.000000
1653950599328246528 125.034672 0.000000
1653950599452831664 124.580130 0.000000
1653950599860368966 407.532022 0.000000
1653950599984785929 124.412213 0.000000
1653950600110058673 125.266990 0.000000
1653950600235301147 125.237327 0.000000
1653950600359954535 124.647928 0.000000
1653950600483886200 123.926726 0.000000
1653950600607549945 123.658888 0.000000
1653950600731658810 124.103536 0.000000
1653950600856686087 125.022697 0.000000
1653950600981561945 124.870274 0.000000
1653950601106412529 124.845815 0.000000
1653950601230489623 124.072198 0.000000
1653950601354924127 124.430076 0.000000
1653950601806275729 451.347256 0.000000
1653950601930788467 124.506759 0.000000
1653950602055786992 124.993755 0.000000
1653950602180749896 124.956644 0.000000
1653950602304965718 124.211243 0.000000
1653950602430011478 125.041116 0.000000
1653950602555545924 125.528252 0.000000
1653950602928583851 373.032327 0.000000
1653950603053346358 124.756756 0.000000
1653950603178464917 125.113581 0.000000
1653950603547470470 369.000487 0.000000
1653950603671672099 124.196151 0.000000
1653950603796884490 125.208202 0.000000
1653950603921844029 124.953876 0.000000
1653950604046721185 124.872299 0.000000
1653950604171136356 124.411132 0.000000
1653950604294915379 123.773915 0.000000
1653950604419941380 125.021236 0.000000
1653950604544180564 124.234117 0.000000
1653950604668338264 124.152227 0.000000
1653950605038973428 370.630919 0.000000
1653950605163866155 124.887004 0.000000
1653950605289055738 125.183819 0.000000
1653950605414192705 125.132277 0.000000
1653950605538596271 124.399556 0.000000
1653950605663089037 124.488268 0.000000
1653950605787339554 124.244428 0.000000
1653950605911401965 124.057846 0.000000
1653950606036171291 124.764580 0.000000
1653950606160828581 124.649756 0.000000
1653950606286235914 125.403047 0.000000
1653950606411376928 125.135676 0.000000
1653950606535842552 124.459214 0.000000
1653950606660554951 124.707953 0.000000
1653950606785942407 125.382320 0.000000
1653950606910284943 124.336565 0.000000
1653950607035298964 125.010710 0.000000
1653950607409798649 374.494959 0.000000
1653950607534946123 125.141936 0.000000
1653950607659308346 124.357607 0.000000
1653950607783888180 124.575309 0.000000
1653950607908818494 124.926170 0.000000
1653950608033541827 124.718716 0.000000
1653950608157891220 124.345013 0.000000
1653950608284006787 126.110802 0.000000
1653950608408068056 124.056272 0.000000
1653950608532374616 124.301675 0.000000
1653950608656347717 123.968938 0.000000
1653950609062228788 405.876590 0.000000
1653950609186886574 124.652165 0.000000
1653950609311138969 124.247730 0.000000
1653950609689252354 378.108443 0.000000
1653950609814042483 124.784963 0.000000
1653950610183772629 369.725615 0.000000
1653950610556958226 373.180696 0.000000
1653950610681644288 124.680735 0.000000
1653950611504384485 822.734658 0.000000
1653950611628526975 124.137832 0.000000
1653950611752940690 124.408062 0.000000
1653950612380610934 627.665187 0.000000
1653950612505583333 124.966976 0.000000
1653950612630626852 125.039004 0.000000
1653950612754588641 123.956468 0.000000
1653950612921980463 167.387015 0.000000
1653950613046144194 124.159320 0.000000
1653950613170798916 124.650047 0.000000
1653950613294866025 124.062392 0.000000
1653950613420002581 125.132282 0.000000
1653950613544836851 124.830174 0.000000
1653950613670501767 125.659899 0.000000
1653950613795841800 125.335128 0.000000
1653950613920368642 124.522387 0.000000
1653950614045451218 125.077950 0.000000
1653950614170739638 125.283910 0.000000
1653950614296134799 125.390358 0.000000
1653950614421599072 125.459557 0.000000
1653950614547145487 125.541654 0.000000
1653950614672363074 125.212011 0.000000
1653950614797463314 125.092211 0.000000
1653950614922084683 124.616940 0.000000
1653950615047613479 125.524836 0.000000
1653950615173142003 125.523533 0.000000
1653950615297776640 124.629179 0.000000
1653950615423343529 125.561967 0.000000
1653950615794023314 370.674780 0.000000
1653950615918841298 124.812656 0.000000
1653950616043125031 124.279279 0.000000
1653950616168419308 125.290289 0.000000
1653950616292756647 124.333637 0.000000
1653950616417378112 124.617035 0.000000
1653950616783360102 365.976880 0.000000
1653950617153304004 369.937267 0.000000
1653950617277771567 124.462237 0.000000
1653950617402056784 124.280214 0.000000
1653950617527148956 125.087434 0.000000
1653950617652087562 124.935157 0.000000
1653950617776271743 124.179306 0.000000
1653950617901350270 125.073941 0.000000
1653950618272858595 371.504228 0.000000
1653950618396723282 123.859180 0.000000
1653950618521077921 124.350319 0.000000
1653950618645406720 124.323757 0.000000
1653950618769862053 124.450747 0.000000
1653950618893884649 124.017970 0.000000
1653950619377176475 483.288199 0.000000
1653950619501683006 124.501534 0.000000
1653950619627055875 125.368132 0.000000
1653950619751096664 124.035616 0.000000
1653950620124961595 373.858973 0.000000
1653950620249642875 124.675406 0.000000
1653950620374587427 124.939404 0.000000
1653950620743273470 368.680794 0.000000
1653950621121988711 378.709808 0.000000
1653950621247289145 125.295262 0.000000
1653950621372499355 125.205329 0.000000
1653950621497788033 125.283991 0.000000
1653950621622108526 124.316328 0.000000
1653950621747587505 125.474654 0.000000
1653950622125960654 378.368924 0.000000
1653950622250789672 124.823812 0.000000
1653950622375224937 124.430131 0.000000
1653950622500067788 124.838858 0.000000
1653950622624186325 124.111716 0.000000
1653950622748325912 124.133247 0.000000
1653950622873415842 125.083994 0.000000
1653950622998172774 124.753130 0.000000
1653950623122441826 124.263885 0.000000
1653950623247107419 124.661333 0.000000
1653950623371382019 124.270530 0.000000
1653950623495693153 124.306660 0.000000
1653950623619935398 124.235407 0.000000
1653950623745213670 125.273775 0.000000
1653950623869752950 124.534604 0.000000
1653950623994758503 125.000526 0.000000
1653950624119840113 125.077110 0.000000
1653950624244202897 124.357551 0.000000
1653950624368928935 124.720862 0.000000
1653950624734183241 365.249369 0.000000
1653950624859237093 125.048858 0.000000
1653950624983731873 124.490341 0.000000
1653950625108040957 124.303980 0.000000
1653950625273994651 165.949484 0.000000
1653950625398381631 124.382359 0.000000
1653950625523203220 124.817259 0.000000
1653950625648021617 124.812238 0.000000
1653950625772190892 124.165255 0.000000
1653950625896738901 124.543564 0.000000
1653950626021972689 125.229609 0.000000
1653950626146908613 124.931700 0.000000
1653950626271106934 124.193655 0.000000
1653950626396023719 124.911663 0.000000
1653950626520153676 124.125797 0.000000
1653950626644403957 124.246302 0.000000
1653950626769132501 124.724449 0.000000
1653950626893129969 123.992453 0.000000
1653950627018193461 125.059196 0.000000
1653950627143440558 125.242742 0.000000
1653950627268881580 125.436207 0.000000
1653950627393416778 124.530964 0.000000
1653950627517734528 124.313661 0.000000
1653950627641978293 124.238949 0.000000
1653950627766293609 124.311489 0.000000
1653950627891198937 124.900742 0.000000
1653950628382152565 490.949012 0.000000
1653950628506520551 124.362216 0.000000
1653950628630845167 124.319780 0.000000
1653950628756048157 125.197874 0.000000
1653950628881129408 125.075418 0.000000
1653950629006401728 125.267424 0.000000
1653950629131230292 124.823487 0.000000
1653950629256240768 125.005605 0.000000
1653950629624029546 367.783860 0.000000
1653950629989224321 365.189508 0.000000
1653950630114318196 125.088021 0.000000
1653950630239337427 125.015282 0.000000
1653950630363776259 124.434794 0.000000
1653950630990395949 626.614904 0.000000
1653950631114552846 124.151484 0.000000
1653950631238975212 124.417649 0.000000
1653950631363256776 124.277349 0.000000
1653950631487737970 124.476794 0.000000
1653950631612862605 125.120336 0.000000
1653950631737138443 124.271052 0.000000
1653950631861223398 124.080537 0.000000
1653950631986226726 124.998655 0.000000
1653950632111627743 125.396186 0.000000
1653950632235828248 124.196411 0.000000
1653950632360591093 124.758970 0.000000
1653950632484559898 123.965697 0.000000
1653950632608740384 124.175815 0.000000
1653950632733186076 124.441187 0.000000
1653950632857414753 124.210650 0.000000
1653950632982150966 124.731928 0.000000
1653950633107382463 125.227419 0.000000
1653950633232555630 125.168556 0.000000
1653950633357481026 124.919136 0.000000
1653950633482617999 125.131901 0.000000
1653950633607847642 125.225343 0.000000
1653950633733257036 125.404557 0.000000
1653950633858460249 125.199615 0.000000
1653950633983490063 125.025549 0.000000
1653950634108383703 124.889741 0.000000
1653950634233054349 124.666939 0.000000
1653950634357798774 124.739539 0.000000
1653950634481949058 124.145613 0.000000
1653950634607496504 125.543256 0.000000
1653950634731986683 124.485503 0.000000
1653950634856135402 124.143748 0.000000
1653950634980463080 124.323724 0.000000
1653950635107426917 126.959321 0.000000
1653950635231722218 124.290805 0.000000
1653950635356375161 124.648470 0.000000
1653950635480846273 124.467793 0.000000
1653950635605921052 125.070842 0.000000
1653950635730374209 124.447840 0.000000
1653950635854896893 124.519164 0.000000
1653950635980055804 125.154284 0.000000
1653950636104941116 124.881660 0.000000
1653950636230039002 125.093782 0.000000
1653950636354514862 124.471524 0.000000
1653950636479354713 124.835270 0.000000
1653950636604716761 125.357303 0.000000
1653950636730083777 125.361909 0.000000
1653950636854501663 124.414029 0.000000
1653950636978797293 124.290983 0.000000
1653950637103358466 124.557284 0.000000
1653950637228549111 125.185796 0.000000
1653950637353824102 125.269719 0.000000
1653950637479808722 125.979815 0.000000
1653950637604764923 124.951457 0.000000
1653950637728933267 124.163708 0.000000
1653950637854059235 125.121317 0.000000
1653950637979265138 125.201259 0.000000
1653950638104313471 125.044128 0.000000
1653950638228949084 124.631263 0.000000
1653950638353846379 124.893121 0.000000
1653950638478974744 125.125351 0.000000
1653950638604275875 125.295794 0.000000
1653950638729221170 124.940463 0.000000
1653950638854062688 124.837127 0.000000
1653950638979053147 124.986483 0.000000
1653950639392680630 413.622753 0.000000
1653950639517286542 124.600750 0.000000
1653950639642635675 125.343770 0.000000
1653950639767254407 124.613928 0.000000
1653950639892516863 125.257754 0.000000
1653950640017571999 125.050192 0.000000
1653950640143001220 125.425135 0.000000
1653950640769187576 626.182540 0.000000
1653950640893884858 124.691664 0.000000
1653950641553295539 659.405420 0.000000
1653950641678576613 125.275986 0.000000
1653950641803489620 124.906863 0.000000
1653950641928234336 124.740874 0.000000
1653950642052728920 124.489626 0.000000
1653950642177985387 125.252219 0.000000
1653950642302650290 124.656745 0.000000
1653950642427364829 124.711403 0.000000
1653950642551993448 124.624383 0.000000
1653950642677543557 125.546555 0.000000
1653950642801954993 124.406277 0.000000
1653950642926223243 124.264047 0.000000
1653950643051674886 125.447088 0.000000
1653950643176030718 124.349291 0.000000
1653950643300321213 124.286290 0.000000
1653950643425495933 125.170305 0.000000
1653950643550898582 125.398594 0.000000
1653950643675245943 124.343240 0.000000
1653950643800658725 125.409178 0.000000
1653950643925134683 124.472163 0.000000
1653950644302991060 377.852323 0.000000
1653950644668652053 365.655721 0.000000
1653950644793251907 124.594967 0.000000
1653950645158200617 364.942560 0.000000
1653950645283276016 125.069888 0.000000
1653950645408604668 125.324607 0.000000
1653950645533062304 124.452933 0.000000
1653950645657413866 124.347262 0.000000
1653950645782179195 124.760360 0.000000
1653950645906980883 124.797450 0.000000
1653950646031381194 124.394207 0.000000
1653950646156760752 125.375243 0.000000
1653950646282237953 125.471738 0.000000
1653950646406880364 124.637650 0.000000
1653950646531073476 124.188436 0.000000
1653950646656092914 125.015023 0.000000
1653950646781478664 125.382502 0.000000
1653950646906538508 125.055129 0.000000
1653950647030979150 124.435841 0.000000
1653950647155595751 124.611193 0.000000
1653950647533234572 377.633970 0.000000
1653950647657719667 124.479387 0.000000
1653950647782710424 124.985930 0.000000
1653950647907038341 124.324235 0.000000
1653950648032048035 125.005129 0.000000
1653950648156898939 124.846558 0.000000
1653950648281209333 124.305858 0.000000
1653950648405364696 124.150477 0.000000
1653950648529547077 124.178131 0.000000
1653950648653754807 124.203220 0.000000
1653950648779029697 125.270976 0.000000
1653950648903320980 124.285986 0.000000
1653950649028855799 125.530744 0.000000
1653950649153420382 124.560534 0.000000
1653950649277729633 124.305086 0.000000
1653950649650888700 373.154758 0.000000
1653950649775722905 124.828262 0.000000
1653950649900863212 125.136668 0.000000
1653950650025170173 124.302635 0.000000
1653950650150468978 125.294419 0.000000
1653950650275159638 124.686911 0.000000
1653950650399357743 124.194223 0.000000
1653950650524478674 125.116886 0.000000
1653950650649809422 125.325717 0.000000
1653950650774798521 124.985010 0.000000
1653950650899240480 124.436626 0.000000
1653950651024422592 125.176384 0.000000
1653950651149774128 125.347292 0.000000
1653950651275177049 125.398380 0.000000
1653950651399718869 124.536898 0.000000
1653950651524623303 124.899663 0.000000
1653950651650082243 125.455142 0.000000
1653950651776399467 126.312787 0.000000
1653950651901268572 124.864490 0.000000
1653950652320975346 419.702063 0.000000
1653950652445373933 124.393533 0.000000
1653950652570083884 124.705803 0.000000
1653950652943108499 373.017888 0.000000
1653950653068085135 124.969968 0.000000
1653950653193510605 125.421604 0.000000
1653950653317944027 124.429267 0.000000
1653950653737934171 419.985738 0.000000
1653950653863437808 125.498596 0.000000
1653950653987792222 124.349201 0.000000
1653950654112921234 125.124973 0.000000
1653950654237143222 124.217540 0.000000
1653950654362023884 124.876771 0.000000
1653950654776075442 414.047705 0.000000
1653950655153265962 377.185710 0.000000
1653950655278415370 125.143699 0.000000
1653950655643928513 365.509347 0.000000
1653950655769076774 125.143238 0.000000
1653950655893796966 124.715715 0.000000
1653950656018873712 125.072240 0.000000
1653950656143291019 124.413298 0.000000
1653950656268492511 125.181332 0.000000
1653950656393746696 125.251028 0.000000
1653950656518749358 124.997897 0.000000
1653950656897181749 378.427640 0.000000
1653950657022337787 125.150331 0.000000
1653950657147223532 124.881445 0.000000
1653950657272229838 125.001605 0.000000
1653950657396214470 123.980181 0.000000
1653950657520918102 124.699444 0.000000
1653950657646253201 125.331002 0.000000
1653950657771358189 125.101471 0.000000
1653950658263729979 492.367868 0.000000
1653950658389226047 125.491417 0.000000
1653950658514026879 124.796006 0.000000
1653950658639330355 125.299266 0.000000
1653950658763568570 124.234376 0.000000
1653950659391176716 627.604031 0.000000
1653950659516186563 125.004500 0.000000
1653950659641038565 124.847155 0.000000
1653950659766283027 125.240223 0.000000
1653950660133346745 367.057354 0.000000
1653950660258132622 124.780339 0.000000
1653950660383669103 125.532091 0.000000
1653950660508220770 124.547372 0.000000
1653950660633617704 125.392602 0.000000
1653950660758433494 124.810924 0.000000
1653950660883705454 125.266247 0.000000
1653950661008421529 124.710848 0.000000
1653950661133839198 125.412978 0.000000
1653950661260581671 126.738113 0.000000
1653950661385992623 125.406542 0.000000
1653950661510720060 124.723258 0.000000
1653950661634857364 124.131731 0.000000
1653950661759805958 124.944324 0.000000
1653950661884400216 124.589852 0.000000
1653950662009191378 124.786798 0.000000
1653950662133789871 124.593696 0.000000
1653950662258973172 125.178738 0.000000
1653950662633116146 374.138438 0.000000
1653950662758552895 125.431434 0.000000
1653950662883812947 125.255011 0.000000
1653950663008347112 124.529539 0.000000
1653950663373496376 365.144347 0.000000
1653950663498003183 124.502056 0.000000
1653950663623193457 125.185714 0.000000
1653950663748581331 125.383569 0.000000
1653950663873516709 124.931143 0.000000
1653950663998061810 124.540946 0.000000
1653950664124526070 126.459675 0.000000
1653950664249077953 124.546246 0.000000
1653950664373681537 124.598863 0.000000
1653950664498242273 124.556542 0.000000
1653950664622870180 124.623784 0.000000
1653950664747300399 124.426089 0.000000
1653950664872492517 125.187292 0.000000
1653950664996984715 124.487792 0.000000
1653950665121255708 124.266057 0.000000
1653950665245705601 124.445423 0.000000
1653950665369838924 124.128913 0.000000
1653950665784801829 414.959327 0.000000
1653950665909783488 124.975510 0.000000
1653950666035096124 125.308111 0.000000
1653950666160204032 125.101519 0.000000
1653950666285230224 125.021898 0.000000
1653950666409546371 124.312105 0.000000
1653950666534525039 124.974047 0.000000
1653950666659311077 124.780781 0.000000
1653950666784372381 125.056903 0.000000
1653950666911605767 127.227668 0.000000
1653950667036640678 125.030342 0.000000
1653950667161499283 124.854298 0.000000
1653950667286854963 125.350946 0.000000
1653950667664412138 377.551877 0.000000
1653950668153887017 489.467643 0.000000
1653950668278190910 124.299092 0.000000
1653950668403035782 124.839510 0.000000
1653950668528270370 125.231292 0.000000
1653950668653456501 125.182034 0.000000
1653950668778771159 125.310774 0.000000
1653950668903325388 124.550553 0.000000
1653950669028626115 125.296637 0.000000
1653950669153956199 125.326092 0.000000
1653950669278827528 124.866790 0.000000
1653950669404004996 125.172571 0.000000
1653950669528224963 124.215542 0.000000
1653950669652571138 124.341614 0.000000
1653950669779364787 126.789349 0.000000
1653950669904421868 125.052360 0.000000
1653950670028620518 124.192740 0.000000
1653950670153245107 124.620685 0.000000
1653950670278661720 125.411804 0.000000
1653950670403062741 124.396749 0.000000
1653950670527435080 124.367211 0.000000
1653950670652807973 125.368633 0.000000
1653950670777494158 124.682411 0.000000
1653950670901852616 124.353782 0.000000
1653950671027304145 125.447319 0.000000
1653950671152774689 125.466547 0.000000
1653950671277367068 124.588288 0.000000
1653950671402548438 125.177356 0.000000
1653950671814829616 412.274723 0.000000
1653950671939487825 124.652191 0.000000
1653950672063947057 124.454426 0.000000
1653950672189287882 125.336205 0.000000
1653950672314613692 125.320724 0.000000
1653950672440404889 125.786992 0.000000
1653950672566021900 125.612642 0.000000
1653950672931764947 365.738469 0.000000
1653950673056227196 124.457935 0.000000
1653950673422005711 365.774954 0.000000
1653950673546400485 124.390289 0.000000
1653950673671628852 125.223947 0.000000
1653950673796073646 124.440611 0.000000
1653950673920976999 124.899008 0.000000
1653950674046083935 125.102761 0.000000
1653950674170619227 124.531493 0.000000
1653950674295728821 125.105780 0.000000
1653950674420087135 124.353974 0.000000
1653950674545444066 125.352496 0.000000
1653950674670082398 124.633871 0.000000
1653950674794712100 124.625603 0.000000
1653950674919784901 125.068847 0.000000
1653950675044971356 125.181223 0.000000
1653950675169577590 124.601594 0.000000
1653950675294400798 124.819517 0.000000
1653950675420853756 126.448367 0.000000
1653950675545671447 124.813328 0.000000
1653950675670290997 124.615345 0.000000
1653950675795503767 125.208891 0.000000
1653950675919774214 124.266102 0.000000
1653950676045316681 125.536117 0.000000
1653950676170649409 125.328314 0.000000
1653950676295941114 125.287725 0.000000
1653950676420650610 124.704785 0.000000
1653950676545887511 125.231159 0.000000
1653950676670679068 124.786630 0.000000
1653950676795967835 125.283555 0.000000
1653950676920816154 124.838742 0.000000
1653950677045715405 124.895199 0.000000
1653950677170603225 124.884336 0.000000
1653950677295724332 125.117218 0.000000
1653950677420595699 124.866976 0.000000
1653950677545686435 125.085955 0.000000
1653950677670598948 124.907471 0.000000
1653950678039603739 369.000085 0.000000
1653950678164989656 125.380875 0.000000
1653950678290174089 125.180298 0.000000
1653950678415195634 125.017265 0.000000
1653950678580995998 165.795998 0.000000
1653950678706471764 125.470489 0.000000
1653950679083653022 377.176021 0.000000
1653950679209120948 125.461111 0.000000
1653950679333799946 124.674192 0.000000
1653950679458977760 125.173718 0.000000
1653950679583288518 124.304603 0.000000
1653950679708323444 125.030185 0.000000
1653950679833014185 124.686832 0.000000
1653950679958369269 125.349978 0.000000
1653950680084073771 125.700126 0.000000
1653950680208493201 124.414985 0.000000
1653950680332866444 124.368228 0.000000
1653950680458031696 125.161534 0.000000
1653950680583214255 125.178745 0.000000
1653950680707864691 124.645701 0.000000
1653950680833311204 125.442372 0.000000
1653950680958163370 124.848173 0.000000
1653950681083800122 125.632861 0.000000
1653950681208480949 124.676837 0.000000
1653950681332666300 124.181232 0.000000
1653950681456842339 124.172225 0.000000
1653950681581860526 125.014262 0.000000
1653950681707324381 125.459737 0.000000
1653950681832369571 125.041341 0.000000
1653950681957791594 125.417299 0.000000
1653950682082713690 124.916449 0.000000
1653950682207946956 125.228920 0.000000
1653950682333158592 125.206523 0.000000
1653950682458788172 125.625120 0.000000
1653950682583400784 124.608303 0.000000
1653950682707735607 124.329315 0.000000
1653950682832358980 124.618667 0.000000
1653950682956969924 124.606810 0.000000
1653950683081362415 124.388277 0.000000
1653950683206595865 125.229054 0.000000
1653950683333942966 127.342175 0.000000
1653950683459263394 125.316042 0.000000
1653950683584117027 124.849288 0.000000
1653950683708902907 124.781771 0.000000
1653950683833721558 124.813690 0.000000
1653950683958718789 124.992260 0.000000
1653950684083175048 124.451613 0.000000
1653950684207699485 124.519841 0.000000
1653950684331903829 124.199648 0.000000
1653950684457647213 125.739259 0.000000
1653950684582666690 125.014786 0.000000
1653950684707988886 125.317921 0.000000
1653950684833537478 125.542974 0.000000
1653950684958655982 125.113838 0.000000
1653950685083952543 125.292098 0.000000
1653950685499558201 415.601483 0.000000
1653950685624357416 124.793999 0.000000
1653950686244105521 619.744321 0.000000
1653950686669480315 425.368824 0.000000
1653950686794158141 124.672736 0.000000
1653950686919573337 125.410516 0.000000
1653950687044891024 125.313372 0.000000
1653950687169149007 124.254249 0.000000
1653950687293334250 124.180807 0.000000
1653950687417793033 124.453993 0.000000
1653950687543255694 125.457313 0.000000
1653950687668325532 125.065292 0.000000
1653950687793914025 125.584308 0.000000
1653950687919201293 125.281615 0.000000
1653950688044507540 125.302142 0.000000
1653950688169784509 125.272383 0.000000
1653950688295345598 125.557687 0.000000
1653950688420284772 124.934042 0.000000
1653950688544939651 124.650194 0.000000
1653950688669784891 124.841072 0.000000
1653950688795202141 125.410860 0.000000
1653950688920408244 125.201083 0.000000
1653950689044880258 124.467864 0.000000
1653950689169324663 124.440420 0.000000
1653950689293544686 124.216344 0.000000
1653950689418771143 125.222075 0.000000
1653950689543066428 124.291440 0.000000
1653950689668720151 125.649813 0.000000
1653950689794004220 125.279214 0.000000
1653950689919513503 125.505103 0.000000
1653950690045007797 125.490460 0.000000
1653950690418476441 373.464815 0.000000
1653950690543457401 124.975562 0.000000
1653950690669069788 125.607621 0.000000
1653950690794754547 125.679111 0.000000
1653950690919935152 125.175827 0.000000
1653950691044572845 124.630975 0.000000
1653950691169023386 124.445788 0.000000
1653950691293831129 124.803473 0.000000
1653950691418208787 124.372401 0.000000
1653950691542845005 124.631706 0.000000
1653950691668447689 125.598304 0.000000
1653950691792783645 124.331248 0.000000
1653950691917845412 125.058029 0.000000
1653950692296180351 378.330774 0.000000
1653950692420841397 124.655788 0.000000
1653950692545427099 124.580020 0.000000
1653950692670502110 125.070736 0.000000
1653950692794598354 124.091623 0.000000
1653950692919654485 125.051151 0.000000
1653950693044416949 124.758484 0.000000
1653950693168497878 124.076016 0.000000
1653950693293655460 125.153960 0.000000
1653950693417909805 124.248722 0.000000
1653950693543645944 125.730686 0.000000
1653950693668605101 124.954005 0.000000
1653950693793828644 125.219223 0.000000
1653950693919538145 125.705682 0.000000
1653950694044218069 124.674892 0.000000
1653950694168631410 124.407843 0.000000
1653950694293952913 125.316402 0.000000
1653950694419095161 125.136690 0.000000
1653950694543765337 124.665776 0.000000
1653950694669302848 125.532274 0.000000
1653950694794028813 124.721786 0.000000
1653950694919035723 125.002075 0.000000
1653950695044112227 125.072596 0.000000
1653950695168737398 124.621062 0.000000
1653950695293094918 124.353200 0.000000
1653950695417642733 124.543374 0.000000
1653950695543029989 125.381981 0.000000
1653950695668058934 125.024053 0.000000
1653950695792551101 124.487636 0.000000
1653950695917259628 124.703755 0.000000
1653950696042541217 125.276803 0.000000
1653950696167837592 125.292050 0.000000
1653950696292108258 124.266142 0.000000
1653950696665761573 373.649435 0.000000
1653950696791087698 125.319484 0.000000
1653950696918596065 127.503371 0.000000
1653950697043384517 124.782953 0.000000
1653950697169125455 125.734468 0.000000
1653950697293632856 124.502541 0.000000
1653950697417812706 124.174288 0.000000
1653950697543407931 125.590143 0.000000
1653950697668903713 125.491748 0.000000
1653950697793727891 124.820449 0.000000
1653950697919075828 125.343332 0.000000
1653950698044171420 125.091041 0.000000
1653950698169308244 125.132671 0.000000
1653950698294426898 125.114939 0.000000
1653950698418683727 124.252526 0.000000
1653950698543761954 125.073548 0.000000
1653950698669116719 125.350155 0.000000
1653950698794264418 125.141300 0.000000
1653950698918771548 124.501940 0.000000
1653950699044296963 125.521270 0.000000
1653950699169501795 125.200562 0.000000
1653950699294699966 125.193811 0.000000
1653950699419068944 124.364162 0.000000
1653950699544197608 125.124147 0.000000
1653950699668528940 124.326948 0.000000
1653950699793789378 125.256384 0.000000
1653950699919092197 125.299467 0.000000
1653950700044127780 125.031465 0.000000
1653950700168397671 124.265812 0.000000
1653950700292912567 124.511344 0.000000
1653950700658660022 365.743015 0.000000
1653950700784024228 125.358778 0.000000
1653950701153578598 369.545344 0.000000
1653950701278630028 125.046033 0.000000
1653950701404059601 125.425428 0.000000
1653950701529299937 125.236489 0.000000
1653950701654389310 125.084662 0.000000
1653950702020744993 366.347616 0.000000
1653950702145132361 124.381763 0.000000
1653950702269962014 124.825465 0.000000
1653950702394652904 124.686044 0.000000
1653950702519236423 124.579784 0.000000
1653950702643659738 124.419129 0.000000
1653950702768589279 124.925755 0.000000
1653950702893220290 124.626476 0.000000
1653950703018742294 125.517799 0.000000
1653950703144388170 125.641943 0.000000
1653950703269868099 125.475613 0.000000
1653950703394594576 124.721978 0.000000
1653950703519149898 124.550970 0.000000
1653950703643476335 124.322217 0.000000
1653950703768631694 125.150408 0.000000
1653950703893337017 124.700762 0.000000
1653950704018339303 124.997483 0.000000
1653950704143599955 125.257033 0.000000
1653950704268879145 125.275432 0.000000
1653950704393730704 124.847223 0.000000
1653950704518645890 124.911037 0.000000
1653950704643191392 124.541001 0.000000
1653950704767931926 124.736538 0.000000
1653950704893232302 125.296052 0.000000
1653950705018169544 124.932445 0.000000
1653950705143399892 125.226103 0.000000
1653950705267928288 124.523411 0.000000
1653950705393447289 125.514831 0.000000
1653950705519145486 125.693618 0.000000
1653950705643821285 124.671719 0.000000
1653950705768664513 124.838617 0.000000
1653950705893698559 125.029420 0.000000
1653950706018959643 125.256749 0.000000
1653950706143244138 124.278881 0.000000
1653950706268203360 124.955479 0.000000
1653950706393491376 125.283395 0.000000
1653950706518977588 125.481696 0.000000
1653950706644969883 125.987884 0.000000
1653950706769561819 124.588193 0.000000
1653950706894618438 125.051979 0.000000
1653950707019628618 125.005759 0.000000
1653950707144741838 125.108944 0.000000
1653950707270034318 125.288457 0.000000
1653950707394470099 124.431250 0.000000
1653950707519416275 124.941671 0.000000
1653950707643998676 124.577936 0.000000
1653950707768372523 124.369632 0.000000
1653950707893414938 125.037829 0.000000
1653950708018564151 125.145460 0.000000
1653950708143276594 124.708488 0.000000
1653950708268837152 125.556732 0.000000
1653950708393256441 124.415588 0.000000
1653950708518739142 125.479544 0.000000
1653950708644734410 125.991278 0.000000
1653950708770032369 125.292626 0.000000
1653950708894420503 124.383423 0.000000
1653950709019998462 125.574133 0.000000
1653950709145502685 125.500550 0.000000
1653950709270624099 125.117308 0.000000
1653950709396042981 125.414979 0.000000
1653950709521506739 125.459203 0.000000
1653950709647163099 125.651450 0.000000
1653950709772020063 124.852593 0.000000
1653950709897385728 125.361200 0.000000
1653950710021944804 124.555107 0.000000
1653950710147136830 125.187811 0.000000
1653950710272526365 125.385696 0.000000
1653950710398160254 125.629408 0.000000
1653950710522589662 124.425326 0.000000
1653950710647367903 124.774081 0.000000
1653950710772318242 124.945383 0.000000
1653950710897650685 125.328183 0.000000
1653950711022216330 124.561836 0.000000
1653950711147370112 125.149738 0.000000
1653950711272115435 124.739484 0.000000
1653950711803775430 531.654819 0.000000
1653950712177505677 373.723860 0.000000
1653950712302675888 125.165097 0.000000
1653950712475951395 173.270761 0.000000
1653950712601370317 125.413119 0.000000
1653950712726513223 125.138381 0.000000
1653950712851304729 124.787396 0.000000
1653950712977640691 126.332235 0.000000
1653950713102261329 124.616108 0.000000
1653950713227452888 125.187138 0.000000
1653950713593722830 366.265421 0.000000
1653950713718971011 125.242953 0.000000
1653950713843823087 124.848079 0.000000
1653950713969058547 125.230779 0.000000
1653950714093637233 124.574382 0.000000
1653950714219240351 125.599632 0.000000
1653950714344324059 125.079072 0.000000
1653950714469014213 124.686094 0.000000
1653950714593758677 124.739999 0.000000
1653950714718908909 125.145910 0.000000
1653950714844242157 125.327800 0.000000
1653950715216522613 372.274807 0.000000
1653950715341025040 124.496725 0.000000
1653950715466464053 125.434286 0.000000
1653950715592059409 125.591066 0.000000
1653950715717357670 125.293545 0.000000
1653950715842617066 125.255527 0.000000
1653950715967820031 125.198866 0.000000
1653950716093299757 125.475324 0.000000
1653950716459295122 365.990809 0.000000
1653950716584415996 125.115707 0.000000
1653950716709655377 125.235421 0.000000
1653950716835113572 125.454306 0.000000
1653950716960116789 124.997420 0.000000
1653950717084507818 124.387268 0.000000
1653950717209872282 125.359928 0.000000
1653950717334863705 124.987443 0.000000
1653950717708675145 373.807566 0.000000
1653950717835139967 126.459201 0.000000
1653950717960634547 125.489690 0.000000
1653950718085728337 125.089575 0.000000
1653950718211180369 125.447597 0.000000
1653950718336217547 125.033224 0.000000
1653950719001258246 665.036365 0.000000
1653950719126515536 125.253324 0.000000
1653950719251593339 125.073543 0.000000
1653950719376728463 125.131061 0.000000
1653950719501756029 125.023601 0.000000
1653950719627245990 125.485455 0.000000
1653950719752730120 125.480166 0.000000
1653950719877353703 124.619066 0.000000
1653950720001689675 124.331740 0.000000
1653950720127248820 125.553106 0.000000
1653950720252436111 125.183066 0.000000
1653950720378076691 125.635653 0.000000
1653950720503100677 125.019792 0.000000
1653950720628836808 125.730794 0.000000
1653950720754070988 125.229730 0.000000
1653950720878692479 124.617091 0.000000
1653950721003593640 124.895990 0.000000
1653950721382675200 379.077094 0.000000
1653950721510624397 127.943880 0.000000
1653950721636553697 125.924715 0.000000
1653950721762071029 125.511804 0.000000
1653950721887346701 125.271376 0.000000
1653950722012435677 125.084170 0.000000
1653950722138081323 125.641046 0.000000
1653950722263286583 125.201358 0.000000
1653950722388840562 125.549735 0.000000
1653950722513492844 124.647962 0.000000
1653950722638452119 124.955125 0.000000
1653950722762997747 124.541779 0.000000
1653950722888301895 125.300428 0.000000
1653950723014206726 125.900686 0.000000
1653950723138545004 124.334696 0.000000
1653950723517173509 378.624099 0.000000
1653950723642679006 125.499794 0.000000
1653950723768073865 125.390299 0.000000
1653950723893333954 125.254080 0.000000
1653950724018292978 124.954629 0.000000
1653950724143980885 125.683618 0.000000
1653950724269326002 125.340961 0.000000
1653950724394345346 125.015056 0.000000
1653950724519631760 125.281719 0.000000
1653950724645161245 125.525290 0.000000
1653950724770501758 125.336711 0.000000
1653950724895720187 125.215256 0.000000
1653950725020324953 124.600501 0.000000
1653950725145780008 125.450774 0.000000
1653950725270563680 124.779032 0.000000
1653950725395266102 124.697982 0.000000
1653950725520876598 125.604946 0.000000
1653950725646599843 125.718296 0.000000
1653950725771981495 125.377664 0.000000
1653950725896822193 124.835567 0.000000
1653950726021895732 125.069375 0.000000
1653950726147156000 125.256038 0.000000
1653950726271988548 124.828163 0.000000
1653950726396537505 124.544561 0.000000
1653950726521962340 125.420715 0.000000
1653950726650418453 128.451768 0.000000
1653950726776151796 125.729143 0.000000
1653950726901515880 125.358962 0.000000
1653950727026068820 124.546189 0.000000
1653950727151537081 125.463906 0.000000
1653950727276892760 125.351139 0.000000
1653950727402416960 125.519896 0.000000
1653950727527065463 124.644236 0.000000
1653950727651666351 124.595550 0.000000
1653950727777266796 125.597088 0.000000
1653950727901871996 124.600633 0.000000
1653950728027450212 125.572362 0.000000
1653950728152833556 125.378918 0.000000
1653950728278110640 125.272917 0.000000
1653950728403305212 125.190196 0.000000
1653950728528426511 125.117169 0.000000
1653950728653797511 125.365588 0.000000
1653950729023772536 369.970826 0.000000
1653950729150256012 126.478792 0.000000
1653950729275226190 124.965848 0.000000
1653950729399723018 124.490102 0.000000
1653950729525401115 125.673846 0.000000
1653950729903960286 378.552961 0.000000
1653950730028942882 124.977860 0.000000
1653950730154260773 125.290357 0.000000
1653950730279530892 125.265649 0.000000
1653950730405114089 125.578463 0.000000
1653950730530704367 125.586275 0.000000
1653950730655340841 124.631348 0.000000
1653950730780179631 124.834483 0.000000
1653950730905271111 125.086568 0.000000
1653950731071192544 165.917259 0.000000
1653950731196689936 125.492741 0.000000
1653950731322151560 125.457621 0.000000
1653950731447071089 124.915124 0.000000
1653950731572339755 125.264340 0.000000
1653950731697684266 125.339710 0.000000
1653950731823313220 125.624654 0.000000
1653950731949189957 125.872626 0.000000
1653950732074165868 124.972386 0.000000
1653950732199544188 125.373850 0.000000
1653950732325122021 125.573829 0.000000
1653950732450323314 125.196829 0.000000
1653950732575967547 125.639241 0.000000
1653950732701161133 125.189461 0.000000
1653950732825854717 124.688923 0.000000
1653950732951239346 125.379797 0.000000
1653950733316005009 364.761344 0.000000
1653950733440798651 124.788299 0.000000
1653950733566023744 125.220753 0.000000
1653950733691297136 125.269495 0.000000
1653950733815699113 124.397442 0.000000
1653950733941107904 125.405130 0.000000
1653950734065755397 124.643293 0.000000
1653950734191184459 125.424456 0.000000
1653950734315627570 124.438721 0.000000
1653950734736479569 420.847393 0.000000
1653950734861753360 125.268223 0.000000
1653950734986309683 124.551821 0.000000
1653950735110926213 124.612519 0.000000
1653950735236398129 125.467576 0.000000
1653950735360769570 124.367106 0.000000
1653950735485923691 125.150106 0.000000
1653950735611510133 125.579811 0.000000
1653950735736612917 125.095332 0.000000
1653950735861770187 125.152504 0.000000
1653950735987284684 125.509909 0.000000
1653950736112413039 125.124336 0.000000
1653950736237887686 125.470498 0.000000
1653950736604369704 366.477657 0.000000
1653950736729357485 124.982133 0.000000
1653950736853814192 124.451881 0.000000
1653950736979256750 125.437075 0.000000
1653950737104786549 125.525339 0.000000
1653950737230572594 125.781775 0.000000
1653950737355971368 125.394168 0.000000
1653950737482771532 126.795549 0.000000
1653950737897073251 414.297173 0.000000
1653950738021797063 124.718248 0.000000
1653950738147225267 125.422666 0.000000
1653950738272698124 125.468707 0.000000
1653950738398308906 125.606227 0.000000
1653950738523834707 125.521024 0.000000
1653950738648701909 124.863172 0.000000
1653950738774024159 125.318094 0.000000
1653950738899194108 125.165469 0.000000
1653950739024121963 124.920257 0.000000
1653950739149007130 124.881079 0.000000
1653950739274763661 125.752316 0.000000
1653950739400008072 125.240041 0.000000
1653950739525026562 125.014211 0.000000
1653950739650500757 125.469398 0.000000
1653950739775840921 125.335573 0.000000
1653950739901518232 125.673082 0.000000
1653950740027257273 125.734079 0.000000
1653950740153478428 126.215994 0.000000
1653950740278127751 124.645159 0.000000
1653950740403562666 125.429918 0.000000
1653950740569566592 165.999749 0.000000
1653950740694910733 125.340216 0.000000
1653950740819798899 124.884644 0.000000
1653950740944721580 124.917419 0.000000
1653950741069189424 124.464178 0.000000
1653950741194732836 125.539579 0.000000
1653950741564878061 370.141650 0.000000
1653950741689939567 125.056857 0.000000
1653950741815512465 125.568177 0.000000
1653950741941190768 125.674113 0.000000
1653950742066332013 125.137355 0.000000
1653950742191664833 125.328065 0.000000
1653950742316626655 124.957576 0.000000
1653950742441441433 124.810379 0.000000
1653950742567141577 125.695879 0.000000
1653950742691710603 124.564545 0.000000
1653950742816950853 125.235880 0.000000
1653950742942321666 125.366177 0.000000
1653950743067597229 125.271734 0.000000
1653950743192736995 125.135752 0.000000
1653950743318502227 125.760395 0.000000
1653950743444225586 125.718958 0.000000
1653950743569348233 125.118652 0.000000
1653950743694817931 125.465548 0.000000
1653950744067648550 372.826304 0.000000
1653950744193683882 126.030591 0.000000
1653950744319130524 125.441517 0.000000
1653950744444160010 125.025805 0.000000
1653950744569559386 125.394238 0.000000
1653950744695280526 125.717494 0.000000
1653950744821032494 125.747919 0.000000
1653950744946727916 125.691297 0.000000
1653950745576628396 629.896325 0.000000
1653950745701320150 124.686027 0.000000
1653950745827623444 126.298704 0.000000
1653950745952189372 124.561116 0.000000
1653950746077435675 125.241632 0.000000
1653950746203352294 125.912424 0.000000
1653950746327537352 124.181928 0.000000
1653950746452499740 124.958927 0.000000
1653950746577308235 124.804571 0.000000
1653950746702532697 125.220653 0.000000
1653950746826948124 124.410711 0.000000
1653950746952454907 125.502733 0.000000
1653950747077386674 124.927863 0.000000
1653950747202904198 125.513101 0.000000
1653950747569051223 366.143190 0.000000
1653950747694145520 125.088383 0.000000
1653950748187499095 493.349223 0.000000
1653950748312007732 124.502428 0.000000
1653950748437308260 125.295778 0.000000
1653950748562430539 125.117684 0.000000
1653950748687587423 125.152608 0.000000
1653950748812068748 124.477157 0.000000
1653950748936728981 124.655947 0.000000
1653950749062709316 125.976853 0.000000
1653950749188141589 125.427878 0.000000
1653950749313703609 125.557715 0.000000
1653950749438196690 124.488481 0.000000
1653950749563412962 125.211766 0.000000
1653950749688958790 125.541051 0.000000
1653950749813585422 124.621999 0.000000
1653950749938951967 125.362426 0.000000
1653950750064199632 125.244367 0.000000
1653950750189465077 125.260905 0.000000
1653950750314192879 124.722870 0.000000
1653950750439581306 125.383936 0.000000
1653950750565121790 125.536264 0.000000
1653950750690336403 125.210503 0.000000
1653950750815113369 124.771313 0.000000
1653950750940421553 125.303990 0.000000
1653950751065755803 125.330071 0.000000
1653950751190761055 125.000856 0.000000
1653950751315686463 124.919049 0.000000
1653950751440562214 124.871206 0.000000
1653950751565535817 124.969187 0.000000
1653950751690655573 125.114378 0.000000
1653950751816111166 125.451578 0.000000
1653950751941328641 125.213589 0.000000
1653950752066799509 125.464927 0.000000
1653950752192461723 125.657770 0.000000
1653950752317875558 125.409374 0.000000
1653950752443309695 125.429586 0.000000
1653950752568391246 125.076029 0.000000
1653950752693292180 124.897982 0.000000
1653950752818475114 125.178152 0.000000
1653950752944005073 125.525228 0.000000
1653950753069674271 125.664612 0.000000
1653950753195383833 125.705262 0.000000
1653950753321288051 125.900149 0.000000
1653950753687557336 366.264442 0.000000
1653950753813276920 125.713921 0.000000
1653950753938833070 125.550998 0.000000
1653950754064301002 125.463584 0.000000
1653950754189623196 125.318523 0.000000
1653950754313718135 124.090604 0.000000
1653950754438655939 124.933770 0.000000
1653950754563768758 125.108956 0.000000
1653950754688698179 124.925141 0.000000
1653950754813825645 125.123502 0.000000
1653950754939742312 125.912648 0.000000
1653950755065483381 125.736082 0.000000
1653950755190522166 125.034920 0.000000
1653950755315559938 125.033753 0.000000
1653950755441145410 125.580952 0.000000
1653950755565740116 124.590240 0.000000
1653950755691185688 125.441613 0.000000
1653950755815921072 124.731316 0.000000
1653950755941254622 125.329348 0.000000
1653950756066821256 125.562238 0.000000
1653950756192397571 125.571749 0.000000
1653950756317706065 125.303677 0.000000
1653950756446181786 128.471081 0.000000
1653950756571673147 125.486533 0.000000
1653950756697089138 125.412238 0.000000
1653950756822871753 125.778911 0.000000
1653950756948591156 125.715518 0.000000
1653950757074717459 126.121837 0.000000
1653950757199960130 125.237834 0.000000
1653950757324845619 124.880318 0.000000
1653950757449577237 124.727808 0.000000
1653950757575215031 125.633493 0.000000
1653950757701346265 126.126824 0.000000
1653950757826869227 125.518862 0.000000
1653950757952151564 125.277847 0.000000
1653950758077871823 125.716220 0.000000
1653950758203186711 125.310091 0.000000
1653950758329062070 125.871145 0.000000
1653950758454523880 125.457424 0.000000
1653950758580119625 125.590107 0.000000
1653950758705408847 125.285384 0.000000
1653950758830550518 125.137250 0.000000
1653950758958908923 128.354085 0.000000
1653950759084532521 125.619222 0.000000
1653950759210058502 125.521977 0.000000
1653950759335431005 125.369030 0.000000
1653950759460327384 124.892436 0.000000
1653950759584983308 124.651716 0.000000
1653950759710577532 125.590872 0.000000
1653950759836154408 125.572791 0.000000
1653950759960940645 124.781644 0.000000
1653950760086466588 125.522551 0.000000
1653950760211917251 125.447445 0.000000
1653950760337344314 125.422923 0.000000
1653950760711276077 373.926927 0.000000
1653950760836268766 124.987186 0.000000
1653950760961421518 125.149044 0.000000
1653950761086220770 124.796158 0.000000
1653950761212017740 125.792334 0.000000
1653950761337031047 125.009544 0.000000
1653950761462068780 125.033173 0.000000
1653950761587948975 125.875685 0.000000
1653950761713018531 125.064759 0.000000
1653950761838551549 125.528718 0.000000
1653950761964116462 125.559440 0.000000
1653950762089507580 125.385641 0.000000
1653950762214148777 124.636810 0.000000
1653950762339183478 125.028974 0.000000
1653950762464300717 125.112924 0.000000
1653950762588823563 124.518024 0.000000
1653950762755377486 166.549978 0.000000
1653950762880859681 125.477725 0.000000
1653950763008670746 127.806285 0.000000
1653950763134031559 125.356041 0.000000
1653950763259516650 125.480906 0.000000
1653950763384715877 125.194566 0.000000
1653950763510463729 125.743512 0.000000
1653950763636178578 125.710399 0.000000
1653950763761537005 125.354071 0.000000
1653950763887220793 125.678881 0.000000
1653950764012851037 125.626184 0.000000
1653950764140214988 127.359686 0.000000
1653950764266093012 125.872741 0.000000
1653950764391230294 125.132591 0.000000
1653950764516613769 125.379756 0.000000
1653950764642276392 125.658609 0.000000
1653950764767632042 125.351500 0.000000
1653950764892485481 124.849369 0.000000
1653950765017648558 125.158351 0.000000
1653950765142339027 124.686260 0.000000
1653950765267537151 125.194928 0.000000
1653950765392441239 124.898814 0.000000
1653950765517518019 125.071502 0.000000
1653950765643283253 125.761041 0.000000
1653950765768305851 125.019183 0.000000
1653950765893463135 125.153269 0.000000
1653950766018072576 124.605016 0.000000
1653950766143084065 125.006628 0.000000
1653950766268024029 124.936045 0.000000
1653950766393605674 125.576808 0.000000
1653950766518659372 125.049456 0.000000
1653950766644709482 126.045912 0.000000
1653950766770097791 125.384186 0.000000
1653950766894519304 124.418466 0.000000
1653950767020342680 125.819739 0.000000
1653950767145747082 125.398579 0.000000
1653950767271255865 125.504276 0.000000
1653950767396291613 125.032705 0.000000
1653950767522091289 125.794800 0.000000
1653950767647799431 125.702726 0.000000
1653950767773770274 125.965446 0.000000
1653950767899262852 125.487786 0.000000
1653950768024744437 125.475889 0.000000
1653950768150556468 125.805631 0.000000
1653950768529237998 378.676453 0.000000
1653950768654456190 125.213613 0.000000
1653950768778909349 124.448364 0.000000
1653950768904652474 125.738699 0.000000
1653950769029092244 124.435458 0.000000
1653950769153848470 124.748984 0.000000
1653950769279582026 125.728760 0.000000
1653950769404510542 124.923870 0.000000
1653950769777620617 373.105746 0.000000
1653950769902768533 125.142353 0.000000
1653950770028410111 125.636291 0.000000
1653950770153694784 125.280293 0.000000
1653950770279112744 125.413371 0.000000
1653950770404988408 125.869871 0.000000
1653950770530384876 125.391041 0.000000
1653950770655958054 125.568568 0.000000
1653950770780776938 124.814142 0.000000
1653950770906378738 125.596567 0.000000
1653950771032113356 125.730665 0.000000
1653950771157503748 125.386584 0.000000
1653950771283185392 125.677121 0.000000
1653950771408591919 125.402309 0.000000
1653950771533433450 124.837348 0.000000
1653950771658811415 125.373494 0.000000
1653950771784169403 125.353277 0.000000
1653950771910131865 125.957782 0.000000
1653950772035506081 125.369730 0.000000
1653950772160990127 125.479285 0.000000
1653950772286331415 125.336688 0.000000
1653950772411741674 125.405396 0.000000
1653950772536937486 125.191439 0.000000
1653950772702837268 165.895293 0.000000
1653950772828325133 125.483083 0.000000
1653950772954141731 125.812158 0.000000
1653950773079885370 125.739218 0.000000
1653950773205254646 125.365080 0.000000
1653950773330991616 125.733123 0.000000
1653950773456769376 125.772995 0.000000
1653950773581659830 124.885974 0.000000
1653950773707418086 125.753239 0.000000
1653950773832939135 125.516448 0.000000
1653950773958552975 125.609906 0.000000
1653950774084243844 125.686719 0.000000
1653950774209870500 125.622161 0.000000
1653950774335381652 125.506747 0.000000
1653950774461050298 125.664259 0.000000
1653950774586188540 125.134291 0.000000
1653950774711143357 124.950943 0.000000
1653950774836523213 125.371236 0.000000
1653950774962005734 125.478532 0.000000
1653950775087270065 125.259138 0.000000
1653950775821123898 733.849087 0.000000
1653950775946510944 125.381037 0.000000
1653950776072988657 126.473519 0.000000
1653950776198691256 125.698589 0.000000
1653950776324146614 125.450446 0.000000
1653950776450056615 125.905721 0.000000
1653950776825018551 374.958162 0.000000
1653950776950287421 125.264539 0.000000
1653950777076387242 126.096173 0.000000
1653950777202347337 125.956683 0.000000
1653950777328006879 125.655908 0.000000
1653950777452901224 124.890546 0.000000
1653950777580370021 127.465394 0.000000
1653950777706210378 125.837029 0.000000
1653950777832077106 125.862779 0.000000
1653950778208449661 376.369312 0.000000
1653950778333760990 125.306718 0.000000
