1653950576609555265 307.854347 0.000000
1653950576761400682 151.832090 0.000000
1653950576912889254 151.482342 0.000000
1653950577063669323 150.775465 0.000000
1653950577213874876 150.201329 0.000000
1653950577363650480 149.771000 0.000000
1653950577514972020 151.315613 0.000000
1653950577666656335 151.680298 0.000000
1653950577816958335 150.297476 0.000000
1653950577967076840 150.113538 0.000000
1653950578118173778 151.091614 0.000000
1653950578267941717 149.763583 0.000000
1653950578417812505 149.852585 0.000000
1653950578568106642 150.288891 0.000000
1653950578718547914 150.436555 0.000000
1653950578867850982 149.297131 0.000000
1653950579017775029 149.917366 0.000000
1653950579168289272 150.508674 0.000000
1653950579319243138 150.948883 0.000000
1653950579468868705 149.621883 0.000000
1653950579618890905 150.017160 0.000000
1653950579769470368 150.574321 0.000000
1653950579919606805 150.130965 0.000000
1653950580069313344 149.701453 0.000000
1653950580220390671 151.071428 0.000000
1653950580369777307 149.380026 0.000000
1653950580519723852 149.939856 0.000000
1653950580669842260 150.113191 0.000000
1653950580819707356 149.860165 0.000000
1653950580969454256 149.742031 0.000000
1653950581119061539 149.603420 0.000000
1653950581268814872 149.748030 0.000000
1653950581419213106 150.392652 0.000000
1653950581568638937 149.420609 0.000000
1653950581720023262 151.378343 0.000000
1653950581869573498 149.542923 0.000000
1653950582018592183 149.013639 0.000000
1653950582818758987 800.162802 0.000000
1653950582969061973 150.297303 0.000000
1653950583118635751 149.569521 0.000000
1653950583268339058 149.697489 0.000000
1653950583417266233 148.922159 0.000000
1653950583565596815 148.325385 0.000000
1653950583720642892 155.039752 0.000000
1653950583869706328 149.059339 0.000000
1653950584019124123 149.413775 0.000000
1653950584169326093 150.196828 0.000000
1653950584318146406 148.816275 0.000000
1653950584467445850 149.294661 0.000000
1653950584615716122 148.265915 0.000000
1653950584764383773 148.662011 0.000000
1653950584914471324 150.082875 0.000000
1653950585065467202 150.990378 0.000000
1653950585214767528 149.295789 0.000000
1653950585364348811 149.576257 0.000000
1653950585512777869 148.424389 0.000000
1653950585661871715 149.086547 0.000000
1653950585810552281 148.675867 0.000000
1653950585960363815 149.807635 0.000000
1653950586109428811 149.060533 0.000000
1653950586259015371 149.582177 0.000000
1653950586704576421 445.553171 0.000000
1653950586853632720 149.050882 0.000000
1653950587002798218 149.159816 0.000000
1653950587151545680 148.743533 0.000000
1653950587597557673 446.006532 0.000000
1653950587746847439 149.284769 0.000000
1653950587895153184 148.300628 0.000000
1653950588044595898 149.438221 0.000000
1653950588193330142 148.730335 0.000000
1653950588342713310 149.379094 0.000000
1653950588493503795 150.785393 0.000000
1653950588642469399 148.960432 0.000000
1653950588791872441 149.397359 0.000000
1653950588940831628 148.955257 0.000000
1653950589089587498 148.750768 0.000000
1653950589239433414 149.841070 0.000000
1653950589388365929 148.927470 0.000000
1653950589841789900 453.417942 0.000000
1653950589990874617 149.078412 0.000000
1653950590139258983 148.378590 0.000000
1653950590288192633 148.928115 0.000000
1653950590436963817 148.766753 0.000000
1653950590585455466 148.487845 0.000000
1653950590734751447 149.290727 0.000000
1653950590883933311 149.177281 0.000000
1653950591032992606 149.053987 0.000000
1653950591181684672 148.687018 0.000000
1653950591330772479 149.081587 0.000000
1653950591480683841 149.905835 0.000000
1653950591630101315 149.412983 0.000000
1653950591778265670 148.160061 0.000000
1653950591927755728 149.484635 0.000000
1653950592077068408 149.307312 0.000000
1653950592524732001 447.658572 0.000000
1653950592673892106 149.154176 0.000000
1653950592823534588 149.636914 0.000000
1653950592972468618 148.927580 0.000000
1653950593121584204 149.110454 0.000000
1653950593270032901 148.443585 0.000000
1653950593419554396 149.517772 0.000000
1653950593568441635 148.882169 0.000000
1653950593716735012 148.288934 0.000000
1653950593865258935 148.518831 0.000000
1653950594014567019 149.303403 0.000000
1653950594164009016 149.436744 0.000000
1653950594318325374 154.310941 0.000000
1653950594706786877 388.452970 0.000000
1653950594855342633 148.550038 0.000000
1653950595004423389 149.077453 0.000000
1653950595154139202 149.710681 0.000000
1653950595302968312 148.824204 0.000000
1653950595452068037 149.094995 0.000000
1653950595601108296 149.034601 0.000000
1653950595750179761 149.066102 0.000000
1653950595899183066 148.998489 0.000000
1653950596047419587 148.232576 0.000000
1653950596195563779 148.139382 0.000000
1653950596343997639 148.430126 0.000000
1653950596493309187 149.306196 0.000000
1653950596641572532 148.258278 0.000000
1653950596790626396 149.048942 0.000000
1653950596939701759 149.070877 0.000000
1653950597088577193 148.870457 0.000000
1653950597237168017 148.586289 0.000000
1653950597385265710 148.093471 0.000000
1653950597534405715 149.135333 0.000000
1653950597683648425 149.238200 0.000000
1653950597832966650 149.314190 0.000000
1653950597981306789 148.333092 0.000000
1653950598130289838 148.978394 0.000000
1653950598281461164 151.165853 0.000000
1653950598724859070 443.391351 0.000000
1653950598873786470 148.921336 0.000000
1653950599023180176 149.386600 0.000000
1653950599171368817 148.183737 0.000000
1653950599320139861 148.766501 0.000000
1653950599468477400 148.330206 0.000000
1653950599617680539 149.198040 0.000000
1653950599767331512 149.646148 0.000000
1653950599916531811 149.195397 0.000000
1653950600362667823 446.131446 0.000000
1653950600516960028 154.287028 0.000000
1653950600666052091 149.087021 0.000000
1653950600815402506 149.345390 0.000000
1653950600963641924 148.235602 0.000000
1653950601112667446 149.020881 0.000000
1653950601261272938 148.599322 0.000000
1653950601410906764 149.629130 0.000000
1653950601559038850 148.127762 0.000000
1653950601707720117 148.677547 0.000000
1653950601856402678 148.677900 0.000000
1653950602005525973 149.117257 0.000000
1653950602153840132 148.309361 0.000000
1653950602301735506 147.890826 0.000000
1653950602450101973 148.362140 0.000000
1653950602599400516 149.293701 0.000000
1653950602747243374 147.838816 0.000000
1653950602895766758 148.518168 0.000000
1653950603044316220 148.544329 0.000000
1653950603192849112 148.528449 0.000000
1653950603341310644 148.458087 0.000000
1653950603489417671 148.101870 0.000000
1653950603637824195 148.401726 0.000000
1653950603786754897 148.926836 0.000000
1653950603935099953 148.339107 0.000000
1653950604688489575 753.385193 0.000000
1653950604837216160 148.721582 0.000000
1653950604985337160 148.115191 0.000000
1653950605132983944 147.643072 0.000000
1653950605281832258 148.844168 0.000000
1653950605430569463 148.732658 0.000000
1653950605578825866 148.252267 0.000000
1653950605727837000 149.006583 0.000000
1653950605876566139 148.724624 0.000000
1653950606024806546 148.235621 0.000000
1653950606173132267 148.320379 0.000000
1653950606321647217 148.510405 0.000000
1653950606778604290 456.952497 0.000000
1653950606926915541 148.304250 0.000000
1653950607075622193 148.701885 0.000000
1653950607559480399 483.853405 0.000000
1653950607708606020 149.120945 0.000000
1653950607857553215 148.942887 0.000000
1653950608005644581 148.087042 0.000000
1653950608154707967 149.059461 0.000000
1653950608303133906 148.421925 0.000000
1653950608451568786 148.431106 0.000000
1653950608602460486 150.882749 0.000000
1653950608751006976 148.541879 0.000000
1653950608899280395 148.268858 0.000000
1653950609048188600 148.902251 0.000000
1653950609197498744 149.306111 0.000000
1653950609345539214 148.035415 0.000000
1653950609494243914 148.701442 0.000000
1653950609642860752 148.612468 0.000000
1653950609790938371 148.073891 0.000000
1653950610236578695 445.636525 0.000000
1653950610684683673 448.098186 0.000000
1653950610833542084 148.853481 0.000000
1653950611376329232 542.782122 0.000000
1653950611763333684 386.999585 0.000000
1653950611912152117 148.813174 0.000000
1653950612060641598 148.485441 0.000000
1653950612209866981 149.218938 0.000000
1653950612360823818 150.950938 0.000000
1653950612509494005 148.665988 0.000000
1653950612657321458 147.823659 0.000000
1653950612805966124 148.639952 0.000000
1653950613255726797 449.754887 0.000000
1653950613404544737 148.812660 0.000000
1653950613552822306 148.273260 0.000000
1653950613702013809 149.187294 0.000000
1653950613850752381 148.734036 0.000000
1653950614000429422 149.672812 0.000000
1653950614149146691 148.712649 0.000000
1653950614298479931 149.328931 0.000000
1653950614447061357 148.576190 0.000000
1653950614595467616 148.401707 0.000000
1653950614744636073 149.163952 0.000000
1653950614898900101 154.257272 0.000000
1653950615047730172 148.825961 0.000000
1653950615440700300 392.965617 0.000000
1653950615590183463 149.476922 0.000000
1653950615739067431 148.878860 0.000000
1653950615888351608 149.279390 0.000000
1653950616037462987 149.106640 0.000000
1653950616185569729 148.102334 0.000000
1653950616334392996 148.818767 0.000000
1653950616482979193 148.581504 0.000000
1653950616879066460 396.081689 0.000000
1653950617267124297 388.052210 0.000000
1653950617415806502 148.676661 0.000000
1653950617565050367 149.239385 0.000000
1653950617714209230 149.153235 0.000000
1653950617863285736 149.071684 0.000000
1653950618011660812 148.369849 0.000000
1653950618159876984 148.210734 0.000000
1653950618309029123 149.146526 0.000000
1653950618457331713 148.297288 0.000000
1653950618907582971 450.246056 0.000000
1653950619063930159 156.341053 0.000000
1653950619212030425 148.095687 0.000000
1653950619360411179 148.376824 0.000000
1653950619508925858 148.509879 0.000000
1653950619658017516 149.087269 0.000000
1653950619807035140 149.013685 0.000000
1653950619961689917 154.650175 0.000000
1653950620110359621 148.666441 0.000000
1653950620258788115 148.422783 0.000000
1653950620406787692 147.995633 0.000000
1653950620555789261 148.997529 0.000000
1653950620704396471 148.603308 0.000000
1653950620852663208 148.261304 0.000000
1653950621001785091 149.117923 0.000000
1653950621150090515 148.300743 0.000000
1653950621299114523 149.020155 0.000000
1653950621448882056 149.762482 0.000000
1653950621597060410 148.173928 0.000000
1653950621746169241 149.104686 0.000000
1653950621894173766 148.000175 0.000000
1653950622042567068 148.388431 0.000000
1653950622190875061 148.303301 0.000000
1653950622339134089 148.255636 0.000000
1653950622488006563 148.868348 0.000000
1653950622636819014 148.808171 0.000000
1653950622785348509 148.524624 0.000000
1653950622934235855 148.883086 0.000000
1653950623082769896 148.530043 0.000000
1653950623231731590 148.957911 0.000000
1653950623380956773 149.220984 0.000000
1653950623768831348 387.870829 0.000000
1653950624157290002 388.451843 0.000000
1653950624306098452 148.803057 0.000000
1653950624455380439 149.277998 0.000000
1653950624604189520 148.805128 0.000000
1653950624753291053 149.096872 0.000000
1653950624902489189 149.192664 0.000000
1653950625050812622 148.319523 0.000000
1653950625199685165 148.867025 0.000000
1653950625347627553 147.937647 0.000000
1653950625496669361 149.037949 0.000000
1653950625645953033 149.279498 0.000000
1653950625794475557 148.517512 0.000000
1653950625942849710 148.370289 0.000000
1653950626091548754 148.693872 0.000000
1653950626240074160 148.521542 0.000000
1653950626388538794 148.459908 0.000000
1653950626537657252 149.114619 0.000000
1653950626685851889 148.190501 0.000000
1653950626834760345 148.903998 0.000000
1653950627285903997 451.139148 0.000000
1653950627434677524 148.768140 0.000000
1653950627582883689 148.202561 0.000000
1653950627730872049 147.983660 0.000000
1653950627880225749 149.349702 0.000000
1653950628029359965 149.129525 0.000000
1653950628178239027 148.874712 0.000000
1653950628326529892 148.284655 0.000000
1653950628474709063 148.176079 0.000000
1653950628623921315 149.205727 0.000000
1653950628773013412 149.086248 0.000000
1653950628922276863 149.258444 0.000000
1653950629745777585 823.496321 0.000000
1653950629894290531 148.506211 0.000000
1653950630341600021 447.304197 0.000000
1653950630489996847 148.392019 0.000000
1653950630639984176 149.982307 0.000000
1653950630788797651 148.808714 0.000000
1653950630937385722 148.582643 0.000000
1653950631387955837 450.565614 0.000000
1653950631536980256 149.019478 0.000000
1653950631685651521 148.666393 0.000000
1653950631833924031 148.267643 0.000000
1653950631982910530 148.983129 0.000000
1653950632131510599 148.596125 0.000000
1653950632279579223 148.063356 0.000000
1653950632430334632 150.749851 0.000000
1653950632578621573 148.282967 0.000000
1653950632727883821 149.253383 0.000000
1653950632876657098 148.768771 0.000000
1653950633025293390 148.632233 0.000000
1653950633173592239 148.294694 0.000000
1653950633322099051 148.502047 0.000000
1653950633471272189 149.169058 0.000000
1653950633625736664 154.460599 0.000000
1653950634070232683 444.491700 0.000000
1653950634219230226 148.991598 0.000000
1653950634368645939 149.410490 0.000000
1653950634516898582 148.247412 0.000000
1653950634666028768 149.124628 0.000000
1653950634814724869 148.691447 0.000000
1653950634963647729 148.917934 0.000000
1653950635112532435 148.879138 0.000000
1653950635267732922 155.194239 0.000000
1653950635416705530 148.967631 0.000000
1653950635805192166 388.482959 0.000000
1653950635954423568 149.225704 0.000000
1653950636102671739 148.244262 0.000000
1653950636490784815 388.107984 0.000000
1653950636639951129 149.161247 0.000000
1653950637027552581 387.596894 0.000000
1653950637176559130 149.001697 0.000000
1653950637325954412 149.389574 0.000000
1653950637474173733 148.214870 0.000000
1653950637865710869 391.533475 0.000000
1653950638014785373 149.068741 0.000000
1653950638163010135 148.220778 0.000000
1653950638312127781 149.113381 0.000000
1653950638460452490 148.319482 0.000000
1653950638609572017 149.114746 0.000000
1653950638758086732 148.509864 0.000000
1653950638906474907 148.383798 0.000000
1653950639057067333 150.588596 0.000000
1653950639205108924 148.035486 0.000000
1653950639353478196 148.364607 0.000000
1653950639508025074 154.542903 0.000000
1653950639905895563 397.865332 0.000000
1653950640054820380 148.919726 0.000000
1653950640203704681 148.880494 0.000000
1653950640352169024 148.459783 0.000000
1653950640501274813 149.101788 0.000000
1653950640649508315 148.229917 0.000000
1653950641038490205 388.977983 0.000000
1653950641430997020 392.502274 0.000000
1653950641580468156 149.466100 0.000000
1653950641734870692 154.397173 0.000000
1653950641883046424 148.170911 0.000000
1653950642031420167 148.368942 0.000000
1653950642180598425 149.174204 0.000000
1653950642328704350 148.101515 0.000000
1653950642477685149 148.976303 0.000000
1653950642626046944 148.357570 0.000000
1653950642774179641 148.125511 0.000000
1653950642922615821 148.432054 0.000000
1653950643071639809 149.019243 0.000000
1653950643465167636 393.523713 0.000000
1653950643614029157 148.856938 0.000000
1653950643762975452 148.943317 0.000000
1653950643913123073 150.143703 0.000000
1653950644061680858 148.553690 0.000000
1653950644210145742 148.459908 0.000000
1653950644359434243 149.284851 0.000000
1653950644508608720 149.168299 0.000000
1653950644656796702 148.184063 0.000000
1653950644804812616 148.011497 0.000000
1653950644953297159 148.479477 0.000000
1653950645102450133 149.149041 0.000000
1653950645251035098 148.580554 0.000000
1653950645399557290 148.518388 0.000000
1653950645547712249 148.150724 0.000000
1653950645696469883 148.753633 0.000000
1653950645844839087 148.366224 0.000000
1653950645994051745 149.206744 0.000000
1653950646142989875 148.934087 0.000000
1653950646291301437 148.307543 0.000000
1653950646439875731 148.568917 0.000000
1653950646829075904 389.195472 0.000000
1653950646977914312 148.832899 0.000000
1653950647126752871 148.832892 0.000000
1653950647275532672 148.774193 0.000000
1653950647663980051 388.443365 0.000000
1653950647812886381 148.901513 0.000000
1653950647961571829 148.681093 0.000000
1653950648110178248 148.602413 0.000000
1653950648259196764 149.014351 0.000000
1653950648408069812 148.869083 0.000000
1653950648556672833 148.598350 0.000000
1653950648705956632 149.279258 0.000000
1653950649152033135 446.072083 0.000000
1653950649300392807 148.352968 0.000000
1653950649687761646 387.364855 0.000000
1653950650133069494 445.302430 0.000000
1653950650573268795 440.193698 0.000000
1653950650721914755 148.640778 0.000000
1653950650871119941 149.201002 0.000000
1653950651018813974 147.688906 0.000000
1653950651166942863 148.124188 0.000000
1653950651315279597 148.331558 0.000000
1653950651464272978 148.989820 0.000000
1653950651613400904 149.123771 0.000000
1653950651762755958 149.350824 0.000000
1653950651912277519 149.516946 0.000000
1653950652061242782 148.961660 0.000000
1653950652454400655 393.152345 0.000000
1653950652602742258 148.336366 0.000000
1653950652751701539 148.954188 0.000000
1653950652899811296 148.105357 0.000000
1653950653048840006 149.024446 0.000000
1653950653197747280 148.902798 0.000000
1653950653652084727 454.333383 0.000000
1653950653800839666 148.750393 0.000000
1653950653949074857 148.231637 0.000000
1653950654097957318 148.878231 0.000000
1653950654247100261 149.138687 0.000000
1653950654395950068 148.845784 0.000000
1653950654544958772 149.004358 0.000000
1653950654693823982 148.861095 0.000000
1653950654842040985 148.213074 0.000000
1653950654990603135 148.557608 0.000000
1653950655139922192 149.315286 0.000000
1653950655288494576 148.568060 0.000000
1653950655436880227 148.381661 0.000000
1653950655586123335 149.238383 0.000000
1653950655737094220 150.966761 0.000000
1653950655885751934 148.652431 0.000000
1653950656034012614 148.256391 0.000000
1653950656182627347 148.611335 0.000000
1653950656330368996 147.737098 0.000000
1653950656479695391 149.321792 0.000000
1653950656628737123 149.037464 0.000000
1653950656777814256 149.072622 0.000000
1653950656927130333 149.312148 0.000000
1653950657076090185 148.955977 0.000000
1653950657224715488 148.620938 0.000000
1653950657373970695 149.251178 0.000000
1653950658126676501 752.701476 0.000000
1653950658275431086 148.747307 0.000000
1653950658424620533 149.184662 0.000000
1653950658573986799 149.362175 0.000000
1653950658722292347 148.300576 0.000000
1653950658870875433 148.578346 0.000000
1653950659021553086 150.674073 0.000000
1653950659170213194 148.655836 0.000000
1653950659319754576 149.537283 0.000000
1653950659468266717 148.507927 0.000000
1653950659616993349 148.721590 0.000000
1653950659766002684 149.004173 0.000000
1653950659914991652 148.984297 0.000000
1653950660063104243 148.108767 0.000000
1653950660211536096 148.428139 0.000000
1653950660359632348 148.092062 0.000000
1653950660508744242 149.107839 0.000000
1653950660657616659 148.869027 0.000000
1653950660806911453 149.289712 0.000000
1653950660955534236 148.618376 0.000000
1653950661103835224 148.296472 0.000000
1653950661252885259 149.045028 0.000000
1653950661401147057 148.257237 0.000000
1653950661549619795 148.468107 0.000000
1653950661698892026 149.268661 0.000000
1653950661848356093 149.459735 0.000000
1653950661996600606 148.240553 0.000000
1653950662145415464 148.810693 0.000000
1653950662294443806 149.023948 0.000000
1653950662443359256 148.912209 0.000000
1653950662591960421 148.597435 0.000000
1653950662740473930 148.508877 0.000000
1653950662889172503 148.694333 0.000000
1653950663037700775 148.524112 0.000000
1653950663186276387 148.571457 0.000000
1653950663335282164 149.001999 0.000000
1653950663722581514 387.295114 0.000000
1653950663871347052 148.758480 0.000000
1653950664020009010 148.657927 0.000000
1653950664168076146 148.062690 0.000000
1653950664316523131 148.442320 0.000000
1653950664465357913 148.831032 0.000000
1653950664613630511 148.268328 0.000000
1653950664761702097 148.065917 0.000000
1653950664910109132 148.402695 0.000000
1653950665298625430 388.512309 0.000000
1653950665447301822 148.670954 0.000000
1653950665595959680 148.653393 0.000000
1653950665745203205 149.238934 0.000000
1653950665894192524 148.984312 0.000000
1653950666042552871 148.355951 0.000000
1653950666190905589 148.347903 0.000000
1653950666339760064 148.849861 0.000000
1653950666488225335 148.461309 0.000000
1653950666637382441 149.152740 0.000000
1653950666786190090 148.803850 0.000000
1653950666934488449 148.295039 0.000000
1653950667083129824 148.618618 0.000000
1653950667232387381 149.254455 0.000000
1653950667380782860 148.391108 0.000000
1653950667529083929 148.296989 0.000000
1653950667678029145 148.940411 0.000000
1653950667832581638 154.547923 0.000000
1653950667981008900 148.421790 0.000000
1653950668129346542 148.333565 0.000000
1653950668280065422 150.714700 0.000000
1653950668428528307 148.457382 0.000000
1653950668577790656 149.258245 0.000000
1653950668726705947 148.910471 0.000000
1653950668875238094 148.526313 0.000000
1653950669024181381 148.939047 0.000000
1653950669172556136 148.370245 0.000000
1653950669321727807 149.163507 0.000000
1653950669471148841 149.415880 0.000000
1653950669620301339 149.147351 0.000000
1653950669769886047 149.580539 0.000000
1653950669919113205 149.221942 0.000000
1653950670068275860 149.157766 0.000000
1653950670216431241 148.151406 0.000000
1653950670365636772 149.200238 0.000000
1653950670515020017 149.379655 0.000000
1653950670664680015 149.655818 0.000000
1653950670813306967 148.622578 0.000000
1653950670961830871 148.519811 0.000000
1653950671110898966 149.064029 0.000000
1653950671261410894 150.507959 0.000000
1653950671410108931 148.693391 0.000000
1653950671558378716 148.265035 0.000000
1653950671707630176 149.245850 0.000000
1653950671855857187 148.223056 0.000000
1653950672004875338 149.013766 0.000000
1653950672153878647 148.999079 0.000000
1653950672302997274 149.115157 0.000000
1653950672452067992 149.066268 0.000000
1653950672601517148 149.445208 0.000000
1653950672750948356 149.427787 0.000000
1653950672899578508 148.625718 0.000000
1653950673048792035 149.209988 0.000000
1653950673197988771 149.191679 0.000000
1653950673346551078 148.558072 0.000000
1653950673496121036 149.562767 0.000000
1653950673645921180 149.794741 0.000000
1653950673795912903 149.986517 0.000000
1653950673944829173 148.911348 0.000000
1653950674093357796 148.523854 0.000000
1653950674483554692 390.192487 0.000000
1653950674632170818 148.610959 0.000000
1653950674781138948 148.963930 0.000000
1653950674930408824 149.265275 0.000000
1653950675079029451 148.615711 0.000000
1653950675228228933 149.194300 0.000000
1653950675377641976 149.408045 0.000000
1653950675835419301 457.773145 0.000000
1653950675984607683 149.182673 0.000000
1653950676435210622 450.597520 0.000000
1653950676583735815 148.519986 0.000000
1653950676732238673 148.498548 0.000000
1653950676881681832 149.438588 0.000000
1653950677030797502 149.111440 0.000000
1653950677179198882 148.397902 0.000000
1653950677328488420 149.285140 0.000000
1653950677477670744 149.178478 0.000000
1653950677625874594 148.200443 0.000000
1653950677775157420 149.278802 0.000000
1653950677923735446 148.573238 0.000000
1653950678073001606 149.261695 0.000000
1653950678221491003 148.484827 0.000000
1653950678369989239 148.493849 0.000000
1653950678519889315 149.895149 0.000000
1653950678669410400 149.516865 0.000000
1653950678818807075 149.391396 0.000000
1653950679275023498 456.211490 0.000000
1653950679423434171 148.405266 0.000000
1653950679572038452 148.599845 0.000000
1653950679721456250 149.413097 0.000000
1653950679870603206 149.141904 0.000000
1653950680019559393 148.951697 0.000000
1653950680168274950 148.711693 0.000000
1653950680316575047 148.295852 0.000000
1653950680464904902 148.325471 0.000000
1653950680613155929 148.247773 0.000000
1653950680763749704 150.590156 0.000000
1653950680913171268 149.417033 0.000000
1653950681362793436 449.617904 0.000000
1653950681511012974 148.214679 0.000000
1653950681660091060 149.074362 0.000000
1653950682106881088 446.785939 0.000000
1653950682256007766 149.121020 0.000000
1653950682404446766 148.435377 0.000000
1653950682553895057 149.441836 0.000000
1653950682702555229 148.655550 0.000000
1653950682851795668 149.235835 0.000000
1653950683000789581 148.987969 0.000000
1653950683149058001 148.264105 0.000000
1653950683297641101 148.570816 0.000000
1653950683445924574 148.278903 0.000000
1653950683594451147 148.521486 0.000000
1653950683743648319 149.192792 0.000000
1653950683893372266 149.717527 0.000000
1653950684042508962 149.131309 0.000000
1653950684192009009 149.495646 0.000000
1653950684340463786 148.450120 0.000000
1653950684489637157 149.169338 0.000000
1653950684638417751 148.776334 0.000000
1653950684787866944 149.443936 0.000000
1653950684936880023 149.006510 0.000000
1653950685085983101 149.099139 0.000000
1653950685234453659 148.465220 0.000000
1653950685383275594 148.817354 0.000000
1653950685531753524 148.473725 0.000000
1653950685680857971 149.100638 0.000000
1653950685829449289 148.587260 0.000000
1653950685978142938 148.688572 0.000000
1653950686127467503 149.321130 0.000000
1653950686277263048 149.790825 0.000000
1653950686427057553 149.789604 0.000000
1653950686575880746 148.818822 0.000000
1653950686724692217 148.807096 0.000000
1653950686873114247 148.417735 0.000000
1653950687023075946 149.957785 0.000000
1653950687173030868 149.950301 0.000000
1653950687322487921 149.452751 0.000000
1653950687767546469 445.053386 0.000000
1653950687923024813 155.473517 0.000000
1653950688071748429 148.716189 0.000000
1653950688221329013 149.576003 0.000000
1653950688370623601 149.290772 0.000000
1653950688520490881 149.862515 0.000000
1653950688669234228 148.738716 0.000000
1653950688817528808 148.289608 0.000000
1653950688965792317 148.259050 0.000000
1653950689114620218 148.824425 0.000000
1653950689264449590 149.824836 0.000000
1653950689412955074 148.501469 0.000000
1653950689561249723 148.289387 0.000000
1653950689709484312 148.229910 0.000000
1653950689858762373 149.273642 0.000000
1653950690007375788 148.609500 0.000000
1653950690155679373 148.299625 0.000000
1653950690306108655 150.425267 0.000000
1653950690454733296 148.619865 0.000000
1653950690603995940 149.258063 0.000000
1653950691049374016 445.373555 0.000000
1653950691198677310 149.297676 0.000000
1653950691347569137 148.887387 0.000000
1653950691496242777 148.668499 0.000000
1653950692244697928 748.450937 0.000000
1653950692393390262 148.686665 0.000000
1653950692541998992 148.604019 0.000000
1653950692691688287 149.683698 0.000000
1653950692841042937 149.350300 0.000000
1653950692990123768 149.077254 0.000000
1653950693435646617 445.518996 0.000000
1653950693584832396 149.179540 0.000000
1653950693733103011 148.265742 0.000000
1653950693882527435 149.420369 0.000000
1653950694033148638 150.616422 0.000000
1653950694181334690 148.181448 0.000000
1653950694329789331 148.450572 0.000000
1653950694776173716 446.379233 0.000000
1653950694924773068 148.594010 0.000000
1653950695073658400 148.880802 0.000000
1653950695222559434 148.896999 0.000000
1653950695371585458 149.020623 0.000000
1653950695520637408 149.048472 0.000000
1653950695669835507 149.193453 0.000000
1653950695819036935 149.197493 0.000000
1653950695968096523 149.055394 0.000000
1653950696117128451 149.027934 0.000000
1653950696573147388 456.014547 0.000000
1653950696721691016 148.537283 0.000000
1653950696870074924 148.379543 0.000000
1653950697019574828 149.495219 0.000000
1653950697168188343 148.608364 0.000000
1653950697317533020 149.339278 0.000000
1653950697466074426 148.536927 0.000000
1653950697615337231 149.258480 0.000000
1653950697764141339 148.799472 0.000000
1653950697912574947 148.428627 0.000000
1653950698060786735 148.207341 0.000000
1653950698209939962 149.148765 0.000000
1653950698365165605 155.221454 0.000000
1653950698513390111 148.219991 0.000000
1653950698662712835 149.318359 0.000000
1653950698811793667 149.074968 0.000000
1653950698961318688 149.520191 0.000000
1653950699110403672 149.081443 0.000000
1653950699259572113 149.163439 0.000000
1653950699715344191 455.766981 0.000000
1653950699864047746 148.698568 0.000000
1653950700308667856 444.615490 0.000000
1653950700457154837 148.481362 0.000000
1653950700607500754 150.341217 0.000000
1653950700756836258 149.329894 0.000000
1653950700906480595 149.639261 0.000000
1653950701055591161 149.106378 0.000000
1653950701204568935 148.973526 0.000000
1653950701353274973 148.702553 0.000000
1653950701501472394 148.192749 0.000000
1653950701651229164 149.753068 0.000000
1653950701799903597 148.669571 0.000000
1653950701949249124 149.339818 0.000000
1653950702098416908 149.162211 0.000000
1653950702247323389 148.902241 0.000000
1653950702698808759 451.481013 0.000000
1653950702847351959 148.538333 0.000000
1653950702995958177 148.602282 0.000000
1653950703144691979 148.729351 0.000000
1653950703293420371 148.724197 0.000000
1653950703442767031 149.341919 0.000000
1653950703592201745 149.430594 0.000000
1653950703741747568 149.538410 0.000000
1653950703892794445 151.042051 0.000000
1653950704041212826 148.413329 0.000000
1653950704190095903 148.879700 0.000000
1653950704338568411 148.468398 0.000000
1653950704487378548 148.805887 0.000000
1653950704635623392 148.240433 0.000000
1653950704785467090 149.837864 0.000000
1653950704934582687 149.111582 0.000000
1653950705083527873 148.941116 0.000000
1653950705232746148 149.213891 0.000000
1653950705382233895 149.483954 0.000000
1653950705531921098 149.681479 0.000000
1653950705681013020 149.087681 0.000000
1653950705830364177 149.346812 0.000000
1653950705978950723 148.583001 0.000000
1653950706127611668 148.656451 0.000000
1653950706276206460 148.591228 0.000000
1653950706425865765 149.654079 0.000000
1653950706574256698 148.386891 0.000000
1653950706722950587 148.690103 0.000000
1653950706871911688 148.956740 0.000000
1653950707260399570 388.484003 0.000000
1653950707409242739 148.838333 0.000000
1653950707557439445 148.192652 0.000000
1653950708172830232 615.386271 0.000000
1653950708322136893 149.301340 0.000000
1653950708470893950 148.752622 0.000000
1653950708620047684 149.149999 0.000000
1653950708769826724 149.775076 0.000000
1653950708919098736 149.266888 0.000000
1653950709306475565 387.373137 0.000000
1653950709455258575 148.777363 0.000000
1653950709905834372 450.571700 0.000000
1653950710054844597 149.005329 0.000000
1653950710204375895 149.527380 0.000000
1653950710353753904 149.373708 0.000000
1653950710504149562 150.391895 0.000000
1653950710652323496 148.169894 0.000000
1653950710801386803 149.058606 0.000000
1653950710950749534 149.359102 0.000000
1653950711099935194 149.180568 0.000000
1653950711249174785 149.235351 0.000000
1653950711398074676 148.895516 0.000000
1653950711547420687 149.341861 0.000000
1653950711696462347 149.038534 0.000000
1653950711845079229 148.613272 0.000000
1653950712300782111 455.698903 0.000000
1653950712449063696 148.276368 0.000000
1653950712598056012 148.988182 0.000000
1653950712990805226 392.745390 0.000000
1653950713139972584 149.161665 0.000000
1653950713288830666 148.853581 0.000000
1653950713438054963 149.220288 0.000000
1653950713588194055 150.133303 0.000000
1653950713738874833 150.675881 0.000000
1653950713887738834 148.859837 0.000000
1653950714036554830 148.811726 0.000000
1653950714184942716 148.383636 0.000000
1653950714334182041 149.235285 0.000000
1653950714482953594 148.766752 0.000000
1653950714631425269 148.467325 0.000000
1653950714780549468 149.120561 0.000000
1653950714929081925 148.528032 0.000000
1653950715077852939 148.767008 0.000000
1653950715226510489 148.653330 0.000000
1653950715375978922 149.464103 0.000000
1653950715524776701 148.793375 0.000000
1653950715673292204 148.511122 0.000000
1653950715821953305 148.656986 0.000000
1653950716210945851 388.987670 0.000000
1653950716359983186 149.031691 0.000000
1653950716508829929 148.842050 0.000000
1653950716658480717 149.647019 0.000000
1653950716809021086 150.537383 0.000000
1653950716958114222 149.089096 0.000000
1653950717108003904 149.885372 0.000000
1653950717554406445 446.397961 0.000000
1653950717703006642 148.595509 0.000000
1653950717858384622 155.373966 0.000000
1653950718007562374 149.173377 0.000000
1653950718156906110 149.339812 0.000000
1653950718305792647 148.882390 0.000000
1653950718752123587 446.326276 0.000000
1653950718901464375 149.334689 0.000000
1653950719050139939 148.671124 0.000000
1653950719198643470 148.498473 0.000000
1653950719347622700 148.975404 0.000000
1653950719496451491 148.824916 0.000000
1653950719645478528 149.021865 0.000000
1653950719793913539 148.430766 0.000000
1653950720241884052 447.965780 0.000000
1653950720392339885 150.450254 0.000000
1653950720541043660 148.699064 0.000000
1653950720690511422 149.463883 0.000000
1653950720839133808 148.618387 0.000000
1653950721283705090 444.567301 0.000000
1653950721432435120 148.724865 0.000000
1653950721827227665 394.788256 0.000000
1653950721976599623 149.366959 0.000000
1653950722125882810 149.278235 0.000000
1653950722275249857 149.360412 0.000000
1653950722423923026 148.668128 0.000000
1653950722572291794 148.365428 0.000000
1653950722722141097 149.844917 0.000000
1653950722870946889 148.800906 0.000000
1653950723019984182 149.032822 0.000000
1653950723169133751 149.145806 0.000000
1653950723318024742 148.887589 0.000000
1653950723466638164 148.608692 0.000000
1653950723615981632 149.339913 0.000000
1653950723764654499 148.669459 0.000000
1653950723913428945 148.770293 0.000000
1653950724305916665 392.482970 0.000000
1653950724455170634 149.248286 0.000000
1653950724604693092 149.518166 0.000000
1653950724753964543 149.264499 0.000000
1653950724902385375 148.417172 0.000000
1653950725051146298 148.757393 0.000000
1653950725199864141 148.714162 0.000000
1653950725349449831 149.581558 0.000000
1653950725737229574 387.774718 0.000000
1653950725886043360 148.808343 0.000000
1653950726036008713 149.960306 0.000000
1653950726184654660 148.640604 0.000000
1653950726333933271 149.274381 0.000000
1653950726483242138 149.304772 0.000000
1653950726632053243 148.804860 0.000000
1653950726781459392 149.401087 0.000000
1653950727229232119 447.768046 0.000000
1653950727378212268 148.973343 0.000000
1653950727527136495 148.918755 0.000000
1653950727676548968 149.407711 0.000000
1653950727826048034 149.495132 0.000000
1653950727974395906 148.344170 0.000000
1653950728123112215 148.711608 0.000000
1653950728272707382 149.590492 0.000000
1653950728422097953 149.386618 0.000000
1653950728571417432 149.315817 0.000000
1653950729293133079 721.711006 0.000000
1653950729447928736 154.788948 0.000000
1653950729596225184 148.292061 0.000000
1653950729744650873 148.420256 0.000000
1653950729894344364 149.689351 0.000000
1653950730043848668 149.500036 0.000000
1653950730192715295 148.862471 0.000000
1653950730341939521 149.219644 0.000000
1653950730491905359 149.961318 0.000000
1653950730640453694 148.543910 0.000000
1653950730788995881 148.537968 0.000000
1653950730938211994 149.211686 0.000000
1653950731087557471 149.341818 0.000000
1653950731237000977 149.438945 0.000000
1653950731386182077 149.176670 0.000000
1653950731536123975 149.938074 0.000000
1653950731685397888 149.269189 0.000000
1653950731833516747 148.114790 0.000000
1653950731982917252 149.396771 0.000000
1653950732132673484 149.749156 0.000000
1653950732282189502 149.512199 0.000000
1653950732676454744 394.261176 0.000000
1653950732825128018 148.668166 0.000000
1653950732974322759 149.190788 0.000000
1653950733123188298 148.861981 0.000000
1653950733271683076 148.490434 0.000000
1653950733422380368 150.693924 0.000000
1653950733571951906 149.567173 0.000000
1653950733727497340 155.541645 0.000000
1653950733883183296 155.681460 0.000000
1653950734278453842 395.265704 0.000000
1653950734427269525 148.809433 0.000000
1653950734820668524 393.394701 0.000000
1653950734970079500 149.404649 0.000000
1653950735119687124 149.603753 0.000000
1653950735269949758 150.258299 0.000000
1653950735419048411 149.093932 0.000000
1653950735568375325 149.322829 0.000000
1653950735718199138 149.819303 0.000000
1653950735867665428 149.461280 0.000000
1653950736017137479 149.466258 0.000000
1653950736166076893 148.934727 0.000000
1653950736315495411 149.413735 0.000000
1653950736464634647 149.132722 0.000000
1653950736616307442 151.667919 0.000000
1653950737072325310 456.013768 0.000000
1653950737221205821 148.875364 0.000000
1653950737370392764 149.183210 0.000000
1653950737520298925 149.901728 0.000000
1653950737669477073 149.174390 0.000000
1653950737817862017 148.380493 0.000000
1653950737967135934 149.270053 0.000000
1653950738115753406 148.613171 0.000000
1653950738265435165 149.677614 0.000000
1653950738414453674 149.013856 0.000000
1653950738563040247 148.581661 0.000000
1653950738711394393 148.348216 0.000000
1653950738860214281 148.816733 0.000000
1653950739008822464 148.603759 0.000000
1653950739158074468 149.247708 0.000000
1653950739307497916 149.418942 0.000000
1653950739456916905 149.414348 0.000000
1653950739605716364 148.795363 0.000000
1653950739756982239 151.260922 0.000000
1653950739905819459 148.832205 0.000000
1653950740055450066 149.625044 0.000000
1653950740204510880 149.057262 0.000000
1653950740353713335 149.198195 0.000000
1653950740503173694 149.455954 0.000000
1653950740652281804 149.104096 0.000000
1653950740801209771 148.923982 0.000000
1653950740950636362 149.422742 0.000000
1653950741099159492 148.518714 0.000000
1653950741248536766 149.372694 0.000000
1653950741397161761 148.620876 0.000000
1653950741546405181 149.239295 0.000000
1653950741694849357 148.439802 0.000000
1653950741843148794 148.295748 0.000000
1653950741992308245 149.153730 0.000000
1653950742141023781 148.711529 0.000000
1653950742289918404 148.889758 0.000000
1653950742438987946 149.065995 0.000000
1653950742587383670 148.391304 0.000000
1653950742737825697 150.437201 0.000000
1653950742886687394 148.857362 0.000000
1653950743036065898 149.374821 0.000000
1653950743184924718 148.854570 0.000000
1653950743333756721 148.829207 0.000000
1653950743483124264 149.364195 0.000000
1653950743631895859 148.768213 0.000000
1653950743781035247 149.135434 0.000000
1653950743930366827 149.327381 0.000000
1653950744319989579 389.618909 0.000000
1653950744469231119 149.236003 0.000000
1653950744618731366 149.496312 0.000000
1653950744768764827 150.028931 0.000000
1653950744917515058 148.745084 0.000000
1653950745066712590 149.193824 0.000000
1653950745215374529 148.658491 0.000000
1653950745364804141 149.425744 0.000000
1653950745514328093 149.519437 0.000000
1653950745664071269 149.738796 0.000000
1653950746109301979 445.227036 0.000000
1653950746258444214 149.136807 0.000000
1653950746407592607 149.144009 0.000000
1653950746863470388 455.873118 0.000000
1653950747012643408 149.168428 0.000000
1653950747161733258 149.085187 0.000000
1653950747310903441 149.167646 0.000000
1653950747699071734 388.164031 0.000000
1653950747847843020 148.766215 0.000000
1653950747997219063 149.371713 0.000000
1653950748146620605 149.397468 0.000000
1653950748295707036 149.082747 0.000000
1653950748444263744 148.552844 0.000000
1653950748593603467 149.335820 0.000000
1653950749039908742 446.301173 0.000000
1653950749188696732 148.783237 0.000000
1653950749338113244 149.411821 0.000000
1653950749487609442 149.490946 0.000000
1653950749636710450 149.095476 0.000000
1653950749786837414 150.123395 0.000000
1653950749936052599 149.210489 0.000000
1653950750387354467 451.297357 0.000000
1653950750535508344 148.149201 0.000000
1653950750683872950 148.360007 0.000000
1653950750833360433 149.481684 0.000000
1653950751277988717 444.624199 0.000000
1653950751426953905 148.959615 0.000000
1653950751576512885 149.554861 0.000000
1653950751724923944 148.406695 0.000000
1653950752177226411 452.297331 0.000000
1653950752326540236 149.308019 0.000000
1653950752475647103 149.100373 0.000000
1653950752624840372 149.189133 0.000000
1653950752774884956 150.040287 0.000000
1653950753226891841 452.001694 0.000000
1653950753376352451 149.455277 0.000000
1653950753526777180 150.420783 0.000000
1653950753676206389 149.424889 0.000000
1653950753825195188 148.984716 0.000000
1653950753974394825 149.196100 0.000000
1653950754123062176 148.663873 0.000000
1653950754272556119 149.489239 0.000000
1653950754421643125 149.083568 0.000000
1653950754570843405 149.196136 0.000000
1653950755022784689 451.936713 0.000000
1653950755172006361 149.216455 0.000000
1653950755321170521 149.159642 0.000000
1653950755470416816 149.241509 0.000000
1653950755619169530 148.748895 0.000000
1653950756008494986 389.321001 0.000000
1653950756157788146 149.286895 0.000000
1653950756307223389 149.431177 0.000000
1653950756455963504 148.733828 0.000000
1653950756607503907 151.536364 0.000000
1653950756756435056 148.926428 0.000000
1653950756906114710 149.675489 0.000000
1653950757054820961 148.702121 0.000000
1653950757204482473 149.639932 0.000000
1653950757353673980 149.186905 0.000000
1653950757502753649 149.075086 0.000000
1653950757959849227 457.091755 0.000000
1653950758412555999 452.699920 0.000000
1653950758561671482 149.112332 0.000000
1653950758711201811 149.525429 0.000000
1653950758860216354 149.010471 0.000000
1653950759008631861 148.411330 0.000000
1653950759157774260 149.137750 0.000000
1653950759307371748 149.592552 0.000000
1653950759456478270 149.102052 0.000000
1653950759605606900 149.123020 0.000000
1653950759753911520 148.299986 0.000000
1653950759904527102 150.611001 0.000000
1653950760053784041 149.253068 0.000000
1653950760203137348 149.349041 0.000000
1653950760352672611 149.530592 0.000000
1653950760501270835 148.594126 0.000000
1653950760650771886 149.496083 0.000000
1653950760800358157 149.581923 0.000000
1653950760950221809 149.859924 0.000000
1653950761099663214 149.435812 0.000000
1653950761248784946 149.117703 0.000000
1653950761398617876 149.826934 0.000000
1653950761547319826 148.698290 0.000000
1653950761696925842 149.602376 0.000000
1653950761846252790 149.322760 0.000000
1653950761995491062 149.233584 0.000000
1653950762145423042 149.927891 0.000000
1653950762293796881 148.370098 0.000000
1653950762443013585 149.212787 0.000000
1653950762832368845 389.351409 0.000000
1653950762983678895 151.304311 0.000000
1653950763132737405 149.054451 0.000000
1653950763282312345 149.570555 0.000000
1653950763431657176 149.340320 0.000000
1653950763580328434 148.666166 0.000000
1653950763729023447 148.691583 0.000000
1653950763878325688 149.297626 0.000000
1653950764027992854 149.663071 0.000000
1653950764176572159 148.575001 0.000000
1653950764326246794 149.667260 0.000000
1653950764475847082 149.593283 0.000000
1653950764631338972 155.487881 0.000000
1653950764781049865 149.704386 0.000000
1653950764930166740 149.113226 0.000000
1653950765079685807 149.514171 0.000000
1653950765229351111 149.661370 0.000000
1653950765378115102 148.760192 0.000000
1653950765527777892 149.658190 0.000000
1653950765677477407 149.694047 0.000000
1653950765827042189 149.558603 0.000000
1653950765977821896 150.774986 0.000000
1653950766127572038 149.745587 0.000000
1653950766276057772 148.482678 0.000000
1653950766721957086 445.894407 0.000000
1653950766870873326 148.911173 0.000000
1653950767020830702 149.953328 0.000000
1653950767169949601 149.115344 0.000000
1653950767319787910 149.834579 0.000000
1653950767469139671 149.347786 0.000000
1653950767618680623 149.537113 0.000000
1653950767768766666 150.081903 0.000000
1653950767917854736 149.084386 0.000000
1653950768067225414 149.365797 0.000000
1653950768215916418 148.686338 0.000000
1653950768365629977 149.706306 0.000000
1653950768514427759 148.793543 0.000000
1653950768664093321 149.660811 0.000000
1653950768812604583 148.505760 0.000000
1653950768962099557 149.489889 0.000000
1653950769113045534 150.942494 0.000000
1653950769262399850 149.348953 0.000000
1653950769412384600 149.980079 0.000000
1653950769561708508 149.319755 0.000000
1653950769710948276 149.236107 0.000000
1653950769860669560 149.716000 0.000000
1653950770009226682 148.553103 0.000000
1653950770158423153 149.191444 0.000000
1653950770307654580 149.227444 0.000000
1653950770456725028 149.065356 0.000000
1653950770605492322 148.762793 0.000000
1653950770754649188 149.152916 0.000000
1653950770904099729 149.446936 0.000000
1653950771052937535 148.833103 0.000000
1653950771201868142 148.927247 0.000000
1653950771350596970 148.723125 0.000000
1653950771499894692 149.292933 0.000000
1653950771649315244 149.416410 0.000000
1653950771798703465 149.384505 0.000000
1653950771948553142 149.845542 0.000000
1653950772099310903 150.753539 0.000000
1653950772249239839 149.925118 0.000000
1653950772398144882 148.901189 0.000000
1653950772548494670 150.346074 0.000000
1653950772698107062 149.607896 0.000000
1653950772847722017 149.611406 0.000000
1653950772997183829 149.457718 0.000000
1653950773444156227 446.968559 0.000000
1653950773593652135 149.490656 0.000000
1653950773742994870 149.339097 0.000000
1653950773892617480 149.618757 0.000000
1653950774041956620 149.335594 0.000000
1653950774191339143 149.378298 0.000000
1653950774340975476 149.632624 0.000000
