1653950575519708926 163.522697 0.000000
1653950575603321181 83.595776 0.000000
1653950575684041967 80.716287 0.000000
1653950575763021030 78.975743 0.000000
1653950575845397627 82.370684 0.000000
1653950575928278305 82.877039 0.000000
1653950576008167005 79.883471 0.000000
1653950576089135168 80.965238 0.000000
1653950576170813677 81.675067 0.000000
1653950576249919834 79.099901 0.000000
1653950576330337639 80.413654 0.000000
1653950576408906211 78.562637 0.000000
1653950576486917368 78.007477 0.000000
1653950576565526415 78.604140 0.000000
1653950576644850678 79.320057 0.000000
1653950576721715995 76.861734 0.000000
1653950576839553538 117.833656 0.000000
1653950576916453880 76.893960 0.000000
1653950577225527975 309.069068 0.000000
1653950577304024969 78.492070 0.000000
1653950577569547314 265.517803 0.000000
1653950577647935786 78.383240 0.000000
1653950577726468764 78.527740 0.000000
1653950577803298913 76.824903 0.000000
1653950577881409768 78.106130 0.000000
1653950577958531892 77.117228 0.000000
1653950578036111751 77.574496 0.000000
1653950578113947680 77.831143 0.000000
1653950578190863459 76.910899 0.000000
1653950578509917848 319.047881 0.000000
1653950578586422351 76.500404 0.000000
1653950578664312889 77.885259 0.000000
1653950578741579167 77.262263 0.000000
1653950579045679393 304.096595 0.000000
1653950579123614688 77.931182 0.000000
1653950579200137196 76.517660 0.000000
1653950579275798208 75.656289 0.000000
1653950579354182738 78.380287 0.000000
1653950579430490159 76.303019 0.000000
1653950579507089364 76.594429 0.000000
1653950579584538461 77.444629 0.000000
1653950579661044508 76.500203 0.000000
1653950579737497270 76.447650 0.000000
1653950579814044498 76.541530 0.000000
1653950580116306321 302.255478 0.000000
1653950580193521063 77.209924 0.000000
1653950580270239813 76.713449 0.000000
1653950580346304103 76.059119 0.000000
1653950580423575919 77.266088 0.000000
1653950580500061023 76.464626 0.000000
1653950580576841638 76.775523 0.000000
1653950580653610886 76.764187 0.000000
1653950580729900805 76.284709 0.000000
1653950580807142281 77.235854 0.000000
1653950580883346109 76.198342 0.000000
1653950580960547338 77.197046 0.000000
1653950581036401243 75.848787 0.000000
1653950581113281452 76.876067 0.000000
1653950581189879061 76.592361 0.000000
1653950581266334497 76.451751 0.000000
1653950581383924786 117.584365 0.000000
1653950581461378451 77.448052 0.000000
1653950581537311580 75.928473 0.000000
1653950581654330285 117.012854 0.000000
1653950581731219920 76.885228 0.000000
1653950581808150672 76.926328 0.000000
1653950581885377135 77.222081 0.000000
1653950581962471424 77.088794 0.000000
1653950582039032673 76.556315 0.000000
1653950582114798997 75.761027 0.000000
1653950582190615543 75.811852 0.000000
1653950582267057366 76.437745 0.000000
1653950582343933394 76.870499 0.000000
1653950582423273576 79.335910 0.000000
1653950582499703030 76.425595 0.000000
1653950582576024350 76.316541 0.000000
1653950582652331250 76.303199 0.000000
1653950582872559475 220.223133 0.000000
1653950582949571891 77.007314 0.000000
1653950583026391216 76.814448 0.000000
1653950583103341207 76.945953 0.000000
1653950583180184622 76.839412 0.000000
1653950583255457462 75.267486 0.000000
1653950583523786244 268.324747 0.000000
1653950583600108072 76.316385 0.000000
1653950583676424377 76.309579 0.000000
1653950583752547222 76.117628 0.000000
1653950583828291552 75.727601 0.000000
1653950583904089159 75.792494 0.000000
1653950583980160916 76.067140 0.000000
1653950584206747092 226.582254 0.000000
1653950584283836048 77.082872 0.000000
1653950584360544611 76.702960 0.000000
1653950584436478140 75.928718 0.000000
1653950584512058018 75.574937 0.000000
1653950584587961332 75.898404 0.000000
1653950584807793590 219.828576 0.000000
1653950584883685497 75.887388 0.000000
1653950584960349782 76.659666 0.000000
1653950585036980816 76.625670 0.000000
1653950585113442402 76.456052 0.000000
1653950585189522066 76.074246 0.000000
1653950585264417176 74.890755 0.000000
1653950585339981422 75.558623 0.000000
1653950585456984765 116.998406 0.000000
1653950585675572456 218.582651 0.000000
1653950585897153578 221.576506 0.000000
1653950585974005956 76.847954 0.000000
1653950586049249028 75.238028 0.000000
1653950586125681555 76.428781 0.000000
1653950586200893844 75.208660 0.000000
1653950586276843244 75.945425 0.000000
1653950586352825192 75.977304 0.000000
1653950586428184881 75.354107 0.000000
1653950586504190508 76.001182 0.000000
1653950586622131367 117.934859 0.000000
1653950586698183850 76.046267 0.000000
1653950586773977912 75.790690 0.000000
1653950586850231576 76.250368 0.000000
1653950586925715541 75.479525 0.000000
1653950587000940467 75.220750 0.000000
1653950587076403699 75.459527 0.000000
1653950587152423870 76.015269 0.000000
1653950587228230930 75.801091 0.000000
1653950587304113031 75.877249 0.000000
1653950587379716898 75.599313 0.000000
1653950587455238761 75.516144 0.000000
1653950587530828401 75.585366 0.000000
1653950587606022972 75.190735 0.000000
1653950587681154551 75.126962 0.000000
1653950587756788017 75.628636 0.000000
1653950587832314240 75.521176 0.000000
1653950587907965615 75.646373 0.000000
1653950587983387022 75.417027 0.000000
1653950588059816826 76.424872 0.000000
1653950588135195810 75.373862 0.000000
1653950588210992835 75.792268 0.000000
1653950588286885182 75.887483 0.000000
1653950588362426173 75.534832 0.000000
1653950588438173549 75.741198 0.000000
1653950588514202506 76.023308 0.000000
1653950588590219384 76.011831 0.000000
1653950588666787098 76.563019 0.000000
1653950588742196960 75.404599 0.000000
1653950588818342118 76.140063 0.000000
1653950588893697090 75.350744 0.000000
1653950589249874587 356.172790 0.000000
1653950589325652128 75.772507 0.000000
1653950589401523091 75.862858 0.000000
1653950589476966385 75.438401 0.000000
1653950589552839079 75.867872 0.000000
1653950589630142906 77.298499 0.000000
1653950589705943581 75.796228 0.000000
1653950589781672594 75.724617 0.000000
1653950589858029307 76.352403 0.000000
1653950589933679924 75.645590 0.000000
1653950590009331413 75.646607 0.000000
1653950590085848724 76.513243 0.000000
1653950590161174505 75.320398 0.000000
1653950590236533959 75.354177 0.000000
1653950590312376607 75.837520 0.000000
1653950590387715053 75.333343 0.000000
1653950590463088605 75.368004 0.000000
1653950590538995026 75.901275 0.000000
1653950590615201006 76.201018 0.000000
1653950590690427515 75.221491 0.000000
1653950590766757551 76.324638 0.000000
1653950590842639892 75.876562 0.000000
1653950590917848605 75.202714 0.000000
1653950590993514823 75.659617 0.000000
1653950591071057078 77.535640 0.000000
1653950591428854350 357.792175 0.000000
1653950591505499254 76.639586 0.000000
1653950591581156776 75.651999 0.000000
1653950591807383228 226.221069 0.000000
1653950591883292411 75.902533 0.000000
1653950592345102189 461.805106 0.000000
1653950592421814576 76.706584 0.000000
1653950592497249509 75.430214 0.000000
1653950592572992332 75.737263 0.000000
1653950592648348165 75.351178 0.000000
1653950592723652687 75.299970 0.000000
1653950592800057096 76.399798 0.000000
1653950592875790530 75.727801 0.000000
1653950592950959546 75.163926 0.000000
1653950593030919048 79.954914 0.000000
1653950593105825142 74.900542 0.000000
1653950593181364762 75.534833 0.000000
1653950593256325157 74.955325 0.000000
1653950593331763640 75.434611 0.000000
1653950593408136962 76.368280 0.000000
1653950593483351409 75.209118 0.000000
1653950593559134550 75.779863 0.000000
1653950593635582148 76.443445 0.000000
1653950593752541148 116.952754 0.000000
1653950593827846910 75.300746 0.000000
1653950593903781906 75.930265 0.000000
1653950593979182504 75.396202 0.000000
1653950594054701188 75.513622 0.000000
1653950594129974066 75.268131 0.000000
1653950594342324363 212.346899 0.000000
1653950594418183499 75.853554 0.000000
1653950594495681833 77.493247 0.000000
1653950594571369162 75.682257 0.000000
1653950594647041857 75.667276 0.000000
1653950594722316178 75.269836 0.000000
1653950594797529692 75.209010 0.000000
1653950594872712606 75.178709 0.000000
1653950594948172533 75.453440 0.000000
1653950595023710095 75.534098 0.000000
1653950595098765096 75.050190 0.000000
1653950595174168900 75.399404 0.000000
1653950595249620393 75.446326 0.000000
1653950595506585021 256.959767 0.000000
1653950595581556678 74.966355 0.000000
1653950595656769578 75.208233 0.000000
1653950595732841512 76.066862 0.000000
1653950595808314515 75.468326 0.000000
1653950595883381905 75.063486 0.000000
1653950595959637192 76.250931 0.000000
1653950596117831895 158.190093 0.000000
1653950596193277029 75.438789 0.000000
1653950596269294132 76.013269 0.000000
1653950596344080115 74.780606 0.000000
1653950596419564860 75.480281 0.000000
1653950596494389944 74.821989 0.000000
1653950596570051671 75.656951 0.000000
1653950596645359665 75.302241 0.000000
1653950596721396835 76.032444 0.000000
1653950596796363305 74.961603 0.000000
1653950596872492925 76.124628 0.000000
1653950596947850745 75.351741 0.000000
1653950597023416143 75.560095 0.000000
1653950597098557086 75.135938 0.000000
1653950597173757041 75.195304 0.000000
1653950597249596293 75.832866 0.000000
1653950597366208373 116.607628 0.000000
1653950597443618812 77.405552 0.000000
1653950597519983328 76.359895 0.000000
1653950597595376064 75.388482 0.000000
1653950597670494578 75.114113 0.000000
1653950597746312770 75.813325 0.000000
1653950597822417982 76.100374 0.000000
1653950597898314910 75.891697 0.000000
1653950597973677451 75.358093 0.000000
1653950598049078261 75.395383 0.000000
1653950598124697787 75.614727 0.000000
1653950598200156116 75.453742 0.000000
1653950598276110511 75.945764 0.000000
1653950598351043814 74.928121 0.000000
1653950598580400735 229.352722 0.000000
1653950598655743480 75.336666 0.000000
1653950598731248176 75.500306 0.000000
1653950598807542061 76.289615 0.000000
1653950598923684683 116.139245 0.000000
1653950598999886516 76.197332 0.000000
1653950599076210758 76.319261 0.000000
1653950599152056571 75.841397 0.000000
1653950599227734864 75.674307 0.000000
1653950599304271013 76.531349 0.000000
1653950599379517019 75.242107 0.000000
1653950599454516265 74.994717 0.000000
1653950599529701278 75.181411 0.000000
1653950599606488181 76.782989 0.000000
1653950599833687835 227.195508 0.000000
1653950600051801760 218.109039 0.000000
1653950600128142812 76.335963 0.000000
1653950600204312810 76.165417 0.000000
1653950600279564496 75.246839 0.000000
1653950600354960211 75.390934 0.000000
1653950600430476038 75.511297 0.000000
1653950600507024913 76.542179 0.000000
1653950600583008283 75.977997 0.000000
1653950600658004740 74.991406 0.000000
1653950600733417238 75.407884 0.000000
1653950600808427947 75.006593 0.000000
1653950600883577152 75.144604 0.000000
1653950600960026154 76.444532 0.000000
1653950601035473497 75.442552 0.000000
1653950601110606675 75.128186 0.000000
1653950601185466747 74.855449 0.000000
1653950601260520314 75.048851 0.000000
1653950601335836387 75.312332 0.000000
1653950601411730133 75.889065 0.000000
1653950601486298712 74.564761 0.000000
1653950601561167656 74.863225 0.000000
1653950601636433223 75.261128 0.000000
1653950601711514893 75.077833 0.000000
1653950601786532695 75.013112 0.000000
1653950601864467610 77.930669 0.000000
1653950601939288396 74.814662 0.000000
1653950602014262494 74.969256 0.000000
1653950602423287559 409.020469 0.000000
1653950602498044816 74.751823 0.000000
1653950602574492109 76.442367 0.000000
1653950602963562067 389.065708 0.000000
1653950603038574779 75.007590 0.000000
1653950603114582646 76.003977 0.000000
1653950603189961860 75.375290 0.000000
1653950603265056804 75.090809 0.000000
1653950603340382503 75.321490 0.000000
1653950603416500194 76.114168 0.000000
1653950603492578421 76.074933 0.000000
1653950603567862990 75.280249 0.000000
1653950603645671017 77.803692 0.000000
1653950603721239384 75.563300 0.000000
1653950603795960492 74.716641 0.000000
1653950603871296580 75.332326 0.000000
1653950603946513001 75.211955 0.000000
1653950604021305952 74.788671 0.000000
1653950604096251202 74.940519 0.000000
1653950604171654653 75.399838 0.000000
1653950604246621669 74.963117 0.000000
1653950604321781036 75.155546 0.000000
1653950604396797711 75.012574 0.000000
1653950604472115510 75.313057 0.000000
1653950604547399012 75.279317 0.000000
1653950604622782431 75.378909 0.000000
1653950604697771465 74.985511 0.000000
1653950604773435574 75.659893 0.000000
1653950604848669909 75.230174 0.000000
1653950604924494964 75.820246 0.000000
1653950605003174518 78.675234 0.000000
1653950605078503971 75.324331 0.000000
1653950605153881791 75.373975 0.000000
1653950605228877786 74.991406 0.000000
1653950605304067429 75.184471 0.000000
1653950605379999132 75.926998 0.000000
1653950605454868116 74.864454 0.000000
1653950605530288401 75.415368 0.000000
1653950605605578459 75.284584 0.000000
1653950605680701522 75.118577 0.000000
1653950605756241264 75.536249 0.000000
1653950605831406306 75.161138 0.000000
1653950605907294779 75.884490 0.000000
1653950605982232587 74.933673 0.000000
1653950606057455442 75.217007 0.000000
1653950606132825175 75.364957 0.000000
1653950606208426571 75.595787 0.000000
1653950606283654665 75.222993 0.000000
1653950606362776622 79.118207 0.000000
1653950606438870819 76.089020 0.000000
1653950606514215899 75.339993 0.000000
1653950606726750899 212.529729 0.000000
1653950606843433715 116.677815 0.000000
1653950606918891867 75.453396 0.000000
1653950606994183856 75.287784 0.000000
1653950607069678902 75.491056 0.000000
1653950607145435234 75.752097 0.000000
1653950607220395073 74.955760 0.000000
1653950607295522000 75.122753 0.000000
1653950607371164336 75.637965 0.000000
1653950607446579970 75.408778 0.000000
1653950607522242132 75.657457 0.000000
1653950607597377838 75.132287 0.000000
1653950607672475064 75.093675 0.000000
1653950607930032458 257.553069 0.000000
1653950608005319502 75.280899 0.000000
1653950608081407550 76.083850 0.000000
1653950608156751397 75.338600 0.000000
1653950608381659391 224.901724 0.000000
1653950608457961045 76.295455 0.000000
1653950608534212019 76.246646 0.000000
1653950608609465218 75.248392 0.000000
1653950608684391478 74.922025 0.000000
1653950608760256442 75.860859 0.000000
1653950608836118660 75.856434 0.000000
1653950608911507919 75.384289 0.000000
1653950608987163153 75.651461 0.000000
1653950609062355979 75.188400 0.000000
1653950609137195247 74.835439 0.000000
1653950609212808830 75.589319 0.000000
1653950609288313377 75.500744 0.000000
1653950609364473592 76.156161 0.000000
1653950609440816362 76.337496 0.000000
1653950609516478412 75.657844 0.000000
1653950609591767950 75.285310 0.000000
1653950609666742823 74.970744 0.000000
1653950609742176572 75.429625 0.000000
1653950609817569851 75.389538 0.000000
1653950609893090770 75.516855 0.000000
1653950609968609990 75.514579 0.000000
1653950610044693300 76.079562 0.000000
1653950610119884921 75.187100 0.000000
1653950610195441570 75.552713 0.000000
1653950610270240550 74.794549 0.000000
1653950610345121833 74.877002 0.000000
1653950610420658728 75.533114 0.000000
1653950610495779084 75.116394 0.000000
1653950610571535756 75.752883 0.000000
1653950610647630900 76.090414 0.000000
1653950610723019044 75.384129 0.000000
1653950611112949907 389.925786 0.000000
1653950611188218183 75.262166 0.000000
1653950611264239876 76.015167 0.000000
1653950611339407819 75.163026 0.000000
1653950611414751380 75.338865 0.000000
1653950611489641937 74.887234 0.000000
1653950611565082534 75.435139 0.000000
1653950611639888878 74.802253 0.000000
1653950611714899513 75.007321 0.000000
1653950611791169498 76.265966 0.000000
1653950611866348593 75.175390 0.000000
1653950611942167017 75.815090 0.000000
1653950612017637834 75.464522 0.000000
1653950612093429738 75.788456 0.000000
1653950612168303772 74.869699 0.000000
1653950612385939713 217.631911 0.000000
1653950612464599557 78.655033 0.000000
1653950612540878000 76.274098 0.000000
1653950612615715045 74.833184 0.000000
1653950612690946149 75.224114 0.000000
1653950612765897678 74.947521 0.000000
1653950612841710349 75.807808 0.000000
1653950612916514242 74.800154 0.000000
1653950612992058339 75.539757 0.000000
1653950613067685634 75.623402 0.000000
1653950613142856780 75.165653 0.000000
1653950613218491919 75.631275 0.000000
1653950613293392945 74.896977 0.000000
1653950613368420106 75.023527 0.000000
1653950613443551623 75.126286 0.000000
1653950613518895355 75.339846 0.000000
1653950613594415238 75.515617 0.000000
1653950613669330236 74.911001 0.000000
1653950613744399313 75.065294 0.000000
1653950613819112388 74.708289 0.000000
1653950613895193479 76.076120 0.000000
1653950613970236073 75.037913 0.000000
1653950614045589047 75.348613 0.000000
1653950614121366347 75.772538 0.000000
1653950614197658303 76.286834 0.000000
1653950614273806100 76.142760 0.000000
1653950614349116709 75.305292 0.000000
1653950614425573480 76.452501 0.000000
1653950614501361418 75.784275 0.000000
1653950614577383016 76.017523 0.000000
1653950614653334726 75.946002 0.000000
1653950614728810740 75.469940 0.000000
1653950614804277803 75.461635 0.000000
1653950614879744350 75.461446 0.000000
1653950614955168248 75.419295 0.000000
1653950615031159545 75.986867 0.000000
1653950615106659584 75.492722 0.000000
1653950615181948654 75.282419 0.000000
1653950615257517217 75.563677 0.000000
1653950615333193207 75.671459 0.000000
1653950615408846800 75.649549 0.000000
1653950615483909416 75.058372 0.000000
1653950615559296794 75.382411 0.000000
1653950615634455655 75.153574 0.000000
1653950615709993848 75.533973 0.000000
1653950615786133774 76.135310 0.000000
1653950615861601250 75.464170 0.000000
1653950615937233648 75.628634 0.000000
1653950616011912633 74.674835 0.000000
1653950616087164780 75.248454 0.000000
1653950616162675957 75.508274 0.000000
1653950616237870371 75.190695 0.000000
1653950616313035697 75.161086 0.000000
1653950616388340367 75.299741 0.000000
1653950616464076040 75.730806 0.000000
1653950616538990727 74.909720 0.000000
1653950616614446179 75.450758 0.000000
1653950616692646103 78.192992 0.000000
1653950616767878580 75.227707 0.000000
1653950616845601690 77.719431 0.000000
1653950616920618810 75.012173 0.000000
1653950616996553727 75.930424 0.000000
1653950617071893018 75.334043 0.000000
1653950617146815209 74.917705 0.000000
1653950617222318341 75.499443 0.000000
1653950617298034604 75.712108 0.000000
1653950617373317573 75.279456 0.000000
1653950617449629739 76.308427 0.000000
1653950617524395092 74.761764 0.000000
1653950617599390759 74.991607 0.000000
1653950617675219724 75.824008 0.000000
1653950617750176140 74.952342 0.000000
1653950617825531116 75.350962 0.000000
1653950618094314620 268.778888 0.000000
1653950618169833538 75.514126 0.000000
1653950618245958626 76.119701 0.000000
1653950618321567461 75.605288 0.000000
1653950618397630797 76.059579 0.000000
1653950618473565680 75.931304 0.000000
1653950618548648448 75.077477 0.000000
1653950618624943728 76.290804 0.000000
1653950618700226291 75.276494 0.000000
1653950618775680108 75.449481 0.000000
1653950618851895329 76.210925 0.000000
1653950618926939203 75.040209 0.000000
1653950619002066508 75.123815 0.000000
1653950619395867623 393.797106 0.000000
1653950619471122672 75.249870 0.000000
1653950619546257348 75.130208 0.000000
1653950619621693413 75.432322 0.000000
1653950619697493792 75.796309 0.000000
1653950619777126190 79.628048 0.000000
1653950619853358298 76.228133 0.000000
1653950619928579844 75.215699 0.000000
1653950620004427011 75.842420 0.000000
1653950620079780670 75.349570 0.000000
1653950620155136920 75.352431 0.000000
1653950620231278898 76.138074 0.000000
1653950620307171638 75.888209 0.000000
1653950620382443720 75.268760 0.000000
1653950620498699822 116.252378 0.000000
1653950620574190915 75.485090 0.000000
1653950620649620160 75.425395 0.000000
1653950620725482277 75.858458 0.000000
1653950620800315601 74.829370 0.000000
1653950620875228480 74.909336 0.000000
1653950620951780200 76.532981 0.000000
1653950621027043504 75.254148 0.000000
1653950621102305670 75.258618 0.000000
1653950621179302390 76.992941 0.000000
1653950621254337318 75.030578 0.000000
1653950621330056096 75.713015 0.000000
1653950621405752326 75.692116 0.000000
1653950621481105935 75.348221 0.000000
1653950621556187622 75.077136 0.000000
1653950621631582737 75.391309 0.000000
1653950621707336331 75.749584 0.000000
1653950621782576154 75.234180 0.000000
1653950621857836949 75.256963 0.000000
1653950622071942143 214.101145 0.000000
1653950622147833978 75.886493 0.000000
1653950622223151486 75.312696 0.000000
1653950622298251377 75.096216 0.000000
1653950622373542192 75.286777 0.000000
1653950622448913064 75.367422 0.000000
1653950622819367014 370.449325 0.000000
1653950622894717280 75.345320 0.000000
1653950622970033089 75.311157 0.000000
1653950623195946850 225.909918 0.000000
1653950623272071813 76.120292 0.000000
1653950623348298728 76.222124 0.000000
1653950623423626021 75.322551 0.000000
1653950623499423563 75.793453 0.000000
1653950623574735238 75.307857 0.000000
1653950623650746581 76.007088 0.000000
1653950623725806136 75.055761 0.000000
1653950623801638512 75.828065 0.000000
1653950623876823069 75.181086 0.000000
1653950623952319615 75.491519 0.000000
1653950624028199538 75.875934 0.000000
1653950624103335565 75.132103 0.000000
1653950624178906124 75.566586 0.000000
1653950624253954165 75.044598 0.000000
1653950624330302601 76.345586 0.000000
1653950624405544653 75.238540 0.000000
1653950624480692097 75.142909 0.000000
1653950624555779598 75.083727 0.000000
1653950624631244390 75.460633 0.000000
1653950624706378480 75.130305 0.000000
1653950624781762943 75.380463 0.000000
1653950624857006214 75.239553 0.000000
1653950624932716027 75.706680 0.000000
1653950625302025030 369.304537 0.000000
1653950625377724583 75.694471 0.000000
1653950625453685033 75.955183 0.000000
1653950625528540809 74.851702 0.000000
1653950625604212607 75.667438 0.000000
1653950625829411068 225.193690 0.000000
1653950626198563181 369.148013 0.000000
1653950626273799291 75.229680 0.000000
1653950626349153989 75.349151 0.000000
1653950626425009618 75.851508 0.000000
1653950626501407991 76.394176 0.000000
1653950626617557996 116.145876 0.000000
1653950626693640905 76.077867 0.000000
1653950626769574563 75.928746 0.000000
1653950626844425653 74.844767 0.000000
1653950626919572892 75.142559 0.000000
1653950626994864096 75.286718 0.000000
1653950627253520847 258.652627 0.000000
1653950627329025627 75.499588 0.000000
1653950627404837852 75.807670 0.000000
1653950627479785958 74.944607 0.000000
1653950627554819067 75.029115 0.000000
1653950627630299099 75.475982 0.000000
1653950627706043075 75.739319 0.000000
1653950627781442681 75.394920 0.000000
1653950627857625683 76.178712 0.000000
1653950627933352980 75.722256 0.000000
1653950628008624267 75.267362 0.000000
1653950628084847590 76.217923 0.000000
1653950628160412649 75.562280 0.000000
1653950628235675546 75.259340 0.000000
1653950628311170479 75.491404 0.000000
1653950628386581831 75.407012 0.000000
1653950628462107129 75.520742 0.000000
1653950628537852473 75.738848 0.000000
1653950628613743502 75.886498 0.000000
1653950628688520146 74.772347 0.000000
1653950628764128790 75.605680 0.000000
1653950628839323474 75.190549 0.000000
1653950628914590383 75.261313 0.000000
1653950628990002641 75.408898 0.000000
1653950629065516953 75.510162 0.000000
1653950629142634639 77.113531 0.000000
1653950629217796717 75.156831 0.000000
1653950629293295623 75.493996 0.000000
1653950629368608988 75.310028 0.000000
1653950629444001361 75.386841 0.000000
1653950629519782605 75.776412 0.000000
1653950629596359372 76.572297 0.000000
1653950629671360070 74.996834 0.000000
1653950629746513603 75.149498 0.000000
1653950629821832215 75.314883 0.000000
1653950629897807109 75.970934 0.000000
1653950629973331474 75.519846 0.000000
1653950630048803743 75.468404 0.000000
1653950630124220985 75.413708 0.000000
1653950630199474796 75.250072 0.000000
1653950630275454395 75.975875 0.000000
1653950630350848658 75.390248 0.000000
1653950630425830432 74.977298 0.000000
1653950630501466648 75.631646 0.000000
1653950630576681808 75.211446 0.000000
1653950630652788904 76.103122 0.000000
1653950630728518242 75.725388 0.000000
1653950630804281127 75.759101 0.000000
1653950630879896429 75.611598 0.000000
1653950630955011848 75.110964 0.000000
1653950631030071728 75.055887 0.000000
1653950631105687939 75.612859 0.000000
1653950631180828923 75.137737 0.000000
1653950631255716232 74.884005 0.000000
1653950631331408912 75.688346 0.000000
1653950631407149531 75.736414 0.000000
1653950631484574772 77.420335 0.000000
1653950631559933910 75.353843 0.000000
1653950631634837815 74.900230 0.000000
1653950631710143151 75.301389 0.000000
1653950631785665076 75.518954 0.000000
1653950631860902965 75.234180 0.000000
1653950631935790760 74.874800 0.000000
1653950632011557600 75.762800 0.000000
1653950632086664464 75.102890 0.000000
1653950632162708122 76.039488 0.000000
1653950632718053642 555.340959 0.000000
1653950632793470340 75.409338 0.000000
1653950632868768780 75.294691 0.000000
1653950632943715627 74.943187 0.000000
1653950633018554710 74.835730 0.000000
1653950633094398268 75.839498 0.000000
1653950633169573536 75.170678 0.000000
1653950633244792251 75.213989 0.000000
1653950633320130622 75.333936 0.000000
1653950633395195286 75.060424 0.000000
1653950633470885532 75.685405 0.000000
1653950633545883147 74.993771 0.000000
1653950633621026496 75.138407 0.000000
1653950633696220363 75.189665 0.000000
1653950634065574539 369.350898 0.000000
1653950634141739213 76.158746 0.000000
1653950634217853335 76.109897 0.000000
1653950634292771801 74.914291 0.000000
1653950634369116178 76.340478 0.000000
1653950634445040162 75.919579 0.000000
1653950634520752437 75.708236 0.000000
1653950634596530425 75.774440 0.000000
1653950634671436236 74.901754 0.000000
1653950634888711686 217.270407 0.000000
1653950634966818091 78.100842 0.000000
1653950635043076558 76.254703 0.000000
1653950635118282112 75.201635 0.000000
1653950635194246530 75.960825 0.000000
1653950635269792295 75.542066 0.000000
1653950635345026311 75.229911 0.000000
1653950635421145283 76.114722 0.000000
1653950635788429720 367.279967 0.000000
1653950635863814134 75.380079 0.000000
1653950635939045984 75.227746 0.000000
1653950636014555696 75.505727 0.000000
1653950636089572140 75.010004 0.000000
1653950636164654402 75.078117 0.000000
1653950636239622536 74.963994 0.000000
1653950636315259255 75.632611 0.000000
1653950636390223277 74.959277 0.000000
1653950636465290589 75.063619 0.000000
1653950636542895733 77.600267 0.000000
1653950636618286558 75.386720 0.000000
1653950636994879661 376.589370 0.000000
1653950637070596394 75.710493 0.000000
1653950637146267170 75.665910 0.000000
1653950637221593434 75.321984 0.000000
1653950637297943272 76.345889 0.000000
1653950637372786186 74.839317 0.000000
1653950637448134415 75.344536 0.000000
1653950637523095600 74.956950 0.000000
1653950637598654941 75.555122 0.000000
1653950637673960679 75.302149 0.000000
1653950637966037280 292.072973 0.000000
1653950638042063402 76.020473 0.000000
1653950638117700169 75.632046 0.000000
1653950638192879231 75.174241 0.000000
1653950638268350618 75.467398 0.000000
1653950638344130712 75.776280 0.000000
1653950638420676859 76.542258 0.000000
1653950638496393751 75.712989 0.000000
1653950638571926782 75.528966 0.000000
1653950638647448707 75.517822 0.000000
1653950638723146585 75.694512 0.000000
1653950638798254947 75.104017 0.000000
1653950638873788453 75.528660 0.000000
1653950638949633364 75.840937 0.000000
1653950639025115486 75.478203 0.000000
1653950639100994897 75.875317 0.000000
1653950639176523947 75.524621 0.000000
1653950639252491569 75.962942 0.000000
1653950639328114277 75.619483 0.000000
1653950639403479918 75.361381 0.000000
1653950639479263004 75.779077 0.000000
1653950639597240232 117.973274 0.000000
1653950639672417605 75.171795 0.000000
1653950639747463818 75.041548 0.000000
1653950639966485984 219.018046 0.000000
1653950640042869678 76.378131 0.000000
1653950640118409649 75.535777 0.000000
1653950640193730891 75.317382 0.000000
1653950640269380128 75.645095 0.000000
1653950640559179537 289.795675 0.000000
1653950640635354551 76.170368 0.000000
1653950640711697700 76.337792 0.000000
1653950640787171527 75.470013 0.000000
1653950640863127115 75.952109 0.000000
1653950640939064029 75.932430 0.000000
1653950641170713671 231.645536 0.000000
1653950641245574416 74.856104 0.000000
1653950641320633669 75.055123 0.000000
1653950641396940368 76.303161 0.000000
1653950641473183294 76.239072 0.000000
1653950641549889322 76.702089 0.000000
1653950641625925642 76.032802 0.000000
1653950641708501285 82.571423 0.000000
1653950641784659822 76.152232 0.000000
1653950641860184391 75.520419 0.000000
1653950641935361497 75.172898 0.000000
1653950642011271759 75.905801 0.000000
1653950642086995443 75.719669 0.000000
1653950642162354197 75.353658 0.000000
1653950642237466574 75.107902 0.000000
1653950642312893442 75.422480 0.000000
1653950642388199159 75.301925 0.000000
1653950642463519466 75.316539 0.000000
1653950642539012401 75.488524 0.000000
1653950642615366235 76.348987 0.000000
1653950642690669350 75.299446 0.000000
1653950642766251028 75.578110 0.000000
1653950642842312823 76.056126 0.000000
1653950642917824062 75.506970 0.000000
1653950642992912318 75.082462 0.000000
1653950643068499870 75.583613 0.000000
1653950643144151527 75.647852 0.000000
1653950643219825708 75.670590 0.000000
1653950643296357005 76.526536 0.000000
1653950643371591691 75.231000 0.000000
1653950643446858196 75.263658 0.000000
1653950643522483801 75.621195 0.000000
1653950643597641644 75.153182 0.000000
1653950643954250287 356.604028 0.000000
1653950644032101485 77.828675 0.000000
1653950644108043704 75.937978 0.000000
1653950644184027825 75.979819 0.000000
1653950644259662720 75.631597 0.000000
1653950644335272203 75.605263 0.000000
1653950644411431369 76.154575 0.000000
1653950644486715525 75.280126 0.000000
1653950644561751003 75.031629 0.000000
1653950644637360596 75.605378 0.000000
1653950644713573943 76.208661 0.000000
1653950644789105189 75.527201 0.000000
1653950644864270307 75.160819 0.000000
1653950644940308302 76.034216 0.000000
1653950645015374840 75.063154 0.000000
1653950645232684694 217.306082 0.000000
1653950645308664975 75.975244 0.000000
1653950645384150674 75.480457 0.000000
1653950645459395729 75.240524 0.000000
1653950645535838490 76.438365 0.000000
1653950645611246178 75.402858 0.000000
1653950645686730259 75.479520 0.000000
1653950645762595436 75.861279 0.000000
1653950645838250180 75.650719 0.000000
1653950645913796726 75.541304 0.000000
1653950645989478010 75.676032 0.000000
1653950646064738105 75.255851 0.000000
1653950646139989445 75.247870 0.000000
1653950646257079033 117.085914 0.000000
1653950646333509300 76.425015 0.000000
1653950646409699417 76.186380 0.000000
1653950646484888823 75.184244 0.000000
1653950646560159744 75.266375 0.000000
1653950646635451983 75.288450 0.000000
1653950646711259787 75.803002 0.000000
1653950646786387253 75.123096 0.000000
1653950646865524611 79.133273 0.000000
1653950646940686903 75.158258 0.000000
1653950647016331186 75.639888 0.000000
1653950647091415012 75.080012 0.000000
1653950647167635294 76.215519 0.000000
1653950647242827983 75.187563 0.000000
1653950647318469565 75.637403 0.000000
1653950647393879598 75.405913 0.000000
1653950647510653648 116.769454 0.000000
1653950647585967043 75.309483 0.000000
1653950647661432276 75.461318 0.000000
1653950647736581522 75.145918 0.000000
1653950647812196307 75.610823 0.000000
1653950647887732388 75.532772 0.000000
1653950647963761577 76.025375 0.000000
1653950648039296400 75.530933 0.000000
1653950648114592590 75.292295 0.000000
1653950648193023728 78.427396 0.000000
1653950648268433642 75.405934 0.000000
1653950648344451740 76.014013 0.000000
1653950648419439496 74.983907 0.000000
1653950648495573369 76.129783 0.000000
1653950648570878278 75.299752 0.000000
1653950648647348677 76.466836 0.000000
1653950648722177509 74.825189 0.000000
1653950648796991246 74.810227 0.000000
1653950648872468947 75.474283 0.000000
1653950648948173421 75.700534 0.000000
1653950649023713000 75.535715 0.000000
1653950649099532070 75.815547 0.000000
1653950649174923080 75.387216 0.000000
1653950649249936696 75.009748 0.000000
1653950649326111293 76.170600 0.000000
1653950649401740792 75.624781 0.000000
1653950649476700019 74.955258 0.000000
1653950649551789640 75.085739 0.000000
1653950649627450197 75.656402 0.000000
1653950649702467813 75.013336 0.000000
1653950649777786707 75.314733 0.000000
1653950649854012030 76.219934 0.000000
1653950649928957570 74.940744 0.000000
1653950650004347941 75.386600 0.000000
1653950650080576091 76.223806 0.000000
1653950650155583880 75.003689 0.000000
1653950650231486464 75.898645 0.000000
1653950650446107884 214.617350 0.000000
1653950650521381600 75.269132 0.000000
1653950650597467656 76.081862 0.000000
1653950650673574123 76.102485 0.000000
1653950650748174492 74.597305 0.000000
1653950650823788838 75.610963 0.000000
1653950650898799484 75.006706 0.000000
1653950650974025795 75.221315 0.000000
1653950651052189204 78.158583 0.000000
1653950651127469041 75.276341 0.000000
1653950651202905457 75.432593 0.000000
1653950651278449812 75.540854 0.000000
1653950651353881366 75.426156 0.000000
1653950651429608642 75.721723 0.000000
1653950651504637534 75.023548 0.000000
1653950651579973606 75.331938 0.000000
1653950651655005942 75.028371 0.000000
1653950651729907096 74.897473 0.000000
1653950651804935452 75.023770 0.000000
1653950651880147902 75.208195 0.000000
1653950651955639103 75.486977 0.000000
1653950652031701509 76.057846 0.000000
1653950652107180753 75.475701 0.000000
1653950652182724548 75.538883 0.000000
1653950652258613626 75.885650 0.000000
1653950652334542909 75.925345 0.000000
1653950652410015361 75.469254 0.000000
1653950652485272192 75.253572 0.000000
1653950652560318315 75.042063 0.000000
1653950652636045827 75.722794 0.000000
1653950652711109259 75.059838 0.000000
1653950652786179382 75.066324 0.000000
1653950652861834305 75.651246 0.000000
1653950653217456998 355.619707 0.000000
1653950653293347225 75.885332 0.000000
1653950653368797617 75.445348 0.000000
1653950653444401876 75.600835 0.000000
1653950653520526391 76.121254 0.000000
1653950653596134535 75.604420 0.000000
1653950653672206983 76.068659 0.000000
1653950653788679245 116.468374 0.000000
1653950653865977139 77.294246 0.000000
1653950653941307557 75.326740 0.000000
1653950654017294527 75.982770 0.000000
1653950654093140435 75.841979 0.000000
1653950654168179184 75.034736 0.000000
1653950654243549451 75.365054 0.000000
1653950654319173556 75.619420 0.000000
1653950654394223525 75.046319 0.000000
1653950654469379730 75.152895 0.000000
1653950654545335203 75.951914 0.000000
1653950654620231929 74.892570 0.000000
1653950654695800435 75.564673 0.000000
1653950654771729714 75.923626 0.000000
1653950654847062449 75.329675 0.000000
1653950654922686630 75.620613 0.000000
1653950655148302035 225.611963 0.000000
1653950655224364000 76.056923 0.000000
1653950655302175478 77.806206 0.000000
1653950655377470975 75.291733 0.000000
1653950655452765349 75.289954 0.000000
1653950655527943704 75.173694 0.000000
1653950655603070543 75.121567 0.000000
1653950655678648312 75.573970 0.000000
1653950655753493296 74.841100 0.000000
1653950655829088790 75.591740 0.000000
1653950655904642528 75.549919 0.000000
1653950655980262840 75.616748 0.000000
1653950656056550514 76.283469 0.000000
1653950656131839682 75.285118 0.000000
1653950656207643887 75.799980 0.000000
1653950656283375092 75.726700 0.000000
1653950656358785962 75.407237 0.000000
1653950656434544054 75.754254 0.000000
1653950656509898569 75.350159 0.000000
1653950656586149365 76.245338 0.000000
1653950656801552885 215.398473 0.000000
1653950656877354338 75.796556 0.000000
1653950656953972361 76.613382 0.000000
1653950657029883956 75.907079 0.000000
1653950657105800221 75.912141 0.000000
1653950657181094289 75.289651 0.000000
1653950657257031437 75.933451 0.000000
1653950657332510368 75.475086 0.000000
1653950657407653575 75.139550 0.000000
1653950657524196967 116.539362 0.000000
1653950657600275944 76.074343 0.000000
1653950657677349142 77.069349 0.000000
1653950657753192417 75.839809 0.000000
1653950657829334292 76.137631 0.000000
1653950657905163491 75.825365 0.000000
1653950657980380089 75.212664 0.000000
1653950658056382555 75.998947 0.000000
1653950658133548381 77.162092 0.000000
1653950658208355001 74.802671 0.000000
1653950658283540036 75.180675 0.000000
1653950658359438991 75.895056 0.000000
1653950658434601709 75.158739 0.000000
1653950658509493682 74.888190 0.000000
1653950658585609016 76.111053 0.000000
1653950658660629490 75.016806 0.000000
1653950658736913720 76.280612 0.000000
1653950658811839727 74.921943 0.000000
1653950658887228766 75.384549 0.000000
1653950658962658536 75.424712 0.000000
1653950659038367007 75.704413 0.000000
1653950659113320308 74.949397 0.000000
1653950659189112194 75.787346 0.000000
1653950659415584558 226.468600 0.000000
1653950659491250275 75.659934 0.000000
1653950659567043965 75.789882 0.000000
1653950659659515044 92.466989 0.000000
1653950659735801645 76.282356 0.000000
1653950659811274940 75.469245 0.000000
1653950660079561410 268.281854 0.000000
1653950660154717034 75.150894 0.000000
1653950660230118675 75.395860 0.000000
1653950660455754703 225.631232 0.000000
1653950660531075528 75.314761 0.000000
1653950660606871098 75.790573 0.000000
1653950660682210151 75.335120 0.000000
1653950660757669799 75.456300 0.000000
1653950660834129007 76.454627 0.000000
1653950660909501563 75.368546 0.000000
1653950660984706128 75.200200 0.000000
1653950661060470976 75.760799 0.000000
1653950661136726766 76.251810 0.000000
1653950661214695364 77.963927 0.000000
1653950661440909586 226.210052 0.000000
1653950661516396322 75.481456 0.000000
1653950661592843713 76.443272 0.000000
1653950661668798603 75.950725 0.000000
1653950661743788960 74.986533 0.000000
1653950661818891687 75.098183 0.000000
1653950661894304398 75.407665 0.000000
1653950661970699983 76.391857 0.000000
1653950662046209046 75.505477 0.000000
1653950662121698424 75.485699 0.000000
1653950662197662891 75.960468 0.000000
1653950662273233452 75.565395 0.000000
1653950662540687090 267.448470 0.000000
1653950662616205049 75.512281 0.000000
1653950662692329759 76.120014 0.000000
1653950662770531439 78.197370 0.000000
1653950662846988200 76.452772 0.000000
1653950662922319696 75.327129 0.000000
1653950662997508229 75.182779 0.000000
1653950663073028659 75.515744 0.000000
1653950663148389732 75.357055 0.000000
1653950663223800793 75.407702 0.000000
1653950663299331988 75.527181 0.000000
1653950663375577753 76.241622 0.000000
1653950663451202075 75.621005 0.000000
1653950663526608044 75.402250 0.000000
1653950663602582840 75.971057 0.000000
1653950663677770365 75.183461 0.000000
1653950663753059096 75.284806 0.000000
1653950663828326157 75.263287 0.000000
1653950663904153881 75.823008 0.000000
1653950663979684104 75.526579 0.000000
1653950664055299394 75.611516 0.000000
1653950664134636800 79.333302 0.000000
1653950664210694464 76.053915 0.000000
1653950664285861714 75.162358 0.000000
1653950664361185549 75.320180 0.000000
1653950664436532729 75.343324 0.000000
1653950664512363407 75.826665 0.000000
1653950664587942361 75.573916 0.000000
1653950664664249051 76.303087 0.000000
1653950664740126496 75.873711 0.000000
1653950664815992098 75.861964 0.000000
1653950664891721904 75.726123 0.000000
1653950664967454728 75.729050 0.000000
1653950665043173098 75.714626 0.000000
1653950665118792322 75.615656 0.000000
1653950665235686986 116.889565 0.000000
1653950665310879528 75.188167 0.000000
1653950665386571902 75.681153 0.000000
1653950665462696413 76.120649 0.000000
1653950665538173746 75.473612 0.000000
1653950665613721844 75.543919 0.000000
1653950665688730098 74.984378 0.000000
1653950665764118832 75.385135 0.000000
1653950665839475173 75.352638 0.000000
1653950665915367038 75.888001 0.000000
1653950665991680135 76.309394 0.000000
1653950666067654796 75.970848 0.000000
1653950666143779106 76.120656 0.000000
1653950666219100838 75.317923 0.000000
1653950666294239573 75.134430 0.000000
1653950666370303398 76.059769 0.000000
1653950666446640176 76.332899 0.000000
1653950666522823823 76.179788 0.000000
1653950666598078018 75.248672 0.000000
1653950666673106724 75.024488 0.000000
1653950666749092265 75.982241 0.000000
1653950666824588875 75.492580 0.000000
1653950666900411436 75.817981 0.000000
1653950666975832383 75.416060 0.000000
1653950667051118013 75.281853 0.000000
1653950667126992015 75.869727 0.000000
1653950667202709347 75.713172 0.000000
1653950667278225482 75.511930 0.000000
1653950667354076229 75.846407 0.000000
1653950667430152922 76.072132 0.000000
1653950667505278459 75.121457 0.000000
1653950667580613296 75.330858 0.000000
1653950667656040364 75.423349 0.000000
1653950667731308125 75.263356 0.000000
1653950667806737598 75.425720 0.000000
1653950667882448255 75.706517 0.000000
1653950667958519180 76.066219 0.000000
1653950668033662241 75.139233 0.000000
1653950668111778773 78.112662 0.000000
1653950668330253958 218.471447 0.000000
1653950668405889385 75.631071 0.000000
1653950668482153363 76.259422 0.000000
1653950668557537756 75.379358 0.000000
1653950668632535245 74.993059 0.000000
1653950668708376555 75.836955 0.000000
1653950668784657974 76.275811 0.000000
1653950668859950233 75.288254 0.000000
1653950668935371121 75.416688 0.000000
1653950669011434918 76.059668 0.000000
1653950669086744646 75.306073 0.000000
1653950669162091680 75.343696 0.000000
1653950669238654262 76.557992 0.000000
1653950669314921152 76.262279 0.000000
1653950669390424342 75.499312 0.000000
1653950669466050025 75.622441 0.000000
1653950669542188407 76.134701 0.000000
1653950669772958633 230.766051 0.000000
1653950669849392296 76.428786 0.000000
1653950669924981383 75.584601 0.000000
1653950670000480675 75.494878 0.000000
1653950670076626760 76.142135 0.000000
1653950670152158510 75.527375 0.000000
1653950670227381964 75.218843 0.000000
1653950670303516617 76.128769 0.000000
1653950670379267833 75.746796 0.000000
1653950670454843962 75.571909 0.000000
1653950670530270939 75.422955 0.000000
1653950670606376263 76.102252 0.000000
1653950670682362110 75.981878 0.000000
1653950670758002239 75.636269 0.000000
1653950670833451236 75.445277 0.000000
1653950670908490762 75.035471 0.000000
1653950670984018924 75.523857 0.000000
1653950671059686420 75.663281 0.000000
1653950671326999088 267.308669 0.000000
1653950671402778004 75.771418 0.000000
1653950671621074162 218.289738 0.000000
1653950671697719532 76.640228 0.000000
1653950671773228645 75.504447 0.000000
1653950671849333714 76.100774 0.000000
1653950672061013290 211.675261 0.000000
1653950672136981090 75.962799 0.000000
1653950672212719591 75.733129 0.000000
1653950672288168162 75.444197 0.000000
1653950672506958590 218.786749 0.000000
1653950672583918913 76.956374 0.000000
1653950672659609776 75.687249 0.000000
1653950672735294599 75.681217 0.000000
1653950672811078146 75.779457 0.000000
1653950672886806075 75.723122 0.000000
1653950672962325554 75.516105 0.000000
1653950673038705111 76.375774 0.000000
1653950673113862326 75.152899 0.000000
1653950673190006376 76.135956 0.000000
1653950673265596617 75.586252 0.000000
1653950673340903465 75.303210 0.000000
1653950673416882192 75.975152 0.000000
1653950673492979575 76.093869 0.000000
1653950673567815093 74.831438 0.000000
1653950673642985462 75.166792 0.000000
1653950673719271832 76.281579 0.000000
1653950673795675987 76.400421 0.000000
1653950673871759279 76.079119 0.000000
1653950673949761425 77.997064 0.000000
1653950674026360833 76.593499 0.000000
1653950674101554934 75.190549 0.000000
1653950674177516584 75.958482 0.000000
1653950674253800703 76.279825 0.000000
1653950674624638790 370.834017 0.000000
1653950674700475971 75.831558 0.000000
1653950674776502025 76.021760 0.000000
1653950674852267755 75.760348 0.000000
1653950674927440816 75.168872 0.000000
1653950675002943251 75.498220 0.000000
1653950675078546576 75.599875 0.000000
1653950675153792210 75.241581 0.000000
1653950675230530367 76.733646 0.000000
1653950675306358246 75.823980 0.000000
1653950675382775420 76.412988 0.000000
1653950675458463802 75.684238 0.000000
1653950675534093668 75.627182 0.000000
1653950675609169759 75.072598 0.000000
1653950675685796641 76.622994 0.000000
1653950675761275393 75.474688 0.000000
1653950675837942519 76.663382 0.000000
1653950675913382263 75.436005 0.000000
1653950675989274174 75.888261 0.000000
1653950676064323619 75.043613 0.000000
1653950676140401854 76.073329 0.000000
1653950676216242487 75.836659 0.000000
1653950676291628550 75.381832 0.000000
1653950676367060201 75.427808 0.000000
1653950676442846500 75.782269 0.000000
1653950676518343293 75.492385 0.000000
1653950676593404244 75.057348 0.000000
1653950676668726161 75.317517 0.000000
1653950677073966177 405.235085 0.000000
1653950677150419946 76.448677 0.000000
1653950677226436609 76.011762 0.000000
1653950677302971146 76.530097 0.000000
1653950677560875030 257.898643 0.000000
1653950677636984788 76.105393 0.000000
1653950677712548919 75.559751 0.000000
1653950677788088893 75.536126 0.000000
1653950677863311315 75.218818 0.000000
1653950677939799459 76.484320 0.000000
1653950678016026626 76.222907 0.000000
1653950678092154834 76.124438 0.000000
1653950678167614561 75.454436 0.000000
1653950678243985719 76.366602 0.000000
1653950678319083560 75.093401 0.000000
1653950678395408189 76.320259 0.000000
1653950678471579626 76.165793 0.000000
1653950678761383772 289.799207 0.000000
1653950678838104587 76.715789 0.000000
1653950678914122274 76.011539 0.000000
1653950678989181424 75.053582 0.000000
1653950679269989675 280.804252 0.000000
1653950679386509370 116.514558 0.000000
1653950679462204206 75.690208 0.000000
1653950679538569102 76.360095 0.000000
1653950679614186887 75.613546 0.000000
1653950679689975194 75.784011 0.000000
1653950679765175008 75.195133 0.000000
1653950679840425325 75.246324 0.000000
1653950679915848401 75.419640 0.000000
1653950680190558540 274.706116 0.000000
1653950680267031422 76.468383 0.000000
1653950680343135505 76.099915 0.000000
1653950680419611980 76.472325 0.000000
1653950680494814938 75.198750 0.000000
1653950680570134700 75.316079 0.000000
1653950680645435318 75.296859 0.000000
1653950680913167039 267.727967 0.000000
1653950681353384652 440.212347 0.000000
1653950681429511211 76.121311 0.000000
1653950681505719915 76.204429 0.000000
1653950681581895367 76.171478 0.000000
1653950681657286731 75.386868 0.000000
1653950681732587368 75.296995 0.000000
1653950681952591311 220.001316 0.000000
1653950682028246994 75.649237 0.000000
1653950682104840634 76.589512 0.000000
1653950682180182087 75.337117 0.000000
1653950682255677507 75.490246 0.000000
1653950682331919153 76.238092 0.000000
1653950682407616989 75.692814 0.000000
1653950682482793714 75.172229 0.000000
1653950682559250074 76.451123 0.000000
1653950682634924205 75.670077 0.000000
1653950682714050690 79.122931 0.000000
1653950682790281916 76.227268 0.000000
1653950682865499325 75.212874 0.000000
1653950682941610107 76.106837 0.000000
1653950683016827386 75.212653 0.000000
1653950683092095188 75.263447 0.000000
1653950683168065505 75.966136 0.000000
1653950683243671212 75.600728 0.000000
1653950683319912750 76.238086 0.000000
1653950683395467058 75.548444 0.000000
1653950683470597079 75.125601 0.000000
1653950683546409922 75.808362 0.000000
1653950683622190496 75.776830 0.000000
1653950684175121707 552.926877 0.000000
1653950684251196741 76.069837 0.000000
1653950684327459451 76.258977 0.000000
1653950684403732856 76.269270 0.000000
1653950684478978708 75.241551 0.000000
1653950684555493437 76.510493 0.000000
1653950684815142176 259.644830 0.000000
1653950684891897725 76.750081 0.000000
1653950684968135223 76.232749 0.000000
1653950685046429096 78.289518 0.000000
1653950685121537242 75.103490 0.000000
1653950685466384891 344.843740 0.000000
1653950685542183351 75.793168 0.000000
1653950685767873476 225.683890 0.000000
1653950685843867466 75.988738 0.000000
1653950685920165304 76.292512 0.000000
1653950685996600762 76.431736 0.000000
1653950686072662156 76.056701 0.000000
1653950686147738070 75.071540 0.000000
1653950686223614347 75.872182 0.000000
1653950686300052951 76.434645 0.000000
1653950686375849048 75.792235 0.000000
1653950686451947924 76.095679 0.000000
1653950686527922779 75.970931 0.000000
1653950686603133548 75.206955 0.000000
1653950686679846491 76.708839 0.000000
1653950686755744827 75.894484 0.000000
1653950686832353131 76.603939 0.000000
1653950686908237431 75.880506 0.000000
1653950686983531262 75.290269 0.000000
1653950687059723623 76.187951 0.000000
1653950687177034708 117.307416 0.000000
1653950687253427656 76.387142 0.000000
1653950687329248924 75.817970 0.000000
1653950687405021134 75.768491 0.000000
1653950687480399616 75.374212 0.000000
1653950687556014151 75.610165 0.000000
1653950687632057458 76.040680 0.000000
1653950687707408067 75.347070 0.000000
1653950687782751198 75.338971 0.000000
1653950687859094365 76.339638 0.000000
1653950687934471941 75.373190 0.000000
1653950688010292478 75.816668 0.000000
1653950688086230629 75.934323 0.000000
1653950688161824728 75.591047 0.000000
1653950688237718319 75.889807 0.000000
1653950688314139817 76.417463 0.000000
1653950688389622688 75.478351 0.000000
1653950688465063307 75.437804 0.000000
1653950688539887439 74.819442 0.000000
1653950688657098347 117.206980 0.000000
1653950688733635727 76.534811 0.000000
1653950688809060488 75.420462 0.000000
1653950688884550151 75.485954 0.000000
1653950688959941488 75.387078 0.000000
1653950689053278057 93.331426 0.000000
1653950689129669947 76.387410 0.000000
1653950689205533484 75.859562 0.000000
1653950689281717555 76.180382 0.000000
1653950689357407293 75.684956 0.000000
1653950689432995224 75.583631 0.000000
1653950689512612173 79.613035 0.000000
1653950689588370880 75.754567 0.000000
1653950689664744368 76.369724 0.000000
1653950689740195575 75.447359 0.000000
1653950689816243943 76.044518 0.000000
1653950689892088794 75.841252 0.000000
1653950689967417607 75.324939 0.000000
1653950690043696579 76.275300 0.000000
1653950690119665752 75.965422 0.000000
1653950690195858689 76.188787 0.000000
1653950690271678288 75.815670 0.000000
1653950690347199012 75.516990 0.000000
1653950690423628011 76.425438 0.000000
1653950690499468296 75.837510 0.000000
1653950690575074262 75.602223 0.000000
1653950690650438012 75.360651 0.000000
1653950690726035004 75.593417 0.000000
1653950690803800791 77.761706 0.000000
1653950690879744387 75.937863 0.000000
1653950690954966110 75.218269 0.000000
1653950691030806437 75.836468 0.000000
1653950691106887353 76.077115 0.000000
1653950691183042554 76.150538 0.000000
1653950691259515622 76.469996 0.000000
1653950691335079547 75.559444 0.000000
1653950691410781920 75.697903 0.000000
1653950691486720564 75.935314 0.000000
1653950691562974427 76.249825 0.000000
1653950691638258753 75.280619 0.000000
1653950691713911599 75.648221 0.000000
1653950691789890378 75.974534 0.000000
1653950691866136764 76.241811 0.000000
1653950691941450542 75.308852 0.000000
1653950692017090123 75.634318 0.000000
1653950692243359343 226.265026 0.000000
1653950692319222324 75.857921 0.000000
1653950692395751924 76.524543 0.000000
1653950692512742839 116.986896 0.000000
1653950692587969414 75.221825 0.000000
1653950692664231971 76.254158 0.000000
1653950692739874421 75.638198 0.000000
1653950692815442099 75.564040 0.000000
1653950692891225383 75.779416 0.000000
1653950692966398499 75.168921 0.000000
1653950693041570219 75.167306 0.000000
1653950693117423063 75.848389 0.000000
1653950693193784051 76.357121 0.000000
1653950693269327468 75.539408 0.000000
1653950693344923206 75.591423 0.000000
1653950693420811966 75.884144 0.000000
1653950693496203354 75.387273 0.000000
1653950693572880282 76.672483 0.000000
1653950693791262679 218.378352 0.000000
1653950693867599304 76.331787 0.000000
1653950693943988131 76.384037 0.000000
1653950694019717801 75.725595 0.000000
1653950694096215336 76.494070 0.000000
1653950694171590482 75.370418 0.000000
1653950694247760200 76.165533 0.000000
1653950694323859424 76.095481 0.000000
1653950694400044819 76.181596 0.000000
1653950694626297125 226.248302 0.000000
1653950694702444301 76.140570 0.000000
1653950694777964864 75.516244 0.000000
1653950694853300012 75.330909 0.000000
1653950694929406088 76.102346 0.000000
1653950695005467603 76.057523 0.000000
1653950695081068108 75.595854 0.000000
1653950695156555309 75.483191 0.000000
1653950695232047447 75.487838 0.000000
1653950695307516556 75.465426 0.000000
1653950695383802544 76.281829 0.000000
1653950695459798107 75.989885 0.000000
1653950695536181452 76.379486 0.000000
1653950695612011811 75.826365 0.000000
1653950695688014892 75.999227 0.000000
1653950695763749217 75.729329 0.000000
1653950695839201983 75.448887 0.000000
1653950695914743099 75.537143 0.000000
1653950695991048313 76.300673 0.000000
1653950696066576509 75.523916 0.000000
1653950696142227801 75.647493 0.000000
1653950696259352678 117.121098 0.000000
1653950696335472330 76.114545 0.000000
1653950696410964635 75.486097 0.000000
1653950696486269850 75.301255 0.000000
1653950696562024343 75.749255 0.000000
1653950696638393048 76.363734 0.000000
1653950696713879378 75.482551 0.000000
1653950696789615078 75.731646 0.000000
1653950696865395723 75.774966 0.000000
1653950696940969346 75.570179 0.000000
1653950697016217241 75.243271 0.000000
1653950697092335053 76.113558 0.000000
1653950697168342078 76.002684 0.000000
1653950697244741931 76.395468 0.000000
1653950697320474277 75.727740 0.000000
1653950697396653582 76.175001 0.000000
1653950697472152957 75.495215 0.000000
1653950697548052666 75.895516 0.000000
1653950697623705914 75.649238 0.000000
1653950697699074905 75.365398 0.000000
1653950697774813156 75.733912 0.000000
1653950697850276795 75.459904 0.000000
1653950697928856072 78.575230 0.000000
1653950698005111579 76.250962 0.000000
1653950698081837801 76.722177 0.000000
1653950698157365426 75.523316 0.000000
1653950698232694868 75.325173 0.000000
1653950698308325685 75.627194 0.000000
1653950698384629940 76.300376 0.000000
1653950698460215806 75.581896 0.000000
1653950698535600378 75.381074 0.000000
1653950698611822332 76.216898 0.000000
1653950698687143212 75.316920 0.000000
1653950698762902901 75.756126 0.000000
1653950698838974180 76.066358 0.000000
1653950698919435187 80.457384 0.000000
1653950698995705673 76.266682 0.000000
1653950699071312990 75.602845 0.000000
1653950699146671386 75.354086 0.000000
1653950699223268132 76.592812 0.000000
1653950699299223141 75.950834 0.000000
1653950699416631523 117.404122 0.000000
1653950699643884645 227.249383 0.000000
1653950699719577849 75.687898 0.000000
1653950699795090404 75.508485 0.000000
1653950699870931067 75.836809 0.000000
1653950699946488876 75.553387 0.000000
1653950700021850686 75.358031 0.000000
1653950700097856498 76.001779 0.000000
1653950700173092655 75.233068 0.000000
1653950700249145150 76.048872 0.000000
1653950700325031040 75.882045 0.000000
1653950700400176284 75.141476 0.000000
1653950700476303468 76.122152 0.000000
1653950700551647049 75.338600 0.000000
1653950700627430594 75.779495 0.000000
1653950700703234456 75.800108 0.000000
1653950700822556928 119.318498 0.000000
1653950700899333928 76.772629 0.000000
1653950700975881345 76.542687 0.000000
1653950701051412162 75.526463 0.000000
1653950701127056107 75.640158 0.000000
1653950701203489177 76.429518 0.000000
1653950701278999447 75.505689 0.000000
1653950701354441512 75.437922 0.000000
1653950701430177677 75.731660 0.000000
1653950701506493444 76.311511 0.000000
1653950701581899789 75.400680 0.000000
1653950701657445022 75.539374 0.000000
1653950701732898250 75.448466 0.000000
1653950701808277316 75.374938 0.000000
1653950701884112401 75.830846 0.000000
1653950701959556970 75.439683 0.000000
1653950702035612417 76.050485 0.000000
1653950702111960209 76.343291 0.000000
1653950702188246698 76.280766 0.000000
1653950702263645243 75.394295 0.000000
1653950702339939094 76.290638 0.000000
1653950702415606318 75.662803 0.000000
1653950702835867915 420.257908 0.000000
1653950702911207513 75.332717 0.000000
1653950702986950518 75.739086 0.000000
1653950703062866586 75.911823 0.000000
1653950703138473966 75.603190 0.000000
1653950703214831211 76.353159 0.000000
1653950703291103075 76.268267 0.000000
1653950703366459762 75.352412 0.000000
1653950703442748176 76.284364 0.000000
1653950703517542510 74.790210 0.000000
1653950703593971138 76.424790 0.000000
1653950703672007958 78.032971 0.000000
1653950703941065759 269.053856 0.000000
1653950704017114070 76.043151 0.000000
1653950704093577513 76.459331 0.000000
1653950704169534265 75.952462 0.000000
1653950704245722000 76.183871 0.000000
1653950704321098012 75.372158 0.000000
1653950704546430583 225.328362 0.000000
1653950704622440483 76.004050 0.000000
1653950704697764441 75.320253 0.000000
1653950704773970380 76.201749 0.000000
1653950704849596461 75.621537 0.000000
1653950704925164176 75.563801 0.000000
1653950705000554459 75.386305 0.000000
1653950705076151270 75.591584 0.000000
1653950705152335481 76.180427 0.000000
1653950705231472875 79.133468 0.000000
1653950705307857983 76.381823 0.000000
1653950705383053987 75.188261 0.000000
1653950705458708862 75.650294 0.000000
1653950705534643368 75.930932 0.000000
1653950705610324515 75.672592 0.000000
1653950705686231376 75.902525 0.000000
1653950705761345214 75.110151 0.000000
1653950705837523697 76.174925 0.000000
1653950705913148085 75.620584 0.000000
1653950705988988352 75.836207 0.000000
1653950706064502272 75.510889 0.000000
1653950706140591084 76.085363 0.000000
1653950706216071253 75.475960 0.000000
1653950706292319434 76.244522 0.000000
1653950706367972410 75.649488 0.000000
1653950706444474044 76.497119 0.000000
1653950706520002250 75.508805 0.000000
1653950706596639620 76.632660 0.000000
1653950706816046146 219.402677 0.000000
1653950706892503997 76.452870 0.000000
1653950706968370857 75.861792 0.000000
1653950707045361688 76.986629 0.000000
1653950707120919952 75.553437 0.000000
1653950707196342831 75.418801 0.000000
1653950707272112231 75.765508 0.000000
1653950707347798225 75.682856 0.000000
1653950707423169851 75.368004 0.000000
1653950707498868183 75.694182 0.000000
1653950707574956491 76.083828 0.000000
1653950708241830693 666.870708 0.000000
1653950708319848899 78.011491 0.000000
1653950708395099591 75.246784 0.000000
1653950708471378776 76.275214 0.000000
1653950708547398661 76.015845 0.000000
1653950708624019527 76.616256 0.000000
1653950708699704037 75.680635 0.000000
1653950708776481312 76.772223 0.000000
1653950708851625700 75.140243 0.000000
1653950708926950322 75.319130 0.000000
1653950709002404073 75.448753 0.000000
1653950709078983470 76.575640 0.000000
1653950709154705056 75.717903 0.000000
1653950709230850621 76.141991 0.000000
1653950709306186496 75.332608 0.000000
1653950709382171313 75.980668 0.000000
1653950709457781748 75.605032 0.000000
1653950709533436806 75.651348 0.000000
1653950709609460088 76.019308 0.000000
1653950709687628616 78.164631 0.000000
1653950709764021285 76.388741 0.000000
1653950709840160697 76.135633 0.000000
1653950709956865210 116.700460 0.000000
1653950710032717134 75.847669 0.000000
1653950710109137960 76.417232 0.000000
1653950710227051871 117.909310 0.000000
1653950710302429221 75.373611 0.000000
1653950710658523567 356.090707 0.000000
1653950710734994617 76.466506 0.000000
1653950710810947691 75.949014 0.000000
1653950710887480307 76.527183 0.000000
1653950710962694314 75.209807 0.000000
1653950711038693258 75.994398 0.000000
1653950711114254771 75.556050 0.000000
1653950711189774016 75.515738 0.000000
1653950711268291811 78.512668 0.000000
1653950711344488782 76.174025 0.000000
1653950711700378496 355.885353 0.000000
1653950711776550810 76.167387 0.000000
1653950711853094978 76.536666 0.000000
1653950711969886920 116.786278 0.000000
1653950712046408465 76.517024 0.000000
1653950712123082155 76.669876 0.000000
1653950712198964870 75.878801 0.000000
1653950712275286731 76.314143 0.000000
1653950712351041428 75.751003 0.000000
1653950712426953046 75.907749 0.000000
1653950712503021708 76.064643 0.000000
1653950712579128088 76.102200 0.000000
1653950712655696573 76.564696 0.000000
1653950712774105740 118.405379 0.000000
1653950712849747565 75.636557 0.000000
1653950712925851985 76.100783 0.000000
1653950713001867359 76.010597 0.000000
1653950713077384228 75.512779 0.000000
1653950713153666011 76.277118 0.000000
1653950713229894199 76.223201 0.000000
1653950713305520237 75.620897 0.000000
1653950713381020869 75.493094 0.000000
1653950713456996184 75.971853 0.000000
1653950713532449361 75.433556 0.000000
1653950713608240941 75.787966 0.000000
1653950713684142838 75.896444 0.000000
1653950713759788071 75.640966 0.000000
1653950713835428221 75.635149 0.000000
1653950714060636955 225.205124 0.000000
1653950714135640977 74.997779 0.000000
1653950714211246882 75.600097 0.000000
1653950714287343860 76.093234 0.000000
1653950714363018777 75.670597 0.000000
1653950714438785005 75.762399 0.000000
1653950714514315827 75.526928 0.000000
1653950714590298223 75.978765 0.000000
1653950714666296904 75.995961 0.000000
1653950714741726771 75.425907 0.000000
1653950714817500557 75.769892 0.000000
1653950714893181155 75.675708 0.000000
1653950714968569477 75.384702 0.000000
1653950715044246779 75.673173 0.000000
1653950715119830202 75.579341 0.000000
1653950715195600141 75.766171 0.000000
1653950715270659692 75.055236 0.000000
1653950715347069126 76.405304 0.000000
1653950715423006383 75.933225 0.000000
1653950715498676978 75.647866 0.000000
1653950715732418213 233.737605 0.000000
1653950715807669205 75.245875 0.000000
1653950715883110833 75.437012 0.000000
1653950715959261607 76.146965 0.000000
1653950716035245236 75.979314 0.000000
1653950716110935559 75.685802 0.000000
1653950716186910122 75.970503 0.000000
1653950716262929771 76.015945 0.000000
1653950716338069854 75.136273 0.000000
1653950716413823889 75.750326 0.000000
1653950716489950080 76.122151 0.000000
1653950716566292430 76.338586 0.000000
1653950716641926445 75.630236 0.000000
1653950716718380228 76.449885 0.000000
1653950716835438303 117.054115 0.000000
1653950716911952527 76.510054 0.000000
1653950716989155116 77.198680 0.000000
1653950717064896963 75.737755 0.000000
1653950717141160674 76.260734 0.000000
1653950717216442025 75.277433 0.000000
1653950717292054897 75.609124 0.000000
1653950717368407112 76.348147 0.000000
1653950717443682943 75.272477 0.000000
1653950717519400278 75.713737 0.000000
1653950717595463848 76.060048 0.000000
1653950717671919205 76.451543 0.000000
1653950717747251044 75.328070 0.000000
1653950717823051878 75.796965 0.000000
1653950717898986906 75.931046 0.000000
1653950717974452279 75.462063 0.000000
1653950718050009462 75.553079 0.000000
1653950718318048036 268.034715 0.000000
1653950718393346672 75.293655 0.000000
1653950718662797729 269.447169 0.000000
1653950718738672533 75.871035 0.000000
1653950718815241904 76.565437 0.000000
1653950718890931285 75.684421 0.000000
1653950718967047492 76.113224 0.000000
1653950719042979447 75.928461 0.000000
1653950719119633235 76.649929 0.000000
1653950719195013666 75.376723 0.000000
1653950719271293434 76.275834 0.000000
1653950719347314691 76.016425 0.000000
1653950719423500530 76.181961 0.000000
1653950719499223755 75.718418 0.000000
1653950719574979975 75.751639 0.000000
1653950719650690281 75.706156 0.000000
1653950719727130624 76.436173 0.000000
1653950719802997393 75.862301 0.000000
1653950719878660422 75.659320 0.000000
1653950719953934567 75.269895 0.000000
1653950720234020978 280.082171 0.000000
1653950720309631583 75.605064 0.000000
1653950720384975751 75.340465 0.000000
1653950720460974191 75.994390 0.000000
1653950720680130507 219.152643 0.000000
1653950720755864832 75.729654 0.000000
1653950720832326779 76.457858 0.000000
1653950721058212684 225.881716 0.000000
1653950721134356762 76.138450 0.000000
1653950721360571402 226.210725 0.000000
1653950721436551431 75.974318 0.000000
1653950721512973447 76.418337 0.000000
1653950721589148687 76.171351 0.000000
1653950721665451319 76.298783 0.000000
1653950721741036155 75.580687 0.000000
1653950721816676481 75.636577 0.000000
1653950721892269282 75.588902 0.000000
1653950721968257401 75.981967 0.000000
1653950722044770980 76.509851 0.000000
1653950722121036583 76.262352 0.000000
1653950722339347785 218.306481 0.000000
1653950722415465711 76.112744 0.000000
1653950722491162709 75.693199 0.000000
1653950722567745030 76.578863 0.000000
1653950722644636072 76.887527 0.000000
1653950722720292083 75.652472 0.000000
1653950722946772420 226.476429 0.000000
1653950723023530145 76.752377 0.000000
1653950723099408640 75.874200 0.000000
1653950723175238451 75.825406 0.000000
1653950723251111980 75.869534 0.000000
1653950723329564345 78.448381 0.000000
1653950723405559285 75.991151 0.000000
1653950723481837424 76.274395 0.000000
1653950723557901350 76.059165 0.000000
1653950723634299609 76.394194 0.000000
1653950723710357095 76.053943 0.000000
1653950723786096406 75.733954 0.000000
1653950723862147387 76.046967 0.000000
1653950723938409880 76.258684 0.000000
1653950724014123290 75.708029 0.000000
1653950724090075020 75.947675 0.000000
1653950724166202093 76.123379 0.000000
1653950724242389421 76.182702 0.000000
1653950724318579444 76.186200 0.000000
1653950724436006566 117.424187 0.000000
1653950724512049034 76.038492 0.000000
1653950724588217478 76.164685 0.000000
1653950724667032241 78.810944 0.000000
1653950724743632414 76.596269 0.000000
1653950724819254613 75.617167 0.000000
1653950724895217514 75.959303 0.000000
1653950724970708481 75.486989 0.000000
1653950725046206542 75.494428 0.000000
1653950725122302778 76.093142 0.000000
1653950725198674780 76.367892 0.000000
1653950725274900979 76.222974 0.000000
1653950725350649862 75.745135 0.000000
1653950725426494692 75.840695 0.000000
1653950725502432772 75.934750 0.000000
1653950725577758065 75.319790 0.000000
1653950725653988431 76.226181 0.000000
1653950725730181093 76.188655 0.000000
1653950725805896493 75.711787 0.000000
1653950725881333141 75.432053 0.000000
1653950725957737088 76.400243 0.000000
1653950726035976833 78.236573 0.000000
1653950726111617720 75.634161 0.000000
1653950726187089349 75.467384 0.000000
1653950726262934310 75.841177 0.000000
1653950726338437006 75.499057 0.000000
1653950726413935347 75.494447 0.000000
1653950726489526739 75.587794 0.000000
1653950726566017227 76.486424 0.000000
1653950726642087108 76.066685 0.000000
1653950726718577166 76.485561 0.000000
1653950726794294157 75.713561 0.000000
1653950726869851059 75.552335 0.000000
1653950727142974802 273.119609 0.000000
1653950727218306074 75.324101 0.000000
1653950727293831684 75.521530 0.000000
1653950727370162327 76.326753 0.000000
1653950727445890467 75.723718 0.000000
1653950727523861130 77.967132 0.000000
1653950727600252988 76.387929 0.000000
1653950727717434529 117.177852 0.000000
1653950727793438146 75.999793 0.000000
1653950727869301685 75.859932 0.000000
1653950727946046835 76.741215 0.000000
1653950728022337105 76.286480 0.000000
1653950728098518241 76.177633 0.000000
1653950728215756278 117.233767 0.000000
1653950728291969256 76.209503 0.000000
1653950728367563146 75.590203 0.000000
1653950728443189449 75.623213 0.000000
1653950728519000940 75.808235 0.000000
1653950728594861588 75.857080 0.000000
1653950728670963313 76.098131 0.000000
1653950728747385091 76.418210 0.000000
1653950728824506004 77.116678 0.000000
1653950728902963977 78.454424 0.000000
1653950728979232213 76.263288 0.000000
1653950729055061438 75.823763 0.000000
1653950729130363632 75.298130 0.000000
1653950729206639000 76.271428 0.000000
1653950729282356956 75.710910 0.000000
1653950729358583099 76.222324 0.000000
1653950729435234716 76.647472 0.000000
1653950729510900155 75.661766 0.000000
1653950729586500273 75.595908 0.000000
1653950729662360620 75.855898 0.000000
1653950729738151641 75.787683 0.000000
1653950729813708558 75.553349 0.000000
1653950729889556200 75.843317 0.000000
1653950729965183370 75.623101 0.000000
1653950730041263714 76.076485 0.000000
1653950730117150669 75.883486 0.000000
1653950730194302770 77.148458 0.000000
1653950730269799136 75.492387 0.000000
1653950730345302061 75.498722 0.000000
1653950730420962419 75.657015 0.000000
1653950730497492584 76.525223 0.000000
1653950730573009007 75.511947 0.000000
1653950730648673499 75.660493 0.000000
1653950730725061353 76.383955 0.000000
1653950730800376051 75.310975 0.000000
1653950730877248719 76.868439 0.000000
1653950730953697569 76.445183 0.000000
1653950731029862780 76.161402 0.000000
1653950731105808491 75.941646 0.000000
1653950731182367121 76.553283 0.000000
1653950731257747111 75.376282 0.000000
1653950731333473718 75.723083 0.000000
1653950731450494711 117.017305 0.000000
1653950731527360507 76.862002 0.000000
1653950731603541570 76.177390 0.000000
1653950731679816485 76.270759 0.000000
1653950731755330989 75.510987 0.000000
1653950731831694872 76.359984 0.000000
1653950731908329600 76.629756 0.000000
1653950732122566351 214.232316 0.000000
1653950732198413758 75.841899 0.000000
1653950732274538966 76.120517 0.000000
1653950732350992999 76.450003 0.000000
1653950732577016488 226.019335 0.000000
1653950732652727198 75.705131 0.000000
1653950732728712461 75.982058 0.000000
1653950732803878398 75.162224 0.000000
1653950732879591428 75.709055 0.000000
1653950732955637748 76.042732 0.000000
1653950733033542408 77.901167 0.000000
1653950733108972310 75.425807 0.000000
1653950733185175860 76.199546 0.000000
1653950733261073690 75.894081 0.000000
1653950733336945544 75.868256 0.000000
1653950733413493751 76.544839 0.000000
1653950733488836387 75.338803 0.000000
1653950733564578846 75.739021 0.000000
1653950733640196860 75.615540 0.000000
1653950733715684762 75.484885 0.000000
1653950733791935521 76.247307 0.000000
1653950733867541377 75.601826 0.000000
1653950733943013792 75.467503 0.000000
1653950734019080402 76.062561 0.000000
1653950734094825077 75.740840 0.000000
1653950734170843512 76.014741 0.000000
1653950734246735327 75.888337 0.000000
1653950734323248246 76.508865 0.000000
1653950734401784331 78.531525 0.000000
1653950734478116746 76.329177 0.000000
1653950734554811330 76.690877 0.000000
1653950734630529280 75.713561 0.000000
1653950734706159937 75.626883 0.000000
1653950734781803495 75.638115 0.000000
1653950734857232971 75.425671 0.000000
1653950734932691152 75.454177 0.000000
1653950735008862968 76.168672 0.000000
1653950735084819655 75.953262 0.000000
1653950735161109952 76.285757 0.000000
1653950735237113076 75.998999 0.000000
1653950735313247003 76.130132 0.000000
1653950735389753599 76.502068 0.000000
1653950735465627107 75.869674 0.000000
1653950735542284297 76.652745 0.000000
1653950735618328547 76.040564 0.000000
1653950735695707365 77.375077 0.000000
1653950735772319530 76.608235 0.000000
1653950735847610048 75.286955 0.000000
1653950735923735296 76.121419 0.000000
1653950735999589208 75.849815 0.000000
1653950736270669328 271.076578 0.000000
1653950736347111964 76.437454 0.000000
1653950736423816304 76.700265 0.000000
1653950736499320197 75.499994 0.000000
1653950736575129164 75.805043 0.000000
1653950736650981548 75.848570 0.000000
1653950736726864903 75.879792 0.000000
1653950736985169525 258.301490 0.000000
1653950737061467596 76.292668 0.000000
1653950737137781382 76.310421 0.000000
1653950737214064332 76.277984 0.000000
1653950737290695010 76.626514 0.000000
1653950737366748791 76.050254 0.000000
1653950737443014870 76.261598 0.000000
1653950737519428802 76.398260 0.000000
1653950737864054070 344.621063 0.000000
1653950737940104008 76.044265 0.000000
1653950738016254916 76.146022 0.000000
1653950738092451412 76.192881 0.000000
1653950738168045216 75.590882 0.000000
1653950738243580018 75.531208 0.000000
1653950738319369228 75.785750 0.000000
1653950738394976802 75.603703 0.000000
1653950738470976989 75.995822 0.000000
1653950738546278894 75.297901 0.000000
1653950738622510394 76.228176 0.000000
1653950738699263912 76.749800 0.000000
1653950738775028027 75.760371 0.000000
1653950739000172099 225.140828 0.000000
1653950739076350225 76.173393 0.000000
1653950739152650240 76.295599 0.000000
1653950739228982920 76.328971 0.000000
1653950739305526466 76.540043 0.000000
1653950739381715256 76.184931 0.000000
1653950739458378846 76.659626 0.000000
1653950739535232739 76.849773 0.000000
1653950739610986313 75.749351 0.000000
1653950739687259156 76.268279 0.000000
1653950739763324309 76.062274 0.000000
1653950739839802089 76.474004 0.000000
1653950739915726275 75.919740 0.000000
1653950739992239505 76.508520 0.000000
1653950740068299950 76.056760 0.000000
1653950740144581329 76.277616 0.000000
1653950740220137466 75.552774 0.000000
1653950740300100275 79.957611 0.000000
1653950740375871590 75.767672 0.000000
1653950740452409813 76.534083 0.000000
1653950740528480805 76.067078 0.000000
1653950740746671684 218.187014 0.000000
1653950740823122364 76.446061 0.000000
1653950740900284975 77.158344 0.000000
1653950740976737036 76.447702 0.000000
1653950741052891433 76.151426 0.000000
1653950741128717965 75.821178 0.000000
1653950741204842974 76.121379 0.000000
1653950741280664150 75.816641 0.000000
1653950741357158526 76.490492 0.000000
1653950741630267123 273.103344 0.000000
1653950741706452886 76.182050 0.000000
1653950741784882979 78.426129 0.000000
1653950741860761402 75.874494 0.000000
1653950741936956212 76.191037 0.000000
1653950742013459855 76.499287 0.000000
1653950742088824058 75.360300 0.000000
1653950742164484818 75.656734 0.000000
1653950742240728284 76.239548 0.000000
1653950742316832223 76.098888 0.000000
1653950742392637256 75.801743 0.000000
1653950742469125818 76.484022 0.000000
1653950742586946555 117.816869 0.000000
1653950742663212380 76.261329 0.000000
1653950742739652781 76.436772 0.000000
1653950743007959425 268.302554 0.000000
1653950743083717284 75.753118 0.000000
1653950743159205205 75.483661 0.000000
1653950743234816292 75.607154 0.000000
1653950743311112969 76.291564 0.000000
1653950743387850786 76.733958 0.000000
1653950743464484651 76.629801 0.000000
1653950743540567757 76.079131 0.000000
1653950743616949917 76.378316 0.000000
1653950743692726789 75.772287 0.000000
1653950743768456974 75.726256 0.000000
1653950743843868431 75.407415 0.000000
1653950743919783992 75.912577 0.000000
1653950743995580054 75.792318 0.000000
1653950744072453675 76.869887 0.000000
1653950744149185255 76.728424 0.000000
1653950744225228745 76.038633 0.000000
1653950744301551099 76.318310 0.000000
1653950744377665837 76.110789 0.000000
1653950744453429840 75.759282 0.000000
1653950744529338880 75.905166 0.000000
1653950744608268935 78.926402 0.000000
1653950744684490387 76.217597 0.000000
1653950744760800334 76.306199 0.000000
1653950744987805235 227.001285 0.000000
1653950745243188488 255.377834 0.000000
1653950745319275586 76.081522 0.000000
1653950745573926976 254.647186 0.000000
1653950745649889726 75.957763 0.000000
1653950745726472828 76.579042 0.000000
1653950745803144216 76.667580 0.000000
1653950745879046616 75.898435 0.000000
1653950745955442408 76.391933 0.000000
1653950746031666956 76.220054 0.000000
1653950746107839263 76.168412 0.000000
1653950746339606263 231.763351 0.000000
1653950746416306563 76.695103 0.000000
1653950746533094538 116.784202 0.000000
1653950746609587193 76.488548 0.000000
1653950746684999495 75.408579 0.000000
1653950746762165639 77.162370 0.000000
1653950746838428120 76.258437 0.000000
1653950746914530906 76.099267 0.000000
1653950746989954342 75.419367 0.000000
1653950747065827994 75.869402 0.000000
1653950747142558595 76.726647 0.000000
1653950747217812777 75.249847 0.000000
1653950747294385233 76.568591 0.000000
1653950747370273533 75.885200 0.000000
1653950747446430332 76.153220 0.000000
1653950747522393513 75.958244 0.000000
1653950747597988809 75.590485 0.000000
1653950747673900560 75.908348 0.000000
1653950747750614392 76.709974 0.000000
1653950747826513919 75.896306 0.000000
1653950747903094233 76.576726 0.000000
1653950747979059240 75.960783 0.000000
1653950748054294528 75.230563 0.000000
1653950748130589751 76.291559 0.000000
1653950748206254247 75.660642 0.000000
1653950748282746849 76.488688 0.000000
1653950748358503029 75.752165 0.000000
1653950748434911806 76.404086 0.000000
1653950748510770523 75.854307 0.000000
1653950748723860175 213.085512 0.000000
1653950748799798874 75.933973 0.000000
1653950748875452440 75.649717 0.000000
1653950748950929590 75.473106 0.000000
1653950749027017636 76.083681 0.000000
1653950749105047974 78.026108 0.000000
1653950749181618853 76.567031 0.000000
1653950749257899948 76.276860 0.000000
1653950749334344038 76.440580 0.000000
1653950749410575572 76.227619 0.000000
1653950749486926654 76.347144 0.000000
1653950749563027090 76.097006 0.000000
1653950749638621182 75.590473 0.000000
1653950749714644262 76.018920 0.000000
1653950749790862537 76.214411 0.000000
1653950749867216822 76.350315 0.000000
1653950749942768166 75.548554 0.000000
1653950750018571223 75.799530 0.000000
1653950750095141686 76.565718 0.000000
1653950750170943077 75.797490 0.000000
1653950750247355651 76.408799 0.000000
1653950750323685103 76.325849 0.000000
1653950750400900597 77.211935 0.000000
1653950750476928949 76.024703 0.000000
1653950750552574732 75.641793 0.000000
1653950750766570859 213.992746 0.000000
1653950750842407081 75.831842 0.000000
1653950750920058167 77.647841 0.000000
1653950750996518322 76.455304 0.000000
1653950751071748640 75.226292 0.000000
1653950751147644575 75.891929 0.000000
1653950751223322497 75.672722 0.000000
1653950751298597703 75.271161 0.000000
1653950751374217243 75.615942 0.000000
1653950751450692391 76.470748 0.000000
1653950751526320314 75.624454 0.000000
1653950751602283798 75.959622 0.000000
1653950751678478883 76.192133 0.000000
1653950751755137731 76.654041 0.000000
1653950751834020471 78.877327 0.000000
1653950751909704504 75.679987 0.000000
1653950751985793356 76.084319 0.000000
1653950752061515812 75.717695 0.000000
1653950752137735749 76.215377 0.000000
1653950752213330934 75.590649 0.000000
1653950752288805980 75.470455 0.000000
1653950752364989618 76.178040 0.000000
1653950752440573780 75.579353 0.000000
1653950752516015453 75.437026 0.000000
1653950752591581234 75.562579 0.000000
1653950752668034462 76.449414 0.000000
1653950752744427327 76.388770 0.000000
1653950752820593079 76.161236 0.000000
1653950752897141290 76.543635 0.000000
1653950752973230067 76.082042 0.000000
1653950753049647940 76.412881 0.000000
1653950753127845085 78.193071 0.000000
1653950753204572148 76.723313 0.000000
1653950753281017826 76.441914 0.000000
1653950753356483610 75.461775 0.000000
1653950753659505866 303.017144 0.000000
1653950753735069603 75.558224 0.000000
1653950753811607325 76.533598 0.000000
1653950753887790908 76.179253 0.000000
1653950753964130529 76.335547 0.000000
1653950754040429919 76.294433 0.000000
1653950754116609761 76.176289 0.000000
1653950754192988984 76.375532 0.000000
1653950754310347616 117.355079 0.000000
1653950754387348509 76.996218 0.000000
1653950754463746446 76.394194 0.000000
1653950754540503126 76.753093 0.000000
1653950754616460491 75.953410 0.000000
1653950754693349730 76.886148 0.000000
1653950754769591210 76.237645 0.000000
1653950754845571488 75.977192 0.000000
1653950754921346174 75.770149 0.000000
1653950754996855519 75.504088 0.000000
1653950755073395116 76.535858 0.000000
1653950755149175428 75.776928 0.000000
1653950755368057270 218.878420 0.000000
1653950755444546064 76.483899 0.000000
1653950755520195945 75.645907 0.000000
1653950755595899868 75.700341 0.000000
1653950755672399607 76.495328 0.000000
1653950755748903444 76.482786 0.000000
1653950755824716716 75.808977 0.000000
1653950755901361890 76.641325 0.000000
1653950755977379170 76.013527 0.000000
1653950756054135943 76.750614 0.000000
1653950756496286030 442.146648 0.000000
1653950756572495062 76.203334 0.000000
1653950756649280610 76.781017 0.000000
1653950756725002200 75.717469 0.000000
1653950756801381545 76.375496 0.000000
1653950756877549574 76.163765 0.000000
1653950756954857764 77.303850 0.000000
1653950757031158258 76.296759 0.000000
1653950757107003318 75.841525 0.000000
1653950757182795696 75.788008 0.000000
1653950757258463044 75.662181 0.000000
1653950757334026916 75.560274 0.000000
1653950757410264459 76.233465 0.000000
1653950757486207689 75.939651 0.000000
1653950757563030923 76.819406 0.000000
1653950757639141147 76.106773 0.000000
1653950757715260435 76.114488 0.000000
1653950757790864284 75.598944 0.000000
1653950757866568969 75.699723 0.000000
1653950757942310195 75.736139 0.000000
1653950758018182571 75.868509 0.000000
1653950758094281955 76.097112 0.000000
1653950758170210795 75.925912 0.000000
1653950758246186866 75.971600 0.000000
1653950758321844967 75.654237 0.000000
1653950758398770099 76.921264 0.000000
1653950758474549623 75.775399 0.000000
1653950758550687760 76.134073 0.000000
1653950758626342123 75.650273 0.000000
1653950758702293565 75.947338 0.000000
1653950758778318176 76.020015 0.000000
1653950758854064159 75.741171 0.000000
1653950758929703597 75.635304 0.000000
1653950759005706021 75.998325 0.000000
1653950759081605479 75.896805 0.000000
1653950759157858565 76.249302 0.000000
1653950759233592528 75.729372 0.000000
1653950759309649852 76.053356 0.000000
1653950759385603200 75.949433 0.000000
1653950759461874597 76.267753 0.000000
1653950759538105705 76.227274 0.000000
1653950759614577122 76.467002 0.000000
1653950759690620635 76.039779 0.000000
1653950759904853043 214.228589 0.000000
1653950759981120827 76.263785 0.000000
1653950760056904408 75.779895 0.000000
1653950760132346894 75.438180 0.000000
1653950760208095581 75.745123 0.000000
1653950760284919945 76.820688 0.000000
1653950760361621080 76.697834 0.000000
1653950760437152882 75.527607 0.000000
1653950760512773235 75.616880 0.000000
1653950760588300693 75.522661 0.000000
1653950760663849735 75.545268 0.000000
1653950760739798302 75.944903 0.000000
1653950760816075171 76.272394 0.000000
1653950760892430222 76.350521 0.000000
1653950760968603026 76.168902 0.000000
1653950761044418848 75.811794 0.000000
1653950761120558956 76.136433 0.000000
1653950761196348492 75.785924 0.000000
1653950761272960105 76.606816 0.000000
1653950761349118645 76.154932 0.000000
1653950761425720786 76.598277 0.000000
1653950761502027781 76.301992 0.000000
1653950761577818428 75.786857 0.000000
1653950761654696122 76.874340 0.000000
1653950761730920871 76.220975 0.000000
1653950762004455064 273.530500 0.000000
1653950762080634688 76.173540 0.000000
1653950762156033756 75.393546 0.000000
1653950762231699485 75.660632 0.000000
1653950762308583066 76.879070 0.000000
1653950762384030351 75.443000 0.000000
1653950762460022344 75.987853 0.000000
1653950762536337003 76.310821 0.000000
1653950762611488539 75.148382 0.000000
1653950762687131485 75.639197 0.000000
1653950762763865077 76.728596 0.000000
1653950762839756265 75.887179 0.000000
1653950763209740338 369.979422 0.000000
1653950763285954703 76.208556 0.000000
1653950763362155466 76.196618 0.000000
1653950763581624563 219.464961 0.000000
1653950763658433989 76.805764 0.000000
1653950763734113860 75.675676 0.000000
1653950763809797014 75.678995 0.000000
1653950763885719340 75.917629 0.000000
1653950763962585655 76.862711 0.000000
1653950764038504417 75.912888 0.000000
1653950764114851012 76.342776 0.000000
1653950764191238747 76.384411 0.000000
1653950764268055266 76.812828 0.000000
1653950764344664268 76.604151 0.000000
1653950764420522094 75.853911 0.000000
1653950764496900035 76.374797 0.000000
1653950764573300971 76.397683 0.000000
1653950764649492347 76.186565 0.000000
1653950764725991870 76.495824 0.000000
1653950764957283432 231.287512 0.000000
1653950765033552564 76.264744 0.000000
1653950765109904102 76.346968 0.000000
1653950765186357948 76.450587 0.000000
1653950765262067600 75.706124 0.000000
1653950765338687742 76.614916 0.000000
1653950765414486159 75.794377 0.000000
1653950765490832275 76.342592 0.000000
1653950765567169951 76.333729 0.000000
1653950765643469904 76.295999 0.000000
1653950765720381705 76.908082 0.000000
1653950765796520208 76.134314 0.000000
1653950765872815270 76.291268 0.000000
1653950765949221992 76.402146 0.000000
1653950766025554927 76.328775 0.000000
1653950766103939839 78.380832 0.000000
1653950766180268337 76.324097 0.000000
1653950766256432481 76.158944 0.000000
1653950766332699572 76.260340 0.000000
1653950766409438702 76.735059 0.000000
1653950766485784777 76.341019 0.000000
1653950766561837361 76.045266 0.000000
1653950766638204340 76.362804 0.000000
1653950766713941104 75.732614 0.000000
1653950766789404517 75.458000 0.000000
1653950766866328431 76.920216 0.000000
1653950766942110365 75.777734 0.000000
1653950767018834159 76.718732 0.000000
1653950767094830175 75.991993 0.000000
1653950767171103091 76.269182 0.000000
1653950767247443217 76.336002 0.000000
1653950767323625833 76.178762 0.000000
1653950767549325812 225.696331 0.000000
1653950767625473857 76.142357 0.000000
1653950767701656593 76.179421 0.000000
1653950767777653526 75.992708 0.000000
1653950768056217925 278.560225 0.000000
1653950768132232736 76.008395 0.000000
1653950768208678920 76.442144 0.000000
1653950768284731092 76.047837 0.000000
1653950768360943206 76.208310 0.000000
1653950768437305354 76.358480 0.000000
1653950768513703866 76.394713 0.000000
1653950768590182500 76.474796 0.000000
1653950768666274866 76.088411 0.000000
1653950768742624670 76.346035 0.000000
1653950768818082921 75.453811 0.000000
1653950768893866463 75.779172 0.000000
1653950768971621751 77.750531 0.000000
1653950769047370347 75.744369 0.000000
1653950769404843482 357.469228 0.000000
1653950769481180457 76.331121 0.000000
1653950769557428478 76.242705 0.000000
1653950769634105885 76.673628 0.000000
1653950769710104948 75.994563 0.000000
1653950769785968567 75.859695 0.000000
1653950769861899056 75.926109 0.000000
1653950769938343240 76.439914 0.000000
1653950770014220209 75.872273 0.000000
1653950770090493310 76.269056 0.000000
1653950770166598154 76.100811 0.000000
1653950770242644854 76.043590 0.000000
1653950770318776355 76.127652 0.000000
1653950770394311901 75.531401 0.000000
1653950770472262874 77.946588 0.000000
