1653950578138097065 148.633484 6.726296 6 0 0.000000
1653950578644450085 126.582901 7.899627 4 0 0.000000
1653950580207114686 195.326984 5.119461 8 0 0.000000
1653950581221153295 169.000561 5.916934 6 0 0.000000
1653950582224826208 125.454162 7.970724 8 0 0.000000
1653950583163124608 134.037785 7.460313 7 0 0.000000
1653950584162334855 249.797965 4.003162 4 0 0.000000
1653950585168049949 167.612637 5.965904 6 0 0.000000
1653950586167978785 124.986285 8.000569 8 0 0.000000
1653950586922875346 188.718225 5.298739 4 0 0.000000
1653950588177913640 156.874591 6.374308 8 0 0.000000
1653950589182696827 125.592869 7.961917 8 0 0.000000
1653950590182336476 124.950177 8.002884 8 0 0.000000
1653950591184129104 125.218170 7.985684 8 0 0.000000
1653950592187211077 125.380362 7.975420 8 0 0.000000
1653950593188492174 125.155248 7.989764 8 0 0.000000
1653950594190985103 125.306480 7.980106 8 0 0.000000
1653950595178259123 164.541542 6.077340 6 0 0.000000
1653950596167305982 164.835731 6.066447 6 0 0.000000
1653950597206042920 129.837838 7.701661 8 0 0.000000
1653950598205295566 124.901725 8.005983 8 0 0.000000
1653950599203206825 124.733575 8.016745 8 0 0.000000
1653950600235301147 172.010559 5.813422 6 0 0.000000
1653950601230489623 124.393508 8.038678 8 0 0.000000
1653950602180749896 190.046898 5.261716 5 0 0.000000
1653950603178464917 166.280546 6.013741 6 0 0.000000
1653950604171136356 165.440358 6.044296 6 0 0.000000
1653950605163866155 165.449903 6.043941 6 0 0.000000
1653950606160828581 124.615066 8.024375 8 0 0.000000
1653950607035298964 124.919355 8.004845 7 0 0.000000
1653950608157891220 160.365673 6.235568 7 0 0.000000
1653950609186886574 171.494407 5.830930 6 0 0.000000
1653950610183772629 249.216688 4.012495 4 0 0.000000
1653950610681644288 248.930715 4.017100 2 0 0.000000
1653950611752940690 357.093517 2.800345 3 0 0.000000
1653950613170798916 202.546288 4.937024 7 0 0.000000
1653950614170739638 124.988015 8.000474 8 0 0.000000
1653950615173142003 125.295138 7.980827 8 0 0.000000
1653950616168419308 165.874692 6.028471 6 0 0.000000
1653950617153304004 246.216205 4.061389 4 0 0.000000
1653950618272858595 159.931788 6.252487 7 0 0.000000
1653950618893884649 124.200395 8.051192 5 0 0.000000
1653950620249642875 225.954643 4.425568 6 0 0.000000
1653950621247289145 249.406317 4.009437 4 0 0.000000
1653950622250789672 167.245506 5.979070 6 0 0.000000
1653950623247107419 124.534537 8.029567 8 0 0.000000
1653950624244202897 124.632020 8.023304 8 0 0.000000
1653950625273994651 171.627149 5.826421 6 0 0.000000
1653950626271106934 124.634455 8.023169 8 0 0.000000
1653950627268881580 124.717351 8.017843 8 0 0.000000
1653950627891198937 124.459161 8.034486 5 0 0.000000
1653950629256240768 170.625102 5.860626 8 0 0.000000
1653950630239337427 245.769168 4.068776 4 0 0.000000
1653950631238975212 249.904708 4.001449 4 0 0.000000
1653950632235828248 124.602165 8.025255 8 0 0.000000
1653950633232555630 124.585028 8.026266 8 0 0.000000
1653950634233054349 125.057848 7.996013 8 0 0.000000
1653950635231722218 124.828939 8.010671 8 0 0.000000
1653950636230039002 124.785479 8.013488 8 0 0.000000
1653950637228549111 124.809262 8.011937 8 0 0.000000
1653950638228949084 125.045333 7.996802 8 0 0.000000
1653950638979053147 125.013057 7.998890 6 0 0.000000
1653950640143001220 166.273469 6.014014 7 0 0.000000
1653950640893884858 375.437102 2.663529 2 0 0.000000
1653950642177985387 214.011831 4.672531 6 0 0.000000
1653950643176030718 124.750724 8.015668 8 0 0.000000
1653950643925134683 124.846628 8.009569 6 0 0.000000
1653950645283276016 271.623092 3.681502 5 0 0.000000
1653950646282237953 124.865475 8.008313 8 0 0.000000
1653950647155595751 124.760825 8.015042 7 0 0.000000
1653950648281209333 160.797295 6.218831 7 0 0.000000
1653950649277729633 124.560644 8.027935 8 0 0.000000
1653950650275159638 166.233942 6.015460 6 0 0.000000
1653950651275177049 124.997565 7.999861 8 0 0.000000
1653950651901268572 125.213796 7.986053 5 0 0.000000
1653950653193510605 215.368477 4.643093 6 0 0.000000
1653950654237143222 173.934219 5.749150 6 0 0.000000
1653950655278415370 260.313471 3.841455 4 0 0.000000
1653950656268492511 165.005862 6.060134 6 0 0.000000
1653950657272229838 167.284991 5.977659 6 0 0.000000
1653950658263729979 198.295993 5.042864 5 0 0.000000
1653950658763568570 124.955266 8.002583 4 0 0.000000
1653950660258132622 249.088934 4.014549 6 0 0.000000
1653950661260581671 125.301397 7.980455 8 0 0.000000
1653950662258973172 124.794367 8.012889 8 0 0.000000
1653950663008347112 187.338605 5.337789 4 0 0.000000
1653950664249077953 155.086712 6.447813 8 0 0.000000
1653950665245705601 124.573980 8.027070 8 0 0.000000
1653950666285230224 173.249213 5.771869 6 0 0.000000
1653950667286854963 125.198386 7.987023 8 0 0.000000
1653950668278190910 330.439537 3.026219 3 0 0.000000
1653950669278827528 125.075460 7.994910 8 0 0.000000
1653950670278661720 124.974583 8.001327 8 0 0.000000
1653950671277367068 124.833867 8.010370 8 0 0.000000
1653950672189287882 182.378980 5.482932 5 0 0.000000
1653950673056227196 173.383352 5.767416 5 0 0.000000
1653950674295728821 154.933605 6.454207 8 0 0.000000
1653950675294400798 124.829641 8.010638 8 0 0.000000
1653950676295941114 125.188024 7.987696 8 0 0.000000
1653950677295724332 124.967703 8.001735 8 0 0.000000
1653950678290174089 165.736943 6.033487 6 0 0.000000
1653950679209120948 183.784177 5.441011 5 0 0.000000
1653950680208493201 124.916827 8.005025 8 0 0.000000
1653950681208480949 124.994306 8.000098 8 0 0.000000
1653950682207946956 124.928933 8.004274 8 0 0.000000
1653950683206595865 124.826509 8.010823 8 0 0.000000
1653950684207699485 125.133335 7.991181 8 0 0.000000
1653950685083952543 125.174361 7.988560 7 0 0.000000
1653950686244105521 386.713268 2.585866 3 0 0.000000
1653950687293334250 174.866751 5.718486 6 0 0.000000
1653950688295345598 125.246842 7.983942 8 0 0.000000
1653950689293544686 124.770235 8.014433 8 0 0.000000
1653950690045007797 125.239684 7.984424 6 0 0.000000
1653950691293831129 156.097897 6.406030 8 0 0.000000
1653950692296180351 167.053744 5.985938 6 0 0.000000
1653950693293655460 124.679722 8.020250 8 0 0.000000
1653950694293952913 125.032182 7.997621 8 0 0.000000
1653950695293094918 124.888182 8.006870 8 0 0.000000
1653950696292108258 124.871974 8.007901 8 0 0.000000
1653950697293632856 166.915375 5.990866 6 0 0.000000
1653950698294426898 125.094826 7.993653 8 0 0.000000
1653950699294699966 125.029389 7.997816 8 0 0.000000
1653950700292912567 124.772466 8.014325 8 0 0.000000
1653950701278630028 246.423293 4.057958 4 0 0.000000
1653950702269962014 165.216904 6.052463 6 0 0.000000
1653950703269868099 124.984068 8.000751 8 0 0.000000
1653950704268879145 124.872035 8.007920 8 0 0.000000
1653950705267928288 124.876726 8.007614 8 0 0.000000
1653950706268203360 125.029914 7.997800 8 0 0.000000
1653950707270034318 125.224538 7.985379 8 0 0.000000
1653950708268837152 124.846125 8.009589 8 0 0.000000
1653950709270624099 125.219306 7.985730 8 0 0.000000
1653950710272526365 125.233505 7.984811 8 0 0.000000
1653950711272115435 124.944180 8.003289 8 0 0.000000
1653950712302675888 343.514592 2.911037 3 0 0.000000
1653950713227452888 132.106448 7.569392 7 0 0.000000
1653950714219240351 165.293541 6.049683 6 0 0.000000
1653950715341025040 160.250058 6.240057 7 0 0.000000
1653950716093299757 125.374769 7.975810 6 0 0.000000
1653950717334863705 155.191038 6.443486 8 0 0.000000
1653950718336217547 166.887809 5.991888 6 0 0.000000
1653950719251593339 305.121077 3.277343 3 0 0.000000
1653950720252436111 125.100908 7.993264 8 0 0.000000
1653950721003593640 125.188175 7.987672 6 0 0.000000
1653950722263286583 157.456930 6.350754 8 0 0.000000
1653950723138545004 125.032916 7.997638 7 0 0.000000
1653950724269326002 161.535354 6.190412 7 0 0.000000
1653950725270563680 125.150542 7.990111 8 0 0.000000
1653950726271988548 125.173504 7.988617 8 0 0.000000
1653950727276892760 125.608298 7.960958 8 0 0.000000
1653950728278110640 125.147700 7.990269 8 0 0.000000
1653950729275226190 166.181403 6.017357 6 0 0.000000
1653950730279530892 167.375129 5.974283 6 0 0.000000
1653950731322151560 130.323095 7.672973 8 0 0.000000
1653950732325122021 125.367065 7.976307 8 0 0.000000
1653950733316005009 165.142599 6.055205 6 0 0.000000
1653950734315627570 124.948449 8.003021 8 0 0.000000
1653950735236398129 184.149506 5.430234 5 0 0.000000
1653950736237887686 125.181200 7.988101 8 0 0.000000
1653950737230572594 165.442643 6.044214 6 0 0.000000
1653950738272698124 173.682752 5.757464 6 0 0.000000
1653950739274763661 125.253455 7.983510 8 0 0.000000
1653950740278127751 125.415942 7.973178 8 0 0.000000
1653950741194732836 130.939386 7.636877 7 0 0.000000
1653950742316626655 160.266256 6.239450 7 0 0.000000
1653950743318502227 125.230093 7.985024 8 0 0.000000
1653950744319130524 166.766928 5.996233 6 0 0.000000
1653950744946727916 125.515351 7.966891 5 0 0.000000
1653950746327537352 197.254022 5.069490 7 0 0.000000
1653950747202904198 125.048366 7.996647 7 0 0.000000
1653950748312007732 277.270806 3.606516 4 0 0.000000
1653950749313703609 125.207702 7.986456 8 0 0.000000
1653950750314192879 125.056733 7.996088 8 0 0.000000
1653950751315686463 125.181998 7.988069 8 0 0.000000
1653950752317875558 125.269001 7.982525 8 0 0.000000
1653950753321288051 125.422125 7.972793 8 0 0.000000
1653950754313718135 165.400345 6.045766 6 0 0.000000
1653950755315559938 125.226096 7.985293 8 0 0.000000
1653950756317706065 125.263892 7.982868 8 0 0.000000
1653950757324845619 125.888034 7.943289 8 0 0.000000
1653950758329062070 125.522786 7.966410 8 0 0.000000
1653950759335431005 125.791810 7.949371 8 0 0.000000
1653950760337344314 125.235297 7.984723 8 0 0.000000
1653950761337031047 166.610199 6.001880 6 0 0.000000
1653950762339183478 125.264150 7.982818 8 0 0.000000
1653950763259516650 131.471698 7.605941 7 0 0.000000
1653950764266093012 125.817505 7.947733 8 0 0.000000
1653950765267537151 125.176420 7.988463 8 0 0.000000
1653950766268024029 125.056437 7.996107 8 0 0.000000
1653950767271255865 125.399678 7.974229 8 0 0.000000
1653950768150556468 125.609283 7.960872 7 0 0.000000
1653950769279582026 161.284333 6.200037 7 0 0.000000
1653950770279112744 166.583654 6.002817 6 0 0.000000
1653950771283185392 125.504320 7.967551 8 0 0.000000
1653950772286331415 125.388739 7.974911 8 0 0.000000
1653950773330991616 130.578099 7.657993 8 0 0.000000
1653950774335381652 125.544274 7.965033 8 0 0.000000
1653950775087270065 125.309733 7.979908 6 0 0.000000
1653950776324146614 247.370536 4.042441 5 0 0.000000
1653950777328006879 167.306198 5.976927 6 0 0.000000
1653950778333760990 167.621963 5.965673 6 0 0.000000
