1653950575990262871 115.050106 8.689140 8 0 0.000000
1653950577051054044 151.534903 6.598848 7 0 0.000000
1653950577896620932 93.946931 10.643747 9 0 0.000000
1653950579030611145 188.993519 5.291051 6 0 0.000000
1653950580045918290 112.806064 8.864313 9 0 0.000000
1653950581069877730 93.082164 10.742613 11 0 0.000000
1653950581928228083 286.112281 3.495076 3 0 0.000000
1653950582841002779 152.124041 6.573364 6 0 0.000000
1653950584031632648 108.234015 9.238807 11 0 0.000000
1653950585040514593 201.771544 4.955981 5 0 0.000000
1653950586051319688 144.396017 6.925173 7 0 0.000000
1653950586986826614 155.912748 6.413635 6 0 0.000000
1653950587987960117 111.231858 8.989811 9 0 0.000000
1653950589001396522 92.125946 10.854159 11 0 0.000000
1653950590011657206 91.837451 10.888279 11 0 0.000000
1653950591024080978 92.033643 10.865016 11 0 0.000000
1653950592035581376 91.949848 10.874934 11 0 0.000000
1653950592868268291 92.516235 10.808384 9 0 0.000000
1653950594055255955 131.882449 7.582219 9 0 0.000000
1653950594883298514 91.999938 10.869006 9 0 0.000000
1653950596061141790 107.071768 9.339103 11 0 0.000000
1653950597070175660 91.725783 10.901517 11 0 0.000000
1653950597995170874 115.620043 8.648693 8 0 0.000000
1653950598827782429 166.517483 6.005201 5 0 0.000000
1653950600025433003 108.872696 9.184649 11 0 0.000000
1653950601032668178 91.561970 10.920985 11 0 0.000000
1653950602043756623 91.910196 10.879365 11 0 0.000000
1653950602593138419 91.559118 10.921367 6 0 0.000000
1653950604062819925 209.949855 4.762937 7 0 0.000000
1653950605057489023 110.514353 9.048235 9 0 0.000000
1653950605986246545 116.090320 8.613658 8 0 0.000000
1653950607068903753 108.261012 9.236534 10 0 0.000000
1653950608078883077 112.215507 8.911074 9 0 0.000000
1653950609085676065 91.522378 10.925781 11 0 0.000000
1653950610002878589 91.716431 10.902718 10 0 0.000000
1653950611008714172 91.435686 10.936181 11 0 0.000000
1653950612030275856 145.933245 6.852254 7 0 0.000000
1653950613045033635 92.246560 10.840025 11 0 0.000000
1653950614056863004 112.420933 8.894780 9 0 0.000000
1653950615073800900 92.444143 10.816786 11 0 0.000000
1653950616069220256 110.597489 9.041416 9 0 0.000000
1653950617074176149 91.354508 10.945754 11 0 0.000000
1653950618079977627 91.432164 10.936552 11 0 0.000000
1653950619088748625 91.701934 10.904358 11 0 0.000000
1653950619736708563 92.561110 10.803137 7 0 0.000000
1653950621013653134 127.690203 7.831194 10 0 0.000000
1653950622081948474 133.532437 7.488566 8 0 0.000000
1653950623092520330 112.281590 8.905849 9 0 0.000000
1653950624100729131 91.651111 10.910438 11 0 0.000000
1653950625020887246 92.011133 10.867698 10 0 0.000000
1653950626028783944 91.622781 10.913817 11 0 0.000000
1653950626957991630 154.863898 6.457114 6 0 0.000000
1653950628055448205 109.740987 9.111978 10 0 0.000000
1653950629085353705 93.623531 10.680592 11 0 0.000000
1653950630065165501 139.968809 7.144229 7 0 0.000000
1653950631074273925 91.732863 10.900711 11 0 0.000000
1653950632084591918 112.251172 8.908087 9 0 0.000000
1653950633097552149 92.080610 10.859261 11 0 0.000000
1653950634105899234 91.663959 10.908942 11 0 0.000000
1653950635101107594 110.574709 9.043332 9 0 0.000000
1653950636106882994 91.429922 10.936835 11 0 0.000000
1653950636919445047 116.076123 8.614727 7 0 0.000000
1653950638034363482 139.359684 7.175413 8 0 0.000000
1653950639041587215 91.561605 10.921109 11 0 0.000000
1653950640051202401 91.779219 10.895240 11 0 0.000000
1653950641061184446 91.812757 10.891283 11 0 0.000000
1653950642043521103 140.329615 7.125867 7 0 0.000000
1653950643050530895 91.542481 10.923429 11 0 0.000000
1653950644057568981 111.889047 8.937100 9 0 0.000000
1653950645052339395 110.525929 9.047314 9 0 0.000000
1653950646061393526 91.728194 10.901298 11 0 0.000000
1653950647055639714 124.276427 8.046297 8 0 0.000000
1653950648069349453 92.151378 10.851232 11 0 0.000000
1653950649075829392 91.494095 10.929180 11 0 0.000000
1653950650084615272 91.703531 10.904197 11 0 0.000000
1653950651093168494 91.682695 10.906713 11 0 0.000000
1653950652103046624 91.802874 10.892403 11 0 0.000000
1653950653112847991 91.796056 10.893232 11 0 0.000000
1653950654121195254 91.664089 10.908940 11 0 0.000000
1653950655037823826 91.658932 10.909544 10 0 0.000000
1653950656051244576 92.122758 10.854327 11 0 0.000000
1653950657120470305 118.798808 8.417306 9 0 0.000000
1653950658115820678 110.589460 9.042042 9 0 0.000000
1653950659125541878 91.788433 10.894096 11 0 0.000000
1653950660042210119 91.662692 10.909072 10 0 0.000000
1653950661051451200 91.745396 10.899279 11 0 0.000000
1653950662062955306 91.950739 10.874894 11 0 0.000000
1653950662981773778 91.877980 10.883543 10 0 0.000000
1653950664070975795 108.916173 9.181033 10 0 0.000000
1653950665081611624 91.871880 10.884237 11 0 0.000000
1653950666093677134 92.001963 10.868862 11 0 0.000000
1653950667104686681 91.905743 10.880214 11 0 0.000000
1653950668116662321 91.993513 10.869827 11 0 0.000000
1653950669126223035 91.774420 10.895828 11 0 0.000000
1653950670120815082 110.506197 9.048936 9 0 0.000000
1653950671131674712 91.892366 10.881827 11 0 0.000000
1653950672049012534 91.729943 10.901109 10 0 0.000000
1653950673060676119 91.965331 10.873180 11 0 0.000000
1653950674069804799 91.734949 10.900493 11 0 0.000000
1653950675079079154 112.137522 8.917298 9 0 0.000000
1653950676088320851 91.745345 10.899272 11 0 0.000000
1653950677090711792 143.194556 6.983303 7 0 0.000000
1653950678087146657 110.710795 9.032201 9 0 0.000000
1653950679099616760 92.038736 10.864518 11 0 0.000000
1653950680110467143 91.891305 10.881927 11 0 0.000000
1653950681118044094 91.593530 10.917280 11 0 0.000000
1653950681759800241 91.674920 10.907570 7 0 0.000000
1653950683110958672 122.826941 8.141162 11 0 0.000000
1653950684121428462 91.856917 10.886026 11 0 0.000000
1653950685129922118 91.677182 10.907357 11 0 0.000000
1653950686141983260 92.001678 10.868909 11 0 0.000000
1653950687061504539 91.948203 10.875224 10 0 0.000000
1653950688069385918 91.621631 10.913983 11 0 0.000000
1653950689106994086 115.285314 8.673794 9 0 0.000000
1653950690118171344 91.921068 10.878410 11 0 0.000000
1653950691129659008 91.949550 10.875070 11 0 0.000000
1653950692145515925 92.346671 10.828297 11 0 0.000000
1653950693075920574 116.296756 8.598409 8 0 0.000000
1653950694085187885 91.747811 10.898996 11 0 0.000000
1653950695095769383 91.867064 10.884822 11 0 0.000000
1653950696094050964 110.916299 9.015493 9 0 0.000000
1653950697103654530 91.778088 10.895366 11 0 0.000000
1653950698114585090 91.898498 10.881064 11 0 0.000000
1653950699128975524 92.212998 10.843951 11 0 0.000000
1653950700138959143 91.812169 10.891266 11 0 0.000000
1653950701151614820 92.055444 10.862527 11 0 0.000000
1653950702070345180 91.868871 10.884586 10 0 0.000000
1653950703072531468 111.349969 8.980366 9 0 0.000000
1653950704082688413 91.828429 10.889397 11 0 0.000000
1653950705092159727 91.765946 10.896793 11 0 0.000000
1653950705735487278 91.899741 10.880927 7 0 0.000000
1653950707099215840 123.969396 8.066121 11 0 0.000000
1653950707559059048 91.964361 10.873271 5 0 0.000000
1653950709161012494 200.239832 4.993903 8 0 0.000000
1653950710084877498 92.382328 10.824092 10 0 0.000000
1653950711094420074 91.772671 10.896024 11 0 0.000000
1653950712103783869 91.756499 10.897954 11 0 0.000000
1653950713114587835 91.887312 10.882427 11 0 0.000000
1653950714112860395 110.915086 9.015574 9 0 0.000000
1653950715122248274 91.758676 10.897694 11 0 0.000000
1653950716130338885 91.639031 10.911718 11 0 0.000000
1653950716960132319 92.195396 10.846073 9 0 0.000000
1653950718158506720 133.145813 7.510174 9 0 0.000000
1653950719162994801 111.605779 8.959788 9 0 0.000000
1653950720084022768 92.098745 10.857434 10 0 0.000000
1653950721097377766 92.119304 10.855031 11 0 0.000000
1653950721925405424 91.999229 10.869202 9 0 0.000000
1653950723113771488 108.029281 9.256407 11 0 0.000000
1653950724127553388 112.638161 8.877649 9 0 0.000000
1653950725140812310 112.580276 8.882231 9 0 0.000000
1653950725969768346 165.787109 6.031683 5 0 0.000000
1653950727168898045 109.007859 9.173320 11 0 0.000000
1653950728168764762 111.092394 9.001200 9 0 0.000000
1653950729088957506 92.015553 10.867288 10 0 0.000000
1653950730100961876 112.440935 8.893242 9 0 0.000000
1653950731113158342 92.014073 10.867455 11 0 0.000000
1653950732124720507 91.956146 10.874270 11 0 0.000000
1653950733135543781 112.309653 8.903633 9 0 0.000000
1653950734147033261 91.947851 10.875051 11 0 0.000000
1653950735157985515 91.900902 10.880831 11 0 0.000000
1653950736156137999 110.901722 9.016658 9 0 0.000000
1653950737177966902 113.532743 8.807736 9 0 0.000000
1653950738148010802 96.999799 10.308812 10 0 0.000000
1653950739161389265 92.121350 10.854780 11 0 0.000000
1653950740086462025 92.503271 10.809960 10 0 0.000000
1653950741105441479 113.215894 8.832366 9 0 0.000000
1653950742115577024 91.826702 10.889628 11 0 0.000000
1653950743126982494 91.942099 10.875955 11 0 0.000000
1653950744149703784 113.631703 8.800051 9 0 0.000000
1653950745161116585 91.942748 10.875876 11 0 0.000000
1653950746166035057 111.653767 8.955950 9 0 0.000000
1653950747103853278 117.223137 8.530438 8 0 0.000000
1653950748120758194 92.442064 10.817137 11 0 0.000000
1653950749131919921 91.920098 10.878576 11 0 0.000000
1653950750143637574 91.970542 10.872599 11 0 0.000000
1653950751157545999 92.169655 10.849106 11 0 0.000000
1653950752169293750 91.973398 10.872275 11 0 0.000000
1653950753183125807 92.162796 10.849923 11 0 0.000000
1653950754103443425 92.027984 10.865814 10 0 0.000000
1653950755181207322 134.716495 7.422776 8 0 0.000000
1653950756178513852 142.467555 7.018905 7 0 0.000000
1653950757193316019 92.222049 10.839551 11 0 0.000000
1653950758193172948 111.091113 9.001288 9 0 0.000000
1653950758838317299 92.159501 10.850285 7 0 0.000000
1653950759946967111 138.577206 7.215985 8 0 0.000000
1653950761148584614 109.233669 9.154327 11 0 0.000000
1653950762167735367 92.645822 10.793300 11 0 0.000000
1653950763182009523 92.202848 10.845194 11 0 0.000000
1653950764193806378 91.977492 10.871748 11 0 0.000000
1653950765112810169 114.871324 8.705078 8 0 0.000000
1653950766113831540 125.123359 7.991838 8 0 0.000000
1653950767128514901 92.240132 10.840820 11 0 0.000000
1653950768143314116 92.248858 10.839583 11 0 0.000000
1653950769155452052 92.008665 10.868083 11 0 0.000000
1653950770169141689 92.149836 10.851448 11 0 0.000000
1653950771187550321 113.152569 8.837317 9 0 0.000000
1653950772201630156 92.185204 10.847272 11 0 0.000000
