1653950576043125681 117.803514 8.486050 8 0 0.000000
1653950577054565307 101.138319 9.886898 10 0 0.000000
1653950578054324284 142.817949 7.001688 7 0 0.000000
1653950579068063962 101.324890 9.864465 10 0 0.000000
1653950580054697229 98.657511 10.135478 10 0 0.000000
1653950581031765527 139.576443 7.164289 7 0 0.000000
1653950582039935080 100.811869 9.918967 10 0 0.000000
1653950583019819689 97.983938 10.205283 10 0 0.000000
1653950584098250435 98.034200 10.200006 11 0 0.000000
1653950585071171615 97.287824 10.278325 10 0 0.000000
1653950586042764297 97.155023 10.292379 10 0 0.000000
1653950587078324154 115.056823 8.690951 9 0 0.000000
1653950588046460229 96.808888 10.329127 10 0 0.000000
1653950589017128063 121.328966 8.241748 8 0 0.000000
1653950590083197412 96.910875 10.318278 11 0 0.000000
1653950591053045267 96.980168 10.310896 10 0 0.000000
1653950592023703017 97.061166 10.302293 10 0 0.000000
1653950593092674633 97.174598 10.290264 11 0 0.000000
1653950594028161377 116.930685 8.551698 8 0 0.000000
1653950595060243701 114.670831 8.720235 9 0 0.000000
1653950596029386461 96.909067 10.318397 10 0 0.000000
1653950596705597528 96.597484 10.351797 7 0 0.000000
1653950598060083628 169.305866 5.906299 8 0 0.000000
1653950599057360272 99.723445 10.027308 10 0 0.000000
1653950600024393002 96.698643 10.340912 10 0 0.000000
1653950601094848370 152.917227 6.539273 7 0 0.000000
1653950601865166027 128.382295 7.788994 6 0 0.000000
1653950603092143155 111.537780 8.965123 11 0 0.000000
1653950604058457058 96.626983 10.348604 10 0 0.000000
1653950605094339826 115.093621 8.688242 9 0 0.000000
1653950606062625323 96.823932 10.327533 10 0 0.000000
1653950607029462078 96.679591 10.343008 10 0 0.000000
1653950608091715179 118.024220 8.472557 9 0 0.000000
1653950609123080500 114.592025 8.726297 9 0 0.000000
1653950610110604640 123.435731 8.101068 8 0 0.000000
1653950611078041520 96.739906 10.336592 10 0 0.000000
1653950612104544941 146.639276 6.819266 7 0 0.000000
1653950613069988189 96.539997 10.357936 10 0 0.000000
1653950614105605879 115.064318 8.690466 9 0 0.000000
1653950615073254790 96.760564 10.334327 10 0 0.000000
1653950616045150686 121.481882 8.231334 8 0 0.000000
1653950617108646036 96.676715 10.343252 11 0 0.000000
1653950618076179438 96.748755 10.335561 10 0 0.000000
1653950619042953515 96.673314 10.343678 10 0 0.000000
1653950620080111567 115.234069 8.677559 9 0 0.000000
1653950621107733422 146.799057 6.811844 7 0 0.000000
1653950622076752900 121.123084 8.255768 8 0 0.000000
1653950623041508309 96.471680 10.365321 10 0 0.000000
1653950624101619321 96.369320 10.376272 11 0 0.000000
1653950625117018131 126.920389 7.878678 8 0 0.000000
1653950626050066020 116.627123 8.574051 8 0 0.000000
1653950627114966106 96.805128 10.329608 11 0 0.000000
1653950628081604777 96.659567 10.345127 10 0 0.000000
1653950628979593828 99.772571 10.022394 9 0 0.000000
1653950630100805118 160.168626 6.243248 7 0 0.000000
1653950631067082575 96.621790 10.348994 10 0 0.000000
1653950632101489263 114.930191 8.700640 9 0 0.000000
1653950633070529583 96.900051 10.319488 10 0 0.000000
1653950634099537840 128.621683 7.774476 8 0 0.000000
1653950635069420803 96.983951 10.310523 10 0 0.000000
1653950636132155088 96.607603 10.350659 11 0 0.000000
1653950637098569747 96.637088 10.347525 10 0 0.000000
1653950638065451217 96.684080 10.342529 10 0 0.000000
1653950639128231982 96.612462 10.350206 11 0 0.000000
1653950639901036822 96.596784 10.351902 8 0 0.000000
1653950641133736716 136.962477 7.301047 9 0 0.000000
1653950642098703160 96.492801 10.363055 10 0 0.000000
1653950642874268426 96.941218 10.315057 8 0 0.000000
1653950644069231558 170.704265 5.857921 7 0 0.000000
1653950644908785218 119.932170 8.337764 7 0 0.000000
1653950646064014181 115.518848 8.656293 10 0 0.000000
1653950647133920103 118.874213 8.411955 9 0 0.000000
1653950648101409186 96.744904 10.336033 10 0 0.000000
1653950649067221801 160.964397 6.212385 6 0 0.000000
1653950650131242867 96.725260 10.338141 11 0 0.000000
1653950651101052687 96.976899 10.311300 10 0 0.000000
1653950652072968502 97.187624 10.288957 10 0 0.000000
1653950653107728672 147.818619 6.764853 7 0 0.000000
1653950654078690970 121.366046 8.239249 8 0 0.000000
1653950655145106783 96.942564 10.314926 11 0 0.000000
1653950656073731493 154.766550 6.461168 6 0 0.000000
1653950657111709717 148.277873 6.743879 7 0 0.000000
1653950658079770132 161.338483 6.197960 6 0 0.000000
1653950659145272542 96.859492 10.323768 11 0 0.000000
1653950660111352187 96.603337 10.351114 10 0 0.000000
1653950661080482953 96.908916 10.318525 10 0 0.000000
1653950662145133613 96.782198 10.332028 11 0 0.000000
1653950663111873591 96.669816 10.344043 10 0 0.000000
1653950664079201895 96.728918 10.337752 10 0 0.000000
1653950665084746184 143.644954 6.961404 7 0 0.000000
1653950666151389517 96.963651 10.312726 11 0 0.000000
1653950667120063596 96.863595 10.323390 10 0 0.000000
1653950668089128668 96.902346 10.319225 10 0 0.000000
1653950669156553534 97.034540 10.305175 11 0 0.000000
1653950670123685692 96.708892 10.339849 10 0 0.000000
1653950671159228247 115.054804 8.691096 9 0 0.000000
1653950672030939410 96.853145 10.324521 9 0 0.000000
1653950673163880759 113.290016 8.826582 10 0 0.000000
1653950674125570838 120.207093 8.318688 8 0 0.000000
1653950675093531547 96.792096 10.330998 10 0 0.000000
1653950676150966498 151.057618 6.619793 7 0 0.000000
1653950677088390897 156.233039 6.400516 6 0 0.000000
1653950678154861229 96.947758 10.314399 11 0 0.000000
1653950679154073853 124.897093 8.006304 8 0 0.000000
1653950680121671452 96.755219 10.334875 10 0 0.000000
1653950681158506048 115.199607 8.680265 9 0 0.000000
1653950682129117430 97.056896 10.302785 10 0 0.000000
1653950683101327048 97.216532 10.285848 10 0 0.000000
1653950684138130929 115.195956 8.680523 9 0 0.000000
1653950685107267642 96.909573 10.318462 10 0 0.000000
1653950686173813383 96.954568 10.313669 11 0 0.000000
1653950687144866710 97.099756 10.298095 10 0 0.000000
1653950687825232882 97.191213 10.288577 7 0 0.000000
1653950688922712470 156.778290 6.378251 7 0 0.000000
1653950689983939985 117.909821 8.480745 9 0 0.000000
1653950691119476922 141.937658 7.045125 8 0 0.000000
1653950692090181568 97.066650 10.301795 10 0 0.000000
1653950693060642755 97.041663 10.304379 10 0 0.000000
1653950694097187405 115.167477 8.682694 9 0 0.000000
1653950695134353413 115.236510 8.677492 9 0 0.000000
1653950696108374261 97.397827 10.266721 10 0 0.000000
1653950697174089868 96.879034 10.321703 11 0 0.000000
1653950698115232824 117.638465 8.500303 8 0 0.000000
1653950699183043926 97.069169 10.301448 11 0 0.000000
1653950700153444344 97.036166 10.305024 10 0 0.000000
1653950701121783911 96.829731 10.326956 10 0 0.000000
1653950702102690134 98.086589 10.194654 10 0 0.000000
1653950703100514363 99.778267 10.021805 10 0 0.000000
1653950704168276912 97.065109 10.301916 11 0 0.000000
1653950705141029330 97.270743 10.280108 10 0 0.000000
1653950706011679035 124.374487 8.039973 7 0 0.000000
1653950707169678351 115.795255 8.635584 10 0 0.000000
1653950708167817636 142.587004 7.013049 7 0 0.000000
1653950709106783735 117.366833 8.520009 8 0 0.000000
1653950710175467215 97.148858 10.293039 11 0 0.000000
1653950711028595770 121.871575 8.205094 7 0 0.000000
1653950712163856885 113.522050 8.808546 10 0 0.000000
1653950713163078405 99.917793 10.007791 10 0 0.000000
1653950714137116976 97.399615 10.266534 10 0 0.000000
1653950715138982439 143.119409 6.986966 7 0 0.000000
1653950716175612565 115.176827 8.681978 9 0 0.000000
1653950717175693618 142.863902 6.999433 7 0 0.000000
1653950717756475149 96.793328 10.330907 6 0 0.000000
1653950719020639791 180.590688 5.537253 7 0 0.000000
1653950720150289366 112.960836 8.852303 10 0 0.000000
1653950721122530748 97.220062 10.285512 10 0 0.000000
1653950722191037983 97.133188 10.294736 11 0 0.000000
1653950723133752979 117.835076 8.486128 8 0 0.000000
1653950724202533690 97.157758 10.292102 11 0 0.000000
1653950725178255573 121.961086 8.199058 8 0 0.000000
1653950726149219138 97.092326 10.299047 10 0 0.000000
1653950727119862719 97.060235 10.302443 10 0 0.000000
1653950728095584190 121.960812 8.199061 8 0 0.000000
1653950729166239433 152.946044 6.538052 7 0 0.000000
1653950730139226466 121.619379 8.222104 8 0 0.000000
1653950731112418371 97.314863 10.275465 10 0 0.000000
1653950732181290857 97.165921 10.291219 11 0 0.000000
1653950733153102206 97.177096 10.290063 10 0 0.000000
1653950734125412127 97.227123 10.284787 10 0 0.000000
1653950735193926011 97.133582 10.294671 11 0 0.000000
1653950736192754052 99.878659 10.011734 10 0 0.000000
1653950737161831752 96.903930 10.319090 10 0 0.000000
1653950738133483900 97.161355 10.291749 10 0 0.000000
1653950739199894731 96.942619 10.314974 11 0 0.000000
1653950740169918260 96.998548 10.309028 10 0 0.000000
1653950741169317913 166.562376 6.003604 6 0 0.000000
1653950742193499347 128.018458 7.811116 8 0 0.000000
1653950743132602603 117.380880 8.518765 8 0 0.000000
1653950744134594985 143.137738 6.986081 7 0 0.000000
1653950745172955288 115.369329 8.667512 9 0 0.000000
1653950746146211517 97.322098 10.274787 10 0 0.000000
1653950747215955691 97.245595 10.282832 11 0 0.000000
1653950748157277395 117.660943 8.498689 8 0 0.000000
1653950749128967457 97.165116 10.291347 10 0 0.000000
1653950750196359965 97.031796 10.305487 11 0 0.000000
1653950751166900705 97.050577 10.303534 10 0 0.000000
1653950752196490810 147.080057 6.798822 7 0 0.000000
1653950753140330325 117.973500 8.476017 8 0 0.000000
1653950754207173452 118.534005 8.436104 9 0 0.000000
1653950755179471687 162.045585 6.170946 6 0 0.000000
1653950756152036550 97.252507 10.282091 10 0 0.000000
1653950757222209707 97.284683 10.278710 11 0 0.000000
1653950758222896764 100.064323 9.993134 10 0 0.000000
1653950759223949273 100.101216 9.989486 10 0 0.000000
1653950760064760401 120.111792 8.325294 7 0 0.000000
1653950761169197255 184.068166 5.432633 6 0 0.000000
1653950762146096862 122.108092 8.189173 8 0 0.000000
1653950763180857116 114.969687 8.697667 9 0 0.000000
1653950764153295299 97.239079 10.283429 10 0 0.000000
1653950765222804128 118.829905 8.415078 9 0 0.000000
1653950766197240764 97.439182 10.262340 10 0 0.000000
1653950767170308853 97.302632 10.276773 10 0 0.000000
1653950767849001252 135.734343 7.367108 5 0 0.000000
1653950769143116751 184.869427 5.409100 7 0 0.000000
1653950770212699820 97.230673 10.284381 11 0 0.000000
1653950771212397840 99.965969 10.003021 10 0 0.000000
1653950772090190691 97.528431 10.252988 9 0 0.000000
1653950773221242824 113.101097 8.841326 10 0 0.000000
1653950774195237789 97.395550 10.266993 10 0 0.000000
1653950775195051006 99.977712 10.001868 10 0 0.000000
1653950776169813458 97.472523 10.258910 10 0 0.000000
