1653878597264217671 809.544858 0.000000
1653878597273244297 9.018942 0.000000
1653878597452074867 178.827293 0.000000
1653878597541113527 89.034464 0.000000
1653878597551558293 10.441268 0.000000
1653878597799472743 247.910787 0.000000
1653878598107764069 308.285591 0.000000
1653878598529198994 421.429395 0.000000
1653878598758348211 229.144482 0.000000
1653878598833537648 75.184612 0.000000
1653878599287827469 454.285118 0.000000
1653878599472662379 184.830613 0.000000
1653878599497035996 24.370688 0.000000
1653878599766975720 269.936259 0.000000
1653878599996745202 229.766030 0.000000
1653878600070357427 73.607073 0.000000
1653878600221607450 151.245128 0.000000
1653878600288523625 66.911974 0.000000
1653878600309549995 21.021668 0.000000
1653878600331448641 21.894926 0.000000
1653878600337591151 6.139043 0.000000
1653878600416345804 78.750548 0.000000
1653878600505322204 88.972568 0.000000
1653878600651729000 146.402548 0.000000
1653878600757440726 105.706687 0.000000
1653878600770179789 12.734626 0.000000
1653878601066961175 296.777545 0.000000
1653878601074148551 7.184423 0.000000
1653878601081590469 7.438374 0.000000
1653878601088238091 6.641582 0.000000
1653878601094565876 6.324644 0.000000
1653878601203078608 108.508148 0.000000
1653878601247343363 44.260259 0.000000
1653878601265826942 18.479241 0.000000
1653878601415259792 149.428926 0.000000
1653878601495271557 80.006005 0.000000
1653878601508481228 13.205914 0.000000
1653878601614994923 106.509493 0.000000
1653878601621698184 6.700088 0.000000
1653878601629501632 7.800386 0.000000
1653878601717734427 88.227277 0.000000
1653878601727442098 9.703347 0.000000
1653878601751801056 24.354900 0.000000
1653878601757244297 5.439158 0.000000
1653878601764059831 6.808551 0.000000
1653878601858219455 94.155242 0.000000
1653878601977000149 118.776086 0.000000
1653878601999136281 22.131176 0.000000
1653878602599359894 600.219168 0.000000
1653878602933066865 333.701788 0.000000
1653878603051093682 118.020165 0.000000
1653878603080051204 28.953134 0.000000
1653878603084485949 4.429920 0.000000
1653878603289301021 204.811772 0.000000
1653878603300997092 11.691840 0.000000
1653878603312331655 11.331271 0.000000
1653878603318157596 5.822793 0.000000
1653878603479982023 161.821409 0.000000
1653878603743872248 263.884322 0.000000
1653878603757721340 13.843429 0.000000
1653878603770121105 12.395721 0.000000
1653878603847306264 77.180988 0.000000
1653878603853574677 6.262554 0.000000
1653878603953076354 99.497540 0.000000
1653878604036879730 83.798712 0.000000
1653878604049279615 12.393464 0.000000
1653878604059767219 10.481600 0.000000
1653878604070016556 10.244451 0.000000
1653878604076110418 6.087589 0.000000
1653878604259048705 182.932046 0.000000
1653878604445930006 186.876432 0.000000
1653878604452846241 6.911523 0.000000
1653878604627132286 174.282788 0.000000
1653878605194145415 567.008632 0.000000
1653878605438804690 244.654431 0.000000
1653878605816092168 377.284312 0.000000
1653878605873346888 57.249556 0.000000
1653878605884014130 10.662293 0.000000
1653878605889205265 5.187144 0.000000
1653878605894550649 5.341569 0.000000
1653878605900399478 5.846003 0.000000
1653878605972497184 72.095228 0.000000
1653878606058478919 85.977501 0.000000
1653878606063407317 4.923148 0.000000
1653878606068800426 5.388788 0.000000
1653878606260977702 192.173228 0.000000
1653878606370268023 109.285436 0.000000
1653878606377098054 6.825585 0.000000
1653878606459486822 82.385376 0.000000
1653878606680991791 221.499539 0.000000
1653878606694020853 13.024050 0.000000
1653878606700780782 6.755480 0.000000
1653878606708827881 8.043643 0.000000
1653878606714687138 5.856305 0.000000
1653878606721194875 6.505332 0.000000
1653878606727905797 6.707863 0.000000
1653878606790765328 62.853862 0.000000
1653878606924001122 133.231698 0.000000
1653878606937347054 13.341643 0.000000
1653878607052723454 115.372709 0.000000
1653878607060718531 7.990020 0.000000
1653878607068692053 7.969608 0.000000
1653878607097124225 28.428138 0.000000
1653878607103641274 6.512454 0.000000
1653878607200752558 97.108368 0.000000
1653878607226157738 25.399554 0.000000
1653878607233951873 7.790025 0.000000
1653878607574143496 340.187486 0.000000
1653878607583515080 9.366531 0.000000
1653878608016973847 433.453400 0.000000
1653878608053121077 36.142191 0.000000
1653878608100686078 47.560400 0.000000
1653878608111856486 11.164877 0.000000
1653878608118715435 6.853588 0.000000
1653878608124464669 5.746002 0.000000
1653878608365606709 241.139003 0.000000
1653878608911216757 545.605883 0.000000
1653878609128208891 216.986495 0.000000
1653878609140376840 12.164020 0.000000
1653878609201823278 61.442877 0.000000
1653878609213675907 11.847872 0.000000
1653878609305903620 92.224274 0.000000
1653878609373123303 67.214754 0.000000
1653878609384516013 11.389689 0.000000
1653878609469705646 85.185771 0.000000
1653878609480475057 10.765842 0.000000
1653878609617774532 137.296285 0.000000
1653878609625216925 7.437843 0.000000
1653878609632280536 7.060535 0.000000
1653878609640527482 8.242730 0.000000
1653878609647299590 6.769364 0.000000
1653878609655665283 8.361912 0.000000
1653878609924747819 269.077200 0.000000
1653878609965230416 40.478377 0.000000
1653878609977932459 12.698727 0.000000
1653878609994454004 16.517930 0.000000
1653878610005903198 11.445195 0.000000
1653878610013876126 7.970557 0.000000
1653878610162747660 148.867846 0.000000
1653878610281996443 119.245597 0.000000
1653878610314796740 32.797014 0.000000
1653878610458864384 144.062016 0.000000
1653878610830763407 371.893383 0.000000
1653878610972059857 141.291896 0.000000
1653878611422635739 450.570170 0.000000
1653878611567834954 145.189508 0.000000
1653878611873911427 306.071306 0.000000
1653878612409616941 535.700718 0.000000
1653878612847585679 437.962403 0.000000
1653878612909387195 61.795046 0.000000
1653878612995314842 85.921599 0.000000
1653878613263118603 267.800122 0.000000
1653878613347765757 84.642230 0.000000
1653878614268322478 920.550788 0.000000
1653878614587884327 319.556968 0.000000
1653878614826425120 238.534273 0.000000
1653878614888654226 62.224288 0.000000
1653878615058215411 169.556793 0.000000
1653878615069082321 10.861858 0.000000
1653878615076635613 7.549173 0.000000
1653878615083291958 6.654192 0.000000
1653878615201533678 118.239164 0.000000
1653878615251859442 50.321520 0.000000
1653878615260382564 8.519666 0.000000
1653878615364802006 104.415251 0.000000
1653878615610445139 245.637645 0.000000
1653878615619895282 9.445106 0.000000
1653878615628907026 9.008109 0.000000
1653878615639576624 10.665944 0.000000
1653878615755354290 115.774304 0.000000
1653878615765189023 9.830470 0.000000
1653878615816847398 51.654637 0.000000
1653878615826025343 9.173568 0.000000
1653878615832333825 6.305671 0.000000
1653878616126906550 294.569656 0.000000
1653878616543813239 416.900891 0.000000
1653878616671968107 128.150512 0.000000
1653878616950923800 278.950942 0.000000
1653878616990031424 39.103145 0.000000
1653878617000282851 10.247169 0.000000
1653878617012574717 12.288113 0.000000
1653878617361013410 348.435413 0.000000
1653878617750072002 389.053867 0.000000
1653878617919485337 169.408299 0.000000
1653878618154586759 235.096130 0.000000
1653878618162737712 8.145822 0.000000
1653878618328463400 165.721378 0.000000
1653878618337359656 8.890988 0.000000
1653878618347010465 9.647948 0.000000
1653878618720563036 373.549185 0.000000
1653878619043844396 323.276541 0.000000
1653878619054667635 10.819638 0.000000
1653878619064247910 9.577504 0.000000
1653878619073657502 9.406653 0.000000
1653878619140335871 66.674912 0.000000
1653878619985115436 844.777057 0.000000
1653878619999347321 14.225946 0.000000
1653878620009819546 10.464536 0.000000
1653878620234119112 224.295627 0.000000
1653878621218318273 984.193904 0.000000
1653878621576579701 358.256741 0.000000
1653878621604618071 28.033470 0.000000
1653878621830647334 226.025672 0.000000
1653878621838403134 7.750663 0.000000
1653878622014700365 176.291733 0.000000
1653878622035292169 20.588298 0.000000
1653878622498181218 462.884689 0.000000
1653878622723280077 225.093441 0.000000
1653878622849150802 125.865623 0.000000
1653878622856583638 7.428395 0.000000
1653878622938286651 81.698979 0.000000
1653878622977295664 39.004227 0.000000
1653878623088218925 110.918289 0.000000
1653878623188605281 100.381060 0.000000
1653878623198061256 9.450163 0.000000
1653878623257365629 59.301369 0.000000
1653878623445749366 188.375752 0.000000
1653878623870267423 424.513165 0.000000
1653878623886820905 16.548529 0.000000
1653878623911061857 24.234155 0.000000
1653878623995810321 84.742966 0.000000
1653878624274212730 278.398778 0.000000
1653878624314288055 40.069447 0.000000
1653878624325261203 10.968648 0.000000
1653878624335201009 9.936603 0.000000
1653878624346595690 11.391205 0.000000
1653878624432022534 85.423481 0.000000
1653878625116914114 684.885465 0.000000
1653878625140957138 24.038124 0.000000
1653878625535719182 394.757573 0.000000
1653878625757816389 222.092651 0.000000
1653878625975834003 218.012332 0.000000
1653878626527534642 551.694133 0.000000
1653878626581270699 53.731041 0.000000
1653878626779179702 197.904554 0.000000
1653878626870878738 91.694075 0.000000
1653878626966582164 95.698496 0.000000
1653878627067976317 101.388567 0.000000
1653878627083487247 15.504921 0.000000
1653878627284928072 201.437711 0.000000
1653878627356251774 71.318455 0.000000
1653878627469405524 113.148313 0.000000
1653878627632379758 162.968695 0.000000
1653878627722580481 90.195794 0.000000
1653878627836595676 114.010054 0.000000
1653878627939388262 102.786551 0.000000
1653878628787963092 848.569389 0.000000
1653878629097803297 309.836193 0.000000
1653878629137388646 39.579988 0.000000
1653878629160125574 22.732592 0.000000
1653878629169058917 8.929299 0.000000
1653878629294773590 125.711980 0.000000
1653878629305746412 10.968147 0.000000
1653878629315353823 9.604877 0.000000
1653878629496114286 180.756684 0.000000
1653878629526294686 30.175384 0.000000
1653878629534135359 7.834018 0.000000
1653878630102691631 568.552467 0.000000
1653878630114109793 11.413285 0.000000
1653878630677938144 563.824416 0.000000
1653878631076862437 398.919080 0.000000
1653878631626135329 549.267680 0.000000
1653878631662547348 36.406552 0.000000
1653878631673101480 10.549909 0.000000
1653878631713131372 40.025709 0.000000
1653878631880121805 166.987497 0.000000
1653878631891955895 11.829847 0.000000
1653878631901876745 9.918135 0.000000
1653878631913003508 11.123083 0.000000
1653878632017472776 104.465768 0.000000
1653878632333619644 316.143734 0.000000
1653878632343634509 10.010542 0.000000
1653878632352474387 8.835981 0.000000
1653878632472564904 120.088009 0.000000
1653878632712944658 240.373481 0.000000
1653878632723930240 10.982155 0.000000
1653878632736193084 12.257983 0.000000
1653878632775495250 39.299040 0.000000
1653878633053472381 277.972938 0.000000
1653878633388922065 335.317730 0.000000
1653878634551787149 1162.860605 0.000000
1653878634619005556 67.212556 0.000000
1653878634697833005 78.822464 0.000000
1653878634707640938 9.804445 0.000000
1653878634904241508 196.597403 0.000000
1653878635137742072 233.496315 0.000000
1653878635540221618 402.474955 0.000000
1653878635633652924 93.427113 0.000000
1653878635712301195 78.643794 0.000000
1653878635932426416 220.120640 0.000000
1653878636847625941 915.194080 0.000000
1653878636859445507 11.815992 0.000000
1653878636872713441 13.263228 0.000000
1653878636900925617 28.207318 0.000000
1653878636909328654 8.398738 0.000000
1653878637070379494 161.047106 0.000000
1653878637082709960 12.325289 0.000000
1653878637426468740 343.754855 0.000000
1653878637524639142 98.165642 0.000000
1653878637576215339 51.570782 0.000000
1653878637605894946 29.674843 0.000000
1653878637644265950 38.367010 0.000000
1653878637839203486 194.932526 0.000000
1653878638157281738 318.073814 0.000000
1653878638208518759 51.232370 0.000000
1653878638303832988 95.309421 0.000000
1653878638317975960 14.137990 0.000000
1653878638517330806 199.350415 0.000000
1653878638586541040 69.205920 0.000000
1653878638712852574 126.306661 0.000000
1653878638873640766 160.782218 0.000000
1653878638897895053 24.247349 0.000000
1653878639152055855 254.157275 0.000000
1653878639162049655 9.988758 0.000000
1653878639357967545 195.913507 0.000000
1653878639469150746 111.178619 0.000000
1653878639582675423 113.519847 0.000000
1653878639612891157 30.210386 0.000000
1653878639623513537 10.617871 0.000000
1653878639671762062 48.245895 0.000000
1653878639969013878 297.246378 0.000000
1653878639989509583 20.490172 0.000000
1653878640122559486 133.043578 0.000000
1653878640141756368 19.191463 0.000000
1653878640374341947 232.581136 0.000000
1653878640385918157 11.571298 0.000000
1653878640396883927 10.962042 0.000000
1653878640447045272 50.157877 0.000000
1653878640528198122 81.149798 0.000000
1653878640561861139 33.657402 0.000000
1653878640752529402 190.663182 0.000000
1653878641088476443 335.941957 0.000000
1653878641836953608 748.472183 0.000000
1653878641855417637 18.456885 0.000000
1653878641868359075 12.937862 0.000000
1653878641991695902 123.333794 0.000000
1653878642009388318 17.687444 0.000000
1653878642456805618 447.405384 0.000000
1653878642473933862 17.123338 0.000000
1653878642499078770 25.140576 0.000000
1653878642622931587 123.849198 0.000000
1653878642891635278 268.694835 0.000000
1653878642963692443 72.051913 0.000000
1653878643347736917 384.039157 0.000000
1653878643362421258 14.677811 0.000000
1653878643464791121 102.364991 0.000000
1653878643605230568 140.433728 0.000000
1653878643810601599 205.364496 0.000000
1653878643941832109 131.225017 0.000000
1653878644010218264 68.380127 0.000000
1653878644337162597 326.939177 0.000000
1653878644407917184 70.742496 0.000000
1653878645211103783 803.182110 0.000000
1653878645457172694 246.063758 0.000000
1653878645469344916 12.168156 0.000000
1653878645866413315 397.065536 0.000000
1653878645879934299 13.517011 0.000000
1653878645975803634 95.865853 0.000000
1653878646155786588 179.977581 0.000000
1653878646201428387 45.637466 0.000000
1653878646257272593 55.839127 0.000000
1653878646868662079 611.385416 0.000000
1653878647064220231 195.553712 0.000000
1653878647267369772 203.143727 0.000000
1653878647376551833 109.176479 0.000000
1653878647673977946 297.421846 0.000000
1653878648538458177 864.474914 0.000000
1653878648914179493 375.716765 0.000000
1653878648963788045 49.603103 0.000000
1653878648981072344 17.279943 0.000000
1653878649576462002 595.385744 0.000000
1653878649589519384 13.052144 0.000000
1653878649695243214 105.720066 0.000000
1653878650291374719 596.126328 0.000000
1653878650306322659 14.942920 0.000000
1653878650318173736 11.848368 0.000000
1653878650929272507 611.094820 0.000000
1653878651028735896 99.458344 0.000000
1653878651384388614 355.648502 0.000000
1653878651458344401 73.950259 0.000000
1653878651526618913 68.269380 0.000000
1653878651558377220 31.752955 0.000000
1653878651717233196 158.850282 0.000000
1653878651946661298 229.423414 0.000000
1653878652091235534 144.570567 0.000000
1653878652424206543 332.966407 0.000000
1653878653407713955 983.500175 0.000000
1653878653590466216 182.748876 0.000000
1653878653605550053 15.079060 0.000000
1653878653789024326 183.469792 0.000000
1653878653971155364 182.124867 0.000000
1653878654285368510 314.207381 0.000000
1653878654659245643 373.871029 0.000000
1653878654678225208 18.973557 0.000000
1653878654693238793 15.009562 0.000000
1653878654754572262 61.328041 0.000000
1653878654875409909 120.832974 0.000000
1653878655065558309 190.142987 0.000000
1653878655082887078 17.323552 0.000000
1653878655101090635 18.198713 0.000000
1653878655330985053 229.890620 0.000000
1653878655348722411 17.730293 0.000000
1653878655694838466 346.109324 0.000000
1653878655828282230 133.438301 0.000000
1653878656398905064 570.616752 0.000000
1653878656657479773 258.570809 0.000000
1653878656721032005 63.547803 0.000000
1653878657056120229 335.083307 0.000000
1653878657338300728 282.175638 0.000000
1653878657455671316 117.365105 0.000000
1653878657468140665 12.463115 0.000000
1653878657510849811 42.705235 0.000000
1653878658139179902 628.326400 0.000000
1653878658292541502 153.356143 0.000000
1653878658982828197 690.282042 0.000000
1653878659261636941 278.804673 0.000000
1653878659708393149 446.749568 0.000000
1653878659888312112 179.914756 0.000000
1653878660035840534 147.522639 0.000000
1653878660089571723 53.727123 0.000000
1653878660104502603 14.925854 0.000000
1653878660217696657 113.188253 0.000000
1653878660581978533 364.273981 0.000000
1653878660745387370 163.404564 0.000000
1653878660759112602 13.720044 0.000000
1653878661218921149 459.794243 0.000000
1653878661449227851 230.300661 0.000000
1653878661636394413 187.161415 0.000000
1653878661854449616 218.049566 0.000000
1653878662140469895 286.015286 0.000000
1653878662156234182 15.758476 0.000000
1653878662169813907 13.575217 0.000000
1653878662186897148 17.079082 0.000000
1653878662659193228 472.293330 0.000000
1653878663240361569 581.162933 0.000000
1653878663956076956 715.711532 0.000000
1653878664030697467 74.615662 0.000000
1653878664479801721 449.100044 0.000000
1653878664867849159 388.042874 0.000000
1653878665029690324 161.836424 0.000000
1653878665187715445 158.019810 0.000000
1653878665241782042 54.062347 0.000000
1653878665567698688 325.911757 0.000000
1653878665843725773 276.022664 0.000000
1653878666369916808 526.185499 0.000000
1653878666647919641 277.998502 0.000000
1653878667140632830 492.708915 0.000000
1653878667708142787 567.505200 0.000000
1653878667794522776 86.374732 0.000000
1653878668350183649 555.655926 0.000000
1653878668363510030 13.321510 0.000000
1653878668477738921 114.225920 0.000000
1653878668493739875 15.995152 0.000000
1653878668577142735 83.398038 0.000000
1653878669578641567 1001.493885 0.000000
1653878669595920970 17.274309 0.000000
1653878669729763953 133.838510 0.000000
1653878670177373664 447.603783 0.000000
1653878670344412902 167.033630 0.000000
1653878670360601689 16.183685 0.000000
1653878670880242972 519.637713 0.000000
1653878671294380656 414.128102 0.000000
1653878671366484051 72.096348 0.000000
1653878671489040425 122.551625 0.000000
1653878671504282030 15.221858 0.000000
1653878671905165907 400.878134 0.000000
1653878672033848238 128.677271 0.000000
1653878672059399679 25.547312 0.000000
1653878672073142204 13.736667 0.000000
1653878672086583520 13.436896 0.000000
1653878672185447130 98.859486 0.000000
1653878672436080066 250.628972 0.000000
1653878673697354283 1261.267865 0.000000
1653878673716327125 18.967687 0.000000
1653878674454270644 737.939142 0.000000
1653878675041600830 587.324568 0.000000
1653878675083398042 41.792541 0.000000
1653878675619587083 536.183173 0.000000
1653878675668907302 49.315053 0.000000
1653878675825518964 156.605771 0.000000
1653878675973105853 147.581859 0.000000
1653878675992921909 19.811904 0.000000
1653878676047667662 54.741238 0.000000
1653878676066720751 19.048072 0.000000
1653878676157008374 90.282384 0.000000
1653878676216224778 59.211908 0.000000
1653878676236566616 20.336602 0.000000
1653878676251635947 15.066090 0.000000
1653878676367524761 115.884956 0.000000
1653878676467487576 99.958564 0.000000
1653878676609585248 142.092844 0.000000
1653878677358595264 749.005723 0.000000
1653878677574743562 216.143763 0.000000
1653878678433450283 858.699685 0.000000
1653878680293425641 1859.970316 0.000000
1653878680457914379 164.483068 0.000000
1653878680634925519 177.007272 0.000000
1653878681172345294 537.413044 0.000000
1653878682216557823 1044.203031 0.000000
1653878682449038389 232.474420 0.000000
1653878682648209984 199.167252 0.000000
1653878682788459917 140.244590 0.000000
1653878683373663611 585.198616 0.000000
1653878684486690365 1113.022080 0.000000
1653878684618499914 131.805463 0.000000
1653878684633351196 14.845835 0.000000
1653878684646188466 12.832624 0.000000
1653878685051852090 405.659600 0.000000
1653878685068778880 16.921393 0.000000
1653878685527345675 458.563182 0.000000
1653878685934580957 407.229699 0.000000
1653878686757677085 823.090818 0.000000
1653878686902646858 144.965215 0.000000
1653878687374731108 472.069420 0.000000
1653878687416582477 41.847015 0.000000
1653878688134688964 718.102543 0.000000
1653878688248569650 113.876996 0.000000
1653878688341926507 93.352032 0.000000
1653878688527927762 185.995896 0.000000
1653878688948135436 420.203380 0.000000
1653878689320046007 371.905071 0.000000
1653878689443835207 123.784608 0.000000
1653878690155405122 711.565096 0.000000
1653878690253914711 98.504793 0.000000
1653878690277617983 23.698087 0.000000
1653878690991311556 713.690237 0.000000
1653878691128488766 137.172479 0.000000
1653878691448939804 320.445944 0.000000
1653878691628560843 179.614882 0.000000
1653878691716268645 87.703101 0.000000
1653878691871959476 155.685812 0.000000
1653878692505935544 633.971100 0.000000
1653878692956302899 450.361645 0.000000
1653878692969907433 13.601061 0.000000
1653878693146173834 176.262873 0.000000
1653878693190501389 44.322473 0.000000
1653878693208673723 18.166970 0.000000
1653878693258971708 50.294680 0.000000
1653878693777186297 518.210058 0.000000
1653878693917268935 140.077170 0.000000
1653878694037256087 119.974032 0.000000
1653878694243441895 206.180931 0.000000
1653878694379759146 136.312144 0.000000
1653878694428672196 48.907412 0.000000
1653878694451442057 22.764946 0.000000
1653878694627167766 175.721791 0.000000
1653878695580545445 953.359543 0.000000
1653878695605576484 25.025563 0.000000
1653878695925724859 320.143063 0.000000
1653878696496028230 570.298741 0.000000
1653878697902503918 1406.471259 0.000000
1653878697986915088 84.405677 0.000000
1653878698146881790 159.961055 0.000000
1653878699003921785 857.034605 0.000000
1653878699049119791 45.194315 0.000000
1653878699264928141 215.803174 0.000000
1653878699327871703 62.938518 0.000000
1653878699369595847 41.719816 0.000000
1653878699556820734 187.219951 0.000000
1653878700777692516 1220.866705 0.000000
1653878701025187803 247.490711 0.000000
1653878701043429758 18.236440 0.000000
1653878701062680626 19.244987 0.000000
1653878701083285846 20.601697 0.000000
1653878701106664377 23.373549 0.000000
1653878701748073137 641.404197 0.000000
1653878701991219193 243.141075 0.000000
1653878702244279047 253.050275 0.000000
1653878702840800210 596.516026 0.000000
1653878703151146072 310.342189 0.000000
1653878703738239313 587.089389 0.000000
1653878704415398404 677.154744 0.000000
1653878704461925376 46.522342 0.000000
1653878705502845927 1040.916349 0.000000
1653878706237759564 734.909112 0.000000
1653878706608889126 371.123214 0.000000
1653878707107607095 498.713218 0.000000
1653878707229289962 121.676637 0.000000
1653878708090630451 861.335750 0.000000
1653878708134501990 43.865173 0.000000
1653878708650654380 516.147466 0.000000
1653878708726204512 75.545778 0.000000
1653878708748885589 22.675819 0.000000
1653878709573189112 824.297935 0.000000
1653878709623263461 50.069584 0.000000
1653878709643179004 19.911291 0.000000
1653878709709400449 66.216874 0.000000
1653878710958390109 1248.984239 0.000000
1653878711103552978 145.159092 0.000000
1653878711591905280 488.347675 0.000000
1653878711701089468 109.178370 0.000000
1653878711897194039 196.099153 0.000000
1653878712647289497 750.089707 0.000000
1653878713474531725 827.236351 0.000000
1653878714526591419 1052.054330 0.000000
1653878715305398712 778.802895 0.000000
1653878715328176700 22.773208 0.000000
1653878715431194507 103.013206 0.000000
1653878715639392057 208.192526 0.000000
1653878715740415765 101.016982 0.000000
1653878715767543666 27.121502 0.000000
1653878715929512316 161.963803 0.000000
1653878716688098539 758.580878 0.000000
1653878717252115470 564.013118 0.000000
1653878718920538752 1668.419130 0.000000
1653878719269505067 348.960802 0.000000
1653878719350369155 80.858537 0.000000
1653878719824052419 473.678301 0.000000
1653878720360640651 536.583576 0.000000
1653878721152208170 791.561330 0.000000
1653878721175402863 23.189612 0.000000
1653878721266514415 91.107408 0.000000
1653878721495695521 229.175762 0.000000
1653878721999285933 503.584956 0.000000
1653878722597479501 598.189494 0.000000
1653878722622215962 24.731382 0.000000
1653878723497541942 875.321224 0.000000
1653878723539636708 42.089533 0.000000
1653878723689645718 150.004104 0.000000
1653878723852103228 162.451030 0.000000
1653878724540818343 688.709925 0.000000
1653878725205754142 664.930411 0.000000
1653878725245766884 40.007251 0.000000
1653878725361673909 115.902035 0.000000
1653878725644317535 282.636219 0.000000
1653878725757536188 113.212890 0.000000
1653878726088207820 330.666630 0.000000
1653878726191232068 103.018871 0.000000
1653878726494709996 303.472600 0.000000
1653878726700366824 205.651977 0.000000
1653878727043244046 342.872130 0.000000
1653878727965596832 922.347419 0.000000
1653878728224601491 259.000600 0.000000
1653878728391540598 166.933575 0.000000
1653878730344757552 1953.212062 0.000000
1653878730762578860 417.816553 0.000000
1653878731497299233 734.715332 0.000000
1653878732043733922 546.429138 0.000000
1653878732117474577 73.734827 0.000000
1653878732740862511 623.383892 0.000000
1653878733113846924 372.978644 0.000000
1653878733346116978 232.264516 0.000000
1653878733903310730 557.189678 0.000000
1653878733931383874 28.067382 0.000000
1653878734396882870 465.493969 0.000000
1653878734896002649 499.114671 0.000000
1653878735426535700 530.527050 0.000000
1653878735940073374 513.532036 0.000000
1653878736672496375 732.417574 0.000000
1653878736945386602 272.885400 0.000000
1653878737246502186 301.111060 0.000000
1653878737784104733 537.597779 0.000000
1653878738630626038 846.516439 0.000000
1653878738906957873 276.325935 0.000000
1653878740252913186 1345.950426 0.000000
1653878740423462628 170.542792 0.000000
1653878740471167337 47.700008 0.000000
1653878740996984569 525.810869 0.000000
1653878743249708919 2252.720011 0.000000
1653878743779244951 529.529698 0.000000
1653878743884653862 105.402963 0.000000
1653878743906487354 21.829493 0.000000
1653878743930533240 24.041402 0.000000
1653878744060066045 129.528949 0.000000
1653878744264028646 203.956064 0.000000
1653878744292136703 28.102029 0.000000
1653878745069338546 777.198141 0.000000
1653878745088334913 18.987013 0.000000
1653878745512385222 424.045875 0.000000
1653878746442669614 930.279583 0.000000
1653878746688342892 245.668170 0.000000
1653878746738393517 50.046700 0.000000
1653878746761328261 22.930776 0.000000
1653878746885850296 124.517361 0.000000
1653878747112138035 226.283170 0.000000
1653878747140689465 28.547029 0.000000
1653878747262741620 122.047892 0.000000
1653878747309034339 46.287122 0.000000
1653878748448364897 1139.326843 0.000000
1653878749160672135 712.303393 0.000000
1653878749225730509 65.054000 0.000000
1653878749247592173 21.857057 0.000000
1653878749420872091 173.276423 0.000000
1653878749444852460 23.975331 0.000000
1653878749470115029 25.259380 0.000000
1653878749545094002 74.975057 0.000000
1653878750193787203 648.686850 0.000000
1653878750544785128 350.992527 0.000000
1653878751261975084 717.183626 0.000000
1653878751737877817 475.897434 0.000000
1653878751823154335 85.271987 0.000000
1653878752461974882 638.815415 0.000000
1653878753044416417 582.436731 0.000000
1653878753738213229 693.791099 0.000000
1653878753857605736 119.386683 0.000000
1653878753878903480 21.293426 0.000000
1653878754578461848 699.553388 0.000000
1653878754763425873 184.959704 0.000000
1653878754944871086 181.440208 0.000000
1653878754966919095 22.041905 0.000000
1653878755254049839 287.127466 0.000000
1653878755862329438 608.272613 0.000000
1653878756837130681 974.796171 0.000000
1653878756863837809 26.702169 0.000000
1653878756989837138 125.994958 0.000000
1653878757406107878 416.265513 0.000000
1653878757480215583 74.104193 0.000000
1653878757581340960 101.120640 0.000000
1653878757702371252 121.025164 0.000000
1653878759307642401 1605.266326 0.000000
1653878759561270848 253.623609 0.000000
1653878760269010651 707.734552 0.000000
1653878760456068716 187.053815 0.000000
1653878760788648859 332.575400 0.000000
1653878761880932374 1092.280544 0.000000
1653878761900968348 20.030837 0.000000
1653878762381255728 480.282052 0.000000
1653878762813889252 432.627626 0.000000
1653878763026070373 212.175766 0.000000
1653878763214993032 188.916474 0.000000
1653878763417205221 202.207032 0.000000
1653878763693466212 276.254406 0.000000
1653878764115576743 422.104898 0.000000
1653878764817504237 701.922407 0.000000
1653878764880881729 63.372759 0.000000
1653878765251344594 370.457548 0.000000
1653878766460934150 1209.581552 0.000000
1653878767054375776 593.436103 0.000000
1653878767078526741 24.144129 0.000000
1653878767107733533 29.203615 0.000000
1653878767218950248 111.212493 0.000000
1653878767828332895 609.378488 0.000000
1653878767940684580 112.346588 0.000000
1653878768113525164 172.834894 0.000000
1653878768137237296 23.706330 0.000000
1653878768304621547 167.380068 0.000000
1653878769140596746 835.969969 0.000000
1653878769626171389 485.571213 0.000000
1653878769656206585 30.029789 0.000000
1653878769785342458 129.130888 0.000000
1653878770415180491 629.832695 0.000000
1653878771006577608 591.391334 0.000000
1653878771056290325 49.706361 0.000000
1653878771083408660 27.114221 0.000000
1653878771111169792 27.756405 0.000000
1653878771462549571 351.374523 0.000000
1653878771580956893 118.401909 0.000000
1653878771684669395 103.706956 0.000000
1653878771819517741 134.842410 0.000000
1653878771910746327 91.224154 0.000000
1653878772098477919 187.726634 0.000000
1653878772642495591 544.013374 0.000000
1653878772704129783 61.628313 0.000000
1653878773730070266 1025.934034 0.000000
1653878775738428868 2008.353922 0.000000
1653878776261899485 523.465374 0.000000
1653878776454498042 192.593591 0.000000
1653878776911494485 456.991460 0.000000
1653878777054703454 143.205968 0.000000
1653878777170907275 116.198987 0.000000
1653878777345976534 175.063681 0.000000
1653878777508183766 162.203114 0.000000
1653878777865881959 357.693356 0.000000
1653878777889229160 23.344118 0.000000
1653878778203958700 314.725140 0.000000
1653878778302701087 98.736975 0.000000
1653878779084181967 781.475218 0.000000
1653878780034762155 950.575708 0.000000
1653878780212697816 177.930299 0.000000
1653878782092835169 1880.132110 0.000000
1653878782750382950 657.542831 0.000000
1653878783128708462 378.320194 0.000000
1653878784474408441 1345.694719 0.000000
1653878785826841718 1352.428020 0.000000
1653878786000751528 173.903119 0.000000
1653878786373226501 372.471354 0.000000
1653878786909799345 536.566595 0.000000
1653878788650662174 1740.857020 0.000000
1653878788727888434 77.221307 0.000000
1653878788964859794 236.966906 0.000000
1653878789683629838 718.765255 0.000000
1653878789863173893 179.538833 0.000000
1653878791429168237 1565.990782 0.000000
1653878791709421421 280.248006 0.000000
1653878791916574495 207.147607 0.000000
1653878793225141056 1308.561148 0.000000
1653878793534299595 309.152617 0.000000
1653878793564947279 30.643075 0.000000
1653878793641608170 76.655878 0.000000
1653878793676368760 34.757281 0.000000
1653878793750890221 74.514794 0.000000
1653878793963606790 212.713183 0.000000
1653878794936367907 972.756897 0.000000
1653878795460185153 523.812184 0.000000
1653878796746956559 1286.766045 0.000000
1653878797887490648 1140.529346 0.000000
1653878797936896798 49.401208 0.000000
1653878797990009232 53.108824 0.000000
1653878798526063308 536.049577 0.000000
1653878798667504750 141.435951 0.000000
1653878799217858569 550.348389 0.000000
1653878799343238925 125.375237 0.000000
1653878799521665000 178.420455 0.000000
1653878800078837725 557.168886 0.000000
1653878801081295117 1002.452757 0.000000
1653878801259779376 178.479678 0.000000
1653878801291705525 31.919764 0.000000
1653878801871902419 580.192318 0.000000
1653878802215506069 343.598464 0.000000
1653878803213040765 997.529906 0.000000
1653878805624848609 2411.778953 0.000000
1653878805772971322 148.117529 0.000000
1653878806512856142 739.880189 0.000000
1653878807349155221 836.295276 0.000000
1653878807375421833 26.262297 0.000000
1653878807929418446 553.990719 0.000000
1653878808147862742 218.439766 0.000000
1653878808251277698 103.409308 0.000000
1653878808359609890 108.327280 0.000000
1653878808428630131 69.013791 0.000000
1653878809008960833 580.326078 0.000000
1653878810507216425 1498.250476 0.000000
1653878810651138265 143.917689 0.000000
1653878811706384801 1055.241059 0.000000
1653878812192864793 486.474773 0.000000
1653878812316453607 123.584677 0.000000
1653878813837441985 1520.981974 0.000000
1653878814253325583 415.879192 0.000000
1653878815264064253 1010.734025 0.000000
1653878816103613241 839.544482 0.000000
1653878816212933599 109.315901 0.000000
1653878817477273438 1264.335314 0.000000
1653878817887418475 410.139960 0.000000
1653878818096439593 209.015766 0.000000
1653878818339087355 242.642139 0.000000
1653878818932540060 593.448093 0.000000
1653878819239807195 307.261402 0.000000
1653878821279291790 2039.479318 0.000000
1653878824671514703 3392.217510 0.000000
1653878824758775373 87.255517 0.000000
1653878825459684453 700.903320 0.000000
1653878825564023154 104.332847 0.000000
1653878826652294714 1088.266576 0.000000
1653878826713421366 61.122499 0.000000
1653878826943813476 230.387236 0.000000
1653878827306494086 362.676325 0.000000
1653878827732211409 425.713606 0.000000
1653878829729586746 1997.370429 0.000000
1653878830225271859 495.680183 0.000000
1653878830259494812 34.217296 0.000000
1653878830293136891 33.637564 0.000000
1653878833488622038 3195.481527 0.000000
1653878835354626581 1865.999533 0.000000
1653878835493634985 139.003059 0.000000
1653878835610443732 116.803705 0.000000
1653878836202256479 591.807635 0.000000
1653878836360736216 158.475275 0.000000
1653878839583233208 3222.491065 0.000000
1653878839785972064 202.734836 0.000000
1653878841389547084 1603.569088 0.000000
1653878842623419966 1233.868644 0.000000
1653878842651606914 28.182620 0.000000
1653878842692536578 40.925402 0.000000
1653878842886910828 194.368380 0.000000
1653878843657303939 770.387956 0.000000
1653878844216248903 558.939866 0.000000
1653878844943754715 727.501376 0.000000
1653878845021717566 77.957599 0.000000
1653878846571734989 1550.013196 0.000000
1653878847070705244 498.966551 0.000000
1653878847983925533 913.216594 0.000000
1653878848221520870 237.591269 0.000000
1653878848292741152 71.216144 0.000000
1653878848558940295 266.194482 0.000000
1653878848749696563 190.750725 0.000000
1653878849697366229 947.665830 0.000000
1653878850416179971 718.808906 0.000000
1653878850438685919 22.499690 0.000000
1653878851137797696 699.106989 0.000000
1653878851359701735 221.898668 0.000000
1653878851472247949 112.541510 0.000000
1653878851702040036 229.786965 0.000000
1653878852320044613 618.000655 0.000000
1653878852915203846 595.153946 0.000000
1653878854968679833 2053.471321 0.000000
1653878855980521142 1011.834693 0.000000
1653878856513818713 533.290776 0.000000
1653878856884937585 371.114290 0.000000
1653878857180526655 295.583418 0.000000
1653878857611220887 430.688910 0.000000
1653878857806623876 195.398819 0.000000
1653878858656976897 850.346131 0.000000
1653878859306455146 649.472496 0.000000
1653878859349649943 43.190034 0.000000
1653878859599880917 250.226084 0.000000
1653878860114552892 514.665367 0.000000
1653878860185567777 71.009562 0.000000
1653878860352007148 166.432836 0.000000
1653878861124173434 772.162269 0.000000
1653878861532268506 408.090869 0.000000
1653878862147792194 615.518360 0.000000
1653878862285713200 137.916052 0.000000
1653878862421925425 136.204449 0.000000
1653878862570997670 149.066999 0.000000
1653878863730474787 1159.472708 0.000000
1653878863806968046 76.488378 0.000000
1653878865621512436 1814.540100 0.000000
1653878866184609273 563.092577 0.000000
1653878866397819475 213.205076 0.000000
1653878866429688843 31.864597 0.000000
1653878866489378152 59.683993 0.000000
1653878867294594677 805.210998 0.000000
1653878867323863998 29.263718 0.000000
1653878867562053728 238.185259 0.000000
1653878868850637301 1288.578390 0.000000
1653878869230469729 379.829054 0.000000
1653878869537155649 306.681158 0.000000
1653878869806196514 269.033814 0.000000
1653878869872692138 66.490265 0.000000
1653878870001543270 128.847392 0.000000
1653878871166697852 1165.149947 0.000000
1653878871476825218 310.122661 0.000000
1653878872087551258 610.720982 0.000000
1653878872783850973 696.295340 0.000000
1653878873556186163 772.329818 0.000000
1653878873735086515 178.894654 0.000000
1653878875520931312 1785.839559 0.000000
1653878875590137932 69.202847 0.000000
1653878875671205226 81.063476 0.000000
1653878875902852878 231.643142 0.000000
1653878876226744794 323.887541 0.000000
1653878879420347663 3193.598464 0.000000
1653878879840743732 420.390848 0.000000
1653878880745832962 905.084111 0.000000
1653878881413771292 667.929655 0.000000
1653878883360030442 1946.252851 0.000000
1653878885276380201 1916.342898 0.000000
1653878886251485610 975.100525 0.000000
1653878886293267658 41.775845 0.000000
1653878886506665753 213.392554 0.000000
1653878886580793531 74.122516 0.000000
1653878887237497048 656.698415 0.000000
1653878888561884145 1324.381637 0.000000
1653878888869484547 307.596714 0.000000
