1653878596727762741 316.782101 0.000000
1653878596739894025 12.120276 0.000000
1653878596751018190 11.118782 0.000000
1653878596765517887 14.495748 0.000000
1653878596775691853 10.169891 0.000000
1653878596821457437 45.760180 0.000000
1653878596835407545 13.937175 0.000000
1653878597340636693 505.224793 0.000000
1653878597396694959 56.054182 0.000000
1653878597422290947 25.592425 0.000000
1653878597514304941 92.008593 0.000000
1653878597582661163 68.350948 0.000000
1653878597719137217 136.471774 0.000000
1653878597961025724 241.882731 0.000000
1653878598357161824 396.131392 0.000000
1653878598372340007 15.173423 0.000000
1653878598610397135 238.051260 0.000000
1653878598912452145 302.048861 0.000000
1653878598919866174 7.409535 0.000000
1653878598927056095 7.187089 0.000000
1653878598941804247 14.745681 0.000000
1653878598949036493 7.228322 0.000000
1653878598956312170 7.271544 0.000000
1653878599319988213 363.670997 0.000000
1653878599332095761 12.103295 0.000000
1653878599338342433 6.242797 0.000000
1653878599342491379 4.145737 0.000000
1653878599368011422 25.517008 0.000000
1653878599440736570 72.719836 0.000000
1653878599706367246 265.626722 0.000000
1653878600011853567 305.482304 0.000000
1653878600119480238 107.621246 0.000000
1653878600126764708 7.280268 0.000000
1653878600134227504 7.458239 0.000000
1653878600159087611 24.856307 0.000000
1653878600167545141 8.454087 0.000000
1653878600172175050 4.625700 0.000000
1653878600209947100 37.767991 0.000000
1653878600255264203 45.312968 0.000000
1653878600364792785 109.524322 0.000000
1653878600372625257 7.826461 0.000000
1653878600387598513 14.969878 0.000000
1653878600679917531 292.313848 0.000000
1653878600701289615 21.368333 0.000000
1653878600914510912 213.217440 0.000000
1653878600941489734 26.975107 0.000000
1653878600999512284 58.017912 0.000000
1653878601084577452 85.059377 0.000000
1653878601217673384 133.091896 0.000000
1653878601843567668 625.889651 0.000000
1653878602411281543 567.709144 0.000000
1653878602432545445 21.260190 0.000000
1653878602439108392 6.558804 0.000000
1653878602445083412 5.972260 0.000000
1653878602450571577 5.485726 0.000000
1653878602454896579 4.321322 0.000000
1653878602748689262 293.790511 0.000000
1653878602758959555 10.264915 0.000000
1653878602945989141 187.024008 0.000000
1653878603257663888 311.669769 0.000000
1653878603263397583 5.730845 0.000000
1653878603580205617 316.805512 0.000000
1653878603740822069 160.611681 0.000000
1653878603862957522 122.129652 0.000000
1653878603869285177 6.322332 0.000000
1653878603992816602 123.526914 0.000000
1653878604001961816 9.139283 0.000000
1653878604324322951 322.355923 0.000000
1653878604458340601 134.012688 0.000000
1653878604827181163 368.836091 0.000000
1653878604835846215 8.660208 0.000000
1653878604843416764 7.567066 0.000000
1653878604942640025 99.219861 0.000000
1653878604954366152 11.720757 0.000000
1653878605170703319 216.332115 0.000000
1653878605576326447 405.617565 0.000000
1653878605582479713 6.148605 0.000000
1653878605589076053 6.592248 0.000000
1653878605595739445 6.659629 0.000000
1653878605602885648 7.143093 0.000000
1653878605610130787 7.240391 0.000000
1653878605617931117 7.795948 0.000000
1653878605626407780 8.472355 0.000000
1653878605633786958 7.373033 0.000000
1653878605640869557 7.077176 0.000000
1653878605836849005 195.975090 0.000000
1653878605846013361 9.159525 0.000000
1653878605917278475 71.260456 0.000000
1653878605923873481 6.588264 0.000000
1653878605930380903 6.503612 0.000000
1653878606426559268 496.175493 0.000000
1653878606433874061 7.309346 0.000000
1653878606537293821 103.416013 0.000000
1653878606556973364 19.674626 0.000000
1653878606568402228 11.424735 0.000000
1653878606746950349 178.544171 0.000000
1653878607488430600 741.475414 0.000000
1653878607790045292 301.609094 0.000000
1653878607837301583 47.251064 0.000000
1653878607966960765 129.653496 0.000000
1653878608280691051 313.723624 0.000000
1653878608573609257 292.912585 0.000000
1653878608918599352 344.985258 0.000000
1653878608927396466 8.791606 0.000000
1653878609056213701 128.813727 0.000000
1653878609164313870 108.095104 0.000000
1653878609715704961 551.384854 0.000000
1653878609723425351 7.716728 0.000000
1653878609770870637 47.441537 0.000000
1653878609802303530 31.427596 0.000000
1653878609834056250 31.747755 0.000000
1653878610024756131 190.695618 0.000000
1653878610392259425 367.499524 0.000000
1653878610617435286 225.171617 0.000000
1653878610638713361 21.273129 0.000000
1653878610650048822 11.331583 0.000000
1653878610660193824 10.141197 0.000000
1653878610784653902 124.457544 0.000000
1653878610888284653 103.626163 0.000000
1653878610897008961 8.719670 0.000000
1653878610958717569 61.705028 0.000000
1653878610967096173 8.374484 0.000000
1653878610973875845 6.776772 0.000000
1653878610985100273 11.220476 0.000000
1653878611006500014 21.396750 0.000000
1653878611322256106 315.753192 0.000000
1653878611473587536 151.327340 0.000000
1653878611793475382 319.881887 0.000000
1653878612096522931 303.041880 0.000000
1653878612377862660 281.334111 0.000000
1653878612390182109 12.313689 0.000000
1653878612497312562 107.126693 0.000000
1653878612833197453 335.879247 0.000000
1653878613105908976 272.705737 0.000000
1653878613289702156 183.788200 0.000000
1653878613298244214 8.537194 0.000000
1653878613452248395 154.000058 0.000000
1653878613524642548 72.390091 0.000000
1653878613665869757 141.222321 0.000000
1653878613673498892 7.623440 0.000000
1653878613976234098 302.730806 0.000000
1653878614216454226 240.213744 0.000000
1653878614254982852 38.523814 0.000000
1653878614311569757 56.581763 0.000000
1653878614376563579 64.988038 0.000000
1653878614384568700 8.000731 0.000000
1653878614445378162 60.805424 0.000000
1653878614453011413 7.626971 0.000000
1653878614978372463 525.356929 0.000000
1653878614992095146 13.717262 0.000000
1653878615001414071 9.316432 0.000000
1653878615008895396 7.477904 0.000000
1653878615089503544 80.604976 0.000000
1653878615498004475 408.496381 0.000000
1653878615517644598 19.634695 0.000000
1653878615643907222 126.258575 0.000000
1653878615729418525 85.504207 0.000000
1653878615885312544 155.887127 0.000000
1653878615898949135 13.632595 0.000000
1653878616126392123 227.437524 0.000000
1653878616135103323 8.705046 0.000000
1653878616148387092 13.280531 0.000000
1653878616167806957 19.414504 0.000000
1653878616303117179 135.306602 0.000000
1653878616415704822 112.583072 0.000000
1653878616571485238 155.774976 0.000000
1653878616580588106 9.097729 0.000000
1653878616646684370 66.093152 0.000000
1653878616824269185 177.579463 0.000000
1653878616833716297 9.441599 0.000000
1653878616840227272 6.508079 0.000000
1653878616912356565 72.125445 0.000000
1653878617081045786 168.683239 0.000000
1653878617338417926 257.366017 0.000000
1653878617553139106 214.714951 0.000000
1653878618000219004 447.073794 0.000000
1653878618148731542 148.505772 0.000000
1653878618158322577 9.584987 0.000000
1653878618483742856 325.415522 0.000000
1653878618805805909 322.056965 0.000000
1653878619525637995 719.825937 0.000000
1653878620186463096 660.818621 0.000000
1653878620213445418 26.976762 0.000000
1653878620235951098 22.500990 0.000000
1653878620777518396 541.563856 0.000000
1653878621422226837 644.702872 0.000000
1653878621445495839 23.262136 0.000000
1653878622223909583 778.410559 0.000000
1653878622232293971 8.377818 0.000000
1653878622298634714 66.336905 0.000000
1653878622344727788 46.086489 0.000000
1653878622384480881 39.747249 0.000000
1653878622547905237 163.419055 0.000000
1653878623295435613 747.525241 0.000000
1653878623342384318 46.943222 0.000000
1653878623727923425 385.532576 0.000000
1653878623742762990 14.833018 0.000000
1653878624056539880 313.772015 0.000000
1653878624454727515 398.182698 0.000000
1653878624466501877 11.767889 0.000000
1653878624997218602 530.712917 0.000000
1653878625434328088 437.104776 0.000000
1653878626109474411 675.141690 0.000000
1653878626166483037 57.002852 0.000000
1653878626425369600 258.880634 0.000000
1653878626704800818 279.425715 0.000000
1653878626735408225 30.603355 0.000000
1653878627699693511 964.279135 0.000000
1653878627714603725 14.904196 0.000000
1653878627814986995 100.379195 0.000000
1653878627822389683 7.398268 0.000000
1653878627845954598 23.560825 0.000000
1653878627858411316 12.453021 0.000000
1653878628890004419 1031.589935 0.000000
1653878629033698512 143.688365 0.000000
1653878629252240978 218.536802 0.000000
1653878629267956255 15.709538 0.000000
1653878629281426232 13.465620 0.000000
1653878629343289274 61.859805 0.000000
1653878629375476332 32.183444 0.000000
1653878629431219729 55.737430 0.000000
1653878629448682239 17.456062 0.000000
1653878629659861557 211.175584 0.000000
1653878629730926444 71.058154 0.000000
1653878629742353314 11.423127 0.000000
1653878629800790766 58.432637 0.000000
1653878629928163812 127.367538 0.000000
1653878630178752124 250.581397 0.000000
1653878630374726360 195.969307 0.000000
1653878630437837796 63.105798 0.000000
1653878630597256762 159.414566 0.000000
1653878630607898236 10.635469 0.000000
1653878631212584383 604.680930 0.000000
1653878631225790295 13.201547 0.000000
1653878631898979848 673.184386 0.000000
1653878631909885606 10.900857 0.000000
1653878631934083923 24.193209 0.000000
1653878632091046975 156.956590 0.000000
1653878632201392295 110.338794 0.000000
1653878632280663068 79.265928 0.000000
1653878632418425779 137.758061 0.000000
1653878632437757055 19.324656 0.000000
1653878632758684022 320.922566 0.000000
1653878632954619505 195.928983 0.000000
1653878633359148857 404.524350 0.000000
1653878633489279629 130.124182 0.000000
1653878633529845437 40.560621 0.000000
1653878633573086209 43.236496 0.000000
1653878633750375284 177.283326 0.000000
1653878633779589976 29.208548 0.000000
1653878633796679934 17.085816 0.000000
1653878633859369881 62.686201 0.000000
1653878633881413322 22.037888 0.000000
1653878633899185387 17.766582 0.000000
1653878633918549078 19.359503 0.000000
1653878634578171331 659.619029 0.000000
1653878634588288201 10.112665 0.000000
1653878634600073009 11.780999 0.000000
1653878634935496986 335.419912 0.000000
1653878635117330757 181.828113 0.000000
1653878635286234100 168.897504 0.000000
1653878635539739558 253.499907 0.000000
1653878635866674723 326.929678 0.000000
1653878635954073382 87.393206 0.000000
1653878636050308160 96.229556 0.000000
1653878636178635604 128.322211 0.000000
1653878636770314347 591.673356 0.000000
1653878637934866315 1164.546666 0.000000
1653878637947570615 12.697678 0.000000
1653878637958630197 11.055737 0.000000
1653878637971801519 13.168288 0.000000
1653878637984520059 12.715022 0.000000
1653878638662033711 677.509379 0.000000
1653878638907949791 245.911369 0.000000
1653878639150544032 242.589247 0.000000
1653878639622869684 472.319568 0.000000
1653878639633532227 10.656381 0.000000
1653878639659794921 26.259801 0.000000
1653878640210133754 550.335612 0.000000
1653878640304994975 94.856064 0.000000
1653878640979682284 674.682637 0.000000
1653878641025986502 46.298697 0.000000
1653878641040203761 14.211659 0.000000
1653878641289105919 248.898208 0.000000
1653878641399936511 110.825409 0.000000
1653878641474623372 74.681600 0.000000
1653878641647566887 172.938926 0.000000
1653878641660200808 12.629793 0.000000
1653878642371787448 711.583740 0.000000
1653878642601734003 229.940958 0.000000
1653878643226571146 624.831239 0.000000
1653878643326926533 100.348381 0.000000
1653878643344700291 17.768729 0.000000
1653878643749021633 404.318052 0.000000
1653878644991054621 1242.026265 0.000000
1653878645005742068 14.681837 0.000000
1653878645039433927 33.688036 0.000000
1653878645830962844 791.523715 0.000000
1653878645849708033 18.739436 0.000000
1653878646282924343 433.212597 0.000000
1653878646296533305 13.603689 0.000000
1653878646309527836 12.991047 0.000000
1653878646794866676 485.336019 0.000000
1653878647242393989 447.521441 0.000000
1653878647256831188 14.432616 0.000000
1653878647273499423 16.663039 0.000000
1653878647289783674 16.280139 0.000000
1653878647426213020 136.425976 0.000000
1653878647444610751 18.393186 0.000000
1653878647475579654 30.966226 0.000000
1653878647783137063 307.552645 0.000000
1653878647852249981 69.108242 0.000000
1653878648596979178 744.724455 0.000000
1653878648775096987 178.112748 0.000000
1653878648865253036 90.151042 0.000000
1653878649294975018 429.715086 0.000000
1653878649401810594 106.830520 0.000000
1653878649600756057 198.940742 0.000000
1653878649615818325 15.055720 0.000000
1653878649634818596 18.996548 0.000000
1653878649645942137 11.120458 0.000000
1653878649664554511 18.609226 0.000000
1653878649676858777 12.299675 0.000000
1653878649970743994 293.881680 0.000000
1653878650046135261 75.386331 0.000000
1653878650059013460 12.873201 0.000000
1653878650188132872 129.115103 0.000000
1653878650231328882 43.190947 0.000000
1653878650245378644 14.043733 0.000000
1653878650605465780 360.082932 0.000000
1653878650652062532 46.590141 0.000000
1653878650732254656 80.188658 0.000000
1653878650836484603 104.225446 0.000000
1653878650977101346 140.611417 0.000000
1653878650988156345 11.050456 0.000000
1653878650998768234 10.607243 0.000000
1653878651080516746 81.744262 0.000000
1653878651192270862 111.747385 0.000000
1653878651423951442 231.674869 0.000000
1653878651473560228 49.602341 0.000000
1653878651618474681 144.909462 0.000000
1653878652245329080 626.847768 0.000000
1653878652312531320 67.195685 0.000000
1653878652739412272 426.876511 0.000000
1653878652952097995 212.679553 0.000000
1653878653049774401 97.670784 0.000000
1653878653063637836 13.858378 0.000000
1653878653226413876 162.773031 0.000000
1653878653262830320 36.412391 0.000000
1653878653529392515 266.556937 0.000000
1653878654092358589 562.960352 0.000000
1653878654174556438 82.193315 0.000000
1653878654574392809 399.827757 0.000000
1653878654644445590 70.047217 0.000000
1653878654764246255 119.794667 0.000000
1653878654959513456 195.263222 0.000000
1653878655138790229 179.272548 0.000000
1653878655234248313 95.451204 0.000000
1653878655486221665 251.968960 0.000000
1653878655974490764 488.262808 0.000000
1653878656431718947 457.221839 0.000000
1653878656568784994 137.059672 0.000000
1653878657037912626 469.122960 0.000000
1653878657162642402 124.723738 0.000000
1653878657369426089 206.778717 0.000000
1653878658018409773 648.979540 0.000000
1653878658034869831 16.454642 0.000000
1653878658049698334 14.825024 0.000000
1653878658599707977 550.005447 0.000000
1653878659319875330 720.162441 0.000000
1653878659992560722 672.680833 0.000000
1653878660099258558 106.692509 0.000000
1653878660115514199 16.250069 0.000000
1653878660409449192 293.932212 0.000000
1653878660500532526 91.075861 0.000000
1653878660849791813 349.253941 0.000000
1653878660930503953 80.706574 0.000000
1653878661032083266 101.574754 0.000000
1653878661047740183 15.651821 0.000000
1653878661115407645 67.662350 0.000000
1653878661130016383 14.603909 0.000000
1653878661553827168 423.807510 0.000000
1653878661705806649 151.971512 0.000000
1653878661722746638 16.933479 0.000000
1653878661742462432 19.712050 0.000000
1653878662834096165 1091.630353 0.000000
1653878662965254639 131.152735 0.000000
1653878662981485669 16.224892 0.000000
1653878662994930021 13.440438 0.000000
1653878663031804366 36.871071 0.000000
1653878663665444953 633.635841 0.000000
1653878663778739248 113.288672 0.000000
1653878664228354151 449.609410 0.000000
1653878664525649634 297.287332 0.000000
1653878664763303882 237.648678 0.000000
1653878664787277678 23.968142 0.000000
1653878665553236862 765.953895 0.000000
1653878665760983114 207.740397 0.000000
1653878665779325960 18.338785 0.000000
1653878665996323253 216.992921 0.000000
1653878666013726545 17.399055 0.000000
1653878666049868803 36.137488 0.000000
1653878666828532210 778.658726 0.000000
1653878667294301977 465.765838 0.000000
1653878667359227197 64.921512 0.000000
1653878667393927078 34.694097 0.000000
1653878667494281278 100.349715 0.000000
1653878667534383895 40.097054 0.000000
1653878667658117698 123.728381 0.000000
1653878668601691445 943.568325 0.000000
1653878668617805611 16.107110 0.000000
1653878668630930207 13.121907 0.000000
1653878668646767847 15.832900 0.000000
1653878668660528450 13.756661 0.000000
1653878668673697352 13.166321 0.000000
1653878668692672996 18.972177 0.000000
1653878668710807641 18.130982 0.000000
1653878668732296745 21.485460 0.000000
1653878668875158743 142.857102 0.000000
1653878668908727834 33.564543 0.000000
1653878669217677938 308.945209 0.000000
1653878669233600386 15.916589 0.000000
1653878669258874310 25.270940 0.000000
1653878669509950442 251.071543 0.000000
1653878669550892745 40.936159 0.000000
1653878669566166875 15.269566 0.000000
1653878669681599914 115.429188 0.000000
1653878669719034241 37.428934 0.000000
1653878669773840065 54.801013 0.000000
1653878669795585873 21.739660 0.000000
1653878670511083880 715.492091 0.000000
1653878670785790770 274.701378 0.000000
1653878671081391493 295.595505 0.000000
1653878671095819309 14.422487 0.000000
1653878671112851488 17.027838 0.000000
1653878671437842629 324.987242 0.000000
1653878671476784558 38.935215 0.000000
1653878671746303370 269.513654 0.000000
1653878672047835510 301.524907 0.000000
1653878672871840810 824.000107 0.000000
1653878672985400987 113.555875 0.000000
1653878673005235598 19.828953 0.000000
1653878673552337018 547.097709 0.000000
1653878673790062135 237.719825 0.000000
1653878673809971261 19.903408 0.000000
1653878673827140759 17.164700 0.000000
1653878673844971166 17.826561 0.000000
1653878673975202405 130.226686 0.000000
1653878674250855382 275.646008 0.000000
1653878674908193605 657.332811 0.000000
1653878675371844525 463.646254 0.000000
1653878675428637495 56.788960 0.000000
1653878675445083098 16.440428 0.000000
1653878675564564565 119.477544 0.000000
1653878675793178401 228.608289 0.000000
1653878675814903903 21.719506 0.000000
1653878676238826713 423.919805 0.000000
1653878676313672104 74.839768 0.000000
1653878676529675225 215.998699 0.000000
1653878676935614055 405.933447 0.000000
1653878676950595617 14.976467 0.000000
1653878677263028650 312.428760 0.000000
1653878677493245863 230.211637 0.000000
1653878677816133067 322.881535 0.000000
1653878678398313618 582.175211 0.000000
1653878678537607439 139.287307 0.000000
1653878678583195570 45.582029 0.000000
1653878678626108105 42.909004 0.000000
1653878678644920035 18.804753 0.000000
1653878679025164293 380.240269 0.000000
1653878679045167680 19.997786 0.000000
1653878679059557836 14.385516 0.000000
1653878679076684139 17.123053 0.000000
1653878679101153373 24.464912 0.000000
1653878679343059450 241.901683 0.000000
1653878679359535153 16.471694 0.000000
1653878679756859560 397.319754 0.000000
1653878680187995773 431.130696 0.000000
1653878681229787010 1041.784471 0.000000
1653878681382771929 152.980875 0.000000
1653878681416600829 33.823350 0.000000
1653878681568703947 152.097885 0.000000
1653878681668919586 100.211316 0.000000
1653878682040043329 371.118606 0.000000
1653878682549749954 509.701458 0.000000
1653878682566817770 17.062832 0.000000
1653878682582066129 15.243397 0.000000
1653878682634463926 52.394104 0.000000
1653878683145505882 511.037012 0.000000
1653878683345376063 199.866084 0.000000
1653878683481320347 135.937062 0.000000
1653878683495210966 13.884851 0.000000
1653878683691158997 195.944190 0.000000
1653878683706047133 14.882432 0.000000
1653878683725054455 19.002661 0.000000
1653878683742879259 17.820758 0.000000
1653878684176743815 433.861644 0.000000
1653878684997817973 821.068392 0.000000
1653878685016751790 18.930128 0.000000
1653878685033335149 16.580149 0.000000
1653878685510727920 477.387678 0.000000
1653878685577741195 67.003490 0.000000
1653878685667583227 89.837582 0.000000
1653878686354277744 686.689195 0.000000
1653878686657266831 302.983489 0.000000
1653878686710843692 53.570060 0.000000
1653878687686320960 975.472769 0.000000
1653878687945154979 258.828734 0.000000
1653878687960217223 15.057948 0.000000
1653878687980633712 20.412954 0.000000
1653878688454657731 474.019875 0.000000
1653878688496267402 41.605303 0.000000
1653878688593450134 97.178372 0.000000
1653878689099346184 505.874932 0.000000
1653878689290722207 191.370124 0.000000
1653878689788848427 498.120442 0.000000
1653878689857013200 68.159264 0.000000
1653878690044980578 187.963380 0.000000
1653878690390563622 345.578667 0.000000
1653878690410949225 20.380446 0.000000
1653878690442030077 31.075917 0.000000
1653878690605843852 163.808953 0.000000
1653878690700225488 94.377796 0.000000
1653878691198680644 498.448296 0.000000
1653878691565123667 366.438395 0.000000
1653878691585187137 20.058047 0.000000
1653878691634467850 49.275218 0.000000
1653878691767561308 133.088953 0.000000
1653878692166220835 398.654816 0.000000
1653878692226519031 60.291791 0.000000
1653878692697064030 470.539968 0.000000
1653878692712658774 15.589725 0.000000
1653878694443662644 1731.001013 0.000000
1653878694463131949 19.464673 0.000000
1653878694670232730 207.097794 0.000000
1653878694689390336 19.153019 0.000000
1653878694808992567 119.598600 0.000000
1653878694906995895 97.998196 0.000000
1653878695207804733 300.803842 0.000000
1653878695245088736 37.277725 0.000000
1653878695323110005 78.016776 0.000000
1653878695344212642 21.097144 0.000000
1653878696033591764 689.374783 0.000000
1653878696816980578 783.384509 0.000000
1653878696859249564 42.263578 0.000000
1653878697182455321 323.199960 0.000000
1653878697475159154 292.698024 0.000000
1653878697691062602 215.897465 0.000000
1653878699126670105 1435.602111 0.000000
1653878699681731790 555.056561 0.000000
1653878699930517380 248.780436 0.000000
1653878700006353375 75.830552 0.000000
1653878700201397728 195.037332 0.000000
1653878700227452391 26.047857 0.000000
1653878700333647186 106.190633 0.000000
1653878700422626979 88.974636 0.000000
1653878700446065472 23.433310 0.000000
1653878700463787201 17.717520 0.000000
1653878700495408921 31.618345 0.000000
1653878701038025263 542.611876 0.000000
1653878701058932194 20.900331 0.000000
1653878701218386677 159.449878 0.000000
1653878701285034549 66.642196 0.000000
1653878701368768281 83.729572 0.000000
1653878701931316857 562.543558 0.000000
1653878702741009970 809.687685 0.000000
1653878702960097414 219.080959 0.000000
1653878703569749965 609.647054 0.000000
1653878703590944129 21.187758 0.000000
1653878703612017489 21.067687 0.000000
1653878703630844200 18.823562 0.000000
1653878703829154600 198.304787 0.000000
1653878704447069310 617.908157 0.000000
1653878704723114557 276.040898 0.000000
1653878704764394262 41.274081 0.000000
1653878704812934109 48.534635 0.000000
1653878704828209343 15.271415 0.000000
1653878704923935837 95.723805 0.000000
1653878704950417997 26.476722 0.000000
1653878704975311997 24.889494 0.000000
1653878705402823073 427.505551 0.000000
1653878706535494643 1132.666742 0.000000
1653878706739820746 204.320349 0.000000
1653878707347349707 607.524047 0.000000
1653878707554182322 206.827408 0.000000
1653878707669645695 115.457925 0.000000
1653878707689685471 20.032380 0.000000
1653878707882877080 193.187102 0.000000
1653878707927163156 44.281574 0.000000
1653878707952925897 25.758404 0.000000
1653878708847680082 894.749815 0.000000
1653878708923594256 75.906615 0.000000
1653878709036869660 113.270600 0.000000
1653878709292070365 255.195922 0.000000
1653878709651271893 359.195955 0.000000
1653878709836707964 185.432241 0.000000
1653878709984546267 147.832815 0.000000
1653878710924950134 940.397872 0.000000
1653878710940423460 15.468591 0.000000
1653878711546404519 605.976901 0.000000
1653878711662875586 116.466783 0.000000
1653878712175597379 512.716276 0.000000
1653878712401692058 226.089551 0.000000
1653878712482565315 80.866440 0.000000
1653878712954997299 472.426035 0.000000
1653878713138042755 183.038335 0.000000
1653878713225660564 87.612357 0.000000
1653878713739988064 514.322588 0.000000
1653878713829509004 89.514480 0.000000
1653878714080071516 250.558004 0.000000
1653878714540318475 460.239874 0.000000
1653878715003415394 463.091692 0.000000
1653878715635480146 632.059299 0.000000
1653878715987170855 351.684973 0.000000
1653878716008192817 21.016453 0.000000
1653878716980443976 972.245998 0.000000
1653878717151070196 170.619868 0.000000
1653878717580098562 429.022038 0.000000
1653878717971162165 391.058473 0.000000
1653878718037962644 66.794581 0.000000
1653878718452950536 414.982482 0.000000
1653878718783616765 330.662029 0.000000
1653878719980150125 1196.521185 0.000000
1653878720090071705 109.915896 0.000000
1653878720220681091 130.602704 0.000000
1653878720765781287 545.095376 0.000000
1653878721065256130 299.467413 0.000000
1653878723129675243 2064.414463 0.000000
1653878723739006768 609.326584 0.000000
1653878724456632011 717.620880 0.000000
1653878725491410223 1034.772649 0.000000
1653878725520769770 29.355145 0.000000
1653878725574186202 53.411360 0.000000
1653878726289614454 715.422870 0.000000
1653878726513743327 224.124879 0.000000
1653878726722955028 209.207484 0.000000
1653878726839616372 116.655737 0.000000
1653878726899259875 59.639262 0.000000
1653878726987656123 88.390932 0.000000
1653878727497077181 509.416659 0.000000
1653878727518992910 21.910157 0.000000
1653878727897237787 378.240864 0.000000
1653878727918092951 20.848983 0.000000
1653878728796621127 878.523184 0.000000
1653878729285869781 489.244687 0.000000
1653878729304331295 18.455183 0.000000
1653878729345152917 40.816220 0.000000
1653878729492558091 147.399945 0.000000
1653878729912047796 419.484938 0.000000
1653878730977674560 1065.620731 0.000000
1653878731001531973 23.850475 0.000000
1653878731029274447 27.737699 0.000000
1653878731169852576 140.571832 0.000000
1653878732024371991 854.513768 0.000000
1653878732527333757 502.955710 0.000000
1653878732583582375 56.243846 0.000000
1653878732798648417 215.056541 0.000000
1653878733104044993 305.392976 0.000000
1653878733843513843 739.464596 0.000000
1653878734790679348 947.158629 0.000000
1653878734822193182 31.508416 0.000000
1653878734855061883 32.863154 0.000000
1653878735048054301 192.987530 0.000000
1653878735072919849 24.859466 0.000000
1653878735510019157 437.095204 0.000000
1653878735600392552 90.369084 0.000000
1653878735827604195 227.206394 0.000000
1653878735875823599 48.214037 0.000000
1653878736003540382 127.711648 0.000000
1653878736517519541 513.974378 0.000000
1653878737357339127 839.814772 0.000000
1653878737410298864 52.952726 0.000000
1653878737508973435 98.669042 0.000000
1653878737531717166 22.739441 0.000000
1653878738539591821 1007.869884 0.000000
1653878738865610991 326.016158 0.000000
1653878739150144551 284.529159 0.000000
1653878739185304731 35.154542 0.000000
1653878739206797419 21.489277 0.000000
1653878739294500213 87.696928 0.000000
1653878739324020945 29.516034 0.000000
1653878739347045708 23.020667 0.000000
1653878739548684401 201.634452 0.000000
1653878739822731523 274.041653 0.000000
1653878740062392192 239.654571 0.000000
1653878740384781433 322.381525 0.000000
1653878740739412737 354.626481 0.000000
1653878740762138791 22.720593 0.000000
1653878740782865349 20.722047 0.000000
1653878740805275461 22.406583 0.000000
1653878740895892910 90.613681 0.000000
1653878742021209806 1125.309916 0.000000
1653878743619090593 1597.875538 0.000000
1653878743639986173 20.891119 0.000000
1653878743740795365 100.805613 0.000000
1653878744326309937 585.507606 0.000000
1653878744814086250 487.771583 0.000000
1653878745498014898 683.924494 0.000000
1653878746149762737 651.740871 0.000000
1653878746456762027 306.994306 0.000000
1653878746704776594 248.009386 0.000000
1653878746724495988 19.714382 0.000000
1653878748210306541 1485.805284 0.000000
1653878748596810615 386.497974 0.000000
1653878748838681721 241.863931 0.000000
1653878748922221803 83.535133 0.000000
1653878749047610400 125.384517 0.000000
1653878749694907985 647.292902 0.000000
1653878751068700776 1373.788570 0.000000
1653878752086009949 1017.303590 0.000000
1653878753169440530 1083.426694 0.000000
1653878753890511634 721.065166 0.000000
1653878754332326500 441.810469 0.000000
1653878754353289421 20.957636 0.000000
1653878754646946764 293.651200 0.000000
1653878755366292454 719.341305 0.000000
1653878755502636404 136.338577 0.000000
1653878755770641747 267.999010 0.000000
1653878756019634291 248.987833 0.000000
1653878756714805340 695.166187 0.000000
1653878756787009378 72.198824 0.000000
1653878756823932712 36.918735 0.000000
1653878757144306085 320.370132 0.000000
1653878757170468672 26.157344 0.000000
1653878757317397464 146.923645 0.000000
1653878757395036560 77.626685 0.000000
1653878757711195100 316.154123 0.000000
1653878758436228515 725.029507 0.000000
1653878758458727647 22.492401 0.000000
1653878758482087266 23.355701 0.000000
1653878759257390626 775.298738 0.000000
1653878759449152534 191.757425 0.000000
1653878759477531213 28.374722 0.000000
1653878759622395575 144.859737 0.000000
1653878760310464484 688.063803 0.000000
1653878760491741195 181.271391 0.000000
1653878760637742390 145.997272 0.000000
1653878760754069883 116.321343 0.000000
1653878760813652969 59.579531 0.000000
1653878761135011979 321.354399 0.000000
1653878761210483197 75.464886 0.000000
1653878761240812984 30.325004 0.000000
1653878762104876971 864.059884 0.000000
1653878762473225287 368.343605 0.000000
1653878762578960266 105.730765 0.000000
1653878762649667074 70.702288 0.000000
1653878763788692967 1139.021709 0.000000
1653878764783793127 995.095080 0.000000
1653878765071898157 288.099085 0.000000
1653878765113411067 41.509043 0.000000
1653878765137548424 24.133245 0.000000
1653878765161988013 24.436081 0.000000
1653878767028344890 1866.352840 0.000000
1653878767454702377 426.352471 0.000000
1653878767578187296 123.480719 0.000000
1653878767610925867 32.735228 0.000000
1653878767999476605 388.545187 0.000000
1653878768399711951 400.231381 0.000000
1653878768488298230 88.580450 0.000000
1653878768513575165 25.273192 0.000000
1653878768675413794 161.833436 0.000000
1653878768762607356 87.188623 0.000000
1653878768942075730 179.461731 0.000000
1653878769308705744 366.624610 0.000000
1653878769338920276 30.209480 0.000000
1653878769709037750 370.112838 0.000000
1653878769852318730 143.276456 0.000000
1653878770212093845 359.767766 0.000000
1653878770491758825 279.661302 0.000000
1653878770515261950 23.498298 0.000000
1653878770540065493 24.800292 0.000000
1653878770625730620 85.660934 0.000000
1653878770657611854 31.876219 0.000000
1653878770934636446 277.020114 0.000000
1653878771125689136 191.048250 0.000000
1653878773429676381 2303.983025 0.000000
1653878773830811432 401.129708 0.000000
1653878774198431715 367.616692 0.000000
1653878774581785710 383.349200 0.000000
1653878774723453587 141.663762 0.000000
1653878774939622527 216.163439 0.000000
1653878775792494666 852.868146 0.000000
1653878776237249963 444.750463 0.000000
1653878776680854102 443.598930 0.000000
1653878776700823112 19.964668 0.000000
1653878776998005455 297.177776 0.000000
1653878777026445114 28.434533 0.000000
1653878777047819234 21.370716 0.000000
1653878777373046130 325.221656 0.000000
1653878777594491881 221.440954 0.000000
1653878779004234182 1409.737480 0.000000
1653878779826122466 821.882245 0.000000
1653878780173826486 347.699289 0.000000
1653878780832705760 658.873003 0.000000
1653878781105895305 273.183704 0.000000
1653878781532917288 427.017119 0.000000
1653878781831293592 298.369731 0.000000
1653878781872746660 41.448784 0.000000
1653878782290516583 417.766770 0.000000
1653878782785871295 495.349950 0.000000
1653878783071218305 285.342721 0.000000
1653878783091330890 20.108231 0.000000
1653878783295354105 204.019371 0.000000
1653878784349201474 1053.843073 0.000000
1653878784739620738 390.412912 0.000000
1653878784908154137 168.526771 0.000000
1653878784928697102 20.539368 0.000000
1653878784951105007 22.403181 0.000000
1653878785183893124 232.783731 0.000000
1653878786596807792 1412.910619 0.000000
1653878786625318509 28.505424 0.000000
1653878786652749771 27.425887 0.000000
1653878786734756281 82.001259 0.000000
1653878786814262972 79.502009 0.000000
1653878786843137890 28.870876 0.000000
1653878787071422846 228.278317 0.000000
1653878787159969255 88.540365 0.000000
1653878787417303075 257.328708 0.000000
1653878787439446052 22.138144 0.000000
1653878787720640597 281.190784 0.000000
1653878787746776429 26.132259 0.000000
1653878788741526629 994.746405 0.000000
1653878788944431544 202.899793 0.000000
1653878789101585422 157.149298 0.000000
1653878789221085556 119.494122 0.000000
1653878789252740601 31.649733 0.000000
1653878789325201203 72.456140 0.000000
1653878789614904736 289.696271 0.000000
1653878789828733694 213.824838 0.000000
1653878789991165296 162.427338 0.000000
1653878790407360154 416.190808 0.000000
1653878790579340981 171.975789 0.000000
1653878790944344087 364.998389 0.000000
1653878790971629538 27.280660 0.000000
1653878792968282853 1996.647765 0.000000
1653878792993788288 25.499531 0.000000
1653878793066490335 72.698183 0.000000
1653878793092814926 26.318920 0.000000
1653878793114419748 21.598425 0.000000
1653878794093042879 978.618486 0.000000
1653878794120712925 27.663004 0.000000
1653878794177850368 57.133186 0.000000
1653878794780064418 602.210454 0.000000
1653878795765700605 985.631538 0.000000
1653878797003924796 1238.218681 0.000000
1653878797127762059 123.832306 0.000000
1653878797179756262 51.988886 0.000000
1653878797309564036 129.803229 0.000000
1653878797624212963 314.642692 0.000000
1653878797750252412 126.035122 0.000000
1653878798123189819 372.932447 0.000000
1653878798420067135 296.872400 0.000000
1653878798908022195 487.950519 0.000000
1653878799158622900 250.595444 0.000000
1653878799771989684 613.361932 0.000000
1653878800304687781 532.694121 0.000000
1653878800440730911 136.039043 0.000000
1653878800618939528 178.204587 0.000000
1653878801452950558 834.007377 0.000000
1653878802040362527 587.406071 0.000000
1653878802227542092 187.172639 0.000000
1653878802491949840 264.401989 0.000000
1653878802541637018 49.682515 0.000000
1653878802943153844 401.510896 0.000000
1653878803118729766 175.571655 0.000000
1653878803648040356 529.306222 0.000000
1653878804119613099 471.567775 0.000000
1653878804274829926 155.212094 0.000000
1653878804948073588 673.239068 0.000000
1653878805305666919 357.589261 0.000000
1653878806207843577 902.171822 0.000000
1653878806394100722 186.252767 0.000000
1653878806620709804 226.603622 0.000000
1653878807641528381 1020.814018 0.000000
1653878807726691004 85.158106 0.000000
1653878807756426712 29.729000 0.000000
1653878807888525644 132.095191 0.000000
1653878807913897044 25.366508 0.000000
1653878807984941566 71.040763 0.000000
1653878808200928778 215.983621 0.000000
1653878808347447348 146.514035 0.000000
1653878808930581540 583.130733 0.000000
1653878809865015171 934.429036 0.000000
1653878810324429001 459.408929 0.000000
1653878811167272394 842.839682 0.000000
1653878811890452594 723.174956 0.000000
1653878812332178178 441.721345 0.000000
1653878812683216638 351.034153 0.000000
1653878813259911558 576.691063 0.000000
1653878813370131401 110.214395 0.000000
1653878813394791360 24.655532 0.000000
1653878813446853480 52.057245 0.000000
1653878814145518081 698.660215 0.000000
1653878814303633657 158.110056 0.000000
1653878814593762272 290.122748 0.000000
1653878814656418967 62.650521 0.000000
1653878815132470970 476.046381 0.000000
1653878816491666876 1359.190809 0.000000
1653878817516975292 1025.303958 0.000000
1653878817583275958 66.295055 0.000000
1653878818252461581 669.181112 0.000000
1653878818440808085 188.342314 0.000000
1653878818642004692 201.191587 0.000000
1653878819725199281 1083.190588 0.000000
1653878819789721194 64.517176 0.000000
1653878820001359369 211.633855 0.000000
1653878820253858207 252.494155 0.000000
1653878820279005842 25.143409 0.000000
1653878821135780818 856.769070 0.000000
1653878821471679538 335.895094 0.000000
1653878821783984715 312.300048 0.000000
1653878822071250363 287.259281 0.000000
1653878822561303599 490.048666 0.000000
1653878823336950356 775.640962 0.000000
1653878824004211962 667.256833 0.000000
1653878824726080910 721.862848 0.000000
1653878824752814534 26.729579 0.000000
1653878825278060848 525.241986 0.000000
1653878825317975232 39.909094 0.000000
1653878825840036425 522.057422 0.000000
1653878825947327255 107.286142 0.000000
1653878826255878509 308.547492 0.000000
1653878826283460128 27.577013 0.000000
1653878826926522807 643.057809 0.000000
1653878827132313432 205.786327 0.000000
1653878828066751183 934.432308 0.000000
1653878829189525137 1122.769431 0.000000
1653878829322112152 132.582484 0.000000
1653878829552064187 229.947644 0.000000
1653878829625195816 73.127201 0.000000
1653878829769237360 144.037793 0.000000
1653878829859534551 90.291202 0.000000
1653878831700419879 1840.879173 0.000000
1653878831725651371 25.227611 0.000000
1653878831780840267 55.184796 0.000000
1653878831812980641 32.135370 0.000000
1653878831950588184 137.604114 0.000000
1653878831976103189 25.510317 0.000000
1653878832085390853 109.283984 0.000000
1653878832115785169 30.389549 0.000000
1653878832291354334 175.564523 0.000000
1653878832903523790 612.165857 0.000000
1653878832994057230 90.529273 0.000000
1653878833697729589 703.668353 0.000000
1653878833758947996 61.214302 0.000000
1653878833957428323 198.476163 0.000000
1653878834110353274 152.906481 0.000000
1653878834382691914 272.335036 0.000000
1653878834439118294 56.422069 0.000000
1653878834721728827 282.606235 0.000000
1653878834746071430 24.335837 0.000000
1653878835062214007 316.137763 0.000000
1653878835386340184 324.120227 0.000000
1653878836648960095 1262.615896 0.000000
1653878836767495785 118.531908 0.000000
1653878836797813703 30.313278 0.000000
1653878837118973201 321.155231 0.000000
1653878837192348482 73.370188 0.000000
1653878837708394185 516.040144 0.000000
1653878837923261675 214.863262 0.000000
1653878838181925088 258.659245 0.000000
1653878838391817175 209.887679 0.000000
1653878840149188237 1757.367324 0.000000
1653878840491567798 342.375078 0.000000
1653878840970982196 479.410520 0.000000
1653878841307960908 336.972957 0.000000
1653878841787234874 479.269959 0.000000
1653878842103689263 316.450368 0.000000
1653878842224714262 121.020981 0.000000
1653878843071134611 846.416723 0.000000
1653878843105036652 33.896920 0.000000
1653878843391530931 286.490250 0.000000
1653878844256300562 864.765988 0.000000
1653878844733146539 476.841245 0.000000
1653878845231465196 498.313717 0.000000
1653878845344990446 113.518991 0.000000
1653878845553566619 208.568540 0.000000
1653878845616360662 62.789532 0.000000
1653878845710805134 94.439292 0.000000
1653878846067300279 356.490540 0.000000
1653878846210495525 143.191013 0.000000
1653878846367099237 156.598333 0.000000
1653878846398255637 31.151659 0.000000
1653878846617344759 219.084638 0.000000
1653878846782931360 165.582100 0.000000
1653878846818173397 35.237632 0.000000
1653878847225001936 406.823093 0.000000
1653878847801754416 576.748002 0.000000
1653878847839555396 37.796707 0.000000
1653878847969120963 129.558578 0.000000
1653878847993371892 24.244738 0.000000
1653878848485484692 492.107995 0.000000
1653878849095184628 609.696203 0.000000
1653878849155271214 60.081388 0.000000
1653878849379528245 224.252865 0.000000
1653878849635374243 255.840489 0.000000
1653878850121177128 485.798219 0.000000
1653878850188546922 67.365349 0.000000
1653878850538531125 349.980524 0.000000
1653878850938157278 399.620121 0.000000
1653878851612966380 674.804200 0.000000
1653878851649572240 36.601805 0.000000
1653878851773073163 123.494624 0.000000
1653878851977596639 204.518258 0.000000
1653878852394589235 416.985720 0.000000
1653878852496882703 102.289058 0.000000
1653878854695292108 2198.404086 0.000000
1653878855644102741 948.805080 0.000000
1653878855842058685 197.949165 0.000000
1653878856084375417 242.311124 0.000000
1653878856231261532 146.882330 0.000000
1653878856559981975 328.716202 0.000000
1653878857406974596 846.988691 0.000000
1653878857536551219 129.571965 0.000000
1653878857559012814 22.455981 0.000000
1653878857588618477 29.601783 0.000000
1653878858331230034 742.607302 0.000000
1653878858379327469 48.093416 0.000000
1653878858406402459 27.071550 0.000000
1653878859127153448 720.746897 0.000000
1653878860011419194 884.262108 0.000000
1653878860040784313 29.360518 0.000000
1653878860249503984 208.715104 0.000000
1653878860435600467 186.092318 0.000000
1653878860979327162 543.722002 0.000000
1653878861007469611 28.122304 0.000000
1653878861217489109 210.015632 0.000000
1653878861301796351 84.302815 0.000000
1653878861600805041 299.004441 0.000000
1653878863072318475 1471.508181 0.000000
1653878863273312703 200.988409 0.000000
1653878863563395088 290.078012 0.000000
1653878863599915850 36.516264 0.000000
1653878863640551519 40.630141 0.000000
1653878864067783099 427.227896 0.000000
1653878864602761231 534.973733 0.000000
1653878864636765075 33.998615 0.000000
1653878864982620307 345.849441 0.000000
1653878865016247525 33.621618 0.000000
1653878865538913003 522.661176 0.000000
1653878865957525416 418.608639 0.000000
1653878866081043238 123.512415 0.000000
1653878867378301945 1297.254051 0.000000
1653878867504242834 125.937394 0.000000
1653878867943289280 439.041223 0.000000
1653878868656375415 713.082855 0.000000
1653878869425295312 768.916512 0.000000
1653878870130447146 705.146861 0.000000
1653878870155430093 24.979906 0.000000
1653878870733382325 577.948216 0.000000
1653878872065857644 1332.470251 0.000000
1653878872099713478 33.851983 0.000000
1653878872223001571 123.283971 0.000000
1653878872289628348 66.622551 0.000000
1653878872934041878 644.408679 0.000000
1653878873375690164 441.642823 0.000000
1653878874098030904 722.336707 0.000000
1653878874432275943 334.241149 0.000000
1653878874556411063 124.130674 0.000000
1653878874645574036 89.158520 0.000000
1653878874831342404 185.763991 0.000000
1653878875334134243 502.786488 0.000000
1653878875730323905 396.185170 0.000000
1653878876096656636 366.329114 0.000000
1653878876127604658 30.943242 0.000000
1653878876318376041 190.767311 0.000000
1653878876764229114 445.849013 0.000000
1653878877722191638 957.958636 0.000000
1653878878381523754 659.325137 0.000000
1653878878762360693 380.832853 0.000000
1653878878978207734 215.842550 0.000000
1653878879075263627 97.051006 0.000000
1653878880121571229 1046.300798 0.000000
1653878880473625419 352.050228 0.000000
1653878880576049755 102.420354 0.000000
1653878881493204153 917.150430 0.000000
1653878881657102333 163.893324 0.000000
1653878881917134903 260.028095 0.000000
1653878882376518920 459.380161 0.000000
1653878883212738039 836.214537 0.000000
1653878883528085525 315.342334 0.000000
1653878883708169500 180.079414 0.000000
1653878884113095502 404.921947 0.000000
1653878884147025640 33.925285 0.000000
1653878884597288374 450.259223 0.000000
1653878884801175120 203.880524 0.000000
1653878885170050193 368.869018 0.000000
1653878885395170734 225.116039 0.000000
