1653878596565124977 153.699983 0.000000
1653878597178461451 613.314472 0.000000
1653878597527712369 349.246343 0.000000
1653878597536812627 9.094887 0.000000
1653878597581682800 44.865932 0.000000
1653878597829462821 247.776232 0.000000
1653878597839393987 9.926215 0.000000
1653878597988508036 149.110434 0.000000
1653878598839449961 850.936338 0.000000
1653878598857193790 17.739848 0.000000
1653878599021655086 164.457886 0.000000
1653878599027539526 5.880517 0.000000
1653878599148498130 120.954118 0.000000
1653878599222132282 73.630160 0.000000
1653878599497833674 275.696989 0.000000
1653878599569513753 71.673400 0.000000
1653878599722983283 153.464771 0.000000
1653878599730238535 7.251982 0.000000
1653878599736812815 6.570458 0.000000
1653878599742866594 6.051244 0.000000
1653878599749763528 6.893980 0.000000
1653878599755865503 6.098627 0.000000
1653878599763855887 7.987398 0.000000
1653878600068140276 304.280973 0.000000
1653878600238349556 170.205518 0.000000
1653878600274468488 36.114748 0.000000
1653878600281225201 6.752499 0.000000
1653878600287708632 6.479881 0.000000
1653878600387940727 100.228370 0.000000
1653878600405338588 17.394282 0.000000
1653878600411142418 5.799955 0.000000
1653878600568258882 157.112039 0.000000
1653878600574889193 6.624666 0.000000
1653878600596550368 21.657379 0.000000
1653878600628799678 32.244704 0.000000
1653878600633959456 5.154547 0.000000
1653878600677717129 43.754460 0.000000
1653878600809073557 131.353294 0.000000
1653878600813384845 4.306485 0.000000
1653878600819541279 6.152063 0.000000
1653878600822635138 3.087703 0.000000
1653878600829850590 7.212213 0.000000
1653878601594167537 764.312451 0.000000
1653878601627319961 33.146843 0.000000
1653878601633779192 6.454059 0.000000
1653878601894732958 260.948714 0.000000
1653878601904122489 9.384517 0.000000
1653878601911405146 7.279156 0.000000
1653878601916122929 4.714427 0.000000
1653878602116530739 200.404954 0.000000
1653878602179449107 62.912550 0.000000
1653878602186352001 6.898488 0.000000
1653878602327343909 140.987681 0.000000
1653878602334696930 7.346938 0.000000
1653878602393781870 59.078791 0.000000
1653878602701990321 308.204206 0.000000
1653878603024028058 322.032710 0.000000
1653878603175816659 151.784032 0.000000
1653878603221686623 45.865818 0.000000
1653878603228179154 6.488056 0.000000
1653878603233254259 5.069657 0.000000
1653878603423525290 190.267397 0.000000
1653878603565140060 141.610254 0.000000
1653878603570955983 5.811443 0.000000
1653878603576150289 5.191417 0.000000
1653878604091043160 514.889636 0.000000
1653878604196821686 105.774007 0.000000
1653878604204096861 7.270231 0.000000
1653878604210651870 6.551158 0.000000
1653878604291788831 81.133813 0.000000
1653878604363800064 72.004464 0.000000
1653878604376356223 12.550993 0.000000
1653878604390287660 13.927574 0.000000
1653878604417898700 27.605672 0.000000
1653878604423585402 5.681292 0.000000
1653878604475660948 52.070856 0.000000
1653878604585841109 110.175520 0.000000
1653878604597393329 11.546361 0.000000
1653878604690002880 92.605046 0.000000
1653878604862138620 172.130849 0.000000
1653878604869163593 7.020762 0.000000
1653878604876733010 7.565329 0.000000
1653878604896828198 20.089283 0.000000
1653878604961895505 65.061686 0.000000
1653878605050403304 88.502497 0.000000
1653878605082240581 31.833295 0.000000
1653878605232119050 149.871893 0.000000
1653878605316608801 84.483773 0.000000
1653878605324398232 7.784895 0.000000
1653878605331727080 7.324115 0.000000
1653878605390022262 58.291575 0.000000
1653878605400640454 10.612461 0.000000
1653878605410397787 9.752721 0.000000
1653878605419788672 9.385739 0.000000
1653878605681111434 261.318752 0.000000
1653878605767994913 86.878654 0.000000
1653878605776523174 8.524507 0.000000
1653878606177251942 400.724350 0.000000
1653878606354573421 177.316082 0.000000
1653878606406360188 51.781113 0.000000
1653878606415760607 9.395872 0.000000
1653878606422967532 7.203170 0.000000
1653878606430106419 7.134474 0.000000
1653878606473238871 43.128195 0.000000
1653878606482330954 9.089370 0.000000
1653878606729663153 247.328550 0.000000
1653878606804459044 74.790981 0.000000
1653878607115064638 310.602208 0.000000
1653878607489459575 374.390451 0.000000
1653878607565721121 76.256967 0.000000
1653878607584551483 18.826038 0.000000
1653878607731436108 146.880820 0.000000
1653878607975631855 244.191089 0.000000
1653878608544655342 569.019060 0.000000
1653878608615297169 70.636476 0.000000
1653878608624120801 8.818821 0.000000
1653878608676550155 52.424908 0.000000
1653878609015097146 338.541687 0.000000
1653878609225087744 209.986977 0.000000
1653878609235770917 10.679568 0.000000
1653878609243074968 7.298977 0.000000
1653878609770088622 527.009865 0.000000
1653878609852496516 82.402025 0.000000
1653878609865359598 12.855596 0.000000
1653878609873905211 8.542042 0.000000
1653878610046686295 172.777465 0.000000
1653878610056283546 9.592522 0.000000
1653878610063696490 7.409394 0.000000
1653878610107276360 43.577462 0.000000
1653878610347428977 240.148246 0.000000
1653878610444246810 96.813515 0.000000
1653878610485522346 41.270687 0.000000
1653878610733945343 248.417970 0.000000
1653878611181844685 447.893803 0.000000
1653878611293167077 111.318419 0.000000
1653878611359776127 66.604323 0.000000
1653878611499768822 139.986980 0.000000
1653878611552453124 52.679311 0.000000
1653878611934111565 381.652435 0.000000
1653878611948143973 14.027466 0.000000
1653878611961609794 13.461100 0.000000
1653878611974583147 12.968842 0.000000
1653878611987911320 13.324534 0.000000
1653878612030117044 42.201533 0.000000
1653878612043928474 13.805011 0.000000
1653878612430549486 386.616195 0.000000
1653878613013048597 582.494669 0.000000
1653878613121141311 108.088139 0.000000
1653878613179696448 58.549768 0.000000
1653878613189900989 10.199608 0.000000
1653878613486904766 296.997919 0.000000
1653878613747453851 260.544012 0.000000
1653878613794509407 47.050239 0.000000
1653878613869458214 74.943338 0.000000
1653878613878330105 8.867622 0.000000
1653878613887530337 9.193673 0.000000
1653878613919327493 31.792300 0.000000
1653878614028878518 109.547053 0.000000
1653878614038405040 9.520388 0.000000
1653878614164184285 125.775384 0.000000
1653878614301671787 137.483039 0.000000
1653878614521299640 219.623196 0.000000
1653878614531768448 10.463020 0.000000
1653878614542202837 10.430035 0.000000
1653878614550355382 8.148322 0.000000
1653878614671222407 120.863124 0.000000
1653878614681241457 10.015078 0.000000
1653878614967351991 286.107004 0.000000
1653878615145070779 177.711546 0.000000
1653878615166990119 21.914494 0.000000
1653878615175732242 8.738268 0.000000
1653878615184805130 9.068754 0.000000
1653878615232555982 47.747643 0.000000
1653878615385402879 152.842413 0.000000
1653878615398374543 12.967969 0.000000
1653878615535693198 137.316034 0.000000
1653878616494478781 958.779848 0.000000
1653878616517724896 23.242524 0.000000
1653878616741105075 223.376559 0.000000
1653878616754323239 13.211588 0.000000
1653878616763774177 9.446527 0.000000
1653878616771315120 7.537637 0.000000
1653878617229125319 457.806642 0.000000
1653878617241849610 12.718900 0.000000
1653878617305686652 63.833429 0.000000
1653878617869518974 563.828904 0.000000
1653878618141755579 272.231281 0.000000
1653878618211704437 69.945687 0.000000
1653878618845715162 634.005977 0.000000
1653878619188261007 342.540010 0.000000
1653878619267959561 79.693619 0.000000
1653878619277351000 9.386393 0.000000
1653878619630092275 352.738457 0.000000
1653878619640591582 10.494744 0.000000
1653878619756701734 116.107055 0.000000
1653878620267692094 510.985894 0.000000
1653878620278524783 10.826792 0.000000
1653878620288484774 9.956555 0.000000
1653878620397077380 108.589330 0.000000
1653878620407356522 10.273933 0.000000
1653878620499995826 92.636367 0.000000
1653878620525618057 25.617261 0.000000
1653878620913537767 387.916193 0.000000
1653878621332163825 418.621045 0.000000
1653878621342741216 10.573005 0.000000
1653878621518457734 175.711565 0.000000
1653878621535591134 17.128752 0.000000
1653878621586223076 50.626955 0.000000
1653878621669446244 83.218452 0.000000
1653878621783047424 113.596579 0.000000
1653878621939283096 156.230492 0.000000
1653878621953610403 14.322840 0.000000
1653878621982317694 28.703928 0.000000
1653878621994046114 11.726321 0.000000
1653878622163303383 169.252859 0.000000
1653878622190641604 27.332362 0.000000
1653878622206882164 16.235628 0.000000
1653878622214787947 7.901318 0.000000
1653878622432651798 217.860187 0.000000
1653878622623032330 190.375424 0.000000
1653878623025296303 402.258983 0.000000
1653878623036403504 11.102365 0.000000
1653878623051169101 14.762025 0.000000
1653878623058422757 7.251467 0.000000
1653878623074690927 16.265403 0.000000
1653878623409974653 335.278884 0.000000
1653878623530718287 120.737774 0.000000
1653878623765784543 235.060507 0.000000
1653878623779903718 14.114046 0.000000
1653878623810079342 30.172648 0.000000
1653878623986343693 176.260026 0.000000
1653878624594643409 608.293946 0.000000
1653878625864855970 1270.208418 0.000000
1653878626003117556 138.256264 0.000000
1653878626242793893 239.669449 0.000000
1653878626258372459 15.572144 0.000000
1653878626342489842 84.114155 0.000000
1653878626593011865 250.517467 0.000000
1653878627184215703 591.199610 0.000000
1653878627196483925 12.264743 0.000000
1653878627596289198 399.801305 0.000000
1653878627624145065 27.850850 0.000000
1653878627805707742 181.558216 0.000000
1653878627817790990 12.077284 0.000000
1653878627898484639 80.689228 0.000000
1653878627908629022 10.139625 0.000000
1653878627960389806 51.757030 0.000000
1653878628120389957 159.996025 0.000000
1653878628130786095 10.390676 0.000000
1653878628186573094 55.779858 0.000000
1653878628198921021 12.343773 0.000000
1653878628208693566 9.769924 0.000000
1653878628221488697 12.792385 0.000000
1653878628233847426 12.356288 0.000000
1653878628244483523 10.632524 0.000000
1653878628443543610 199.056373 0.000000
1653878628824131911 380.583244 0.000000
1653878629121158418 297.021594 0.000000
1653878629128976086 7.814258 0.000000
1653878629300236499 171.256005 0.000000
1653878629308968083 8.727690 0.000000
1653878629322395035 13.423666 0.000000
1653878629333051911 10.653033 0.000000
1653878629346157237 13.102266 0.000000
1653878629510856321 164.696415 0.000000
1653878629759143284 248.281679 0.000000
1653878629771967197 12.817498 0.000000
1653878630353790048 581.818696 0.000000
1653878630392630799 38.834657 0.000000
1653878630424568943 31.933172 0.000000
1653878630572155917 147.582813 0.000000
1653878630792617349 220.455080 0.000000
1653878631014745026 222.122335 0.000000
1653878631582137991 567.387801 0.000000
1653878631607720631 25.578097 0.000000
1653878631620080668 12.355322 0.000000
1653878632535945700 915.861060 0.000000
1653878632552408063 16.457687 0.000000
1653878632595551657 43.139327 0.000000
1653878632610509578 14.953696 0.000000
1653878632741093286 130.579659 0.000000
1653878632756535066 15.436368 0.000000
1653878632767683352 11.143165 0.000000
1653878632885966807 118.279686 0.000000
1653878632894868019 8.894045 0.000000
1653878633279924312 385.050970 0.000000
1653878633348741593 68.812071 0.000000
1653878634379470850 1030.724514 0.000000
1653878634857225555 477.749981 0.000000
1653878634870161177 12.931736 0.000000
1653878634882979115 12.813095 0.000000
1653878634894664570 11.683163 0.000000
1653878634984739166 90.071666 0.000000
1653878634995070355 10.326212 0.000000
1653878635048312967 53.238492 0.000000
1653878635471037499 422.720050 0.000000
1653878635622436645 151.394606 0.000000
1653878636202142205 579.700316 0.000000
1653878636876111583 673.965040 0.000000
1653878636934779874 58.662149 0.000000
1653878637175294385 240.510799 0.000000
1653878637767695588 592.396807 0.000000
1653878638262380245 494.679211 0.000000
1653878638382006627 119.621416 0.000000
1653878638637152465 255.141528 0.000000
1653878638654202082 17.045772 0.000000
1653878639281303103 627.098353 0.000000
1653878639295085064 13.776889 0.000000
1653878639310183295 15.094887 0.000000
1653878639496975063 186.788234 0.000000
1653878639508581917 11.600975 0.000000
1653878639676734344 168.148635 0.000000
1653878640042686645 365.946500 0.000000
1653878640059936080 17.245440 0.000000
1653878640573632990 513.693373 0.000000
1653878641866549686 1292.912071 0.000000
1653878642062555213 195.999691 0.000000
1653878642165741607 103.179253 0.000000
1653878642855629443 689.883216 0.000000
1653878643147059924 291.426366 0.000000
1653878643162273014 15.207521 0.000000
1653878643174875445 12.599853 0.000000
1653878643187628828 12.749579 0.000000
1653878643294173838 106.540445 0.000000
1653878643436781053 142.602865 0.000000
1653878643527302003 90.493210 0.000000
1653878643999007316 471.699080 0.000000
1653878644092466551 93.455222 0.000000
1653878644261522658 169.050267 0.000000
1653878644348336500 86.809793 0.000000
1653878644539073186 190.731345 0.000000
1653878645122509871 583.432439 0.000000
1653878645298451552 175.936863 0.000000
1653878645331391329 32.933448 0.000000
1653878645586031958 254.635557 0.000000
1653878646071626033 485.588516 0.000000
1653878646451611942 379.980863 0.000000
1653878647202958345 751.341999 0.000000
1653878647285024238 82.061495 0.000000
1653878647303960396 18.932244 0.000000
1653878647326419132 22.454951 0.000000
1653878647982978146 656.554133 0.000000
1653878648124952214 141.969077 0.000000
1653878648143422057 18.464759 0.000000
1653878648156101987 12.675952 0.000000
1653878648168181203 12.075537 0.000000
1653878648181866256 13.681595 0.000000
1653878648414760560 232.889462 0.000000
1653878648655703421 240.938732 0.000000
1653878649346538091 690.829862 0.000000
1653878650063803075 717.261482 0.000000
1653878650455417051 391.608652 0.000000
1653878650713664959 258.242799 0.000000
1653878651306323114 592.653546 0.000000
1653878651321053412 14.725304 0.000000
1653878651334581139 13.524810 0.000000
1653878652879503366 1544.919117 0.000000
1653878653680908389 801.399645 0.000000
1653878653798683318 117.771053 0.000000
1653878653950821739 152.133946 0.000000
1653878653963140951 12.315305 0.000000
1653878654848630727 885.479382 0.000000
1653878655197767895 349.133106 0.000000
1653878655349788582 152.016611 0.000000
1653878655362701717 12.908664 0.000000
1653878655458972523 96.267025 0.000000
1653878656085736510 626.759750 0.000000
1653878656107210478 21.470219 0.000000
1653878656152893671 45.677414 0.000000
1653878656258040132 105.141910 0.000000
1653878656270480005 12.435102 0.000000
1653878657320923485 1050.439783 0.000000
1653878657644403614 323.476253 0.000000
1653878658297759924 653.350437 0.000000
1653878658840862223 543.097822 0.000000
1653878659635863700 794.997151 0.000000
1653878659668445323 32.577308 0.000000
1653878659686615295 18.166038 0.000000
1653878659772012832 85.394209 0.000000
1653878659934524171 162.506940 0.000000
1653878659952181399 17.652669 0.000000
1653878660350000832 397.815383 0.000000
1653878661101847564 751.842191 0.000000
1653878661114519217 12.667882 0.000000
1653878661267122287 152.598783 0.000000
1653878661918817308 651.690871 0.000000
1653878661999142437 80.321226 0.000000
1653878662168639073 169.491691 0.000000
1653878662315588307 146.944846 0.000000
1653878662335004659 19.412390 0.000000
1653878662349303057 14.294200 0.000000
1653878662872855470 523.548038 0.000000
1653878662975275685 102.416414 0.000000
1653878662988683655 13.403912 0.000000
1653878663890946660 902.258521 0.000000
1653878664454380438 563.429651 0.000000
1653878664874085975 419.700447 0.000000
1653878664897178675 23.086321 0.000000
1653878665084166048 186.983256 0.000000
1653878665431516771 347.345197 0.000000
1653878665664249556 232.728432 0.000000
1653878666064031197 399.778012 0.000000
1653878666107856694 43.820575 0.000000
1653878666133505436 25.645040 0.000000
1653878666662235956 528.726099 0.000000
1653878667686712801 1024.474135 0.000000
1653878669277436764 1590.719317 0.000000
1653878669372173279 94.732857 0.000000
1653878669585755525 213.578062 0.000000
1653878669667865084 82.103587 0.000000
1653878670917454775 1249.585090 0.000000
1653878670935896421 18.437677 0.000000
1653878670952837342 16.937095 0.000000
1653878670968277094 15.436000 0.000000
1653878671254245174 285.964360 0.000000
1653878671339843990 85.594516 0.000000
1653878671693679810 353.831570 0.000000
1653878671803846677 110.160268 0.000000
1653878671818920689 15.069445 0.000000
1653878671830153038 11.229041 0.000000
1653878671844698080 14.541951 0.000000
1653878671860757928 16.056198 0.000000
1653878672092976481 232.214474 0.000000
1653878672107987366 15.007092 0.000000
1653878672355901329 247.909691 0.000000
1653878672960064130 604.156152 0.000000
1653878672974801839 14.733031 0.000000
1653878672988763333 13.957550 0.000000
1653878673010877590 22.109784 0.000000
1653878673333010192 322.127816 0.000000
1653878673402618271 69.604192 0.000000
1653878673661941071 259.316635 0.000000
1653878673938334679 276.390049 0.000000
1653878673956767667 18.425020 0.000000
1653878673973093303 16.321746 0.000000
1653878674353028640 379.931578 0.000000
1653878674369319692 16.285622 0.000000
1653878674384443589 15.119539 0.000000
1653878674397427346 12.980145 0.000000
1653878674568037318 170.606852 0.000000
1653878674650088420 82.046677 0.000000
1653878674879227145 229.134184 0.000000
1653878675375725268 496.493911 0.000000
1653878675438612763 62.882295 0.000000
1653878675834891002 396.272280 0.000000
1653878677132819852 1297.924172 0.000000
1653878677149154849 16.330476 0.000000
1653878677161928964 12.767545 0.000000
1653878677177194483 15.261612 0.000000
1653878677367453256 190.255208 0.000000
1653878677384216391 16.758857 0.000000
1653878677398760502 14.540192 0.000000
1653878677455121272 56.356987 0.000000
1653878677471490682 16.364851 0.000000
1653878677761106591 289.612338 0.000000
1653878678189355703 428.244692 0.000000
1653878678226852323 37.490996 0.000000
1653878678526420085 299.564108 0.000000
1653878678543502351 17.077064 0.000000
1653878678755445930 211.939572 0.000000
1653878679049723784 294.273357 0.000000
1653878679064223283 14.493883 0.000000
1653878679113697614 49.468367 0.000000
1653878679128384816 14.682900 0.000000
1653878679143294239 14.905969 0.000000
1653878679237661824 94.362050 0.000000
1653878679293669972 56.004284 0.000000
1653878679625813399 332.138890 0.000000
1653878679648837690 23.018816 0.000000
1653878679855591258 206.749204 0.000000
1653878680354232618 498.637553 0.000000
1653878680505562004 151.325501 0.000000
1653878681577606499 1072.040376 0.000000
1653878681615249358 37.639292 0.000000
1653878681635338444 20.084999 0.000000
1653878681769386179 134.043304 0.000000
1653878682155740133 386.349204 0.000000
1653878682524027854 368.283752 0.000000
1653878682672961351 148.930357 0.000000
1653878682739378226 66.412647 0.000000
1653878682857547367 118.164687 0.000000
1653878683239756532 382.204442 0.000000
1653878683279175375 39.414207 0.000000
1653878683298316940 19.136971 0.000000
1653878684035350257 737.030304 0.000000
1653878684142894393 107.538996 0.000000
1653878684516598328 373.700440 0.000000
1653878684972774017 456.171138 0.000000
1653878686007989691 1035.212532 0.000000
1653878686290271672 282.277825 0.000000
1653878686325836897 35.561797 0.000000
1653878686551805596 225.965226 0.000000
1653878686589408565 37.598337 0.000000
1653878686606524536 17.111826 0.000000
1653878686623725837 17.197534 0.000000
1653878686827045259 203.313771 0.000000
1653878687310298281 483.249619 0.000000
1653878687330121139 19.817024 0.000000
1653878687464966835 134.840294 0.000000
1653878687918300719 453.329446 0.000000
1653878687933663601 15.359004 0.000000
1653878688072297162 138.629086 0.000000
1653878688435318267 363.017180 0.000000
1653878688485847344 50.523780 0.000000
1653878688501416629 15.564986 0.000000
1653878688520381650 18.959309 0.000000
1653878688537176493 16.790696 0.000000
1653878688669739277 132.559381 0.000000
1653878688876685603 206.940357 0.000000
1653878689087961954 211.272783 0.000000
1653878689102006018 14.040160 0.000000
1653878689897867464 795.851964 0.000000
1653878690217348368 319.476247 0.000000
1653878690234662156 17.296903 0.000000
1653878690252232459 17.566736 0.000000
1653878690333649503 81.413195 0.000000
1653878690348843302 15.190357 0.000000
1653878690381181686 32.334342 0.000000
1653878690397212909 16.028300 0.000000
1653878690487453564 90.236821 0.000000
1653878690506328393 18.870792 0.000000
1653878691002942737 496.609033 0.000000
1653878691023990214 21.043890 0.000000
1653878691575536593 551.542739 0.000000
1653878692104447489 528.906501 0.000000
1653878693356511374 1252.059166 0.000000
1653878693678026044 321.510723 0.000000
1653878693727255206 49.223983 0.000000
1653878694172262351 445.000968 0.000000
1653878696626713806 2454.447045 0.000000
1653878696648299753 21.582372 0.000000
1653878697327801482 679.497543 0.000000
1653878697348166371 20.359655 0.000000
1653878697859122443 510.951131 0.000000
1653878698422435415 563.308958 0.000000
1653878698519714461 97.274243 0.000000
1653878698786846128 267.127482 0.000000
1653878699647815803 860.965494 0.000000
1653878700211202348 563.381673 0.000000
1653878700289354151 78.147603 0.000000
1653878700308814838 19.456176 0.000000
1653878700475203491 166.384191 0.000000
1653878701359685211 884.476752 0.000000
1653878701378824305 19.134596 0.000000
1653878701960759138 581.930928 0.000000
1653878702264357709 303.594793 0.000000
1653878702527073874 262.711361 0.000000
1653878702628251125 101.172365 0.000000
1653878702906756667 278.500667 0.000000
1653878703344667077 437.906094 0.000000
1653878703581489866 236.817130 0.000000
1653878703597813260 16.319082 0.000000
1653878703889294368 291.477445 0.000000
1653878704494414619 605.116169 0.000000
1653878705066989032 572.568959 0.000000
1653878705185762065 118.760570 0.000000
1653878705208819855 23.053202 0.000000
1653878705228113959 19.289910 0.000000
1653878705247649943 19.531769 0.000000
1653878705267189876 19.536287 0.000000
1653878705547909640 280.714878 0.000000
1653878705897557953 349.644066 0.000000
1653878706158209561 260.647412 0.000000
1653878707042981401 884.768468 0.000000
1653878707187732394 144.745706 0.000000
1653878707403806024 216.067549 0.000000
1653878707593506933 189.696661 0.000000
1653878707698377411 104.865569 0.000000
1653878708212083207 513.701918 0.000000
1653878709452879229 1240.791054 0.000000
1653878710239057568 786.173830 0.000000
1653878710322182449 83.120289 0.000000
1653878710717939933 395.752412 0.000000
1653878710900822957 182.878833 0.000000
1653878711225229655 324.402692 0.000000
1653878712115111007 889.876778 0.000000
1653878712564707055 449.591533 0.000000
1653878712742943066 178.230503 0.000000
1653878713057955744 315.006348 0.000000
1653878713432923305 374.963793 0.000000
1653878715100053553 1667.126477 0.000000
1653878715828818470 728.759874 0.000000
1653878715871794130 42.971856 0.000000
1653878716153496502 281.698233 0.000000
1653878716329237677 175.736222 0.000000
1653878716431268837 102.027361 0.000000
1653878716473506431 42.233551 0.000000
1653878716615366769 141.854531 0.000000
1653878716644058835 28.687688 0.000000
1653878716750311096 106.248063 0.000000
1653878716768760387 18.445986 0.000000
1653878716783357226 14.593261 0.000000
1653878716802829831 19.468481 0.000000
1653878716954271132 151.437079 0.000000
1653878717008854314 54.579688 0.000000
1653878717307117442 298.259718 0.000000
1653878717570968711 263.847470 0.000000
1653878717587544310 16.568859 0.000000
1653878717766212074 178.663100 0.000000
1653878718067692875 301.481949 0.000000
1653878718241982086 174.280287 0.000000
1653878718516913752 274.927375 0.000000
1653878718656011294 139.093366 0.000000
1653878719040874811 384.859115 0.000000
1653878719174189836 133.309645 0.000000
1653878719192550311 18.354729 0.000000
1653878719412091361 219.534239 0.000000
1653878719879014916 466.918323 0.000000
1653878719897576210 18.556253 0.000000
1653878720433561864 535.982191 0.000000
1653878720878587656 445.021039 0.000000
1653878720952412898 73.819956 0.000000
1653878721348012338 395.595434 0.000000
1653878721389338515 41.321913 0.000000
1653878721405889643 16.546751 0.000000
1653878721587958278 182.063265 0.000000
1653878721730106160 142.143131 0.000000
1653878721843602578 113.490684 0.000000
1653878721868470163 24.863818 0.000000
1653878722071908144 203.433756 0.000000
1653878722731656042 659.742009 0.000000
1653878722774992494 43.331797 0.000000
1653878722796140490 21.144011 0.000000
1653878723136154646 340.010095 0.000000
1653878723155423976 19.265046 0.000000
1653878723172607068 17.179481 0.000000
1653878723215296942 42.685845 0.000000
1653878723288934691 73.633053 0.000000
1653878723313006406 24.067440 0.000000
1653878723862526847 549.514176 0.000000
1653878723880124914 17.594411 0.000000
1653878724442501478 562.372989 0.000000
1653878724633975638 191.468676 0.000000
1653878724653020917 19.041022 0.000000
1653878725088114050 435.088122 0.000000
1653878725677400294 589.282899 0.000000
1653878725990988972 313.583321 0.000000
1653878726012266111 21.272538 0.000000
1653878726478834568 466.563816 0.000000
1653878726503213334 24.373471 0.000000
1653878726713969313 210.752787 0.000000
1653878726951153248 237.179357 0.000000
1653878727680286031 729.127181 0.000000
1653878728124436547 444.146554 0.000000
1653878728200314468 75.873486 0.000000
1653878728569554871 369.236123 0.000000
1653878728632503051 62.945102 0.000000
1653878729746007661 1113.499522 0.000000
1653878729814057857 68.044236 0.000000
1653878729903014600 88.949922 0.000000
1653878729988622841 85.604337 0.000000
1653878730104346634 115.719260 0.000000
1653878730124242594 19.890242 0.000000
1653878730463415654 339.168979 0.000000
1653878730485830100 22.410532 0.000000
1653878730504692104 18.858800 0.000000
1653878731866044739 1361.348771 0.000000
1653878731966583888 100.533683 0.000000
1653878732315891389 349.302597 0.000000
1653878732693350327 377.454205 0.000000
1653878732990026205 296.669456 0.000000
1653878733066615211 76.584707 0.000000
1653878733528690110 462.070772 0.000000
1653878733749709607 221.014977 0.000000
1653878734152166573 402.452486 0.000000
1653878734440109766 287.937899 0.000000
1653878734656359673 216.243665 0.000000
1653878735032831513 376.467789 0.000000
1653878735524126795 491.289838 0.000000
1653878735687768856 163.637191 0.000000
1653878735711398452 23.621672 0.000000
1653878735961128847 249.726616 0.000000
1653878736136106751 174.973736 0.000000
1653878736229682094 93.569802 0.000000
1653878736351111659 121.426130 0.000000
1653878737645102117 1293.986038 0.000000
1653878738426774933 781.667233 0.000000
1653878738650904518 224.125530 0.000000
1653878738676504511 25.596861 0.000000
1653878738764213926 87.705220 0.000000
1653878739076711653 312.493253 0.000000
1653878739175272967 98.556937 0.000000
1653878739192566624 17.289925 0.000000
1653878739214253714 21.683189 0.000000
1653878739461504762 247.246884 0.000000
1653878739482809212 21.300480 0.000000
1653878739731436606 248.623871 0.000000
1653878739881217009 149.775905 0.000000
1653878740437439741 556.218971 0.000000
1653878740752695460 315.249192 0.000000
1653878740769289910 16.590513 0.000000
1653878740787781190 18.487584 0.000000
1653878740810531419 22.745870 0.000000
1653878741229189404 418.654491 0.000000
1653878741312482971 83.289371 0.000000
1653878741633558320 321.070031 0.000000
1653878741653755464 20.193541 0.000000
1653878741800616611 146.857030 0.000000
1653878742369991118 569.370278 0.000000
1653878742519888812 149.892891 0.000000
1653878742585714566 65.821211 0.000000
1653878742660230580 74.511803 0.000000
1653878742772336714 112.102193 0.000000
1653878743322806625 550.466101 0.000000
1653878743346149022 23.338395 0.000000
1653878743367583526 21.430507 0.000000
1653878744198411017 830.824670 0.000000
1653878744686154691 487.740180 0.000000
1653878744711119381 24.960935 0.000000
1653878744907271499 196.149139 0.000000
1653878745351278855 444.002503 0.000000
1653878745454727038 103.443664 0.000000
1653878745920287608 465.553850 0.000000
1653878745990956399 70.665686 0.000000
1653878746016946803 25.986545 0.000000
1653878746045565366 28.614341 0.000000
1653878746377757981 332.188696 0.000000
1653878746762515928 384.754393 0.000000
1653878747552980139 790.459775 0.000000
1653878747607672659 54.688475 0.000000
1653878748776917045 1169.240491 0.000000
1653878750355423433 1578.500600 0.000000
1653878750380293987 24.866151 0.000000
1653878750954354701 574.056328 0.000000
1653878751113464307 159.105228 0.000000
1653878751536090192 422.620092 0.000000
1653878751915324120 379.229001 0.000000
1653878752668597947 753.268469 0.000000
1653878752713557406 44.955605 0.000000
1653878752996005022 282.443422 0.000000
1653878753311443981 315.433393 0.000000
1653878753640353813 328.905971 0.000000
1653878753987755829 347.397708 0.000000
1653878754011323198 23.562285 0.000000
1653878754437062491 425.735391 0.000000
1653878754457499915 20.430708 0.000000
1653878754490495340 32.991919 0.000000
1653878755584720973 1094.221703 0.000000
1653878755755370305 170.644983 0.000000
1653878755776160678 20.786454 0.000000
1653878755809932973 33.768556 0.000000
1653878755959186713 149.250041 0.000000
1653878755982362852 23.170821 0.000000
1653878756131775526 149.408607 0.000000
1653878756434002674 302.222769 0.000000
1653878756531371331 97.363882 0.000000
1653878756940249826 408.874843 0.000000
1653878757187043764 246.787305 0.000000
1653878757205312466 18.264899 0.000000
1653878757357653163 152.337327 0.000000
1653878757382162468 24.505400 0.000000
1653878757719574554 337.408967 0.000000
1653878757738482022 18.903722 0.000000
1653878758016492493 278.006660 0.000000
1653878758231760569 215.264434 0.000000
1653878758257565248 25.800365 0.000000
1653878758280349350 22.780838 0.000000
1653878758450442175 170.089592 0.000000
1653878758471074571 20.627711 0.000000
1653878759155302696 684.224736 0.000000
1653878760161178388 1005.871912 0.000000
1653878760978454979 817.271716 0.000000
1653878761265010287 286.552119 0.000000
1653878761677245377 412.230646 0.000000
1653878761766172603 88.923277 0.000000
1653878763097974752 1331.798280 0.000000
1653878763243650385 145.671946 0.000000
1653878763750856564 507.202415 0.000000
1653878763776833789 25.973684 0.000000
1653878763890696630 113.858970 0.000000
1653878764041402653 150.701399 0.000000
1653878764316952119 275.543815 0.000000
1653878764345896754 28.940902 0.000000
1653878764493985703 148.085053 0.000000
1653878764517048330 23.057898 0.000000
1653878764773033429 255.981156 0.000000
1653878765153157734 380.120372 0.000000
1653878765363051776 209.889894 0.000000
1653878765633723099 270.666458 0.000000
1653878765870764254 237.036941 0.000000
1653878765911211103 40.442290 0.000000
1653878766290368254 379.153407 0.000000
1653878766358941711 68.570508 0.000000
1653878766739387263 380.440604 0.000000
1653878766823154708 83.763265 0.000000
1653878767071588272 248.428677 0.000000
1653878767405569494 333.978155 0.000000
1653878768180957131 775.383152 0.000000
1653878768448131071 267.168848 0.000000
1653878768510240959 62.105861 0.000000
1653878768909841000 399.596374 0.000000
1653878768995027151 85.180879 0.000000
1653878769210558580 215.527742 0.000000
1653878769674087142 463.524862 0.000000
1653878769760661985 86.570903 0.000000
1653878769976499237 215.831700 0.000000
1653878770097497136 120.993542 0.000000
1653878770829576069 732.074551 0.000000
1653878770853221413 23.641864 0.000000
1653878771073895177 220.670332 0.000000
1653878771105086695 31.187812 0.000000
1653878771327772224 222.681453 0.000000
1653878771723235309 395.459128 0.000000
1653878771779462271 56.221992 0.000000
1653878772207461864 427.994998 0.000000
1653878772689651442 482.185345 0.000000
1653878773285553839 595.898615 0.000000
1653878773527055907 241.496882 0.000000
1653878773904256201 377.196703 0.000000
1653878773930085550 25.824555 0.000000
1653878774474429602 544.339955 0.000000
1653878775188170918 713.737404 0.000000
1653878775216844401 28.668796 0.000000
1653878775847073393 630.226078 0.000000
1653878775955698849 108.620284 0.000000
1653878775976990242 21.287616 0.000000
1653878776002255908 25.262546 0.000000
1653878776734887496 732.627770 0.000000
1653878777061987957 327.095976 0.000000
1653878778018202642 956.209539 0.000000
1653878779103138944 1084.932200 0.000000
1653878779351867561 248.724279 0.000000
1653878779407554357 55.682293 0.000000
1653878780153423217 745.865037 0.000000
1653878780341746914 188.319772 0.000000
1653878780437849561 96.098838 0.000000
1653878780545042927 107.189861 0.000000
1653878781048374544 503.327091 0.000000
1653878781219267851 170.889868 0.000000
1653878781246454236 27.182588 0.000000
1653878781624532049 378.074093 0.000000
1653878781859391541 234.855345 0.000000
1653878781883187923 23.791238 0.000000
1653878782217468846 334.273518 0.000000
1653878782429937167 212.463627 0.000000
1653878782455885774 25.945129 0.000000
1653878782479969684 24.080009 0.000000
1653878782511158382 31.184338 0.000000
1653878782611586514 100.424252 0.000000
1653878782799936359 188.345968 0.000000
1653878782978181373 178.240563 0.000000
1653878783366300362 388.114413 0.000000
1653878783416336897 50.032125 0.000000
1653878783474090065 57.748619 0.000000
1653878783493802789 19.700902 0.000000
1653878783517724620 23.915830 0.000000
1653878784170463770 652.734281 0.000000
1653878784785369064 614.900476 0.000000
1653878784957065333 171.692684 0.000000
1653878785070723153 113.653680 0.000000
1653878785180333946 109.604462 0.000000
1653878785542630682 362.292601 0.000000
1653878785783336409 240.701206 0.000000
1653878785808137090 24.795923 0.000000
1653878786064938754 256.797745 0.000000
1653878786092426574 27.483821 0.000000
1653878786243212881 150.782759 0.000000
1653878786450674031 207.457930 0.000000
1653878786827824460 377.147185 0.000000
1653878786855000339 27.170744 0.000000
1653878787111348961 256.344858 0.000000
1653878787350241312 238.887957 0.000000
1653878787473577895 123.332642 0.000000
1653878787805320210 331.738028 0.000000
1653878787888428219 83.103409 0.000000
1653878788184653451 296.221530 0.000000
1653878788264127055 79.468619 0.000000
1653878788477874911 213.743570 0.000000
1653878788560550396 82.671554 0.000000
1653878788686130934 125.576971 0.000000
1653878788709803718 23.668340 0.000000
1653878789655587145 945.779922 0.000000
1653878789710037477 54.446138 0.000000
1653878790630322392 920.280565 0.000000
1653878790788499200 158.172081 0.000000
1653878791149138338 360.634736 0.000000
1653878791379416288 230.273259 0.000000
1653878791660914498 281.493539 0.000000
1653878791693264873 32.345826 0.000000
1653878792032442875 339.174160 0.000000
1653878792054387040 21.939352 0.000000
1653878792298155185 243.763972 0.000000
1653878792467679515 169.520538 0.000000
1653878792877554675 409.869966 0.000000
1653878793854318455 976.758279 0.000000
1653878794379576687 525.254304 0.000000
1653878794433207208 53.626922 0.000000
1653878794756730899 323.520207 0.000000
1653878794859460180 102.724619 0.000000
1653878794883784324 24.319088 0.000000
1653878795110083644 226.294641 0.000000
1653878795936748843 826.660560 0.000000
1653878795993310973 56.556182 0.000000
1653878796311855683 318.538566 0.000000
1653878796332232049 20.371980 0.000000
1653878796355605948 23.370225 0.000000
1653878796378728787 23.119477 0.000000
1653878796595456135 216.724455 0.000000
1653878796928944376 333.483443 0.000000
1653878797827027495 898.078187 0.000000
1653878797946172545 119.141267 0.000000
1653878798444614794 498.437640 0.000000
1653878798472233378 27.610919 0.000000
1653878799108405839 636.167308 0.000000
1653878799911398753 802.989208 0.000000
1653878800276217683 364.814908 0.000000
1653878800501950792 225.729343 0.000000
1653878801082877985 580.923591 0.000000
1653878801105634097 22.752758 0.000000
1653878802186396304 1080.758162 0.000000
1653878802324107534 137.707088 0.000000
1653878802706834313 382.722797 0.000000
1653878802780574342 73.733039 0.000000
1653878802808564269 27.984952 0.000000
1653878803304085124 495.516922 0.000000
1653878803330586762 26.498607 0.000000
1653878803352241215 21.648716 0.000000
1653878803376848662 24.604758 0.000000
1653878803567917427 191.064322 0.000000
1653878804048570893 480.649696 0.000000
1653878804561672022 513.097576 0.000000
1653878804831490835 269.811950 0.000000
1653878805425273160 593.778945 0.000000
1653878805891098495 465.821584 0.000000
1653878806302143474 411.041245 0.000000
1653878807135313579 833.165288 0.000000
1653878807410686306 275.367018 0.000000
1653878807811029540 400.338640 0.000000
1653878808138649974 327.616827 0.000000
1653878808274051392 135.397128 0.000000
1653878808305317713 31.262367 0.000000
1653878808490277509 184.956752 0.000000
1653878808607005167 116.723344 0.000000
1653878808827099560 220.090572 0.000000
1653878809454779488 627.675783 0.000000
1653878810063122948 608.339277 0.000000
1653878810183594328 120.468001 0.000000
1653878810211755348 28.157494 0.000000
1653878810244404909 32.645859 0.000000
1653878810406885075 162.477140 0.000000
1653878810483075868 76.186962 0.000000
1653878810826253923 343.174652 0.000000
1653878811352319674 526.059540 0.000000
1653878811478607674 126.284195 0.000000
1653878811603589501 124.977380 0.000000
1653878811851623641 248.030853 0.000000
1653878812245060183 393.432646 0.000000
1653878812464318742 219.254183 0.000000
1653878812799290973 334.966719 0.000000
1653878812888922469 89.626897 0.000000
1653878813276619954 387.693197 0.000000
1653878813616717001 340.093147 0.000000
1653878813893028155 276.306991 0.000000
1653878814493587586 600.555175 0.000000
1653878814725921600 232.329282 0.000000
1653878814825675915 99.749905 0.000000
1653878815226033040 400.352399 0.000000
1653878816368576049 1142.537871 0.000000
1653878816401209894 32.630086 0.000000
1653878816543754193 142.541739 0.000000
1653878816677559728 133.801676 0.000000
1653878817111706544 434.142666 0.000000
1653878817174518946 62.808693 0.000000
1653878817205128853 30.606076 0.000000
1653878817608535140 403.401501 0.000000
1653878817637056416 28.514658 0.000000
1653878817767743298 130.683673 0.000000
1653878817803299186 35.552847 0.000000
1653878818202119634 398.815810 0.000000
1653878818228295215 26.170169 0.000000
1653878818957017133 728.717839 0.000000
1653878819031220262 74.198213 0.000000
1653878819187886930 156.662609 0.000000
1653878819627497148 439.606998 0.000000
1653878819903971174 276.469791 0.000000
1653878820356521761 452.546388 0.000000
1653878820599679671 243.153807 0.000000
1653878820875729941 276.046006 0.000000
1653878820998253581 122.517850 0.000000
1653878821107271946 109.014007 0.000000
1653878821214781820 107.504622 0.000000
1653878821245649324 30.864222 0.000000
1653878821545333844 299.680788 0.000000
1653878822219337378 673.999316 0.000000
1653878822784332035 564.990053 0.000000
1653878822948562346 164.225445 0.000000
1653878822973514317 24.947822 0.000000
1653878823032436626 58.919084 0.000000
1653878823355982684 323.540867 0.000000
1653878823412011693 56.025716 0.000000
1653878824111920070 699.904617 0.000000
1653878826063024226 1951.099945 0.000000
1653878826240585072 177.553430 0.000000
1653878826696610938 456.021351 0.000000
1653878826725508753 28.891125 0.000000
1653878827371989020 646.476360 0.000000
1653878827422521662 50.528880 0.000000
1653878827661027565 238.501126 0.000000
1653878827685326464 24.295154 0.000000
1653878827991076223 305.744763 0.000000
1653878828187343908 196.263542 0.000000
1653878828568982533 381.633639 0.000000
1653878828685647743 116.661421 0.000000
1653878828862130345 176.477136 0.000000
1653878828996867798 134.733534 0.000000
1653878829134732878 137.860319 0.000000
1653878829357661334 222.925206 0.000000
1653878829391621720 33.956825 0.000000
1653878829429825562 38.200605 0.000000
1653878830071612936 641.783878 0.000000
1653878830805733533 734.116213 0.000000
1653878831018327803 212.572049 0.000000
1653878831041276061 22.941349 0.000000
1653878831070636767 29.357190 0.000000
1653878831180071182 109.429564 0.000000
1653878831453763119 273.687369 0.000000
1653878831478985690 25.218200 0.000000
1653878831758512113 279.522055 0.000000
1653878832341412177 582.896245 0.000000
1653878832376353403 34.937229 0.000000
1653878833283611720 907.254674 0.000000
1653878833364345260 80.729250 0.000000
1653878833859830360 495.480359 0.000000
1653878833905342133 45.505921 0.000000
1653878833935942984 30.596285 0.000000
1653878833965154445 29.184979 0.000000
1653878834585583941 620.425669 0.000000
1653878834706595094 121.005297 0.000000
1653878834897861189 191.262467 0.000000
1653878835142010055 244.144522 0.000000
1653878835198474911 56.460762 0.000000
1653878835669058864 470.580160 0.000000
1653878835764901065 95.838001 0.000000
1653878836680195846 915.290691 0.000000
1653878836928025983 247.826910 0.000000
1653878837492106554 564.076086 0.000000
1653878837641449745 149.339530 0.000000
1653878837713596479 72.139362 0.000000
1653878837767819583 54.218664 0.000000
1653878837791977958 24.154358 0.000000
1653878838470759433 678.778456 0.000000
1653878838648640421 177.876372 0.000000
1653878839397117282 748.472528 0.000000
1653878839460547798 63.427196 0.000000
1653878839488242547 27.691099 0.000000
1653878839615947301 127.699565 0.000000
1653878840251170888 635.219180 0.000000
1653878840366605735 115.430956 0.000000
1653878841197815560 831.205865 0.000000
1653878841522652156 324.832534 0.000000
1653878841624514240 101.857445 0.000000
1653878842357361335 732.836706 0.000000
1653878842499713161 142.346945 0.000000
1653878842746539103 246.822161 0.000000
1653878843004950759 258.408024 0.000000
1653878843273096652 268.140036 0.000000
1653878844172124002 899.023907 0.000000
1653878844296922204 124.793964 0.000000
1653878844800382537 503.455923 0.000000
1653878845487950301 687.564048 0.000000
1653878846007311223 519.356987 0.000000
1653878846270337786 263.022257 0.000000
1653878846709805051 439.463422 0.000000
1653878846741841409 32.032049 0.000000
1653878846934596152 192.750992 0.000000
1653878847688746245 754.146609 0.000000
1653878848186258167 497.506798 0.000000
1653878848623246152 436.982883 0.000000
1653878848899887872 276.636998 0.000000
1653878848930951485 31.054987 0.000000
1653878849278684644 347.729105 0.000000
1653878849832078392 553.389954 0.000000
1653878850223754609 391.672234 0.000000
1653878850665576756 441.818734 0.000000
1653878851268058661 602.478512 0.000000
1653878852681066037 1413.002968 0.000000
1653878852996897689 315.827049 0.000000
1653878853110018005 113.115632 0.000000
1653878853198929510 88.907595 0.000000
1653878853323192201 124.257678 0.000000
1653878853755227874 432.030340 0.000000
1653878853885310445 130.078687 0.000000
1653878854045408128 160.093633 0.000000
1653878854129398332 83.986166 0.000000
1653878854203886885 74.484415 0.000000
1653878854293267968 89.377174 0.000000
1653878854494329855 201.057592 0.000000
1653878855756588497 1262.254356 0.000000
1653878856040361442 283.768232 0.000000
1653878856102452940 62.087679 0.000000
1653878856700050455 597.593398 0.000000
1653878856738702576 38.648706 0.000000
1653878857142489742 403.770889 0.000000
1653878857264567920 122.074416 0.000000
1653878857430046316 165.473638 0.000000
1653878857518744952 88.694877 0.000000
1653878857986359614 467.610775 0.000000
1653878858079747749 93.384058 0.000000
1653878858194065687 114.314578 0.000000
1653878858219998360 25.928306 0.000000
1653878858357787007 137.783550 0.000000
1653878858706417360 348.626645 0.000000
1653878859012509364 306.086459 0.000000
1653878859046277006 33.763768 0.000000
1653878859228744317 182.463590 0.000000
1653878859253177249 24.427230 0.000000
1653878859440270538 187.089286 0.000000
1653878859581374276 141.098096 0.000000
1653878859610099981 28.721394 0.000000
1653878860060916873 450.813592 0.000000
1653878860090186199 29.263588 0.000000
1653878860482293921 392.103931 0.000000
1653878861044542979 562.244216 0.000000
1653878861412448837 367.902303 0.000000
1653878861694788147 282.334929 0.000000
1653878861906806464 212.015023 0.000000
1653878861994346780 87.536119 0.000000
1653878862325050535 330.699176 0.000000
1653878862459492865 134.439041 0.000000
1653878862646774137 187.277310 0.000000
1653878862790724721 143.946655 0.000000
1653878863625551119 834.822449 0.000000
1653878863652515853 26.961183 0.000000
1653878863872698312 220.178750 0.000000
1653878863959131370 86.428761 0.000000
1653878864123028222 163.891572 0.000000
1653878864247204166 124.171015 0.000000
1653878864273302503 26.094223 0.000000
1653878864415024286 141.718344 0.000000
1653878864963064759 548.036822 0.000000
1653878865259364008 296.294821 0.000000
1653878865308467674 49.098574 0.000000
1653878865340837056 32.363719 0.000000
1653878865410685265 69.844982 0.000000
1653878865762518140 351.829287 0.000000
1653878865837514039 74.991802 0.000000
1653878866231101966 393.584220 0.000000
1653878867233274519 1002.167547 0.000000
1653878867263056584 29.777918 0.000000
1653878867432818190 169.757197 0.000000
1653878867548341848 115.520108 0.000000
1653878867968857900 420.512352 0.000000
1653878868044984945 76.123096 0.000000
1653878868145825180 100.836400 0.000000
1653878868237794130 91.965125 0.000000
1653878868263378991 25.579404 0.000000
1653878868304833329 41.451203 0.000000
1653878868768281715 463.444863 0.000000
1653878869660331511 892.045622 0.000000
1653878870348893896 688.558962 0.000000
1653878870376263779 27.365579 0.000000
1653878870635819895 259.552899 0.000000
1653878870835113260 199.289047 0.000000
1653878871251835120 416.714130 0.000000
1653878871347435533 95.594217 0.000000
1653878871458530721 111.091157 0.000000
1653878871487090741 28.555870 0.000000
1653878871992366113 505.271467 0.000000
1653878872178201401 185.829904 0.000000
1653878872393985026 215.779049 0.000000
1653878873060612986 666.623819 0.000000
1653878873094376285 33.758728 0.000000
1653878873352665542 258.285265 0.000000
1653878873806040576 453.370443 0.000000
1653878874332000610 525.955731 0.000000
1653878875775312131 1443.306874 0.000000
1653878875822498712 47.181627 0.000000
1653878876523839339 701.336646 0.000000
1653878876808824073 284.981098 0.000000
1653878877427601650 618.773540 0.000000
1653878877531536666 103.930011 0.000000
1653878877711447374 179.906861 0.000000
1653878877889980971 178.530172 0.000000
1653878878003454464 113.469866 0.000000
1653878878226386077 222.926834 0.000000
1653878878254202084 27.811839 0.000000
1653878878848419865 594.212964 0.000000
1653878878958941480 110.516739 0.000000
1653878878992505005 33.559084 0.000000
1653878879164656233 172.146572 0.000000
1653878879879963153 715.300991 0.000000
1653878880365701698 485.733912 0.000000
1653878880953434407 587.728479 0.000000
1653878881047201578 93.761402 0.000000
1653878881584378071 537.171945 0.000000
1653878881718268154 133.885790 0.000000
1653878882014905996 296.633966 0.000000
1653878882239544838 224.634833 0.000000
1653878882780439612 540.889098 0.000000
1653878883133669961 353.225382 0.000000
1653878883482096007 348.422385 0.000000
1653878883822282621 340.182558 0.000000
1653878883999927081 177.640274 0.000000
1653878884247368736 247.438090 0.000000
1653878884351780724 104.408242 0.000000
1653878884452630721 100.845203 0.000000
1653878885083671416 631.035754 0.000000
1653878885698023924 614.348215 0.000000
1653878885773926790 75.898606 0.000000
1653878885849466468 75.535126 0.000000
1653878885917853880 68.383504 0.000000
1653878885968188286 50.329430 0.000000
1653878885999338494 31.146323 0.000000
1653878887004717910 1005.375198 0.000000
1653878887120308534 115.587151 0.000000
1653878887165077465 44.765105 0.000000
1653878887713782534 548.702141 0.000000
1653878887813647975 99.860051 0.000000
1653878887989449854 175.796627 0.000000
1653878889184879622 1195.424369 0.000000
1653878889212874302 27.988223 0.000000
1653878889566626880 353.748943 0.000000
1653878889599274014 32.643421 0.000000
1653878889724886036 125.607043 0.000000
1653878889877093388 152.203224 0.000000
1653878889908738580 31.639958 0.000000
1653878890762100072 853.358168 0.000000
1653878890800451133 38.347370 0.000000
1653878890991134874 190.680094 0.000000
1653878891044257293 53.117343 0.000000
1653878891278718609 234.458352 0.000000
1653878891372855537 94.132910 0.000000
1653878891484250997 111.391463 0.000000
1653878891514459569 30.205165 0.000000
