1653878597097193428 673.987772 0.000000
1653878597243296726 146.093933 0.000000
1653878597397013327 153.713167 0.000000
1653878597515180175 118.162897 0.000000
1653878598109392630 594.207674 0.000000
1653878598128438212 19.040839 0.000000
1653878598261044832 132.602691 0.000000
1653878598467246492 206.195906 0.000000
1653878598475410963 8.158433 0.000000
1653878598481049367 5.633611 0.000000
1653878598489774614 8.720721 0.000000
1653878598668672088 178.893373 0.000000
1653878598883568705 214.892258 0.000000
1653878598891198745 7.626075 0.000000
1653878598900014929 8.811668 0.000000
1653878598907925048 7.906646 0.000000
1653878598914658956 6.729578 0.000000
1653878598958800750 44.129156 0.000000
1653878599055674750 96.868258 0.000000
1653878599063373215 7.693161 0.000000
1653878600068586983 1005.209322 0.000000
1653878600075332746 6.740892 0.000000
1653878600455967001 380.630775 0.000000
1653878600461206416 5.235443 0.000000
1653878600692316998 231.106460 0.000000
1653878600700060155 7.739320 0.000000
1653878601102575969 402.512398 0.000000
1653878601113284614 10.704601 0.000000
1653878601440748423 327.460281 0.000000
1653878601460926970 20.174498 0.000000
1653878601467877616 6.947018 0.000000
1653878601475143533 7.262437 0.000000
1653878601480888343 5.741739 0.000000
1653878601486637533 5.746426 0.000000
1653878601492755189 6.114154 0.000000
1653878601644247665 151.488551 0.000000
1653878601653920973 9.667801 0.000000
1653878601668595533 14.670470 0.000000
1653878601675203676 6.602971 0.000000
1653878601680491651 5.283477 0.000000
1653878601687043396 6.546243 0.000000
1653878601694147922 7.101016 0.000000
1653878601700495227 6.343827 0.000000
1653878601707762926 7.263694 0.000000
1653878601713167035 5.401167 0.000000
1653878602021578045 308.406805 0.000000
1653878602031166234 9.583488 0.000000
1653878602088217203 57.046895 0.000000
1653878602105233661 17.013027 0.000000
1653878602114541800 9.303152 0.000000
1653878602346832116 232.286547 0.000000
1653878602351093103 4.254438 0.000000
1653878602361759560 10.661471 0.000000
1653878602370968139 9.205100 0.000000
1653878602377251672 6.277972 0.000000
1653878602494425001 117.170257 0.000000
1653878602589584268 95.155810 0.000000
1653878602596681132 7.092918 0.000000
1653878602601692562 5.008198 0.000000
1653878602629699228 28.001867 0.000000
1653878602636532340 6.829304 0.000000
1653878602716600355 80.064671 0.000000
1653878602975310023 258.706344 0.000000
1653878602981641673 6.325147 0.000000
1653878602989168084 7.522540 0.000000
1653878602994321819 5.151033 0.000000
1653878603282724686 288.399483 0.000000
1653878603720311615 437.582114 0.000000
1653878603730867061 10.550932 0.000000
1653878603736828433 5.957400 0.000000
1653878603743911415 7.078161 0.000000
1653878604187300284 443.386015 0.000000
1653878604193699343 6.395828 0.000000
1653878604200840062 7.138638 0.000000
1653878604208319451 7.475767 0.000000
1653878604216560985 8.236947 0.000000
1653878604342134484 125.570254 0.000000
1653878604350314653 8.174986 0.000000
1653878604508976228 158.657905 0.000000
1653878604516527441 7.545411 0.000000
1653878604641109903 124.579549 0.000000
1653878604646410829 5.297568 0.000000
1653878604771882199 125.467005 0.000000
1653878604777108429 5.220055 0.000000
1653878604874719302 97.604976 0.000000
1653878604880490252 5.767513 0.000000
1653878605287914624 407.419996 0.000000
1653878605345008063 57.088706 0.000000
1653878605352530651 7.517135 0.000000
1653878605507188478 154.654529 0.000000
1653878605518483384 11.269555 0.000000
1653878605525686546 7.197258 0.000000
1653878605637569219 111.879650 0.000000
1653878606037608665 400.034560 0.000000
1653878606049179718 11.565876 0.000000
1653878606206953713 157.767770 0.000000
1653878606214348441 7.389693 0.000000
1653878606222148234 7.797167 0.000000
1653878606311288729 89.137433 0.000000
1653878606320637698 9.343047 0.000000
1653878606602427345 281.784713 0.000000
1653878606915434115 313.002174 0.000000
1653878606921796627 6.359898 0.000000
1653878606926271847 4.473477 0.000000
1653878606954175523 27.902176 0.000000
1653878606970885388 16.705641 0.000000
1653878606978359610 7.470632 0.000000
1653878607183043865 204.681371 0.000000
1653878607333243944 150.194783 0.000000
1653878607401745758 68.497727 0.000000
1653878607454238964 52.488439 0.000000
1653878607471266357 17.021342 0.000000
1653878607773151814 301.882019 0.000000
1653878607782227141 9.069162 0.000000
1653878608254054829 471.823771 0.000000
1653878608261556010 7.488895 0.000000
1653878609096373790 834.812833 0.000000
1653878609330979260 234.599168 0.000000
1653878609337444522 6.461809 0.000000
1653878609511285655 173.832886 0.000000
1653878609525299564 14.008971 0.000000
1653878609536063866 10.760779 0.000000
1653878609585926478 49.857421 0.000000
1653878609593196029 7.264681 0.000000
1653878609601397345 8.197553 0.000000
1653878610195833108 594.432261 0.000000
1653878610215572012 19.734047 0.000000
1653878610571472935 355.897762 0.000000
1653878610800178980 228.700830 0.000000
1653878610918117481 117.933920 0.000000
1653878611055447004 137.324718 0.000000
1653878611136439532 80.987015 0.000000
1653878611148676255 12.233178 0.000000
1653878611241513458 92.833671 0.000000
1653878611279596534 38.078926 0.000000
1653878611392995278 113.394706 0.000000
1653878611808981053 415.981912 0.000000
1653878611821420497 12.434073 0.000000
1653878611831312150 9.886739 0.000000
1653878612219002687 387.686114 0.000000
1653878612230740503 11.724187 0.000000
1653878612280988954 50.246060 0.000000
1653878612531287029 250.293576 0.000000
1653878612688053560 156.762606 0.000000
1653878612793294422 105.237496 0.000000
1653878612807261977 13.961957 0.000000
1653878612930659328 123.392059 0.000000
1653878612938117768 7.453024 0.000000
1653878612957285250 19.163485 0.000000
1653878613019603501 62.314330 0.000000
1653878613025679480 6.072454 0.000000
1653878613241818633 216.136042 0.000000
1653878613251466750 9.644373 0.000000
1653878613363373669 111.901105 0.000000
1653878613391961912 28.581182 0.000000
1653878613567613277 175.647261 0.000000
1653878613576445379 8.827252 0.000000
1653878613585466836 9.016632 0.000000
1653878613594726621 9.256320 0.000000
1653878613602136011 7.405404 0.000000
1653878613726684017 124.544624 0.000000
1653878614097472366 370.782300 0.000000
1653878614549460143 451.983025 0.000000
1653878615437624307 888.158982 0.000000
1653878615480001991 42.372980 0.000000
1653878615488352829 8.346243 0.000000
1653878615626523913 138.167186 0.000000
1653878615636601599 10.073231 0.000000
1653878615771189404 134.583755 0.000000
1653878616095946097 324.752488 0.000000
1653878616453920677 357.970931 0.000000
1653878616539732246 85.806789 0.000000
1653878617128658790 588.922192 0.000000
1653878617536656371 407.991711 0.000000
1653878617547179408 10.518610 0.000000
1653878617557664048 10.480602 0.000000
1653878617718341598 160.673741 0.000000
1653878617834780629 116.434601 0.000000
1653878617843077242 8.291391 0.000000
1653878617953546586 110.465390 0.000000
1653878617981272031 27.720478 0.000000
1653878617990139513 8.861843 0.000000
1653878618053445642 63.302150 0.000000
1653878618581464723 528.013855 0.000000
1653878618715791383 134.320560 0.000000
1653878618881496060 165.699874 0.000000
1653878619105991055 224.488916 0.000000
1653878619115048130 9.051853 0.000000
1653878619133716580 18.658202 0.000000
1653878619142016327 8.295754 0.000000
1653878619151749162 9.729599 0.000000
1653878619162103779 10.351288 0.000000
1653878619482052235 319.945290 0.000000
1653878619492433220 10.376667 0.000000
1653878619776052776 283.615780 0.000000
1653878620423245547 647.187008 0.000000
1653878620544142975 120.892511 0.000000
1653878620888345269 344.196656 0.000000
1653878620944633089 56.281840 0.000000
1653878620956241056 11.603130 0.000000
1653878620997953422 41.708401 0.000000
1653878621176001354 178.042930 0.000000
1653878621300536323 124.528694 0.000000
1653878621348428825 47.887377 0.000000
1653878621892792022 544.357940 0.000000
1653878622027421547 134.625528 0.000000
1653878622778748425 751.321672 0.000000
1653878622821820322 43.066942 0.000000
1653878622999618516 177.792543 0.000000
1653878623245802929 246.179607 0.000000
1653878623353029597 107.221774 0.000000
1653878623600180027 247.145074 0.000000
1653878623675691865 75.506216 0.000000
1653878623688701260 13.004930 0.000000
1653878624235837968 547.131424 0.000000
1653878624807229623 571.386569 0.000000
1653878625022203678 214.970558 0.000000
1653878625147232731 125.023574 0.000000
1653878625704040834 556.803364 0.000000
1653878626102402504 398.355676 0.000000
1653878626118428932 16.019813 0.000000
1653878626329323029 210.889671 0.000000
1653878626466868512 137.539354 0.000000
1653878626543524533 76.650934 0.000000
1653878626755011650 211.482430 0.000000
1653878626766555580 11.537596 0.000000
1653878626788766392 22.206822 0.000000
1653878627688704769 899.933994 0.000000
1653878627885143170 196.433329 0.000000
1653878628042596517 157.449261 0.000000
1653878628210810353 168.207546 0.000000
1653878628506855094 296.039910 0.000000
1653878628734297474 227.435895 0.000000
1653878629626347713 892.045152 0.000000
1653878629642897406 16.544378 0.000000
1653878629668413898 25.512423 0.000000
1653878629679906637 11.487293 0.000000
1653878629690479104 10.567825 0.000000
1653878629778468597 87.985896 0.000000
1653878630071609275 293.136785 0.000000
1653878630088994114 17.379574 0.000000
1653878630504323776 415.325587 0.000000
1653878630784283208 279.954760 0.000000
1653878631068026182 283.737482 0.000000
1653878631080160396 12.128179 0.000000
1653878631133816700 53.651508 0.000000
1653878631539799422 405.977399 0.000000
1653878631550265617 10.460593 0.000000
1653878631972901759 422.631897 0.000000
1653878632227571606 254.664670 0.000000
1653878632362646032 135.069074 0.000000
1653878632380980566 18.328895 0.000000
1653878632811529238 430.544027 0.000000
1653878632854797430 43.263396 0.000000
1653878633148004817 293.200701 0.000000
1653878633164756306 16.746327 0.000000
1653878633639401946 474.641109 0.000000
1653878633973674854 334.267866 0.000000
1653878633984166730 10.487534 0.000000
1653878634083603255 99.432918 0.000000
1653878634114500136 30.890822 0.000000
1653878634126338791 11.833849 0.000000
1653878634138196970 11.853492 0.000000
1653878634152481406 14.279749 0.000000
1653878634185626818 33.140929 0.000000
1653878634437453468 251.820747 0.000000
1653878634463162671 25.704011 0.000000
1653878634475272252 12.104503 0.000000
1653878634487444383 12.168233 0.000000
1653878634628642711 141.193426 0.000000
1653878634641146274 12.498235 0.000000
1653878634912080084 270.928871 0.000000
1653878634933747391 21.663748 0.000000
1653878635030713304 96.961824 0.000000
1653878635344132879 313.414277 0.000000
1653878635359668828 15.521355 0.000000
1653878635372391633 12.718031 0.000000
1653878635385183137 12.787921 0.000000
1653878635398367960 13.180151 0.000000
1653878635409764761 11.392401 0.000000
1653878635424388132 14.620490 0.000000
1653878635575010347 150.617804 0.000000
1653878635586876675 11.861017 0.000000
1653878635598712706 11.833652 0.000000
1653878635609026723 10.309011 0.000000
1653878635690669465 81.639864 0.000000
1653878635702167924 11.492293 0.000000
1653878635841928478 139.756003 0.000000
1653878635857412873 15.477915 0.000000
1653878636128055099 270.636276 0.000000
1653878636266926018 138.866345 0.000000
1653878636277931850 11.000734 0.000000
1653878636287315516 9.379279 0.000000
1653878636311189594 23.870339 0.000000
1653878636392849760 81.656193 0.000000
1653878636403533221 10.677653 0.000000
1653878636433231653 29.694026 0.000000
1653878636444085129 10.849250 0.000000
1653878636598776036 154.687361 0.000000
1653878636648932916 50.150279 0.000000
1653878637005156832 356.219265 0.000000
1653878637034771420 29.610427 0.000000
1653878637049013387 14.237832 0.000000
1653878637062708753 13.691603 0.000000
1653878637256562812 193.851164 0.000000
1653878637345003036 88.434260 0.000000
1653878637361747921 16.740262 0.000000
1653878637480956424 119.204354 0.000000
1653878638133254272 652.292937 0.000000
1653878638230102991 96.842491 0.000000
1653878638496731982 266.623465 0.000000
1653878638562672975 65.936673 0.000000
1653878638978733114 416.055278 0.000000
1653878639042862607 64.124025 0.000000
1653878639059771068 16.903405 0.000000
1653878639342961140 283.184620 0.000000
1653878639357896644 14.929199 0.000000
1653878639808750737 450.849397 0.000000
1653878639892090316 83.332784 0.000000
1653878640808561824 916.466747 0.000000
1653878640881122362 72.556001 0.000000
1653878641030516034 149.388835 0.000000
1653878641140645566 110.124368 0.000000
1653878641253067828 112.417185 0.000000
1653878641266448584 13.376369 0.000000
1653878641277850223 11.398012 0.000000
1653878641354298632 76.445688 0.000000
1653878641365339625 11.037184 0.000000
1653878641720585074 355.241394 0.000000
1653878642126830943 406.240983 0.000000
1653878642405700036 278.864217 0.000000
1653878642497773232 92.069151 0.000000
1653878642687237729 189.458849 0.000000
1653878642700279718 13.036120 0.000000
1653878642715974093 15.689288 0.000000
1653878643002865801 286.884968 0.000000
1653878643131783052 128.910380 0.000000
1653878643550791362 419.004236 0.000000
1653878643695795970 144.999471 0.000000
1653878643713657743 17.856961 0.000000
1653878643726998512 13.336536 0.000000
1653878643775502770 48.500139 0.000000
1653878643949798126 174.288951 0.000000
1653878643960329181 10.526124 0.000000
1653878643974360050 14.026508 0.000000
1653878644040456840 66.092943 0.000000
1653878644071200740 30.737776 0.000000
1653878644100937310 29.731734 0.000000
1653878644208155301 107.213660 0.000000
1653878644254100626 45.939843 0.000000
1653878644526210858 272.106461 0.000000
1653878644538467835 12.252463 0.000000
1653878644665896809 127.425103 0.000000
1653878644678472203 12.569043 0.000000
1653878644946971488 268.494810 0.000000
1653878645419197020 472.220993 0.000000
1653878645709312696 290.109602 0.000000
1653878645724076771 14.757456 0.000000
1653878645874529656 150.429224 0.000000
1653878645884980833 10.446633 0.000000
1653878646236475848 351.489958 0.000000
1653878646272283237 35.803115 0.000000
1653878646542473236 270.185727 0.000000
1653878646713588681 171.110394 0.000000
1653878648227884229 1514.290851 0.000000
1653878648241209474 13.320650 0.000000
1653878648252324236 11.110669 0.000000
1653878648266409260 14.082945 0.000000
1653878648323528423 57.114525 0.000000
1653878648476692608 153.158346 0.000000
1653878648682133469 205.435163 0.000000
1653878648698678822 16.539884 0.000000
1653878648713672158 14.990428 0.000000
1653878648768720941 55.044267 0.000000
1653878649108472046 339.746735 0.000000
1653878649196793989 88.317031 0.000000
1653878649270534889 73.735818 0.000000
1653878649457862154 187.322093 0.000000
1653878650258829300 800.962094 0.000000
1653878650393894052 135.059110 0.000000
1653878650444682025 50.781274 0.000000
1653878650534830426 90.144311 0.000000
1653878650550704715 15.865032 0.000000
1653878650737050623 186.342436 0.000000
1653878650922840766 185.784584 0.000000
1653878651340336072 417.489813 0.000000
1653878651750860182 410.520412 0.000000
1653878651945117633 194.252965 0.000000
1653878651997896664 52.773582 0.000000
1653878652151297883 153.396834 0.000000
1653878652283805520 132.502448 0.000000
1653878652305286124 21.473218 0.000000
1653878652338566677 33.274128 0.000000
1653878653170127958 831.556420 0.000000
1653878653841204329 671.070773 0.000000
1653878654012734611 171.524458 0.000000
1653878654032291982 19.552839 0.000000
1653878654393291282 360.995204 0.000000
1653878654492723499 99.427659 0.000000
1653878654510783771 18.054633 0.000000
1653878655231656350 720.869137 0.000000
1653878655372111089 140.450509 0.000000
1653878655579694124 207.578455 0.000000
1653878656002182707 422.482164 0.000000
1653878656032050743 29.862272 0.000000
1653878656244936738 212.880674 0.000000
1653878656307358753 62.416669 0.000000
1653878656476387208 169.023508 0.000000
1653878656862253211 385.860355 0.000000
1653878656900676511 38.418644 0.000000
1653878656918076775 17.395102 0.000000
1653878656938010663 19.929545 0.000000
1653878657238376666 300.358713 0.000000
1653878657594715354 356.333479 0.000000
1653878657610087514 15.368927 0.000000
1653878657642612784 32.521052 0.000000
1653878657927152230 284.535288 0.000000
1653878657963276226 36.116390 0.000000
1653878658223073660 259.790633 0.000000
1653878658499221438 276.143051 0.000000
1653878658522332605 23.104783 0.000000
1653878658659198992 136.862256 0.000000
1653878658694952412 35.748660 0.000000
1653878659040537401 345.581313 0.000000
1653878659052759513 12.215933 0.000000
1653878659065543798 12.779999 0.000000
1653878659078366166 12.818430 0.000000
1653878659089626173 11.256402 0.000000
1653878659122834174 33.204883 0.000000
1653878659233594661 110.755819 0.000000
1653878659747809542 514.209873 0.000000
1653878659761571293 13.757745 0.000000
1653878659833892425 72.316934 0.000000
1653878660378153051 544.255732 0.000000
1653878660965702636 587.543611 0.000000
1653878661419459500 453.752003 0.000000
1653878661474595527 55.130746 0.000000
1653878661507478093 32.877620 0.000000
1653878661761260114 253.777954 0.000000
1653878662699793749 938.528103 0.000000
1653878663152953915 453.155036 0.000000
1653878663376412744 223.453040 0.000000
1653878663392310941 15.892590 0.000000
1653878663431454700 39.139904 0.000000
1653878663479224251 47.765199 0.000000
1653878663544425686 65.198520 0.000000
1653878663558622502 14.191634 0.000000
1653878663595129334 36.503658 0.000000
1653878663726504012 131.368113 0.000000
1653878664255890245 529.381637 0.000000
1653878664582408999 326.513627 0.000000
1653878664711956052 129.541833 0.000000
1653878665245564229 533.603442 0.000000
1653878666122942600 877.373868 0.000000
1653878666544678444 421.730959 0.000000
1653878666941174634 396.493014 0.000000
1653878667323000348 381.819154 0.000000
1653878667542854219 219.848884 0.000000
1653878668134645632 591.786286 0.000000
1653878668153121567 18.469205 0.000000
1653878668171706932 18.580907 0.000000
1653878668982162335 810.450971 0.000000
1653878669324864675 342.697373 0.000000
1653878669425735092 100.865121 0.000000
1653878669919416161 493.676093 0.000000
1653878669936091941 16.669189 0.000000
1653878670021972546 85.878114 0.000000
1653878670038932978 16.955249 0.000000
1653878670054121487 15.183100 0.000000
1653878670906620873 852.494894 0.000000
1653878671960960534 1054.333306 0.000000
1653878672325803419 364.837304 0.000000
1653878672469630686 143.823586 0.000000
1653878672490529165 20.892401 0.000000
1653878672551825830 61.292255 0.000000
1653878672643556717 91.724604 0.000000
1653878673052182726 408.620774 0.000000
1653878673126307268 74.119235 0.000000
1653878673173454769 47.141673 0.000000
1653878673424282344 250.823672 0.000000
1653878673964247058 539.958642 0.000000
1653878673982326469 18.072725 0.000000
1653878674481543484 499.211365 0.000000
1653878674528851682 47.302932 0.000000
1653878674975306335 446.449527 0.000000
1653878675207145854 231.834281 0.000000
1653878675319702429 112.550330 0.000000
1653878675742805357 423.097671 0.000000
1653878675909177673 166.366964 0.000000
1653878676280152459 370.970103 0.000000
1653878676810213503 530.057000 0.000000
1653878676827090167 16.872406 0.000000
1653878676844669869 17.574189 0.000000
1653878677665385237 820.710781 0.000000
1653878677702422816 37.032001 0.000000
1653878677825078847 122.649371 0.000000
1653878677845596336 20.511672 0.000000
1653878677943903085 98.302559 0.000000
1653878677963312871 19.404825 0.000000
1653878678104186067 140.869697 0.000000
1653878678723221804 619.030260 0.000000
1653878678750355440 27.129477 0.000000
1653878678764483923 14.123135 0.000000
1653878678866273321 101.785159 0.000000
1653878678914201793 47.922664 0.000000
1653878678932703167 18.494912 0.000000
1653878678946387272 13.681250 0.000000
1653878679454308673 507.917990 0.000000
1653878679917002079 462.688625 0.000000
1653878680100718222 183.709518 0.000000
1653878680232917199 132.191947 0.000000
1653878680793873614 560.952003 0.000000
1653878680808382600 14.503413 0.000000
1653878680831462018 23.052897 0.000000
1653878680909577897 78.112121 0.000000
1653878680985751795 76.169217 0.000000
1653878681268962766 283.206684 0.000000
1653878681288543527 19.574982 0.000000
1653878681481521089 192.972636 0.000000
1653878681503468500 21.943094 0.000000
1653878682310720600 807.246497 0.000000
1653878683851102568 1540.377617 0.000000
1653878683890295842 39.187875 0.000000
1653878684086863675 196.562807 0.000000
1653878684110262786 23.393632 0.000000
1653878684259403998 149.136128 0.000000
1653878684311808741 52.398763 0.000000
1653878684877007738 565.193243 0.000000
1653878685262444967 385.431009 0.000000
1653878685306981967 44.531324 0.000000
1653878685417590765 110.604477 0.000000
1653878686081852638 664.255764 0.000000
1653878686169462606 87.605084 0.000000
1653878687135135453 965.668055 0.000000
1653878687218841385 83.701407 0.000000
1653878687572029903 353.183322 0.000000
1653878688363000277 790.965216 0.000000
1653878688492550763 129.545036 0.000000
1653878688513972504 21.417329 0.000000
1653878688570674412 56.696977 0.000000
1653878688765984136 195.304562 0.000000
1653878689526626354 760.635858 0.000000
1653878689617264640 90.632971 0.000000
1653878689638836895 21.568858 0.000000
1653878689655200897 16.359714 0.000000
1653878689692384516 37.180419 0.000000
1653878689981941173 289.551982 0.000000
1653878690013072874 31.127064 0.000000
1653878690581893436 568.816453 0.000000
1653878690603869573 21.971075 0.000000
1653878690685996170 82.120779 0.000000
1653878691282094207 596.091642 0.000000
1653878691297258552 15.158477 0.000000
1653878691318067753 20.804274 0.000000
1653878691333563550 15.491059 0.000000
1653878691356996903 23.428209 0.000000
1653878691432911453 75.908980 0.000000
1653878691703194454 270.278767 0.000000
1653878691907616775 204.416579 0.000000
1653878692019699139 112.076830 0.000000
1653878692051854738 32.149430 0.000000
1653878692070364360 18.504315 0.000000
1653878692336681696 266.313237 0.000000
1653878692414038979 77.350647 0.000000
1653878692438524549 24.481682 0.000000
1653878692871298470 432.768333 0.000000
1653878692899193973 27.890217 0.000000
1653878692916240307 17.042176 0.000000
1653878693214088766 297.842607 0.000000
1653878693415069496 200.976464 0.000000
1653878693582804128 167.729375 0.000000
1653878693881594575 298.785713 0.000000
1653878694093667643 212.066676 0.000000
1653878695034439177 940.767887 0.000000
1653878695294791201 260.346861 0.000000
1653878695395702568 100.905914 0.000000
1653878695456604382 60.895062 0.000000
1653878695715574154 258.965553 0.000000
1653878695878250802 162.672678 0.000000
1653878695948000677 69.745475 0.000000
1653878696019986980 71.981594 0.000000
1653878696912228249 892.235396 0.000000
1653878697271581578 359.347855 0.000000
1653878697594847312 323.260653 0.000000
1653878697878307644 283.456005 0.000000
1653878698944970497 1066.658056 0.000000
1653878698967629507 22.654130 0.000000
1653878699011533130 43.897842 0.000000
1653878699422599440 411.062421 0.000000
1653878699503015647 80.409890 0.000000
1653878699725730398 222.710156 0.000000
1653878699768750051 43.015032 0.000000
1653878699906218255 137.463305 0.000000
1653878700144727789 238.503098 0.000000
1653878700544148693 399.415719 0.000000
1653878700684512254 140.356800 0.000000
1653878700707633788 23.115089 0.000000
1653878700725519173 17.880756 0.000000
1653878700924600203 199.075564 0.000000
1653878701070715154 146.109684 0.000000
1653878701137275751 66.554691 0.000000
1653878701449319756 312.039768 0.000000
1653878701475964152 26.639320 0.000000
1653878701562138060 86.169131 0.000000
1653878701586489622 24.346901 0.000000
1653878701603860837 17.366250 0.000000
1653878701624109962 20.244364 0.000000
1653878702119048155 494.933528 0.000000
1653878702311994289 192.940471 0.000000
1653878702554333609 242.335010 0.000000
1653878702590258263 35.919413 0.000000
1653878702647989293 57.726254 0.000000
1653878704054481743 1406.486444 0.000000
1653878704258624318 204.138102 0.000000
1653878704380968848 122.338472 0.000000
1653878704400708753 19.735312 0.000000
1653878705541484891 1140.771491 0.000000
1653878706007672564 466.181724 0.000000
1653878706123497339 115.814672 0.000000
1653878706177168202 53.666676 0.000000
1653878706341741047 164.568372 0.000000
1653878706723518965 381.771808 0.000000
1653878706817905905 94.381382 0.000000
1653878706835595450 17.684523 0.000000
1653878707810693407 975.093216 0.000000
1653878708194791198 384.090732 0.000000
1653878708480645308 285.850281 0.000000
1653878708539244555 58.593597 0.000000
1653878709104488480 565.238211 0.000000
1653878709221029043 116.534478 0.000000
1653878709508252284 287.218391 0.000000
1653878709744576201 236.318789 0.000000
1653878710166552135 421.971301 0.000000
1653878710387553440 220.996268 0.000000
1653878710402285506 14.727028 0.000000
1653878710584286806 181.996518 0.000000
1653878710605568448 21.276455 0.000000
1653878710831946494 226.372868 0.000000
1653878710871720782 39.768336 0.000000
1653878711376018307 504.291559 0.000000
1653878712285025256 909.001725 0.000000
1653878712534839856 249.810992 0.000000
1653878713323644688 788.799445 0.000000
1653878713637537062 313.888224 0.000000
1653878713883614037 246.069247 0.000000
1653878714206160950 322.541812 0.000000
1653878714370209909 164.044806 0.000000
1653878714588579091 218.363072 0.000000
1653878714740779209 152.194186 0.000000
1653878714854742670 113.959667 0.000000
1653878714899066381 44.316865 0.000000
1653878714917452890 18.380475 0.000000
1653878714950809607 33.350707 0.000000
1653878715694578971 743.764295 0.000000
1653878715902530848 207.947404 0.000000
1653878716051641928 149.104666 0.000000
1653878716078456041 26.808456 0.000000
1653878716102438645 23.978448 0.000000
1653878717000547849 898.104015 0.000000
1653878717025545307 24.991691 0.000000
1653878717891846137 866.295749 0.000000
1653878718164739179 272.887404 0.000000
1653878718284699130 119.953536 0.000000
1653878718473716209 189.011757 0.000000
1653878718496645694 22.924696 0.000000
1653878718594548377 97.897577 0.000000
1653878718711299767 116.748022 0.000000
1653878718831879454 120.574330 0.000000
1653878718956774762 124.890966 0.000000
1653878719354511614 397.732660 0.000000
1653878719539935570 185.419658 0.000000
1653878720339041160 799.100047 0.000000
1653878720567420225 228.373749 0.000000
1653878720662585156 95.159513 0.000000
1653878720690797010 28.206988 0.000000
1653878720720846134 30.044413 0.000000
1653878721064505731 343.655440 0.000000
1653878721663974113 599.461375 0.000000
1653878721972735659 308.756549 0.000000
1653878722195708871 222.966376 0.000000
1653878722518091352 322.375954 0.000000
1653878722989123250 471.026772 0.000000
1653878723038312066 49.182992 0.000000
1653878723252019167 213.701890 0.000000
1653878724747868134 1495.843941 0.000000
1653878724821389200 73.517047 0.000000
1653878725607679192 786.284633 0.000000
1653878726530639299 922.955555 0.000000
1653878726642290722 111.645858 0.000000
1653878727150154849 507.859556 0.000000
1653878727268251104 118.091789 0.000000
1653878727381742567 113.487915 0.000000
1653878727550512058 168.764689 0.000000
1653878727576645592 26.128839 0.000000
1653878727617496912 40.845992 0.000000
1653878727902841607 285.339516 0.000000
1653878727928126459 25.280352 0.000000
1653878728513484125 585.351958 0.000000
1653878728866533029 353.043392 0.000000
1653878728987060374 120.521025 0.000000
1653878729015146142 28.078606 0.000000
1653878729243063155 227.910533 0.000000
1653878729453724235 210.654940 0.000000
1653878729641146631 187.418759 0.000000
1653878730012147684 370.996711 0.000000
1653878730132967247 120.813442 0.000000
1653878730210001362 77.029652 0.000000
1653878730577490286 367.482966 0.000000
1653878730650005803 72.510546 0.000000
1653878730886714351 236.703356 0.000000
1653878731060439452 173.719580 0.000000
1653878731691837662 631.393314 0.000000
1653878731715031646 23.188268 0.000000
1653878731793829233 78.793571 0.000000
1653878732178158983 384.324395 0.000000
1653878732410622833 232.459569 0.000000
1653878732470255200 59.626894 0.000000
1653878732837595357 367.334909 0.000000
1653878733373223209 535.622638 0.000000
1653878733616478631 243.249528 0.000000
1653878733980209149 363.724766 0.000000
1653878734270200822 289.986648 0.000000
1653878734333153895 62.946748 0.000000
1653878734672706796 339.548030 0.000000
1653878734692323862 19.611603 0.000000
1653878736276518340 1584.189693 0.000000
1653878736886221861 609.698990 0.000000
1653878737111705423 225.477911 0.000000
1653878737181270138 69.559252 0.000000
1653878737903243117 721.967997 0.000000
1653878738036985116 133.733458 0.000000
1653878738446956265 409.965170 0.000000
1653878738807562620 360.600506 0.000000
1653878738829797029 22.229303 0.000000
1653878739041386779 211.585808 0.000000
1653878739514161388 472.769131 0.000000
1653878739933225678 419.059148 0.000000
1653878740003944121 70.712365 0.000000
1653878741849417294 1845.467694 0.000000
1653878741875188857 25.766084 0.000000
1653878742155402707 280.210045 0.000000
1653878742298588589 143.180617 0.000000
1653878742469668947 171.076239 0.000000
1653878743199706413 730.033018 0.000000
1653878743378633684 178.923360 0.000000
1653878743631854230 253.215583 0.000000
1653878743686111096 54.251237 0.000000
1653878744024081565 337.963536 0.000000
1653878744380720665 356.634458 0.000000
1653878745049506321 668.781679 0.000000
1653878745238404532 188.893554 0.000000
1653878745398858885 160.448900 0.000000
1653878745420976527 22.113111 0.000000
1653878745692969895 271.987482 0.000000
1653878746202435555 509.462658 0.000000
1653878746278864342 76.422438 0.000000
1653878746304278731 25.409586 0.000000
1653878746423368698 119.086661 0.000000
1653878746588941987 165.567944 0.000000
1653878747437766883 848.820441 0.000000
1653878747822851405 385.078363 0.000000
1653878747869801834 46.943347 0.000000
1653878747971691194 101.883666 0.000000
1653878748323864163 352.166447 0.000000
1653878748535353179 211.484073 0.000000
1653878748715469224 180.111825 0.000000
1653878748806430817 90.956136 0.000000
1653878748962731082 156.295266 0.000000
1653878748986449166 23.712864 0.000000
1653878749056384058 69.929018 0.000000
1653878749081617149 25.227996 0.000000
1653878749174466759 92.844655 0.000000
1653878749531042078 356.571548 0.000000
1653878749895158529 364.111238 0.000000
1653878750724394295 829.230591 0.000000
1653878750792734192 68.334778 0.000000
1653878751759289157 966.550473 0.000000
1653878751841704815 82.409846 0.000000
1653878753300517232 1458.808400 0.000000
1653878753871038497 570.516832 0.000000
1653878754417830970 546.785818 0.000000
1653878755109237340 691.400144 0.000000
1653878755573522524 464.279709 0.000000
1653878755803661253 230.132813 0.000000
1653878755828004282 24.339097 0.000000
1653878756066864868 238.855649 0.000000
1653878756218560876 151.690460 0.000000
1653878756435410910 216.846432 0.000000
1653878756671573940 236.157707 0.000000
1653878756847889330 176.311591 0.000000
1653878757661018223 813.122603 0.000000
1653878757693454203 32.430873 0.000000
1653878757959232356 265.774759 0.000000
1653878758573540522 614.302453 0.000000
1653878758598537557 24.992522 0.000000
1653878758624046568 25.505656 0.000000
1653878758926686451 302.636473 0.000000
1653878759193440974 266.749271 0.000000
1653878759220652970 27.206774 0.000000
1653878759577432420 356.773752 0.000000
1653878760769505318 1192.068164 0.000000
1653878761257702205 488.192490 0.000000
1653878761489439858 231.733110 0.000000
1653878761923321048 433.875753 0.000000
1653878762065624870 142.298411 0.000000
1653878763352528564 1286.898025 0.000000
1653878763905438821 552.904828 0.000000
1653878764102185094 196.740007 0.000000
1653878764206225791 104.035345 0.000000
1653878764705763065 499.531148 0.000000
1653878764759220723 53.451986 0.000000
1653878764942992581 183.766094 0.000000
1653878765408950018 465.951012 0.000000
1653878765593185062 184.229922 0.000000
1653878765615250638 22.058715 0.000000
1653878766074018658 458.763392 0.000000
1653878766188827254 114.802593 0.000000
1653878766320698073 131.866108 0.000000
1653878766475054790 154.352525 0.000000
1653878766889415680 414.354943 0.000000
1653878767289304864 399.882753 0.000000
1653878767549486996 260.177608 0.000000
1653878767757130695 207.636974 0.000000
1653878767861243477 104.108001 0.000000
1653878768471989984 610.740233 0.000000
1653878768607966135 135.970169 0.000000
1653878768794630658 186.658740 0.000000
1653878768960422194 165.787163 0.000000
1653878768985729576 25.301596 0.000000
1653878772388885177 3403.151531 0.000000
1653878772551373686 162.484722 0.000000
1653878772747446514 196.068635 0.000000
1653878772775515021 28.063996 0.000000
1653878772981744423 206.224643 0.000000
1653878773072605778 90.856452 0.000000
1653878773264028476 191.417670 0.000000
1653878774023157688 759.124937 0.000000
1653878774054723955 31.561613 0.000000
1653878774328562522 273.833525 0.000000
1653878774348769349 20.201500 0.000000
1653878774371151926 22.377906 0.000000
1653878774608297553 237.141131 0.000000
1653878774981508330 373.205028 0.000000
1653878775004467790 22.953272 0.000000
1653878775455750900 451.278402 0.000000
1653878775560794186 105.039153 0.000000
1653878776115383275 554.583000 0.000000
1653878777072592964 957.202711 0.000000
1653878777357357118 284.759101 0.000000
1653878777748230747 390.868049 0.000000
1653878778457073713 708.837658 0.000000
1653878778572515682 115.436671 0.000000
1653878779477922214 905.401144 0.000000
1653878779599847076 121.920668 0.000000
1653878779758503569 158.651553 0.000000
1653878779879058167 120.551071 0.000000
1653878781462387703 1583.324790 0.000000
1653878781724547322 262.154364 0.000000
1653878781753954594 29.401949 0.000000
1653878783943978212 2190.017497 0.000000
1653878784581433525 637.450326 0.000000
1653878784600440009 19.002806 0.000000
1653878785496886238 896.442441 0.000000
1653878786400345311 903.454321 0.000000
1653878787564505307 1164.153563 0.000000
1653878788392553284 828.042014 0.000000
1653878789378569614 985.986634 0.000000
1653878789468770777 90.196848 0.000000
1653878790215902492 747.126914 0.000000
1653878790246580122 30.670745 0.000000
1653878790528055909 281.470138 0.000000
1653878791211935007 683.874201 0.000000
1653878792445957408 1234.016558 0.000000
1653878792768677974 322.715746 0.000000
1653878793364086885 595.404250 0.000000
1653878794661741413 1297.648694 0.000000
1653878794691218812 29.472127 0.000000
1653878794714111341 22.887703 0.000000
1653878795224502517 510.386605 0.000000
1653878795498097492 273.589808 0.000000
1653878795883355892 385.251965 0.000000
1653878796106111842 222.751765 0.000000
1653878796218673373 112.555172 0.000000
1653878796369723415 151.044960 0.000000
1653878796398315954 28.586042 0.000000
1653878796863368148 465.044693 0.000000
1653878798779524227 1916.151235 0.000000
1653878799551836853 772.307193 0.000000
1653878800733137215 1181.295257 0.000000
1653878800752981126 19.839305 0.000000
1653878802147467573 1394.481321 0.000000
1653878803483332506 1335.860571 0.000000
1653878803760615762 277.279788 0.000000
1653878803858139748 97.518653 0.000000
1653878804386557037 528.411656 0.000000
1653878804692221191 305.660238 0.000000
1653878804723640750 31.414335 0.000000
1653878805065487686 341.842394 0.000000
1653878805334503485 269.009377 0.000000
1653878806483439458 1148.933107 0.000000
1653878806588013338 104.569139 0.000000
1653878806612755728 24.736933 0.000000
1653878806735933785 123.174010 0.000000
1653878806891973556 156.033303 0.000000
1653878807252063076 360.084095 0.000000
1653878807286469437 34.401400 0.000000
1653878807361549705 75.074868 0.000000
1653878807965302710 603.748791 0.000000
1653878808376873745 411.566721 0.000000
1653878808404053474 27.176183 0.000000
1653878808674640832 270.583210 0.000000
1653878809017797807 343.151933 0.000000
1653878809061561538 43.758690 0.000000
1653878809655349351 593.783059 0.000000
1653878810748427716 1093.073438 0.000000
1653878810947419829 198.986006 0.000000
1653878811933244959 985.820785 0.000000
1653878812115711607 182.461678 0.000000
1653878812965750332 850.033443 0.000000
1653878813122492680 156.734260 0.000000
1653878813783697689 661.197868 0.000000
1653878814029917958 246.216513 0.000000
1653878814402820768 372.897610 0.000000
1653878814869198006 466.372262 0.000000
1653878814998581318 129.378142 0.000000
1653878815033916374 35.329759 0.000000
1653878815063878830 29.957738 0.000000
1653878815412235974 348.352879 0.000000
1653878815765727000 353.485464 0.000000
1653878815886665113 120.933392 0.000000
1653878817365125730 1478.455086 0.000000
1653878818117772060 752.640612 0.000000
1653878818566113981 448.337501 0.000000
1653878818731879126 165.754736 0.000000
1653878819384360942 652.475188 0.000000
1653878819813987423 429.622973 0.000000
1653878819883666202 69.673958 0.000000
1653878821199110681 1315.439340 0.000000
1653878821230060683 30.943984 0.000000
1653878821597984307 367.918796 0.000000
1653878822472435938 874.447677 0.000000
1653878824229476036 1757.034395 0.000000
1653878824354870125 125.389292 0.000000
1653878824571059565 216.183321 0.000000
1653878824843025109 271.960311 0.000000
1653878825061432451 218.402739 0.000000
1653878825181694822 120.257341 0.000000
1653878825715517104 533.817133 0.000000
1653878826179502910 463.980694 0.000000
1653878826463603375 284.095972 0.000000
1653878826552241113 88.632193 0.000000
1653878827356194269 803.949555 0.000000
1653878827870599045 514.401317 0.000000
1653878829139235940 1268.630670 0.000000
1653878829980477930 841.235244 0.000000
1653878830185999736 205.515648 0.000000
1653878830547790502 361.784772 0.000000
1653878831177670470 629.874967 0.000000
1653878833153045975 1975.369535 0.000000
1653878833383411911 230.362128 0.000000
1653878833411635794 28.219211 0.000000
1653878834031291982 619.650705 0.000000
1653878834163484457 132.187273 0.000000
1653878834487932532 324.442876 0.000000
1653878834685833396 197.896187 0.000000
1653878835281923354 596.084486 0.000000
1653878836460876991 1178.949437 0.000000
1653878836738894518 278.010531 0.000000
1653878837019109990 280.210839 0.000000
1653878838071156654 1052.041677 0.000000
1653878838823935844 752.775227 0.000000
1653878839069952299 246.011082 0.000000
1653878840030859761 960.901079 0.000000
1653878840420396279 389.532396 0.000000
1653878840573572047 153.171292 0.000000
1653878840707394736 133.818874 0.000000
1653878841073466151 366.065533 0.000000
1653878841261568764 188.097946 0.000000
1653878841995463088 733.889076 0.000000
1653878842051193043 55.723119 0.000000
1653878842157293723 106.095086 0.000000
1653878842380133595 222.834341 0.000000
1653878843770683408 1390.544546 0.000000
1653878843809542186 38.854337 0.000000
1653878843891636041 82.089456 0.000000
1653878843977886215 86.244569 0.000000
1653878844520024688 542.132900 0.000000
1653878845424126218 904.097958 0.000000
1653878845458030973 33.899403 0.000000
1653878846871156320 1413.120399 0.000000
1653878846908989617 37.826860 0.000000
1653878847473063749 564.068655 0.000000
1653878847646011696 172.942790 0.000000
1653878847676145129 30.128551 0.000000
1653878848244167739 568.018891 0.000000
1653878848599653178 355.480601 0.000000
1653878849954632239 1354.974364 0.000000
1653878850800907021 846.269353 0.000000
1653878851406835206 605.921982 0.000000
1653878852827480680 1420.641063 0.000000
1653878852859827358 32.340918 0.000000
1653878853062085397 202.253157 0.000000
1653878853372525484 310.435175 0.000000
1653878853595562069 223.030002 0.000000
1653878854351366786 755.800024 0.000000
1653878854640139096 288.766607 0.000000
1653878855218877167 578.733809 0.000000
1653878855350177635 131.295519 0.000000
1653878857003552248 1653.369664 0.000000
1653878857632768317 629.209820 0.000000
1653878858392540939 759.766864 0.000000
1653878859112662137 720.117716 0.000000
1653878859279427742 166.759757 0.000000
1653878859779964490 500.530844 0.000000
1653878860262756646 482.786853 0.000000
1653878860621251960 358.489468 0.000000
1653878861837323757 1216.066631 0.000000
1653878862858497293 1021.164690 0.000000
1653878863430274997 571.772197 0.000000
1653878864356478072 926.197596 0.000000
1653878865116937758 760.454177 0.000000
1653878868061464918 2944.521516 0.000000
1653878868337094427 275.623612 0.000000
1653878868404042412 66.942627 0.000000
1653878868500352166 96.304196 0.000000
1653878868588608573 88.234351 0.000000
1653878868991990219 403.376993 0.000000
1653878871011307238 2019.311263 0.000000
1653878871060560084 49.248470 0.000000
1653878871140929279 80.364248 0.000000
1653878871858854112 717.918794 0.000000
1653878873420212843 1561.353121 0.000000
1653878873668720074 248.502908 0.000000
1653878875815043680 2146.317983 0.000000
1653878876196053535 381.005004 0.000000
1653878877084262074 888.203122 0.000000
1653878877220596047 136.327908 0.000000
1653878878522584875 1301.983108 0.000000
1653878879678474290 1155.886448 0.000000
1653878880792839424 1114.360072 0.000000
1653878880825749359 32.904011 0.000000
1653878882935220777 2109.467059 0.000000
1653878883019097164 83.871846 0.000000
1653878883736747193 717.644482 0.000000
1653878884698230346 961.478479 0.000000
1653878884846134460 147.897789 0.000000
1653878884986350859 140.211644 0.000000
1653878885544377472 558.021835 0.000000
1653878885606655755 62.272808 0.000000
1653878886148764745 542.103529 0.000000
1653878886690424986 541.653997 0.000000
1653878887566831636 876.401568 0.000000
1653878887645930219 79.093124 0.000000
1653878888300176354 654.241228 0.000000
1653878888978543971 678.360521 0.000000
1653878889441769755 463.220077 0.000000
1653878889661173094 219.399181 0.000000
1653878890140155029 478.975782 0.000000
1653878890212387529 72.228093 0.000000
1653878890241163900 28.773007 0.000000
1653878891118126838 876.957361 0.000000
1653878891222341527 104.209888 0.000000
1653878891602835643 380.490009 0.000000
1653878891717534971 114.694332 0.000000
1653878891935718231 218.177752 0.000000
1653878891980099506 44.376104 0.000000
1653878892008492703 28.387866 0.000000
1653878892201610535 193.113461 0.000000
1653878892229992061 28.377530 0.000000
1653878892992352070 762.355668 0.000000
1653878893270263404 277.905973 0.000000
1653878893481207441 210.938900 0.000000
1653878893511180433 29.967804 0.000000
1653878893549964217 38.778296 0.000000
1653878893719265289 169.294141 0.000000
1653878893750632154 31.361708 0.000000
1653878894020785669 270.148193 0.000000
1653878894058943192 38.152669 0.000000
1653878894099538797 40.592193 0.000000
1653878894156397839 56.855537 0.000000
1653878894194557611 38.152663 0.000000
1653878894238041181 43.479632 0.000000
1653878894316901513 78.856474 0.000000
1653878894351132464 34.224303 0.000000
1653878894410497932 59.361161 0.000000
1653878894443122707 32.619322 0.000000
1653878894476660551 33.531972 0.000000
1653878894563619096 86.954103 0.000000
