1653878596701473977 227.168296 0.000000
1653878598495512113 1794.025234 0.000000
1653878598513962268 18.446928 0.000000
1653878598653450361 139.482277 0.000000
1653878598812460352 159.005095 0.000000
1653878599650545625 838.081983 0.000000
1653878599916083199 265.534211 0.000000
1653878600210849181 294.759782 0.000000
1653878600264420742 53.567698 0.000000
1653878600964743921 700.319062 0.000000
1653878600975477235 10.729094 0.000000
1653878600981335682 5.853801 0.000000
1653878601169015742 187.676252 0.000000
1653878601348021674 179.003398 0.000000
1653878601352765452 4.738467 0.000000
1653878601372672920 19.903656 0.000000
1653878601379200447 6.523756 0.000000
1653878601383458084 4.253545 0.000000
1653878601586043128 202.580710 0.000000
1653878602201686302 615.638922 0.000000
1653878602205886655 4.195732 0.000000
1653878602219939570 14.048268 0.000000
1653878602254572201 34.628857 0.000000
1653878602395658309 141.081875 0.000000
1653878602480430069 84.767966 0.000000
1653878602733046587 252.613338 0.000000
1653878602844970983 111.920100 0.000000
1653878602853153215 8.176946 0.000000
1653878602857773441 4.616704 0.000000
1653878602877292267 19.516014 0.000000
1653878602884209554 6.913372 0.000000
1653878602890992233 6.779782 0.000000
1653878602965543690 74.549131 0.000000
1653878602971768747 6.221134 0.000000
1653878602978877891 7.106029 0.000000
1653878603467742690 488.858116 0.000000
1653878603633922315 166.175317 0.000000
1653878603787752000 153.824667 0.000000
1653878604091608048 303.852697 0.000000
1653878604704276496 612.664861 0.000000
1653878604839392215 135.111310 0.000000
1653878604922774732 83.378046 0.000000
1653878605037108998 114.330310 0.000000
1653878605176415146 139.301776 0.000000
1653878605183918859 7.497403 0.000000
1653878605189390591 5.467864 0.000000
1653878605196641894 7.247379 0.000000
1653878605284183450 87.538385 0.000000
1653878605368164089 83.976552 0.000000
1653878605624080688 255.912214 0.000000
1653878605631339868 7.254830 0.000000
1653878606123781635 492.436760 0.000000
1653878606647983986 524.197752 0.000000
1653878606874644287 226.655384 0.000000
1653878607261558022 386.909035 0.000000
1653878607304917653 43.354335 0.000000
1653878607682029456 377.106536 0.000000
1653878607916924223 234.890231 0.000000
1653878607927017416 10.088013 0.000000
1653878607933492995 6.470538 0.000000
1653878608200623138 267.126870 0.000000
1653878608214044206 13.415038 0.000000
1653878608395447474 181.399049 0.000000
1653878608407580253 12.127867 0.000000
1653878608421083727 13.498984 0.000000
1653878608444475750 23.388455 0.000000
1653878608451852934 7.374356 0.000000
1653878608459566163 7.710236 0.000000
1653878608648541263 188.972376 0.000000
1653878608734665141 86.120513 0.000000
1653878608740627383 5.957294 0.000000
1653878609414471335 673.840021 0.000000
1653878609685533210 271.056698 0.000000
1653878609690846543 5.308205 0.000000
1653878609793449655 102.599892 0.000000
1653878609803477361 10.023064 0.000000
1653878609817937377 14.454979 0.000000
1653878610241577840 423.636443 0.000000
1653878610289929391 48.346465 0.000000
1653878610298373566 8.440866 0.000000
1653878610413846307 115.470141 0.000000
1653878610426727316 12.876814 0.000000
1653878611015475104 588.743354 0.000000
1653878611022734408 7.254628 0.000000
1653878611422518417 399.779489 0.000000
1653878611431062151 8.538732 0.000000
1653878611439303916 8.236669 0.000000
1653878611592024676 152.718304 0.000000
1653878611712143256 120.114100 0.000000
1653878611719394508 7.246970 0.000000
1653878611735863164 16.464935 0.000000
1653878612366299473 630.432896 0.000000
1653878612406917981 40.614466 0.000000
1653878612587772742 180.850396 0.000000
1653878612598347447 10.568917 0.000000
1653878613049684295 451.332914 0.000000
1653878613066249769 16.560283 0.000000
1653878613545847340 479.594256 0.000000
1653878613647438243 101.585157 0.000000
1653878614012942468 365.498359 0.000000
1653878614202951045 190.003824 0.000000
1653878614424688551 221.732548 0.000000
1653878614439018090 14.323547 0.000000
1653878614446475846 7.453171 0.000000
1653878614512267002 65.787962 0.000000
1653878615511840149 999.567674 0.000000
1653878615959998268 448.141690 0.000000
1653878616271291000 311.288921 0.000000
1653878616281128800 9.832729 0.000000
1653878616370992649 89.858712 0.000000
1653878616732020304 361.022092 0.000000
1653878617158333503 426.308353 0.000000
1653878617188110465 29.772159 0.000000
1653878617471095128 282.980830 0.000000
1653878617478804773 7.704960 0.000000
1653878617553368507 74.559916 0.000000
1653878617665801963 112.430079 0.000000
1653878617994984592 329.176305 0.000000
1653878618106512998 111.500019 0.000000
1653878618119911700 13.392102 0.000000
1653878618143102692 23.186884 0.000000
1653878618537842793 394.735801 0.000000
1653878618551852803 14.003486 0.000000
1653878618761589049 209.732934 0.000000
1653878618972656399 211.061909 0.000000
1653878619149124920 176.463554 0.000000
1653878619158768654 9.639507 0.000000
1653878619167548584 8.775277 0.000000
1653878619176344347 8.792857 0.000000
1653878619185571785 9.223508 0.000000
1653878619196053302 10.477466 0.000000
1653878619373245050 177.188415 0.000000
1653878619398532058 25.283150 0.000000
1653878619422997510 24.459854 0.000000
1653878619511181118 88.178939 0.000000
1653878619522128462 10.942777 0.000000
1653878619604506970 82.375013 0.000000
1653878619691733048 87.221307 0.000000
1653878620106254486 414.515293 0.000000
1653878620126556122 20.294308 0.000000
1653878620152665529 26.105696 0.000000
1653878620346204196 193.534572 0.000000
1653878620581350766 235.139859 0.000000
1653878620590638260 9.283217 0.000000
1653878620933235855 342.593568 0.000000
1653878621109364668 176.123462 0.000000
1653878621257123667 147.754017 0.000000
1653878621410222203 153.093550 0.000000
1653878621641655745 231.429438 0.000000
1653878621662609126 20.947226 0.000000
1653878621673780852 11.169031 0.000000
1653878622031396247 357.612137 0.000000
1653878622563396646 531.995357 0.000000
1653878622840225433 276.822617 0.000000
1653878622851982321 11.751194 0.000000
1653878623368594795 516.608044 0.000000
1653878624115751522 747.151901 0.000000
1653878624331395596 215.638867 0.000000
1653878624341616423 10.216040 0.000000
1653878624466739694 125.119748 0.000000
1653878624487501894 20.755310 0.000000
1653878624612490834 124.985400 0.000000
1653878624626149203 13.652269 0.000000
1653878624640958398 14.804810 0.000000
1653878624714230010 73.268465 0.000000
1653878624724241444 10.006585 0.000000
1653878624731693445 7.449152 0.000000
1653878624778754006 47.056949 0.000000
1653878624857035282 78.277034 0.000000
1653878625270273016 413.231669 0.000000
1653878625315851151 45.573272 0.000000
1653878625351337574 35.479844 0.000000
1653878625364986282 13.643720 0.000000
1653878625375834706 10.845563 0.000000
1653878625523989184 148.151639 0.000000
1653878625640674939 116.681149 0.000000
1653878625888648501 247.968476 0.000000
1653878625899818864 11.165473 0.000000
1653878626561824407 662.001610 0.000000
1653878626579557611 17.728047 0.000000
1653878626588508563 8.946942 0.000000
1653878626669779513 81.266914 0.000000
1653878626928477616 258.694764 0.000000
1653878627031867923 103.385242 0.000000
1653878627515212213 483.340364 0.000000
1653878627922012179 406.795513 0.000000
1653878627933462274 11.446375 0.000000
1653878627942975920 9.508905 0.000000
1653878627953453511 10.473100 0.000000
1653878627963576955 10.120376 0.000000
1653878628050033351 86.452918 0.000000
1653878628237360913 187.322249 0.000000
1653878628333307911 95.942032 0.000000
1653878628601057624 267.744112 0.000000
1653878628649598177 48.534840 0.000000
1653878628664143897 14.541102 0.000000
1653878628939325613 275.178699 0.000000
1653878628950404612 11.074005 0.000000
1653878628962599526 12.192319 0.000000
1653878629055490095 92.888178 0.000000
1653878629381593754 326.098773 0.000000
1653878629565267226 183.668913 0.000000
1653878629712301802 147.029837 0.000000
1653878629762122559 49.816651 0.000000
1653878629774668259 12.540773 0.000000
1653878629965848030 191.174169 0.000000
1653878630114342253 148.490101 0.000000
1653878630618692549 504.345595 0.000000
1653878630629807356 11.109285 0.000000
1653878630660673112 30.862139 0.000000
1653878630720938976 60.262389 0.000000
1653878631375320303 654.375805 0.000000
1653878631408818028 33.492164 0.000000
1653878631694628355 285.805930 0.000000
1653878631781332218 86.697702 0.000000
1653878631791593171 10.255286 0.000000
1653878631902943495 111.347272 0.000000
1653878632528418740 625.470000 0.000000
1653878632797719518 269.296224 0.000000
1653878632997380839 199.657562 0.000000
1653878633056320514 58.935311 0.000000
1653878633339181800 282.857223 0.000000
1653878633708530044 369.342886 0.000000
1653878634048198383 339.662842 0.000000
1653878634316159831 267.955834 0.000000
1653878634332197651 16.031988 0.000000
1653878634383353405 51.152300 0.000000
1653878634395202570 11.845186 0.000000
1653878634746068985 350.863098 0.000000
1653878634904224077 158.150271 0.000000
1653878634964143168 59.913593 0.000000
1653878635391623027 427.475118 0.000000
1653878635644899801 253.271739 0.000000
1653878635656317379 11.412753 0.000000
1653878635670907629 14.586360 0.000000
1653878635684199970 13.288860 0.000000
1653878635764226846 80.021589 0.000000
1653878636003053086 238.822166 0.000000
1653878636014893831 11.836239 0.000000
1653878636024046132 9.148282 0.000000
1653878636039463591 15.413474 0.000000
1653878637105761843 1066.295505 0.000000
1653878637297279216 191.512413 0.000000
1653878637404813808 107.528944 0.000000
1653878637943929964 539.112595 0.000000
1653878637986972814 43.036905 0.000000
1653878638067007378 80.029696 0.000000
1653878638313087325 246.074259 0.000000
1653878638339555350 26.463351 0.000000
1653878638364204610 24.645517 0.000000
1653878638521356673 157.147938 0.000000
1653878638722246652 200.884130 0.000000
1653878638732025177 9.774312 0.000000
1653878638826650603 94.623026 0.000000
1653878638897388097 70.732728 0.000000
1653878638928421332 31.028118 0.000000
1653878638944228404 15.802256 0.000000
1653878639555030467 610.798945 0.000000
1653878641148640435 1593.604695 0.000000
1653878641223476272 74.829704 0.000000
1653878641529667917 306.185315 0.000000
1653878641628580958 98.907348 0.000000
1653878642197173234 568.587600 0.000000
1653878642241932676 44.752797 0.000000
1653878642482718275 240.779314 0.000000
1653878642494499787 11.776694 0.000000
1653878642507481037 12.977567 0.000000
1653878642750953104 243.468657 0.000000
1653878643257389449 506.431655 0.000000
1653878643517975949 260.581752 0.000000
1653878644587045721 1069.065063 0.000000
1653878645445655815 858.604573 0.000000
1653878645457958755 12.298755 0.000000
1653878645501577866 43.614706 0.000000
1653878645649507192 147.925290 0.000000
1653878646010825493 361.313976 0.000000
1653878646030231680 19.401375 0.000000
1653878646050156172 19.920514 0.000000
1653878646268660545 218.499888 0.000000
1653878646516946477 248.279892 0.000000
1653878646531439065 14.488364 0.000000
1653878646627445701 96.002470 0.000000
1653878646773004461 145.554259 0.000000
1653878646848746353 75.735755 0.000000
1653878646859275692 10.525928 0.000000
1653878646870848570 11.570196 0.000000
1653878647144408757 273.557316 0.000000
1653878647343637677 199.221984 0.000000
1653878647383353472 39.711142 0.000000
1653878647503413747 120.055810 0.000000
1653878647514432480 11.014856 0.000000
1653878648063033431 548.597094 0.000000
1653878648262277556 199.239748 0.000000
1653878648277001534 14.716798 0.000000
1653878648966922891 689.918493 0.000000
1653878649053143321 86.215500 0.000000
1653878649191696939 138.548858 0.000000
1653878649209573080 17.871502 0.000000
1653878649413890174 204.314245 0.000000
1653878649428825831 14.931084 0.000000
1653878649439256844 10.426219 0.000000
1653878649454072505 14.813002 0.000000
1653878651019657281 1565.582556 0.000000
1653878651135908574 116.246603 0.000000
1653878651639695581 503.781776 0.000000
1653878651821929603 182.229201 0.000000
1653878651925574933 103.640428 0.000000
1653878651961955215 36.375456 0.000000
1653878652063260857 101.301889 0.000000
1653878652167845611 104.577667 0.000000
1653878652214985250 47.133972 0.000000
1653878652496538034 281.547704 0.000000
1653878652526943090 30.399827 0.000000
1653878652608057357 81.110187 0.000000
1653878652638654958 30.592455 0.000000
1653878652916324610 277.665012 0.000000
1653878653011279034 94.950095 0.000000
1653878653272759864 261.476268 0.000000
1653878653734647478 461.883053 0.000000
1653878653748787798 14.137385 0.000000
1653878653762657141 13.864818 0.000000
1653878653909398460 146.738773 0.000000
1653878653927417931 18.014063 0.000000
1653878654120845270 193.423000 0.000000
1653878654200712895 79.863163 0.000000
1653878654274971437 74.253237 0.000000
1653878654889869163 614.894208 0.000000
1653878655019208570 129.334498 0.000000
1653878655037895590 18.681180 0.000000
1653878655323730141 285.831036 0.000000
1653878655340866743 17.131959 0.000000
1653878655642767898 301.896990 0.000000
1653878655661781739 19.006479 0.000000
1653878655805167018 143.380608 0.000000
1653878656015561271 210.389151 0.000000
1653878656034727648 19.161666 0.000000
1653878656569441055 534.707128 0.000000
1653878656632514651 63.065566 0.000000
1653878658130371485 1497.851812 0.000000
1653878658166940586 36.563737 0.000000
1653878658275054672 108.110900 0.000000
1653878658291906731 16.846811 0.000000
1653878658411875989 119.964871 0.000000
1653878658552952185 141.071878 0.000000
1653878658637973178 85.015525 0.000000
1653878658905049611 267.070359 0.000000
1653878659381771483 476.716523 0.000000
1653878659529901130 148.126041 0.000000
1653878659544642742 14.737105 0.000000
1653878659618975303 74.328742 0.000000
1653878659917810935 298.830425 0.000000
1653878660824526455 906.710508 0.000000
1653878661715588631 891.056395 0.000000
1653878662072513102 356.921241 0.000000
1653878662345111770 272.593685 0.000000
1653878662357872775 12.756790 0.000000
1653878662394197311 36.320842 0.000000
1653878663242097513 847.896101 0.000000
1653878663763087755 520.984683 0.000000
1653878663820603934 57.511569 0.000000
1653878663909067575 88.456676 0.000000
1653878663926282578 17.208909 0.000000
1653878663941146828 14.859534 0.000000
1653878664008241143 67.091339 0.000000
1653878664105705542 97.460665 0.000000
1653878664304212636 198.501596 0.000000
1653878664407564619 103.347039 0.000000
1653878664766361359 358.792248 0.000000
1653878665152180746 385.815799 0.000000
1653878665253560892 101.375159 0.000000
1653878665393631002 140.065206 0.000000
1653878665417320773 23.683492 0.000000
1653878665545861676 128.536181 0.000000
1653878665561841751 15.976001 0.000000
1653878666078890114 517.045029 0.000000
1653878666106148576 27.253308 0.000000
1653878666144830559 38.678487 0.000000
1653878667216356293 1071.522215 0.000000
1653878667314112922 97.752014 0.000000
1653878667455120341 141.003123 0.000000
1653878667570545981 115.419050 0.000000
1653878667906255848 335.705171 0.000000
1653878667924688335 18.426778 0.000000
1653878668023763008 99.069205 0.000000
1653878668239729338 215.960212 0.000000
1653878668271998500 32.263002 0.000000
1653878668298687376 26.686102 0.000000
1653878668725908770 427.215969 0.000000
1653878668838862029 112.949704 0.000000
1653878668922387963 83.520260 0.000000
1653878669076202768 153.810509 0.000000
1653878669383228810 307.021135 0.000000
1653878669991090870 607.856085 0.000000
1653878670070068013 78.971313 0.000000
1653878670105127232 35.054416 0.000000
1653878670122372826 17.242050 0.000000
1653878670139663985 17.286877 0.000000
1653878670253641460 113.974615 0.000000
1653878670302137585 48.491787 0.000000
1653878670609169012 307.027146 0.000000
1653878670629454010 20.281384 0.000000
1653878670699185084 69.726201 0.000000
1653878671038242814 339.054195 0.000000
1653878671179361094 141.111720 0.000000
1653878671193521879 14.155530 0.000000
1653878671572697453 379.172785 0.000000
1653878671764244616 191.541465 0.000000
1653878672055585529 291.335212 0.000000
1653878672501788992 446.199108 0.000000
1653878672521595372 19.800877 0.000000
1653878672537604019 16.004239 0.000000
1653878672752907585 215.301349 0.000000
1653878673142330626 389.417492 0.000000
1653878673293738290 151.401723 0.000000
1653878673474551744 180.808866 0.000000
1653878673603088338 128.530000 0.000000
1653878673716005299 112.912277 0.000000
1653878673908584585 192.574440 0.000000
1653878673924461894 15.870794 0.000000
1653878674046954267 122.487040 0.000000
1653878674069836452 22.876522 0.000000
1653878674343288498 273.447405 0.000000
1653878674552848272 209.554958 0.000000
1653878674732806813 179.954449 0.000000
1653878674796353599 63.542570 0.000000
1653878675247690645 451.332561 0.000000
1653878675318903569 71.207171 0.000000
1653878675333933445 15.024835 0.000000
1653878675349975701 16.037530 0.000000
1653878675628239873 278.261239 0.000000
1653878675807986912 179.742414 0.000000
1653878676044966203 236.974419 0.000000
1653878676727863793 682.892690 0.000000
1653878676748432634 20.563879 0.000000
1653878677106417405 357.979908 0.000000
1653878677205852604 99.430045 0.000000
1653878677655512622 449.654450 0.000000
1653878677744750050 89.233662 0.000000
1653878678031836252 287.081679 0.000000
1653878678364966149 333.123610 0.000000
1653878678379107536 14.135230 0.000000
1653878678942186141 563.075467 0.000000
1653878679224329313 282.138364 0.000000
1653878679568448763 344.114264 0.000000
1653878679890056833 321.602000 0.000000
1653878680017699989 127.638902 0.000000
1653878680647497058 629.791912 0.000000
1653878681048715991 401.213387 0.000000
1653878681063067724 14.346326 0.000000
1653878681078177537 15.105643 0.000000
1653878681098880660 20.700091 0.000000
1653878682030046364 931.161242 0.000000
1653878682132583507 102.531948 0.000000
1653878682153527720 20.938745 0.000000
1653878683032515140 878.982460 0.000000
1653878683446914826 414.395928 0.000000
1653878683530663654 83.743202 0.000000
1653878683625043597 94.374723 0.000000
1653878683795891415 170.840853 0.000000
1653878683898079236 102.180959 0.000000
1653878684018770813 120.682981 0.000000
1653878684218668397 199.891025 0.000000
1653878684448072525 229.397339 0.000000
1653878684581361371 133.284281 0.000000
1653878684714666202 133.300020 0.000000
1653878684889567317 174.895734 0.000000
1653878684974801645 85.228396 0.000000
1653878685122839109 148.032374 0.000000
1653878685797940780 675.095186 0.000000
1653878686362163963 564.216708 0.000000
1653878686569047566 206.877972 0.000000
1653878686583917238 14.864734 0.000000
1653878686601744382 17.824143 0.000000
1653878686619350391 17.602211 0.000000
1653878686767138505 147.784816 0.000000
1653878686963882620 196.738838 0.000000
1653878687046925164 83.036506 0.000000
1653878687067888910 20.958307 0.000000
1653878687673425849 605.531859 0.000000
1653878687808741625 135.311483 0.000000
1653878687907354044 98.604471 0.000000
1653878687953019939 45.660212 0.000000
1653878688991246884 1038.220209 0.000000
1653878689235543885 244.292190 0.000000
1653878689579820500 344.272292 0.000000
1653878691172523143 1592.697785 0.000000
1653878691191538461 19.010763 0.000000
1653878691207589013 16.046585 0.000000
1653878692291045430 1083.453642 0.000000
1653878692316197728 25.147999 0.000000
1653878692403518171 87.315510 0.000000
1653878692424141844 20.618393 0.000000
1653878692643837944 219.690386 0.000000
1653878692666012027 22.169460 0.000000
1653878692684988474 18.971628 0.000000
1653878692792504777 107.512406 0.000000
1653878692925415648 132.906005 0.000000
1653878693527508867 602.088056 0.000000
1653878694009821728 482.309066 0.000000
1653878694198585657 188.758800 0.000000
1653878694579460021 380.868931 0.000000
1653878695389317997 809.854563 0.000000
1653878695991463107 602.140780 0.000000
1653878696010604248 19.137056 0.000000
1653878696167295182 156.687022 0.000000
1653878696273871639 106.571791 0.000000
1653878696357902171 84.024903 0.000000
1653878697000087553 642.179886 0.000000
1653878697018978361 18.884969 0.000000
1653878697108698132 89.717319 0.000000
1653878697717726573 609.023179 0.000000
1653878698044086438 326.354819 0.000000
1653878698298498209 254.406463 0.000000
1653878698326630911 28.110325 0.000000
1653878698728158029 401.522296 0.000000
1653878698925016819 196.853298 0.000000
1653878699468450468 543.428567 0.000000
1653878699695678430 227.223896 0.000000
1653878700635381766 939.698465 0.000000
1653878700767298141 131.911337 0.000000
1653878701148361163 381.057374 0.000000
1653878701337674553 189.307338 0.000000
1653878701354917513 17.238842 0.000000
1653878701494388679 139.466187 0.000000
1653878702011506438 517.112742 0.000000
1653878702153219302 141.706837 0.000000
1653878702277966258 124.741602 0.000000
1653878703058984300 781.012275 0.000000
1653878703449883786 390.895329 0.000000
1653878703471372147 21.483911 0.000000
1653878703512771047 41.393243 0.000000
1653878703532714600 19.937691 0.000000
1653878703621888152 89.169082 0.000000
1653878703691870839 69.977546 0.000000
1653878704163876845 472.001127 0.000000
1653878704427189260 263.308739 0.000000
1653878704618866202 191.670547 0.000000
1653878704660451142 41.578995 0.000000
1653878704839210249 178.753656 0.000000
1653878705370423136 531.207581 0.000000
1653878705666073551 295.646686 0.000000
1653878706103050873 436.971579 0.000000
1653878706322298738 219.242211 0.000000
1653878706528515461 206.212922 0.000000
1653878706906847354 378.327485 0.000000
1653878707277908222 371.054910 0.000000
1653878707491033616 213.120510 0.000000
1653878707726056467 235.017654 0.000000
1653878708228411198 502.349919 0.000000
1653878708377363626 148.947567 0.000000
1653878709244555738 867.187230 0.000000
1653878709359501871 114.941366 0.000000
1653878709596161412 236.654097 0.000000
1653878709659054728 62.888039 0.000000
1653878709919861860 260.802392 0.000000
1653878710109131459 189.263972 0.000000
1653878710126160863 17.025025 0.000000
1653878710473717309 347.552019 0.000000
1653878711032921959 559.199891 0.000000
1653878711263520072 230.592961 0.000000
1653878711280274194 16.750193 0.000000
1653878711299093024 18.814148 0.000000
1653878711459606736 160.509693 0.000000
1653878711755423309 295.812391 0.000000
1653878712323169756 567.741080 0.000000
1653878712795970064 472.794936 0.000000
1653878713753782535 957.807418 0.000000
1653878713922006649 168.220652 0.000000
1653878714433893443 511.882087 0.000000
1653878714909423725 475.525260 0.000000
1653878714932654989 23.224459 0.000000
1653878715020986008 88.326949 0.000000
1653878715588681048 567.690592 0.000000
1653878715902759192 314.072936 0.000000
1653878716636017226 733.252949 0.000000
1653878716737878722 101.857020 0.000000
1653878716759340574 21.457029 0.000000
1653878716939465181 180.119984 0.000000
1653878716964851631 25.382200 0.000000
1653878717536974345 572.118410 0.000000
1653878717561271971 24.292014 0.000000
1653878717659802115 98.526668 0.000000
1653878718357948227 698.140737 0.000000
1653878719498856978 1140.903287 0.000000
1653878719693633890 194.772634 0.000000
1653878719717160434 23.520485 0.000000
1653878719774400892 57.235536 0.000000
1653878720371561038 597.154679 0.000000
1653878720486048647 114.483854 0.000000
1653878720607667217 121.613934 0.000000
1653878721243323824 635.649910 0.000000
1653878721263499002 20.169725 0.000000
1653878721415192552 151.689064 0.000000
1653878721537020433 121.819642 0.000000
1653878721627205080 90.179658 0.000000
1653878722304681468 677.471971 0.000000
1653878722430585404 125.897627 0.000000
1653878722885538211 454.949032 0.000000
1653878723111932640 226.390450 0.000000
1653878723428403240 316.467185 0.000000
1653878723982854441 554.445621 0.000000
1653878724133035844 150.175415 0.000000
1653878724154263219 21.222710 0.000000
1653878724224975565 70.707254 0.000000
1653878724576266432 351.286625 0.000000
1653878725038691731 462.419762 0.000000
1653878725331990839 293.293665 0.000000
1653878725892723207 560.727852 0.000000
1653878725913024662 20.297401 0.000000
1653878726156511413 243.483175 0.000000
1653878726684209752 527.692227 0.000000
1653878726819581361 135.365423 0.000000
1653878727294404856 474.816007 0.000000
1653878727812707685 518.296940 0.000000
1653878727839725934 27.011869 0.000000
1653878728736294851 896.564870 0.000000
1653878729114741775 378.441091 0.000000
1653878729493566855 378.820780 0.000000
1653878729515976564 22.404244 0.000000
1653878729539998101 24.018506 0.000000
1653878729559178659 19.175960 0.000000
1653878730119569695 560.385883 0.000000
1653878730594251040 474.675949 0.000000
1653878731299683908 705.427591 0.000000
1653878732000899018 701.209622 0.000000
1653878732288017569 287.114692 0.000000
1653878733136564853 848.540609 0.000000
1653878733157993186 21.422374 0.000000
1653878733284314812 126.317462 0.000000
1653878733405831778 121.513242 0.000000
1653878734637634978 1231.798819 0.000000
1653878735296637260 658.997809 0.000000
1653878735456767181 160.124277 0.000000
1653878735730811575 274.040080 0.000000
1653878736035358188 304.541526 0.000000
1653878736482779752 447.416475 0.000000
1653878736505564455 22.781066 0.000000
1653878736528238464 22.669924 0.000000
1653878736990697402 462.455582 0.000000
1653878737275290718 284.587913 0.000000
1653878737463176184 187.878324 0.000000
1653878737544005764 80.826072 0.000000
1653878737755572025 211.562612 0.000000
1653878737958345985 202.768143 0.000000
1653878738090595725 132.244992 0.000000
1653878738111858442 21.257823 0.000000
1653878738130280031 18.417058 0.000000
1653878738279333558 149.048957 0.000000
1653878738631638908 352.300909 0.000000
1653878738727143969 95.501655 0.000000
1653878739352866640 625.718724 0.000000
1653878740163928662 811.057916 0.000000
1653878740900566941 736.634012 0.000000
1653878741088835004 188.262369 0.000000
1653878741340366871 251.526979 0.000000
1653878741463619704 123.247116 0.000000
1653878741540318746 76.694512 0.000000
1653878741744726359 204.401113 0.000000
1653878741764966712 20.234660 0.000000
1653878741817542319 52.570219 0.000000
1653878742115422772 297.874151 0.000000
1653878742891268288 775.838507 0.000000
1653878743007735751 116.463140 0.000000
1653878743427734714 419.995322 0.000000
1653878744347717844 919.976018 0.000000
1653878744496967808 149.244326 0.000000
1653878744637984596 141.010138 0.000000
1653878745372473449 734.483360 0.000000
1653878745656366006 283.887158 0.000000
1653878746872614396 1216.242981 0.000000
1653878746901821694 29.201647 0.000000
1653878746943461118 41.635413 0.000000
1653878748044465027 1100.999907 0.000000
1653878748085828040 41.357751 0.000000
1653878748416792991 330.959894 0.000000
1653878749297549288 880.748719 0.000000
1653878749657961927 360.407226 0.000000
1653878749844438974 186.471812 0.000000
1653878749946028016 101.583337 0.000000
1653878750033960240 87.926659 0.000000
1653878750241134612 207.167246 0.000000
1653878750262794019 21.654073 0.000000
1653878750489834229 227.036473 0.000000
1653878751392052195 902.213482 0.000000
1653878751606206713 214.150377 0.000000
1653878751900794640 294.582470 0.000000
1653878751976163232 75.363727 0.000000
1653878752307844760 331.675985 0.000000
1653878752871706037 563.855448 0.000000
1653878752899525333 27.813698 0.000000
1653878753188431949 288.901761 0.000000
1653878753277899373 89.462994 0.000000
1653878753392746432 114.843098 0.000000
1653878753516571386 123.818188 0.000000
1653878754087255086 570.677699 0.000000
1653878754275294057 188.034242 0.000000
1653878754376775831 101.475474 0.000000
1653878754548639977 171.859191 0.000000
1653878754610041696 61.395813 0.000000
1653878754832372707 222.325345 0.000000
1653878755283388222 451.010924 0.000000
1653878755881224943 597.832507 0.000000
1653878756026373367 145.142418 0.000000
1653878756406808851 380.430522 0.000000
1653878756429013618 22.199873 0.000000
1653878756921533333 492.513771 0.000000
1653878757649896959 728.358933 0.000000
1653878757678799733 28.897419 0.000000
1653878757788235082 109.430966 0.000000
1653878757868223996 79.983261 0.000000
1653878758791450093 923.221335 0.000000
1653878759034024470 242.569412 0.000000
1653878759144888564 110.859627 0.000000
1653878759396605005 251.712421 0.000000
1653878759716119972 319.501977 0.000000
1653878759832038682 115.913026 0.000000
1653878759933631709 101.587362 0.000000
1653878760914580816 980.945377 0.000000
1653878761275444053 360.858062 0.000000
1653878761389058050 113.610272 0.000000
1653878761571376180 182.313167 0.000000
1653878761930599436 359.217940 0.000000
1653878762372976299 442.371867 0.000000
1653878762769683952 396.702826 0.000000
1653878763997187493 1227.497626 0.000000
1653878764632045152 634.852487 0.000000
1653878764744159628 112.109573 0.000000
1653878765722372245 978.206904 0.000000
1653878765858723898 136.344959 0.000000
1653878765885102912 26.375471 0.000000
1653878765997283385 112.175780 0.000000
1653878766588247478 590.958474 0.000000
1653878766789998835 201.746578 0.000000
1653878767344242874 554.238973 0.000000
1653878768425294666 1081.045851 0.000000
1653878768522149796 96.850639 0.000000
1653878769395403115 873.247881 0.000000
1653878769426568215 31.157708 0.000000
1653878769757074025 330.500638 0.000000
1653878770157357367 400.277523 0.000000
1653878770297524006 140.161730 0.000000
1653878770346336443 48.806118 0.000000
1653878771191912001 845.570648 0.000000
1653878772155636504 963.720283 0.000000
1653878773121301388 965.659129 0.000000
1653878773925361281 804.056121 0.000000
1653878774381905630 456.537574 0.000000
1653878774402843330 20.932057 0.000000
1653878774499823910 96.976448 0.000000
1653878774522867032 23.038357 0.000000
1653878774810107966 287.234961 0.000000
1653878774862531678 52.417631 0.000000
1653878775086337557 223.800684 0.000000
1653878775284471348 198.129084 0.000000
1653878775347860252 63.384832 0.000000
1653878775379552940 31.687847 0.000000
1653878775595058774 215.498825 0.000000
1653878775888021868 292.958981 0.000000
1653878776010521594 122.495158 0.000000
1653878776034510424 23.983858 0.000000
1653878776255887253 221.370379 0.000000
1653878776367056364 111.163431 0.000000
1653878776517499394 150.438878 0.000000
1653878776576000056 58.496224 0.000000
1653878777366590847 790.585896 0.000000
1653878778100285004 733.690626 0.000000
1653878778636640007 536.350591 0.000000
1653878778793008956 156.363414 0.000000
1653878778824172867 31.157431 0.000000
1653878778939481396 115.301760 0.000000
1653878779174276800 234.789638 0.000000
1653878780639550087 1465.268341 0.000000
1653878780710825521 71.270829 0.000000
1653878780918537049 207.705989 0.000000
1653878781964849989 1046.308691 0.000000
1653878782606192559 641.337745 0.000000
1653878783370633504 764.436511 0.000000
1653878783531162009 160.523080 0.000000
1653878783624778041 93.612590 0.000000
1653878783876161106 251.377551 0.000000
1653878783898306116 22.141163 0.000000
1653878784052202011 153.891036 0.000000
1653878784229537310 177.330327 0.000000
1653878785137733142 908.190425 0.000000
1653878785237161024 99.421887 0.000000
1653878785269997520 32.831717 0.000000
1653878785499749538 229.746381 0.000000
1653878786148700457 648.946317 0.000000
1653878787005045506 856.339992 0.000000
1653878787250892680 245.842419 0.000000
1653878788103246581 852.348219 0.000000
1653878788829876649 726.624721 0.000000
1653878789750791413 920.908216 0.000000
1653878790060900730 310.105172 0.000000
1653878790093553313 32.648378 0.000000
1653878790115848380 22.288206 0.000000
1653878790649877348 534.025139 0.000000
1653878790693248195 43.365964 0.000000
1653878790985414523 292.162924 0.000000
1653878791571458250 586.038660 0.000000
1653878791704029268 132.566081 0.000000
1653878791889622354 185.588859 0.000000
1653878792157098518 267.471298 0.000000
1653878792192354121 35.250060 0.000000
1653878792231551485 39.192345 0.000000
1653878792252344879 20.789257 0.000000
1653878792275151818 22.802909 0.000000
1653878792381996658 106.840437 0.000000
1653878792843080054 461.078549 0.000000
1653878794253256459 1410.172602 0.000000
1653878795295098386 1041.837589 0.000000
1653878795584307250 289.202895 0.000000
1653878795663836717 79.523564 0.000000
1653878796477257486 813.415774 0.000000
1653878797207361830 730.099497 0.000000
1653878797259122010 51.755905 0.000000
1653878797470853239 211.726958 0.000000
1653878798223029526 752.171123 0.000000
1653878798324308793 101.275478 0.000000
1653878798363319117 39.004643 0.000000
1653878798616902250 253.578285 0.000000
1653878798988471211 371.563781 0.000000
1653878800198331356 1209.852824 0.000000
1653878800661575193 463.239753 0.000000
1653878800818177806 156.597116 0.000000
1653878800964593967 146.410397 0.000000
1653878800994106595 29.506983 0.000000
1653878801093687022 99.576321 0.000000
1653878801397758417 304.067686 0.000000
1653878801645896804 248.132362 0.000000
1653878801833094395 187.192348 0.000000
1653878801934414695 101.316020 0.000000
1653878803068893965 1134.473558 0.000000
1653878804404096060 1335.196446 0.000000
1653878804655144726 251.042424 0.000000
1653878805193130129 537.981471 0.000000
1653878806030075658 836.940731 0.000000
1653878806637303006 607.222014 0.000000
1653878806959767688 322.460428 0.000000
1653878807015377664 55.603023 0.000000
1653878807954837602 939.455945 0.000000
1653878808749988078 795.145487 0.000000
1653878809207687720 457.695664 0.000000
1653878809332038355 124.344678 0.000000
1653878809471436397 139.392364 0.000000
1653878810990418869 1518.977342 0.000000
1653878811109830456 119.407641 0.000000
1653878811133938684 24.100969 0.000000
1653878811393796800 259.853457 0.000000
1653878811569617623 175.813889 0.000000
1653878811639209010 69.586823 0.000000
1653878812073076604 433.862911 0.000000
1653878812105399691 32.318425 0.000000
1653878812283888177 178.483656 0.000000
1653878812506845252 222.950698 0.000000
1653878812578821489 71.972532 0.000000
1653878813522765887 943.938222 0.000000
1653878813710488339 187.716915 0.000000
1653878814143429735 432.935463 0.000000
1653878814806863524 663.428899 0.000000
1653878815354807302 547.938702 0.000000
1653878815563080136 208.268105 0.000000
1653878815683842135 120.755289 0.000000
1653878815812083058 128.235613 0.000000
1653878816872157467 1060.070833 0.000000
1653878816994951876 122.789047 0.000000
1653878817790039531 795.082142 0.000000
1653878819115696296 1325.651119 0.000000
1653878820156464253 1040.763508 0.000000
1653878820181195477 24.727712 0.000000
1653878820294795576 113.595387 0.000000
1653878820321386970 26.586237 0.000000
1653878821393735941 1072.343943 0.000000
1653878821509252902 115.511194 0.000000
1653878821676297455 167.039401 0.000000
1653878821807573207 131.269677 0.000000
1653878821988070151 180.491171 0.000000
1653878822399849828 411.772888 0.000000
1653878822527931192 128.076424 0.000000
1653878822675190936 147.255124 0.000000
1653878823193971879 518.776082 0.000000
1653878823521154302 327.175066 0.000000
1653878823634339754 113.180104 0.000000
1653878823668393535 34.047829 0.000000
1653878824734425606 1066.027847 0.000000
1653878824928890695 194.459767 0.000000
1653878824965107781 36.212078 0.000000
1653878826387532784 1422.420493 0.000000
1653878826819989868 432.452818 0.000000
1653878827072117526 252.123363 0.000000
1653878827262495251 190.371708 0.000000
1653878827491994250 229.492035 0.000000
1653878827570971158 78.972779 0.000000
1653878828340445285 769.470062 0.000000
1653878828392746949 52.296318 0.000000
1653878828462070912 69.319601 0.000000
1653878828733521844 271.446155 0.000000
1653878830872249938 2138.723133 0.000000
1653878830910397128 38.141846 0.000000
1653878831224170357 313.768954 0.000000
1653878831309504475 85.328670 0.000000
1653878832256754298 947.243322 0.000000
1653878832424428816 167.669131 0.000000
1653878832607769732 183.335279 0.000000
1653878832727359601 119.585173 0.000000
1653878833593441443 866.076634 0.000000
1653878834146244615 552.799274 0.000000
1653878834957908911 811.657283 0.000000
1653878835898234712 940.321896 0.000000
1653878836058223733 159.984627 0.000000
1653878836852667761 794.438182 0.000000
1653878837335537851 482.865383 0.000000
1653878837445978150 110.434110 0.000000
1653878837476708877 30.725823 0.000000
1653878838303878012 827.164185 0.000000
1653878839260239407 956.356020 0.000000
1653878839774981632 514.738115 0.000000
1653878840277763959 502.776558 0.000000
1653878840315388367 37.619683 0.000000
1653878840806903898 491.509742 0.000000
1653878840943413582 136.502517 0.000000
1653878841946112109 1002.693361 0.000000
1653878842091640231 145.520163 0.000000
1653878842599348339 507.701994 0.000000
1653878842837669871 238.316282 0.000000
1653878843217165436 379.492004 0.000000
1653878844602790134 1385.618599 0.000000
1653878845039809811 437.013182 0.000000
1653878845942932706 903.118576 0.000000
1653878846126255545 183.316957 0.000000
1653878846501767089 375.506333 0.000000
1653878846727322655 225.550877 0.000000
1653878847357873664 630.547738 0.000000
1653878847448719221 90.839918 0.000000
1653878847600246580 151.523709 0.000000
1653878848238511965 638.260042 0.000000
1653878848504602478 266.085588 0.000000
1653878848978298218 473.690537 0.000000
1653878849232025686 253.721206 0.000000
1653878849257627627 25.592142 0.000000
1653878849288528963 30.897028 0.000000
1653878849495957843 207.424419 0.000000
1653878849732677143 236.713071 0.000000
1653878849888569224 155.886498 0.000000
1653878850263695239 375.121154 0.000000
1653878850855953095 592.253666 0.000000
1653878851851674513 995.716290 0.000000
1653878852027001236 175.321879 0.000000
1653878852158629623 131.621886 0.000000
1653878852609706853 451.072398 0.000000
1653878854132474017 1522.761710 0.000000
1653878854858604780 726.126023 0.000000
1653878855323763835 465.154670 0.000000
1653878857938408318 2614.635367 0.000000
1653878858448030626 509.617021 0.000000
1653878858811268064 363.230684 0.000000
1653878859837909843 1026.636136 0.000000
1653878859923478945 85.563333 0.000000
1653878860715055544 791.570968 0.000000
1653878860851140965 136.080422 0.000000
1653878863157383839 2306.237706 0.000000
1653878864723240872 1565.852242 0.000000
1653878864778819063 55.573317 0.000000
1653878866349312195 1570.487854 0.000000
1653878866375953308 26.636112 0.000000
1653878866644080117 268.121893 0.000000
1653878866796658675 152.572103 0.000000
1653878866912972902 116.308589 0.000000
1653878866967915358 54.936740 0.000000
1653878867149990006 182.068714 0.000000
1653878867717534301 567.538972 0.000000
1653878867746212325 28.673762 0.000000
1653878870257284005 2511.065935 0.000000
1653878870409084822 151.796527 0.000000
1653878870536063021 126.972064 0.000000
1653878871546527386 1010.459123 0.000000
1653878871576394350 29.861757 0.000000
1653878871612740458 36.341129 0.000000
1653878871702288440 89.543408 0.000000
1653878871733854808 31.559738 0.000000
1653878872372075935 638.215719 0.000000
1653878872667268142 295.186358 0.000000
1653878873218870822 551.596796 0.000000
1653878873982751881 763.875132 0.000000
1653878875996165855 2013.408681 0.000000
1653878876481111910 484.941527 0.000000
1653878877024992321 543.875485 0.000000
1653878877122764638 97.768160 0.000000
1653878877592718246 469.949009 0.000000
1653878878057685519 464.962706 0.000000
1653878878939487831 881.797934 0.000000
1653878879351648051 412.154166 0.000000
1653878879519834193 168.181411 0.000000
1653878881312992881 1793.153842 0.000000
1653878882527056594 1214.058415 0.000000
1653878882566479797 39.417822 0.000000
1653878882701290713 134.805854 0.000000
1653878883418222770 716.926128 0.000000
1653878883555704490 137.475724 0.000000
1653878883629668297 73.957663 0.000000
1653878884737950801 1108.278129 0.000000
1653878886769138440 2031.176695 0.000000
1653878887439648399 670.504489 0.000000
1653878887961094999 521.441772 0.000000
1653878888139284090 178.184540 0.000000
1653878888174265960 34.975699 0.000000
1653878888446187217 271.916747 0.000000
1653878888750304959 304.111989 0.000000
1653878888911803559 161.493471 0.000000
1653878889022533702 110.725186 0.000000
1653878890591882012 1569.342604 0.000000
1653878890630675722 38.788955 0.000000
1653878890945500733 314.820129 0.000000
1653878890992924437 47.417539 0.000000
1653878891810155831 817.226750 0.000000
1653878892168085166 357.923878 0.000000
1653878892495089864 326.998905 0.000000
1653878892530949509 35.853300 0.000000
1653878892604855131 73.900664 0.000000
1653878892638189400 33.330096 0.000000
1653878892672515622 34.323136 0.000000
1653878892709183009 36.663418 0.000000
1653878892829393454 120.206417 0.000000
1653878893041129118 211.730018 0.000000
1653878893079778526 38.645013 0.000000
1653878893207148548 127.346823 0.000000
1653878893356968608 149.815118 0.000000
