1653878597397013327 324.598291 3.080458 3 0 0.000000
1653878598261044832 216.003525 4.629461 4 0 0.000000
1653878599063373215 61.712219 16.202842 13 0 0.000000
1653878600075332746 505.975107 1.976364 2 0 0.000000
1653878601113284614 172.988166 5.780615 6 0 0.000000
1653878602377251672 46.809432 21.361316 27 0 0.000000
1653878603282724686 75.452298 13.252741 12 0 0.000000
1653878604350314653 97.049731 10.303581 11 0 0.000000
1653878605352530651 91.105984 10.975678 11 0 0.000000
1653878606320637698 88.003322 11.362380 11 0 0.000000
1653878607401745758 108.107259 9.249769 10 0 0.000000
1653878608261556010 143.295605 6.978284 6 0 0.000000
1653878609337444522 358.624603 2.788393 3 0 0.000000
1653878610215572012 109.761075 9.110294 8 0 0.000000
1653878611392995278 130.820525 7.643810 9 0 0.000000
1653878612280988954 147.993181 6.756805 6 0 0.000000
1653878613391961912 85.454899 11.701455 13 0 0.000000
1653878614097472366 100.782828 9.921894 7 0 0.000000
1653878614549460143 451.983025 2.212449 1 0 0.000000
1653878616095946097 220.922124 4.526391 7 0 0.000000
1653878617128658790 344.233304 2.904970 3 0 0.000000
1653878618053445642 92.474052 10.813303 10 0 0.000000
1653878619162103779 123.178878 8.117922 9 0 0.000000
1653878620423245547 315.281186 3.171729 4 0 0.000000
1653878621348428825 115.642692 8.646935 8 0 0.000000
1653878622027421547 339.491734 2.945540 2 0 0.000000
1653878623353029597 265.116508 3.771854 5 0 0.000000
1653878624235837968 220.696911 4.530995 4 0 0.000000
1653878625147232731 303.793567 3.291658 3 0 0.000000
1653878626329323029 295.517131 3.383836 4 0 0.000000
1653878626788766392 91.883427 10.882735 5 0 0.000000
1653878628210810353 355.506033 2.812853 4 0 0.000000
1653878628734297474 261.737903 3.820533 2 0 0.000000
1653878630088994114 169.332416 5.905381 8 0 0.000000
1653878631133816700 208.959503 4.785501 5 0 0.000000
1653878632380980566 207.855421 4.810916 6 0 0.000000
1653878633164756306 195.938613 5.103500 4 0 0.000000
1653878634437453468 127.264901 7.857329 10 0 0.000000
1653878635424388132 65.790498 15.198574 15 0 0.000000
1653878636444085129 59.977509 16.671620 17 0 0.000000
1653878637361747921 101.958050 9.807524 9 0 0.000000
1653878638230102991 289.446594 3.454808 3 0 0.000000
1653878639357896644 161.108095 6.206809 7 0 0.000000
1653878639892090316 267.091091 3.743960 2 0 0.000000
1653878641365339625 163.690043 6.108946 9 0 0.000000
1653878642405700036 346.782198 2.883616 3 0 0.000000
1653878643131783052 121.008126 8.263518 6 0 0.000000
1653878644254100626 86.327299 11.583174 13 0 0.000000
1653878645419197020 194.178145 5.149788 6 0 0.000000
1653878646272283237 142.172665 7.033287 6 0 0.000000
1653878646713588681 220.648060 4.532008 2 0 0.000000
1653878648323528423 321.983928 3.105706 5 0 0.000000
1653878649270534889 118.370959 8.447672 8 0 0.000000
1653878650444682025 293.531143 3.406728 4 0 0.000000
1653878651340336072 179.125235 5.582513 5 0 0.000000
1653878652338566677 142.599084 7.012407 7 0 0.000000
1653878653170127958 831.556420 1.202557 1 0 0.000000
1653878654393291282 305.785818 3.270209 4 0 0.000000
1653878655372111089 244.700485 4.086554 4 0 0.000000
1653878656307358753 187.044047 5.346177 5 0 0.000000
1653878657238376666 155.164311 6.444559 6 0 0.000000
1653878658223073660 164.110962 6.093245 6 0 0.000000
1653878659233594661 91.861048 10.885474 11 0 0.000000
1653878660378153051 286.135071 3.494798 4 0 0.000000
1653878661419459500 520.647807 1.920664 2 0 0.000000
1653878661761260114 113.928773 8.777047 3 0 0.000000
1653878663431454700 334.033735 2.993663 5 0 0.000000
1653878664255890245 137.401460 7.277707 6 0 0.000000
1653878665245564229 329.886301 3.031301 3 0 0.000000
1653878666122942600 877.373868 1.139759 1 0 0.000000
1653878667323000348 400.014376 2.499880 3 0 0.000000
1653878668171706932 212.171321 4.713054 4 0 0.000000
1653878669425735092 418.004488 2.392291 3 0 0.000000
1653878670054121487 125.672349 7.956888 5 0 0.000000
1653878670906620873 852.494894 1.173021 1 0 0.000000
1653878672325803419 709.585305 1.409262 2 0 0.000000
1653878673424282344 137.304775 7.282798 8 0 0.000000
1653878673982326469 279.015683 3.583946 2 0 0.000000
1653878675319702429 267.469687 3.738665 5 0 0.000000
1653878676280152459 320.144913 3.123536 3 0 0.000000
1653878676844669869 188.167865 5.314273 3 0 0.000000
1653878678104186067 179.925844 5.557690 7 0 0.000000
1653878679454308673 168.760606 5.925388 8 0 0.000000
1653878680232917199 259.530030 3.853027 3 0 0.000000
1653878681288543527 150.795902 6.631134 7 0 0.000000
1653878682310720600 340.720742 2.934912 3 0 0.000000
1653878683474179218 0.000000 0.000000 0 0 0.000000
1653878684311808741 333.509470 7.163072 6 0 0.000000
1653878685417590765 276.440013 3.617349 4 0 0.000000
1653878686169462606 375.930424 2.660028 2 0 0.000000
1653878687218841385 524.684731 1.905890 2 0 0.000000
1653878688363000277 572.074269 1.748009 2 0 0.000000
1653878688765984136 100.740976 9.925955 4 0 0.000000
1653878690013072874 178.150981 5.613073 7 0 0.000000
1653878691432911453 157.754550 6.338749 9 0 0.000000
1653878692438524549 125.696436 7.955346 8 0 0.000000
1653878693415069496 195.303959 5.120092 5 0 0.000000
1653878694093667643 226.193921 4.420879 3 0 0.000000
1653878695456604382 340.728931 2.934839 4 0 0.000000
1653878696019986980 140.841325 7.099970 4 0 0.000000
1653878697271581578 625.791626 1.597962 2 0 0.000000
1653878697878307644 303.358329 3.296381 2 0 0.000000
1653878699422599440 386.068112 2.590184 4 0 0.000000
1653878700144727789 144.420296 6.923977 5 0 0.000000
1653878701475964152 147.909710 6.760633 9 0 0.000000
1653878702311994289 139.333441 7.176775 6 0 0.000000
1653878702647989293 111.993559 8.928703 3 0 0.000000
1653878704400708753 438.174582 2.282168 4 0 0.000000
1653878705488462814 0.000000 0.000000 0 0 0.000000
1653878706341741047 388.200587 5.859753 5 0 0.000000
1653878706835595450 164.612571 6.074666 3 0 0.000000
1653878708480645308 548.344743 1.823653 3 0 0.000000
1653878709221029043 246.788762 4.051953 3 0 0.000000
1653878710402285506 236.246355 4.232781 5 0 0.000000
1653878711376018307 194.741147 5.134879 5 0 0.000000
1653878712285025256 909.001725 1.100102 1 0 0.000000
1653878713323644688 519.305219 1.925633 2 0 0.000000
1653878714370209909 261.636022 3.822026 4 0 0.000000
1653878714950809607 96.760829 10.334143 6 0 0.000000
1653878716102438645 230.320654 4.341676 5 0 0.000000
1653878717025545307 461.547853 2.166597 2 0 0.000000
1653878718473716209 362.037111 2.762105 4 0 0.000000
1653878719354511614 146.794708 6.812025 6 0 0.000000
1653878720339041160 492.259853 2.031427 2 0 0.000000
1653878721064505731 145.088021 6.892135 5 0 0.000000
1653878722195708871 377.061433 2.652044 3 0 0.000000
1653878723252019167 264.071902 3.786766 4 0 0.000000
1653878724497734844 0.000000 0.000000 0 0 0.000000
1653878724821389200 784.680494 6.179432 2 0 0.000000
1653878725607679192 786.284633 1.271795 1 0 0.000000
1653878727381742567 354.808135 2.818389 5 0 0.000000
1653878727928126459 109.271878 9.151075 5 0 0.000000
1653878729453724235 254.260076 3.932885 6 0 0.000000
1653878730210001362 189.064641 5.289066 4 0 0.000000
1653878731060439452 212.604112 4.703459 4 0 0.000000
1653878732470255200 234.964335 4.255875 6 0 0.000000
1653878733373223209 451.478773 2.214918 2 0 0.000000
1653878734333153895 239.976922 4.166968 4 0 0.000000
1653878734692323862 179.579816 5.568394 2 0 0.000000
1653878736276518340 1584.189693 0.631236 1 0 0.000000
1653878737181270138 301.578718 3.315826 3 0 0.000000
1653878738446956265 421.888875 2.370256 3 0 0.000000
1653878739041386779 198.138539 5.046847 3 0 0.000000
1653878740003944121 320.846881 3.116697 3 0 0.000000
1653878741506944144 0.000000 0.000000 0 0 0.000000
1653878742469668947 493.140136 5.193592 5 0 0.000000
1653878743378633684 454.478189 2.200305 2 0 0.000000
1653878744380720665 250.516204 3.991670 4 0 0.000000
1653878745420976527 260.059311 3.845208 4 0 0.000000
1653878746423368698 200.473765 4.988068 5 0 0.000000
1653878747437766883 507.194192 1.971612 2 0 0.000000
1653878748323864163 221.517956 4.514177 4 0 0.000000
1653878749174466759 106.320229 9.405097 8 0 0.000000
1653878749895158529 360.341393 2.775111 2 0 0.000000
1653878750792734192 448.782685 2.228224 2 0 0.000000
1653878751841704815 524.480160 1.906631 2 0 0.000000
1653878753300517232 1458.808400 0.685489 1 0 0.000000
1653878754417830970 558.651325 1.790008 2 0 0.000000
1653878755109237340 691.400144 1.446327 1 0 0.000000
1653878756435410910 221.024027 4.524295 6 0 0.000000
1653878756847889330 206.234649 4.848738 2 0 0.000000
1653878757959232356 370.442745 2.699437 3 0 0.000000
1653878759220652970 210.232192 4.756542 6 0 0.000000
1653878759577432420 356.773752 2.802852 1 0 0.000000
1653878761489439858 637.331255 1.569032 3 0 0.000000
1653878762065624870 288.087082 3.471107 2 0 0.000000
1653878763352528564 1286.898025 0.777059 1 0 0.000000
1653878764206225791 284.560060 3.514126 3 0 0.000000
1653878765408950018 300.675060 3.325783 4 0 0.000000
1653878766475054790 177.678876 5.627965 6 0 0.000000
1653878767289304864 407.118848 2.456248 2 0 0.000000
1653878768471989984 295.665704 3.382134 4 0 0.000000
1653878768985729576 128.429417 7.786046 4 0 0.000000
1653878770525389410 0.000000 0.000000 0 0 0.000000
1653878771526075272 0.000000 0.000000 0 0 0.000000
1653878772388885177 3403.151531 1.159004 1 0 0.000000
1653878773264028476 145.852686 6.856020 6 0 0.000000
1653878774371151926 221.419896 4.516208 5 0 0.000000
1653878775455750900 271.144458 3.687999 4 0 0.000000
1653878776115383275 329.811077 3.031992 2 0 0.000000
1653878777357357118 620.980906 1.610340 2 0 0.000000
1653878778457073713 549.852854 1.818650 2 0 0.000000
1653878779477922214 510.418908 1.959155 2 0 0.000000
1653878779879058167 133.707764 7.478761 3 0 0.000000
1653878781462387703 1583.324790 0.631580 1 0 0.000000
1653878781753954594 145.778156 6.859489 2 0 0.000000
1653878783533390474 0.000000 0.000000 0 0 0.000000
1653878783943978212 2190.017497 2.435533 1 0 0.000000
1653878785496886238 517.631858 1.931859 3 0 0.000000
1653878786400345311 903.454321 1.106857 1 0 0.000000
1653878787535868097 0.000000 0.000000 0 0 0.000000
1653878788392553284 996.097788 2.334580 2 0 0.000000
1653878789468770777 538.091741 1.858360 2 0 0.000000
1653878790528055909 353.089266 2.832099 3 0 0.000000
1653878791211935007 683.874201 1.462247 1 0 0.000000
1653878792445957408 1234.016558 0.810358 1 0 0.000000
1653878793364086885 459.059998 2.178342 2 0 0.000000
1653878794540887372 0.000000 0.000000 0 0 0.000000
1653878795498097492 426.796987 5.223514 5 0 0.000000
1653878796398315954 180.037981 5.554207 5 0 0.000000
1653878796863368148 465.044693 2.150296 1 0 0.000000
1653878798544853247 0.000000 0.000000 0 0 0.000000
1653878798779524227 1916.151235 4.261286 1 0 0.000000
1653878799551836853 772.307193 1.294812 1 0 0.000000
1653878800752981126 600.567281 1.665079 2 0 0.000000
1653878802147467573 1394.481321 0.717110 1 0 0.000000
1653878803483332506 1335.860571 0.748579 1 0 0.000000
1653878804386557037 301.070032 3.321433 3 0 0.000000
1653878805334503485 236.981586 4.219648 4 0 0.000000
1653878806483439458 1148.933107 0.870370 1 0 0.000000
1653878807361549705 125.439107 7.971664 7 0 0.000000
1653878808404053474 347.497232 2.877687 3 0 0.000000
1653878809061561538 219.164611 4.562682 3 0 0.000000
1653878809655349351 593.783059 1.684103 1 0 0.000000
1653878810947419829 646.029722 1.547903 2 0 0.000000
1653878812115711607 584.141232 1.711901 2 0 0.000000
1653878813122492680 503.383851 1.986529 2 0 0.000000
1653878814402820768 426.770664 2.343149 3 0 0.000000
1653878815412235974 201.878156 4.953363 5 0 0.000000
1653878815886665113 237.209428 4.215593 2 0 0.000000
1653878817365125730 1478.455086 0.676379 1 0 0.000000
1653878818117772060 752.640612 1.328645 1 0 0.000000
1653878819384360942 422.189142 2.368567 3 0 0.000000
1653878819883666202 249.648465 4.005565 2 0 0.000000
1653878821230060683 673.191662 1.485449 2 0 0.000000
1653878822472435938 621.183237 1.609820 2 0 0.000000
1653878823560782171 0.000000 0.000000 0 0 0.000000
1653878824354870125 941.211844 2.518613 2 0 0.000000
1653878825181694822 206.700928 4.837785 4 0 0.000000
1653878826552241113 342.631498 2.918544 4 0 0.000000
1653878827356194269 803.949555 1.243854 1 0 0.000000
1653878827870599045 514.401317 1.943994 1 0 0.000000
1653878829139235940 1268.630670 0.788248 1 0 0.000000
1653878830547790502 469.511888 2.129843 3 0 0.000000
1653878831177670470 629.874967 1.587604 1 0 0.000000
1653878832567520455 0.000000 0.000000 0 0 0.000000
1653878833411635794 744.650291 3.554017 3 0 0.000000
1653878834487932532 358.760285 2.787335 3 0 0.000000
1653878835281923354 396.990337 2.518921 2 0 0.000000
1653878836460876991 1178.949437 0.848210 1 0 0.000000
1653878837019109990 279.110685 3.582734 2 0 0.000000
1653878838071156654 1052.041677 0.950528 1 0 0.000000
1653878839069952299 499.393154 2.002412 2 0 0.000000
1653878840420396279 675.216738 1.480994 2 0 0.000000
1653878841261568764 210.288411 4.755267 4 0 0.000000
1653878842380133595 279.635405 3.576011 4 0 0.000000
1653878843574655930 0.000000 0.000000 0 0 0.000000
1653878844520024688 427.973162 5.288942 5 0 0.000000
1653878845458030973 468.998681 2.132182 2 0 0.000000
1653878846576026737 0.000000 0.000000 0 0 0.000000
1653878847473063749 671.671971 3.344344 3 0 0.000000
1653878848244167739 257.030077 3.890526 3 0 0.000000
1653878848599653178 355.480601 2.813055 1 0 0.000000
1653878849954632239 1354.974364 0.738019 1 0 0.000000
1653878851406835206 726.095667 1.377218 2 0 0.000000
1653878852580733699 0.000000 0.000000 0 0 0.000000
1653878853372525484 491.417578 5.051833 4 0 0.000000
1653878854351366786 489.415013 2.043232 2 0 0.000000
1653878855350177635 332.931978 3.003572 3 0 0.000000
1653878856583893852 0.000000 0.000000 0 0 0.000000
1653878857003552248 1653.369664 2.382890 1 0 0.000000
1653878858392540939 694.488342 1.439897 2 0 0.000000
1653878859279427742 443.438737 2.255079 2 0 0.000000
1653878860262756646 491.658848 2.033907 2 0 0.000000
1653878860621251960 358.489468 2.789436 1 0 0.000000
1653878861837323757 1216.066631 0.822320 1 0 0.000000
1653878863430274997 796.468443 1.255531 2 0 0.000000
1653878864356478072 926.197596 1.079677 1 0 0.000000
1653878865116937758 760.454177 1.314994 1 0 0.000000
1653878866589602770 0.000000 0.000000 0 0 0.000000
1653878867590011597 0.000000 0.000000 0 0 0.000000
1653878868588608573 694.325260 5.007025 5 0 0.000000
1653878868991990219 403.376993 2.479042 1 0 0.000000
1653878870592056276 0.000000 0.000000 0 0 0.000000
1653878871140929279 716.307994 5.465745 3 0 0.000000
1653878871858854112 717.918794 1.392903 1 0 0.000000
1653878873420212843 1561.353121 0.640468 1 0 0.000000
1653878873668720074 248.502908 4.024027 1 0 0.000000
1653878875595037948 0.000000 0.000000 0 0 0.000000
1653878876196053535 1263.661494 3.327701 2 0 0.000000
1653878877220596047 512.265515 1.952091 2 0 0.000000
1653878878522584875 1301.983108 0.768056 1 0 0.000000
1653878879596958183 0.000000 0.000000 0 0 0.000000
1653878879678474290 1155.886448 12.267519 1 0 0.000000
1653878880825749359 573.632042 1.743261 2 0 0.000000
1653878882598743514 0.000000 0.000000 0 0 0.000000
1653878883019097164 1096.669453 4.757899 2 0 0.000000
1653878883736747193 717.644482 1.393437 1 0 0.000000
1653878885544377472 451.902437 2.212842 4 0 0.000000
1653878886148764745 302.188168 3.309136 2 0 0.000000
1653878887566831636 709.027783 1.410371 2 0 0.000000
1653878888300176354 366.667176 2.727230 2 0 0.000000
1653878889441769755 570.790299 1.751937 2 0 0.000000
1653878890241163900 199.844016 5.003789 4 0 0.000000
1653878891602835643 453.885753 2.203174 3 0 0.000000
1653878892229992061 104.521174 9.566992 6 0 0.000000
1653878893549964217 263.989328 3.787959 5 0 0.000000
1653878894563619096 72.398862 13.811407 14 0 0.000000
