1653878597178461451 383.507227 2.607498 2 0 0.000000
1653878597988508036 135.003341 7.406981 6 0 0.000000
1653878599222132282 205.599811 4.863718 6 0 0.000000
1653878600411142418 69.937946 14.297607 17 0 0.000000
1653878600829850590 38.059959 26.271282 11 0 0.000000
1653878602393781870 120.297659 8.312386 13 0 0.000000
1653878603233254259 139.907413 7.147346 6 0 0.000000
1653878604390287660 96.415199 10.371352 12 0 0.000000
1653878605410397787 51.000494 19.605726 20 0 0.000000
1653878606415760607 125.665634 7.957326 8 0 0.000000
1653878607115064638 99.896707 10.009952 7 0 0.000000
1653878607975631855 172.109073 5.810121 5 0 0.000000
1653878609243074968 158.425809 6.311920 8 0 0.000000
1653878610347428977 122.701624 8.149561 9 0 0.000000
1653878611359776127 168.719786 5.926820 6 0 0.000000
1653878612043928474 76.011912 13.154965 9 0 0.000000
1653878613189900989 229.189676 4.363106 5 0 0.000000
1653878614301671787 101.064997 9.894126 11 0 0.000000
1653878615398374543 78.331490 12.765538 14 0 0.000000
1653878615535693198 137.316034 7.282329 1 0 0.000000
1653878617305686652 196.661517 5.084765 9 0 0.000000
1653878618211704437 302.001957 3.311193 3 0 0.000000
1653878619277351000 266.406500 3.753590 4 0 0.000000
1653878620407356522 141.246595 7.079612 8 0 0.000000
1653878621342741216 187.072774 5.345394 5 0 0.000000
1653878622214787947 67.076004 14.907458 13 0 0.000000
1653878623409974653 149.394342 6.693515 8 0 0.000000
1653878623986343693 115.269000 8.674997 5 0 0.000000
1653878624594643409 608.293946 1.643927 1 0 0.000000
1653878626342489842 349.564086 2.860663 5 0 0.000000
1653878627196483925 284.660607 3.512905 3 0 0.000000
1653878628244483523 69.862333 14.312983 15 0 0.000000
1653878629346157237 122.404237 8.169388 9 0 0.000000
1653878630424568943 179.730353 5.563738 6 0 0.000000
1653878631014745026 196.720076 5.083229 3 0 0.000000
1653878631620080668 201.773740 4.955928 3 0 0.000000
1653878633348741593 157.146158 6.363307 11 0 0.000000
1653878634379470850 1030.724514 0.970187 1 0 0.000000
1653878635048312967 95.544906 10.465848 7 0 0.000000
1653878636202142205 384.604991 2.600038 3 0 0.000000
1653878637175294385 324.379329 3.082766 3 0 0.000000
1653878638382006627 402.232478 2.486094 3 0 0.000000
1653878639310183295 185.631486 5.386906 5 0 0.000000
1653878640059936080 149.945957 6.668865 5 0 0.000000
1653878640573632990 513.693373 1.946673 1 0 0.000000
1653878642165741607 530.697005 1.884294 3 0 0.000000
1653878643436781053 181.572835 5.507303 7 0 0.000000
1653878644348336500 182.301514 5.485130 5 0 0.000000
1653878645331391329 245.758524 4.068949 4 0 0.000000
1653878646071626033 370.112037 2.701846 2 0 0.000000
1653878647326419132 250.954310 3.984721 5 0 0.000000
1653878648414760560 155.472931 6.431805 7 0 0.000000
1653878649346538091 465.884297 2.146435 2 0 0.000000
1653878650063803075 717.261482 1.394185 1 0 0.000000
1653878651334581139 254.151022 3.934597 5 0 0.000000
1653878652447065990 0.000000 0.000000 0 0 0.000000
1653878652879503366 1544.919117 2.312474 1 0 0.000000
1653878653963140951 270.904987 3.691271 4 0 0.000000
1653878655362701717 349.884441 2.858039 4 0 0.000000
1653878656270480005 151.291903 6.609543 6 0 0.000000
1653878657320923485 1050.439783 0.951979 1 0 0.000000
1653878658297759924 488.413345 2.047426 2 0 0.000000
1653878658840862223 543.097822 1.841274 1 0 0.000000
1653878660350000832 215.587100 4.638408 7 0 0.000000
1653878661267122287 305.702952 3.271104 3 0 0.000000
1653878662349303057 180.359204 5.544360 6 0 0.000000
1653878662988683655 213.122788 4.692041 3 0 0.000000
1653878663890946660 902.258521 1.108324 1 0 0.000000
1653878665431516771 308.108974 3.245552 5 0 0.000000
1653878666133505436 175.493015 5.698098 4 0 0.000000
1653878666662235956 528.726099 1.891323 1 0 0.000000
1653878667686712801 1024.474135 0.976108 1 0 0.000000
1653878669372173279 842.726087 1.186619 2 0 0.000000
1653878669667865084 147.840824 6.763799 2 0 0.000000
1653878671339843990 278.659123 3.588562 6 0 0.000000
1653878672355901329 112.891081 8.857768 9 0 0.000000
1653878673402618271 174.448087 5.732209 6 0 0.000000
1653878674397427346 124.346292 8.041745 8 0 0.000000
1653878675438612763 208.232784 4.802218 5 0 0.000000
1653878675834891002 396.272280 2.523480 1 0 0.000000
1653878677455121272 202.524381 4.937570 8 0 0.000000
1653878678226852323 192.928219 5.183153 4 0 0.000000
1653878679293669972 106.677155 9.373673 10 0 0.000000
1653878680354232618 265.136116 3.771583 4 0 0.000000
1653878680505562004 151.325501 6.608102 1 0 0.000000
1653878682155740133 330.031435 3.029976 5 0 0.000000
1653878683298316940 163.221009 6.126503 7 0 0.000000
1653878684142894393 422.284650 2.368048 2 0 0.000000
1653878684972774017 414.935789 2.409988 2 0 0.000000
1653878686325836897 451.017385 2.217192 3 0 0.000000
1653878687464966835 142.386704 7.022904 8 0 0.000000
1653878688435318267 242.583679 4.122218 4 0 0.000000
1653878689102006018 83.331431 11.999621 8 0 0.000000
1653878690397212909 161.894756 6.176619 8 0 0.000000
1653878691023990214 156.690134 6.381852 4 0 0.000000
1653878692104447489 540.224620 1.851068 2 0 0.000000
1653878693356511374 1252.059166 0.798681 1 0 0.000000
1653878694172262351 271.911891 3.677593 3 0 0.000000
1653878695473442357 0.000000 0.000000 0 0 0.000000
1653878696474042124 0.000000 0.000000 0 0 0.000000
1653878697348166371 793.971654 4.576009 4 0 0.000000
1653878698422435415 537.130045 1.861731 2 0 0.000000
1653878698786846128 182.200863 5.488313 2 0 0.000000
1653878700475203491 337.667027 2.961458 5 0 0.000000
1653878701378824305 451.805674 2.213318 2 0 0.000000
1653878702264357709 442.762860 2.258526 2 0 0.000000
1653878703344667077 270.072622 3.702643 4 0 0.000000
1653878703889294368 181.537886 5.508355 3 0 0.000000
1653878705267189876 196.836695 5.080211 7 0 0.000000
1653878706158209561 297.002119 3.366929 3 0 0.000000
1653878707403806024 415.193908 2.408485 3 0 0.000000
1653878708212083207 269.421383 3.711598 3 0 0.000000
1653878709452879229 1240.791054 0.805934 1 0 0.000000
1653878710322182449 434.647059 2.300693 2 0 0.000000
1653878711225229655 301.011312 3.322086 3 0 0.000000
1653878712115111007 889.876778 1.123745 1 0 0.000000
1653878713432923305 329.448044 3.035334 4 0 0.000000
1653878714484807974 0.000000 0.000000 0 0 0.000000
1653878715100053553 1667.126477 1.625367 1 0 0.000000
1653878716473506431 228.904516 4.368552 6 0 0.000000
1653878717307117442 92.619388 10.796403 9 0 0.000000
1653878718241982086 186.968333 5.348368 5 0 0.000000
1653878719412091361 195.013078 5.127726 6 0 0.000000
1653878720433561864 340.485589 2.936942 3 0 0.000000
1653878721405889643 194.461019 5.142299 5 0 0.000000
1653878722071908144 133.198931 7.507299 5 0 0.000000
1653878723313006406 137.895420 7.251642 9 0 0.000000
1653878724442501478 376.493859 2.656054 3 0 0.000000
1653878725088114050 215.199273 4.646750 3 0 0.000000
1653878726478834568 347.675643 2.876207 4 0 0.000000
1653878726951153248 157.435205 6.351644 3 0 0.000000
1653878728200314468 416.382407 2.401612 3 0 0.000000
1653878728632503051 216.090613 4.627610 2 0 0.000000
1653878730485830100 231.660879 4.316561 8 0 0.000000
1653878730504692104 18.858800 53.016585 1 0 0.000000
1653878732315891389 603.728350 1.656361 3 0 0.000000
1653878733066615211 250.236123 3.996143 3 0 0.000000
1653878734440109766 343.369034 2.912279 4 0 0.000000
1653878735032831513 296.355727 3.374265 2 0 0.000000
1653878736351111659 188.320712 5.309949 7 0 0.000000
1653878737499495666 0.000000 0.000000 0 0 0.000000
1653878738426774933 1037.826636 2.156848 2 0 0.000000
1653878739482809212 117.333142 8.522451 9 0 0.000000
1653878740437439741 318.206249 3.142577 3 0 0.000000
1653878741312482971 145.836170 6.856804 6 0 0.000000
1653878742369991118 264.372720 3.782477 4 0 0.000000
1653878743367583526 142.509014 7.016894 7 0 0.000000
1653878744198411017 830.824670 1.203619 1 0 0.000000
1653878745454727038 251.259284 3.979890 5 0 0.000000
1653878746377757981 184.601824 5.416937 5 0 0.000000
1653878746762515928 384.754393 2.599036 1 0 0.000000
1653878747607672659 422.574125 2.366425 2 0 0.000000
1653878748776917045 1169.240491 0.855253 1 0 0.000000
1653878750380293987 801.683375 1.247367 2 0 0.000000
1653878751113464307 366.580778 2.727879 2 0 0.000000
1653878751915324120 400.924547 2.494202 2 0 0.000000
1653878753311443981 349.025222 2.865084 4 0 0.000000
1653878754490495340 196.503997 5.088837 6 0 0.000000
1653878755510064589 0.000000 0.000000 0 0 0.000000
1653878756434002674 242.934242 8.658589 8 0 0.000000
1653878757382162468 158.022276 6.328048 6 0 0.000000
1653878758471074571 136.110286 7.346782 8 0 0.000000
1653878759155302696 684.224736 1.461501 1 0 0.000000
1653878760161178388 1005.871912 0.994159 1 0 0.000000
1653878761265010287 551.911918 1.811870 2 0 0.000000
1653878761766172603 250.576961 3.990723 2 0 0.000000
1653878763243650385 738.735113 1.353658 2 0 0.000000
1653878764493985703 178.615177 5.598498 7 0 0.000000
1653878765363051776 217.262330 4.602642 4 0 0.000000
1653878766358941711 199.173921 5.020635 5 0 0.000000
1653878767405569494 261.652675 3.821798 4 0 0.000000
1653878768510240959 368.219287 2.715740 3 0 0.000000
1653878769210558580 233.434998 4.283771 3 0 0.000000
1653878770097497136 221.730252 4.509895 4 0 0.000000
1653878771327772224 246.051202 4.064132 5 0 0.000000
1653878772207461864 293.225373 3.410294 3 0 0.000000
1653878773285553839 539.041980 1.855129 2 0 0.000000
1653878774474429602 297.214524 3.364523 4 0 0.000000
1653878775216844401 371.203100 2.693912 2 0 0.000000
1653878776002255908 196.349131 5.092872 4 0 0.000000
1653878777061987957 529.861873 1.887269 2 0 0.000000
1653878778018202642 956.209539 1.045790 1 0 0.000000
1653878779407554357 463.112924 2.159280 3 0 0.000000
1653878780437849561 343.427882 2.911787 3 0 0.000000
1653878781246454236 202.147352 4.946793 4 0 0.000000
1653878782511158382 158.083412 6.325590 8 0 0.000000
1653878783517724620 125.815334 7.947813 8 0 0.000000
1653878784170463770 652.734281 1.532006 1 0 0.000000
1653878785180333946 252.462826 3.960905 4 0 0.000000
1653878786450674031 181.473141 5.510336 7 0 0.000000
1653878787473577895 204.576677 4.888045 5 0 0.000000
1653878788477874911 200.855031 4.978607 5 0 0.000000
1653878788709803718 77.305622 12.935004 3 0 0.000000
1653878789710037477 500.113030 1.999533 2 0 0.000000
1653878791379416288 417.340160 2.396101 4 0 0.000000
1653878792467679515 181.372898 5.513372 6 0 0.000000
1653878792877554675 409.869966 2.439767 1 0 0.000000
1653878794433207208 518.546502 1.928451 3 0 0.000000
1653878795110083644 169.214639 5.909498 4 0 0.000000
1653878796378728787 211.436165 4.729455 6 0 0.000000
1653878796928944376 275.103949 3.634939 2 0 0.000000
1653878798472233378 385.817003 2.591867 4 0 0.000000
1653878799108405839 636.167308 1.571901 1 0 0.000000
1653878800501950792 464.511153 2.152783 3 0 0.000000
1653878801105634097 301.838174 3.312995 2 0 0.000000
1653878802324107534 609.232625 1.641398 2 0 0.000000
1653878803376848662 150.387113 6.649308 7 0 0.000000
1653878804048570893 335.857009 2.977421 2 0 0.000000
1653878805425273160 458.896157 2.179120 3 0 0.000000
1653878806302143474 438.431415 2.280839 2 0 0.000000
1653878807410686306 554.266153 1.804170 2 0 0.000000
1653878808490277509 215.914343 4.631383 5 0 0.000000
1653878809454779488 321.496566 3.110413 3 0 0.000000
1653878810483075868 171.379122 5.834894 6 0 0.000000
1653878811478607674 331.839462 3.013465 3 0 0.000000
1653878812464318742 246.423766 4.057984 4 0 0.000000
1653878813276619954 270.762271 3.693211 3 0 0.000000
1653878814493587586 405.651771 2.465144 3 0 0.000000
1653878815226033040 244.143862 4.095868 3 0 0.000000
1653878816543754193 439.236565 2.276658 3 0 0.000000
1653878817205128853 165.339778 6.048009 4 0 0.000000
1653878818228295215 170.523110 5.864149 6 0 0.000000
1653878819187886930 319.859554 3.126330 3 0 0.000000
1653878820356521761 389.541059 2.567098 3 0 0.000000
1653878821545333844 169.825900 5.888231 7 0 0.000000
1653878822219337378 673.999316 1.483672 1 0 0.000000
1653878823412011693 198.774831 5.030711 6 0 0.000000
1653878824111920070 699.904617 1.428758 1 0 0.000000
1653878825553302411 0.000000 0.000000 0 0 0.000000
1653878826240585072 1064.326687 2.910011 2 0 0.000000
1653878827422521662 295.479429 3.384276 4 0 0.000000
1653878828187343908 191.201146 5.229973 4 0 0.000000
1653878829429825562 155.306086 6.438727 8 0 0.000000
1653878830071612936 641.783878 1.558148 1 0 0.000000
1653878831478985690 201.045991 4.973807 7 0 0.000000
1653878832376353403 299.118510 3.343111 3 0 0.000000
1653878833364345260 493.991962 2.024308 2 0 0.000000
1653878833965154445 150.191886 6.657688 4 0 0.000000
1653878835198474911 246.659743 4.054096 5 0 0.000000
1653878835764901065 283.209081 3.530910 2 0 0.000000
1653878837492106554 575.731229 1.736910 3 0 0.000000
1653878838470759433 195.726074 5.109064 5 0 0.000000
1653878839488242547 254.366799 3.931269 4 0 0.000000
1653878840366605735 292.783234 3.415444 3 0 0.000000
1653878841522652156 578.019200 1.730034 2 0 0.000000
1653878842499713161 325.680365 3.070433 3 0 0.000000
1653878843273096652 257.790074 3.879059 3 0 0.000000
1653878844296922204 511.908935 1.953458 2 0 0.000000
1653878845487950301 595.509986 1.679222 2 0 0.000000
1653878846270337786 391.189622 2.556278 2 0 0.000000
1653878846934596152 221.415488 4.516315 3 0 0.000000
1653878848186258167 625.826704 1.597875 2 0 0.000000
1653878849278684644 273.100993 3.661574 4 0 0.000000
1653878850223754609 472.531094 2.116245 2 0 0.000000
1653878851268058661 522.148623 1.915151 2 0 0.000000
1653878852572725839 0.000000 0.000000 0 0 0.000000
1653878853323192201 411.022184 6.662524 5 0 0.000000
1653878854494329855 167.301144 5.977094 7 0 0.000000
1653878855575092891 0.000000 0.000000 0 0 0.000000
1653878856102452940 536.036756 5.688713 3 0 0.000000
1653878857518744952 236.042654 4.236415 6 0 0.000000
1653878858357787007 167.804253 5.959177 5 0 0.000000
1653878859440270538 180.409496 5.542809 6 0 0.000000
1653878860482293921 208.400120 4.798357 5 0 0.000000
1653878861412448837 465.073259 2.150179 2 0 0.000000
1653878862459492865 209.404858 4.775348 5 0 0.000000
1653878862790724721 165.611983 6.038066 2 0 0.000000
1653878864415024286 203.033287 4.925200 8 0 0.000000
1653878865410685265 199.127784 5.021790 5 0 0.000000
1653878866231101966 273.468436 3.656678 3 0 0.000000
1653878867548341848 329.305692 3.036653 4 0 0.000000
1653878868304833329 126.077930 7.931352 6 0 0.000000
1653878868768281715 463.444863 2.157738 1 0 0.000000
1653878870376263779 535.990054 1.865692 3 0 0.000000
1653878871487090741 185.132887 5.401381 6 0 0.000000
1653878872393985026 302.293473 3.307993 3 0 0.000000
1653878873352665542 319.555937 3.129301 3 0 0.000000
1653878874332000610 489.663087 2.042202 2 0 0.000000
1653878875586995304 0.000000 0.000000 0 0 0.000000
1653878876523839339 730.608382 3.202241 3 0 0.000000
1653878877531536666 335.894883 2.977084 3 0 0.000000
1653878878254202084 144.529114 6.918831 5 0 0.000000
1653878879164656233 227.608840 4.393412 4 0 0.000000
1653878880365701698 600.517451 1.665216 2 0 0.000000
1653878881584378071 406.220609 2.461687 3 0 0.000000
1653878882239544838 218.384863 4.578987 3 0 0.000000
1653878883482096007 414.178955 2.414388 3 0 0.000000
1653878884452630721 194.102873 5.151799 5 0 0.000000
1653878885083671416 631.035754 1.584684 1 0 0.000000
1653878885999338494 152.606867 6.552600 6 0 0.000000
1653878887165077465 388.575818 2.573475 3 0 0.000000
1653878887989449854 274.786273 3.639132 3 0 0.000000
1653878889566626880 525.720512 1.902133 3 0 0.000000
1653878889908738580 85.523411 11.692089 4 0 0.000000
1653878891514459569 200.711358 4.982186 8 0 0.000000
