1653878596701473977 227.168296 4.401434 1 0 0.000000
1653878598475349637 0.000000 0.000000 0 0 0.000000
1653878598812460352 527.739884 11.865544 4 0 0.000000
1653878600264420742 362.985919 2.754896 4 0 0.000000
1653878601383458084 124.333448 8.042627 9 0 0.000000
1653878602395658309 168.695727 5.927681 6 0 0.000000
1653878603467742690 89.336553 11.193149 12 0 0.000000
1653878604091608048 207.950894 4.808730 3 0 0.000000
1653878605368164089 127.651389 7.833577 10 0 0.000000
1653878606123781635 251.867935 3.970263 3 0 0.000000
1653878607304917653 295.279126 3.386570 4 0 0.000000
1653878608459566163 96.216348 10.392774 12 0 0.000000
1653878609414471335 238.722551 4.188898 4 0 0.000000
1653878610426727316 101.221357 9.878924 10 0 0.000000
1653878611439303916 202.510574 4.937898 5 0 0.000000
1653878612406917981 161.265278 6.200819 6 0 0.000000
1653878613066249769 164.828127 6.066749 4 0 0.000000
1653878614446475846 197.170123 5.071633 7 0 0.000000
1653878614512267002 65.787962 15.199603 1 0 0.000000
1653878616370992649 371.737945 2.690015 5 0 0.000000
1653878617478804773 221.557679 4.513401 5 0 0.000000
1653878618143102692 110.707551 9.032092 6 0 0.000000
1653878619422997510 98.449055 10.157085 13 0 0.000000
1653878620346204196 115.395988 8.665448 8 0 0.000000
1653878621410222203 177.331279 5.639002 6 0 0.000000
1653878622031396247 155.289458 6.439419 4 0 0.000000
1653878623368594795 334.294303 2.991328 4 0 0.000000
1653878624487501894 223.776373 4.468646 5 0 0.000000
1653878625375834706 68.328826 14.634155 13 0 0.000000
1653878625899818864 130.991684 7.633818 4 0 0.000000
1653878627031867923 188.670587 5.300124 6 0 0.000000
1653878628333307911 144.600204 6.915417 9 0 0.000000
1653878629381593754 131.031504 7.631507 8 0 0.000000
1653878630114342253 122.120074 8.188348 6 0 0.000000
1653878631408818028 215.741230 4.635081 6 0 0.000000
1653878631902943495 123.526547 8.095110 4 0 0.000000
1653878633339181800 287.243264 3.481316 5 0 0.000000
1653878634395202570 175.998506 5.681707 6 0 0.000000
1653878635391623027 249.100520 4.014370 4 0 0.000000
1653878636039463591 71.977940 13.892307 9 0 0.000000
1653878637404813808 455.112287 2.197239 3 0 0.000000
1653878638364204610 159.893721 6.253968 6 0 0.000000
1653878638944228404 82.856073 12.068471 7 0 0.000000
1653878639555030467 610.798945 1.637192 1 0 0.000000
1653878641223476272 834.217199 1.198720 2 0 0.000000
1653878642494499787 211.831511 4.720605 6 0 0.000000
1653878643257389449 254.292626 3.932417 3 0 0.000000
1653878643517975949 260.581752 3.837498 1 0 0.000000
1653878645501577866 495.895774 2.016534 4 0 0.000000
1653878646268660545 153.412209 6.518202 5 0 0.000000
1653878647383353472 111.464731 8.971081 10 0 0.000000
1653878648277001534 178.724861 5.595044 5 0 0.000000
1653878649454072505 147.129863 6.796532 8 0 0.000000
1653878650504913995 0.000000 0.000000 0 0 0.000000
1653878651135908574 840.914579 3.169600 2 0 0.000000
1653878652496538034 170.073512 5.879632 8 0 0.000000
1653878653272759864 129.365641 7.729749 6 0 0.000000
1653878654274971437 125.272186 7.982347 8 0 0.000000
1653878655340866743 213.174576 4.690892 5 0 0.000000
1653878656034727648 138.766979 7.206055 5 0 0.000000
1653878656632514651 298.886347 3.345673 2 0 0.000000
1653878658411875989 355.867626 2.809997 5 0 0.000000
1653878659381771483 242.468571 4.124156 4 0 0.000000
1653878659917810935 134.005578 7.462137 4 0 0.000000
1653878660824526455 906.710508 1.102882 1 0 0.000000
1653878662394197311 313.929791 3.185381 5 0 0.000000
1653878663242097513 847.896101 1.179384 1 0 0.000000
1653878664407564619 129.491334 7.722226 9 0 0.000000
1653878665417320773 201.946381 4.951690 5 0 0.000000
1653878666144830559 145.497801 6.872760 5 0 0.000000
1653878667455120341 436.759117 2.289570 3 0 0.000000
1653878668298687376 120.504217 8.298096 7 0 0.000000
1653878669383228810 216.903515 4.610243 5 0 0.000000
1653878670302137585 131.268163 7.617732 7 0 0.000000
1653878671193521879 148.559363 6.731104 6 0 0.000000
1653878672501788992 327.062142 3.057480 4 0 0.000000
1653878673474551744 162.122424 6.167999 6 0 0.000000
1653878674343288498 124.099783 8.057677 7 0 0.000000
1653878675349975701 143.807725 6.953501 7 0 0.000000
1653878676044966203 231.659357 4.316606 3 0 0.000000
1653878677205852604 290.216631 3.445643 4 0 0.000000
1653878678379107536 234.645726 4.261648 5 0 0.000000
1653878679224329313 422.606916 2.366243 2 0 0.000000
1653878680017699989 264.451722 3.781335 3 0 0.000000
1653878681098880660 216.231472 4.624574 5 0 0.000000
1653878682153527720 351.543978 2.844554 3 0 0.000000
1653878683446914826 646.689194 1.546327 2 0 0.000000
1653878684448072525 143.015869 6.991906 7 0 0.000000
1653878685122839109 134.948161 7.409969 5 0 0.000000
1653878686362163963 619.655947 1.613782 2 0 0.000000
1653878687067888910 88.210941 11.335861 8 0 0.000000
1653878687953019939 221.277006 4.519105 4 0 0.000000
1653878689235543885 641.256199 1.559425 2 0 0.000000
1653878689579820500 344.272292 2.904641 1 0 0.000000
1653878691207589013 542.585044 1.843014 3 0 0.000000
1653878692424141844 304.133886 3.287979 4 0 0.000000
1653878693527508867 183.889657 5.437901 6 0 0.000000
1653878694198585657 335.533933 2.980285 2 0 0.000000
1653878695389317997 595.361747 1.679639 2 0 0.000000
1653878696357902171 193.712310 5.162174 5 0 0.000000
1653878697108698132 250.260725 3.995760 3 0 0.000000
1653878698326630911 304.473697 3.284253 4 0 0.000000
1653878699468450468 380.601387 2.627385 3 0 0.000000
1653878699695678430 227.223896 4.400866 1 0 0.000000
1653878701494388679 299.779924 3.335723 6 0 0.000000
1653878702277966258 261.187060 3.828593 3 0 0.000000
1653878703532714600 250.944490 3.984863 5 0 0.000000
1653878704427189260 223.614124 4.471899 4 0 0.000000
1653878705370423136 235.802695 4.240730 4 0 0.000000
1653878706528515461 289.518349 3.453956 4 0 0.000000
1653878707491033616 320.834302 3.116824 3 0 0.000000
1653878708377363626 295.438380 3.384744 3 0 0.000000
1653878709359501871 491.064298 2.036373 2 0 0.000000
1653878710473717309 185.697591 5.384955 6 0 0.000000
1653878711459606736 197.173377 5.071563 5 0 0.000000
1653878712323169756 431.776735 2.315986 2 0 0.000000
1653878712795970064 472.794936 2.115058 1 0 0.000000
1653878714433893443 545.970052 1.831588 3 0 0.000000
1653878715020986008 195.692223 5.109927 3 0 0.000000
1653878715902759192 440.881764 2.268157 2 0 0.000000
1653878717536974345 272.364599 3.671487 6 0 0.000000
1653878718357948227 273.653140 3.654196 3 0 0.000000
1653878719498856978 1140.903287 0.876494 1 0 0.000000
1653878720486048647 197.433438 5.064873 5 0 0.000000
1653878721537020433 210.188455 4.757502 5 0 0.000000
1653878722430585404 297.849752 3.357338 3 0 0.000000
1653878723428403240 332.602222 3.006561 3 0 0.000000
1653878724224975565 199.137750 5.021516 4 0 0.000000
1653878725331990839 369.000017 2.709990 3 0 0.000000
1653878726156511413 274.836143 3.638478 3 0 0.000000
1653878727294404856 379.291219 2.636451 3 0 0.000000
1653878727839725934 272.654405 3.667564 2 0 0.000000
1653878729539998101 340.049898 2.940706 5 0 0.000000
1653878730119569695 289.780922 3.450825 2 0 0.000000
1653878731299683908 590.051770 1.694751 2 0 0.000000
1653878732288017569 494.162157 2.023608 2 0 0.000000
1653878733405831778 279.448422 3.578412 4 0 0.000000
1653878734559036132 0.000000 0.000000 0 0 0.000000
1653878735456767181 683.640302 3.341758 3 0 0.000000
1653878736528238464 214.289814 4.666481 5 0 0.000000
1653878737544005764 253.936973 3.937910 4 0 0.000000
1653878738279333558 122.549931 8.159626 6 0 0.000000
1653878739352866640 357.840429 2.794511 3 0 0.000000
1653878740163928662 811.057916 1.232951 1 0 0.000000
1653878741540318746 275.272998 3.632691 5 0 0.000000
1653878742115422772 143.770036 6.955263 4 0 0.000000
1653878743427734714 437.432323 2.286042 3 0 0.000000
1653878744496967808 534.610172 1.870500 2 0 0.000000
1653878745372473449 437.746749 2.284394 2 0 0.000000
1653878745656366006 283.887158 3.522459 1 0 0.000000
1653878746943461118 429.026680 2.330830 3 0 0.000000
1653878748416792991 491.105851 2.036201 3 0 0.000000
1653878749297549288 880.748719 1.135388 1 0 0.000000
1653878750489834229 170.320975 5.871080 7 0 0.000000
1653878751392052195 902.213482 1.108380 1 0 0.000000
1653878752307844760 228.943140 4.367801 4 0 0.000000
1653878753516571386 201.449198 4.963901 6 0 0.000000
1653878754548639977 258.011651 3.875712 4 0 0.000000
1653878755283388222 244.910694 4.083031 3 0 0.000000
1653878756429013618 286.401330 3.491543 4 0 0.000000
1653878756921533333 492.513771 2.030376 1 0 0.000000
1653878757868223996 236.667645 4.225245 4 0 0.000000
1653878759396605005 382.090699 2.617148 4 0 0.000000
1653878759933631709 179.000788 5.586315 3 0 0.000000
1653878761571376180 409.431719 2.442383 4 0 0.000000
1653878762372976299 400.794903 2.495010 2 0 0.000000
1653878762769683952 396.702826 2.520748 1 0 0.000000
1653878763997187493 1227.497626 0.814662 1 0 0.000000
1653878764744159628 373.481030 2.677476 2 0 0.000000
1653878765997283385 313.275779 3.192023 4 0 0.000000
1653878767344242874 448.981342 2.227238 3 0 0.000000
1653878768522149796 588.948245 1.697927 2 0 0.000000
1653878769426568215 452.202794 2.211366 2 0 0.000000
1653878770346336443 229.936502 4.348922 4 0 0.000000
1653878771191912001 845.570648 1.182626 1 0 0.000000
1653878772155636504 963.720283 1.037641 1 0 0.000000
1653878773121301388 965.659129 1.035556 1 0 0.000000
1653878774522867032 280.308111 3.567439 5 0 0.000000
1653878775379552940 142.775840 7.003734 6 0 0.000000
1653878776576000056 149.550717 6.686464 8 0 0.000000
1653878777366590847 790.585896 1.264877 1 0 0.000000
1653878778100285004 733.690626 1.362966 1 0 0.000000
1653878779174276800 214.792567 4.655529 5 0 0.000000
1653878780586815143 0.000000 0.000000 0 0 0.000000
1653878780918537049 581.415053 9.043720 3 0 0.000000
1653878781964849989 1046.308691 0.955737 1 0 0.000000
1653878783531162009 522.099112 1.915327 3 0 0.000000
1653878784229537310 139.670533 7.159474 5 0 0.000000
1653878785499749538 317.547602 3.149080 4 0 0.000000
1653878786148700457 648.946317 1.540949 1 0 0.000000
1653878787250892680 551.091206 1.814565 2 0 0.000000
1653878788103246581 852.348219 1.173222 1 0 0.000000
1653878788829876649 726.624721 1.376216 1 0 0.000000
1653878790115848380 321.487493 3.110488 4 0 0.000000
1653878791571458250 363.898172 2.747989 4 0 0.000000
1653878792381996658 101.312656 9.869983 8 0 0.000000
1653878792843080054 461.078549 2.168805 1 0 0.000000
1653878794253256459 1410.172602 0.709131 1 0 0.000000
1653878795584307250 665.520242 1.502572 2 0 0.000000
1653878796477257486 446.469669 2.239767 2 0 0.000000
1653878797470853239 331.194120 3.019337 3 0 0.000000
1653878798363319117 297.483748 3.361473 3 0 0.000000
1653878798988471211 312.571033 3.199221 2 0 0.000000
1653878800198331356 1209.852824 0.826542 1 0 0.000000
1653878801397758417 199.899709 5.002388 6 0 0.000000
1653878801934414695 178.880243 5.590171 3 0 0.000000
1653878803068893965 1134.473558 0.881462 1 0 0.000000
1653878804404096060 1335.196446 0.748950 1 0 0.000000
1653878805193130129 394.511948 2.534745 2 0 0.000000
1653878806030075658 836.940731 1.194821 1 0 0.000000
1653878807015377664 328.428488 3.044752 3 0 0.000000
1653878807954837602 939.455945 1.064441 1 0 0.000000
1653878809471436397 379.144548 2.637481 4 0 0.000000
1653878810606510513 0.000000 0.000000 0 0 0.000000
1653878811569617623 419.630660 5.191531 5 0 0.000000
1653878812578821489 168.195841 5.945280 6 0 0.000000
1653878813522765887 943.938222 1.059384 1 0 0.000000
1653878814143429735 310.326189 3.222356 2 0 0.000000
1653878815563080136 473.211902 2.113196 3 0 0.000000
1653878815812083058 124.495451 8.032037 2 0 0.000000
1653878816994951876 591.429940 1.690804 2 0 0.000000
1653878817790039531 795.082142 1.257723 1 0 0.000000
1653878819115696296 1325.651119 0.754343 1 0 0.000000
1653878820321386970 301.418211 3.317600 4 0 0.000000
1653878821509252902 593.927568 1.683692 2 0 0.000000
1653878822527931192 203.729912 4.908321 5 0 0.000000
1653878823521154302 331.068757 3.020469 3 0 0.000000
1653878823668393535 73.613967 13.583338 2 0 0.000000
1653878824965107781 432.233231 2.313540 3 0 0.000000
1653878826387532784 1422.420493 0.703025 1 0 0.000000
1653878827570971158 236.682541 4.224977 5 0 0.000000
1653878828462070912 297.028660 3.366626 3 0 0.000000
1653878828733521844 271.446155 3.683907 1 0 0.000000
1653878830621169735 0.000000 0.000000 0 0 0.000000
1653878831309504475 643.990651 5.811126 4 0 0.000000
1653878832607769732 432.749244 2.310776 3 0 0.000000
1653878833593441443 492.830903 2.029073 2 0 0.000000
1653878834146244615 552.799274 1.808962 1 0 0.000000
1653878834957908911 811.657283 1.232037 1 0 0.000000
1653878836058223733 550.153261 1.817662 2 0 0.000000
1653878837476708877 354.615875 2.819910 4 0 0.000000
1653878838303878012 827.164185 1.208943 1 0 0.000000
1653878839260239407 956.356020 1.045630 1 0 0.000000
1653878840315388367 351.711452 2.843200 3 0 0.000000
1653878840943413582 314.006129 3.184585 2 0 0.000000
1653878842599348339 551.971839 1.811666 3 0 0.000000
1653878843217165436 308.904143 3.237204 2 0 0.000000
1653878844602790134 1385.618599 0.721696 1 0 0.000000
1653878845039809811 437.013182 2.288227 1 0 0.000000
1653878846501767089 487.313955 2.052044 3 0 0.000000
1653878847600246580 274.615561 3.641397 4 0 0.000000
1653878848504602478 452.172815 2.211519 2 0 0.000000
1653878849495957843 198.265066 5.043600 5 0 0.000000
1653878850263695239 255.906908 3.907586 3 0 0.000000
1653878850855953095 592.253666 1.688454 1 0 0.000000
1653878852609706853 438.433113 2.280822 4 0 0.000000
1653878853637420046 0.000000 0.000000 0 0 0.000000
1653878854132474017 1522.761710 2.019982 1 0 0.000000
1653878855323763835 595.640346 1.678853 2 0 0.000000
1653878856639967114 0.000000 0.000000 0 0 0.000000
1653878857640574471 0.000000 0.000000 0 0 0.000000
1653878858448030626 1562.126194 2.476915 2 0 0.000000
1653878858811268064 363.230684 2.753020 1 0 0.000000
1653878859923478945 556.099735 1.798220 2 0 0.000000
1653878860851140965 463.825695 2.155958 2 0 0.000000
1653878862643482290 0.000000 0.000000 0 0 0.000000
1653878863157383839 2306.237706 1.945898 1 0 0.000000
1653878864645076049 0.000000 0.000000 0 0 0.000000
1653878864778819063 810.712780 14.954057 2 0 0.000000
1653878866644080117 621.748620 1.608354 3 0 0.000000
1653878867149990006 126.471536 7.906547 4 0 0.000000
1653878867746212325 298.106367 3.354454 2 0 0.000000
1653878869647240189 0.000000 0.000000 0 0 0.000000
1653878870536063021 929.944842 3.375251 3 0 0.000000
1653878871612740458 358.887336 2.786350 3 0 0.000000
1653878872372075935 253.106288 3.950823 3 0 0.000000
1653878873218870822 423.391577 2.361847 2 0 0.000000
1653878873982751881 763.875132 1.309104 1 0 0.000000
1653878875650372620 0.000000 0.000000 0 0 0.000000
1653878876481111910 1249.175104 2.407494 2 0 0.000000
1653878877592718246 370.530885 2.698797 3 0 0.000000
1653878878057685519 464.962706 2.150689 1 0 0.000000
1653878879519834193 487.377837 2.051775 3 0 0.000000
1653878880653533063 0.000000 0.000000 0 0 0.000000
1653878881312992881 1793.153842 1.516393 1 0 0.000000
1653878882566479797 626.738118 1.595549 2 0 0.000000
1653878883629668297 265.791342 3.762268 4 0 0.000000
1653878884656238744 0.000000 0.000000 0 0 0.000000
1653878884737950801 1108.278129 12.238108 1 0 0.000000
1653878886657844914 0.000000 0.000000 0 0 0.000000
1653878887439648399 1350.840592 2.558188 2 0 0.000000
1653878888446187217 251.629689 3.974015 4 0 0.000000
1653878889022533702 192.110215 5.205202 3 0 0.000000
1653878890630675722 804.065779 1.243671 2 0 0.000000
1653878890992924437 181.118834 5.521069 2 0 0.000000
1653878892638189400 274.205599 3.646829 6 0 0.000000
1653878893356968608 102.675706 9.738734 7 0 0.000000
