1653878597396694959 109.518125 9.129592 9 0 0.000000
1653878598372340007 139.373041 7.174740 7 0 0.000000
1653878599368011422 82.968510 12.052169 12 0 0.000000
1653878600387598513 72.823309 13.731049 14 0 0.000000
1653878601217673384 118.577702 8.432974 7 0 0.000000
1653878602411281543 596.799398 1.675592 2 0 0.000000
1653878603263397583 85.207835 11.735491 10 0 0.000000
1653878604324322951 151.555900 6.598013 7 0 0.000000
1653878605170703319 120.906969 8.270513 7 0 0.000000
1653878605930380903 50.640466 19.745219 15 0 0.000000
1653878606746950349 136.090731 7.347813 6 0 0.000000
1653878608280691051 306.742538 3.260003 5 0 0.000000
1653878609164313870 176.719656 5.658523 5 0 0.000000
1653878610392259425 175.416230 5.700578 7 0 0.000000
1653878611322256106 71.534431 13.978545 13 0 0.000000
1653878612390182109 213.579781 4.681972 5 0 0.000000
1653878613298244214 181.607414 5.506231 5 0 0.000000
1653878614384568700 108.627481 9.205353 10 0 0.000000
1653878615089503544 100.700843 9.929996 7 0 0.000000
1653878616415704822 110.511738 9.048400 12 0 0.000000
1653878617338417926 102.518855 9.753844 9 0 0.000000
1653878618158322577 204.969876 4.878616 4 0 0.000000
1653878618805805909 323.736244 3.088883 2 0 0.000000
1653878620235951098 357.530577 2.796919 4 0 0.000000
1653878621422226837 593.133364 1.685949 2 0 0.000000
1653878622384480881 160.370193 6.235360 6 0 0.000000
1653878623342384318 319.295839 3.131840 3 0 0.000000
1653878624056539880 238.045870 4.200766 3 0 0.000000
1653878624997218602 313.554501 3.189187 3 0 0.000000
1653878626425369600 357.032488 2.800824 4 0 0.000000
1653878626735408225 155.014535 6.450809 2 0 0.000000
1653878627858411316 187.162440 5.342817 6 0 0.000000
1653878629375476332 216.719073 4.614173 7 0 0.000000
1653878630374726360 111.022360 9.006755 9 0 0.000000
1653878631225790295 170.207662 5.874999 5 0 0.000000
1653878632418425779 170.371118 5.869354 7 0 0.000000
1653878633359148857 235.175139 4.252048 4 0 0.000000
1653878633918549078 55.934916 17.876290 10 0 0.000000
1653878635286234100 227.943037 4.386975 6 0 0.000000
1653878636178635604 178.474912 5.602859 5 0 0.000000
1653878636770314347 591.673356 1.690106 1 0 0.000000
1653878637984520059 242.836678 4.117918 5 0 0.000000
1653878639150544032 388.669998 2.572846 3 0 0.000000
1653878640304994975 230.885485 4.331063 5 0 0.000000
1653878641399936511 218.983322 4.566454 5 0 0.000000
1653878642371787448 242.958515 4.115858 4 0 0.000000
1653878643344700291 243.222327 4.111365 4 0 0.000000
1653878643749021633 404.318052 2.473280 1 0 0.000000
1653878645039433927 430.132046 2.324838 3 0 0.000000
1653878646309527836 254.014097 3.936717 5 0 0.000000
1653878647426213020 186.109872 5.373045 6 0 0.000000
1653878647852249981 106.505075 9.388857 4 0 0.000000
1653878649401810594 309.906770 3.226721 5 0 0.000000
1653878650245378644 70.292780 14.225290 12 0 0.000000
1653878651423951442 117.852281 8.484839 10 0 0.000000
1653878652312531320 222.138814 4.501565 4 0 0.000000
1653878653262830320 158.378441 6.313802 6 0 0.000000
1653878654174556438 303.903535 3.290462 3 0 0.000000
1653878655234248313 176.609436 5.662023 6 0 0.000000
1653878656431718947 399.151202 2.505281 3 0 0.000000
1653878657369426089 234.421272 4.265724 4 0 0.000000
1653878658049698334 226.753069 4.409999 3 0 0.000000
1653878659319875330 635.083944 1.574584 2 0 0.000000
1653878660409449192 272.388906 3.671160 4 0 0.000000
1653878661130016383 102.932744 9.714570 7 0 0.000000
1653878661742462432 153.106138 6.531187 4 0 0.000000
1653878663031804366 257.863898 3.877947 5 0 0.000000
1653878664228354151 398.844641 2.507209 3 0 0.000000
1653878664787277678 186.301384 5.367461 3 0 0.000000
1653878666049868803 210.427090 4.752132 6 0 0.000000
1653878667393927078 336.010043 2.976061 4 0 0.000000
1653878667658117698 88.058383 11.355438 3 0 0.000000
1653878669258874310 114.335445 8.745864 14 0 0.000000
1653878669795585873 76.668009 13.042387 7 0 0.000000
1653878671437842629 273.704424 3.653509 6 0 0.000000
1653878672047835510 203.324592 4.918090 3 0 0.000000
1653878673005235598 319.128312 3.133486 3 0 0.000000
1653878674250855382 177.940700 5.619692 7 0 0.000000
1653878675445083098 298.552113 3.349445 4 0 0.000000
1653878676313672104 173.712982 5.756462 5 0 0.000000
1653878677263028650 237.334343 4.213380 4 0 0.000000
1653878678398313618 378.422794 2.642508 3 0 0.000000
1653878679359535153 87.378910 11.443772 11 0 0.000000
1653878680187995773 414.225225 2.414116 2 0 0.000000
1653878681416600829 409.529565 2.441794 3 0 0.000000
1653878682040043329 207.809269 4.811991 3 0 0.000000
1653878683345376063 217.550814 4.596529 6 0 0.000000
1653878684176743815 118.761943 8.419861 7 0 0.000000
1653878685033335149 285.526223 3.502254 3 0 0.000000
1653878686354277744 330.229486 3.028141 4 0 0.000000
1653878686710843692 178.276775 5.609061 2 0 0.000000
1653878688454657731 348.758456 2.867278 5 0 0.000000
1653878689290722207 209.007183 4.784320 4 0 0.000000
1653878690442030077 191.879686 5.211464 6 0 0.000000
1653878691198680644 252.211682 3.964842 3 0 0.000000
1653878692226519031 171.301203 5.837494 6 0 0.000000
1653878692712658774 243.064846 4.114044 2 0 0.000000
1653878694463131949 875.232843 1.142548 2 0 0.000000
1653878695344212642 110.130387 9.079758 8 0 0.000000
1653878696033591764 689.374783 1.450581 1 0 0.000000
1653878697182455321 382.949349 2.611276 3 0 0.000000
1653878697691062602 254.297744 3.932307 2 0 0.000000
1653878699126670105 1435.602111 0.696569 1 0 0.000000
1653878700463787201 148.563204 6.730899 9 0 0.000000
1653878701368768281 150.825366 6.629973 6 0 0.000000
1653878701931316857 562.543558 1.777624 1 0 0.000000
1653878702960097414 514.384322 1.944049 2 0 0.000000
1653878704447069310 247.823167 4.035046 6 0 0.000000
1653878705402823073 119.464575 8.370357 8 0 0.000000
1653878706475668575 0.000000 0.000000 0 0 0.000000
1653878707347349707 648.170379 3.441626 3 0 0.000000
1653878707952925897 100.924132 9.907918 6 0 0.000000
1653878709292070365 334.780738 2.986982 4 0 0.000000
1653878709984546267 230.820337 4.332281 3 0 0.000000
1653878710940423460 477.933231 2.092319 2 0 0.000000
1653878712401692058 365.312378 2.737347 4 0 0.000000
1653878713225660564 205.985792 4.854555 4 0 0.000000
1653878714080071516 284.798357 3.511191 3 0 0.000000
1653878715003415394 461.665783 2.166040 2 0 0.000000
1653878716008192817 334.920242 2.985736 3 0 0.000000
1653878717151070196 571.432933 1.749969 2 0 0.000000
1653878718452950536 325.464394 3.072479 4 0 0.000000
1653878718783616765 330.662029 3.024197 1 0 0.000000
1653878720220681091 479.013262 2.087589 3 0 0.000000
1653878721065256130 422.281395 2.368055 2 0 0.000000
1653878722486247687 0.000000 0.000000 0 0 0.000000
1653878723129675243 2064.414463 1.554177 1 0 0.000000
1653878724456632011 663.473732 1.507208 2 0 0.000000
1653878725488305188 0.000000 0.000000 0 0 0.000000
1653878726289614454 458.240506 4.991831 4 0 0.000000
1653878726987656123 139.603659 7.162896 5 0 0.000000
1653878727918092951 232.604166 4.299056 4 0 0.000000
1653878729345152917 356.759818 2.802966 4 0 0.000000
1653878729912047796 283.442441 3.527991 2 0 0.000000
1653878731169852576 314.445184 3.180144 4 0 0.000000
1653878732024371991 854.513768 1.170248 1 0 0.000000
1653878733104044993 269.912268 3.704826 4 0 0.000000
1653878733843513843 739.464596 1.352322 1 0 0.000000
1653878735072919849 245.875439 4.067005 5 0 0.000000
1653878736003540382 186.119273 5.372759 5 0 0.000000
1653878737410298864 468.913959 2.132562 3 0 0.000000
1653878737531717166 60.704242 16.471983 2 0 0.000000
1653878739347045708 226.911581 4.406916 8 0 0.000000
1653878740384781433 259.428050 3.854546 4 0 0.000000
1653878740895892910 102.217877 9.782602 5 0 0.000000
1653878742021209806 1125.309916 0.888639 1 0 0.000000
1653878743497538721 0.000000 0.000000 0 0 0.000000
1653878744326309937 576.269969 4.826422 4 0 0.000000
1653878744814086250 487.771583 2.050120 1 0 0.000000
1653878746456762027 547.553224 1.826289 3 0 0.000000
1653878746724495988 133.861884 7.470101 2 0 0.000000
1653878748210306541 1485.805284 0.673033 1 0 0.000000
1653878749047610400 209.320389 4.777238 4 0 0.000000
1653878749694907985 647.292902 1.544885 1 0 0.000000
1653878751068700776 1373.788570 0.727912 1 0 0.000000
1653878752086009949 1017.303590 0.982985 1 0 0.000000
1653878753169440530 1083.426694 0.922994 1 0 0.000000
1653878754353289421 394.611090 2.534107 3 0 0.000000
1653878755366292454 506.496253 1.974328 2 0 0.000000
1653878756019634291 217.775140 4.591777 3 0 0.000000
1653878757395036560 196.480222 5.089420 7 0 0.000000
1653878758482087266 271.757933 3.679681 4 0 0.000000
1653878759477531213 331.810295 3.013731 3 0 0.000000
1653878760491741195 338.064977 2.957967 3 0 0.000000
1653878761240812984 124.840406 8.009913 6 0 0.000000
1653878762473225287 616.201745 1.622834 2 0 0.000000
1653878762649667074 88.216527 11.335183 2 0 0.000000
1653878763788692967 1139.021709 0.877943 1 0 0.000000
1653878765161988013 274.654507 3.640878 5 0 0.000000
1653878766507914634 0.000000 0.000000 0 0 0.000000
1653878767454702377 1146.352656 2.112406 2 0 0.000000
1653878768488298230 206.714593 4.837481 5 0 0.000000
1653878769338920276 141.765179 7.053661 6 0 0.000000
1653878770491758825 288.204590 3.469697 4 0 0.000000
1653878771125689136 105.650684 9.464763 6 0 0.000000
1653878772511816689 0.000000 0.000000 0 0 0.000000
1653878773429676381 2303.983025 1.089491 1 0 0.000000
1653878774198431715 384.373200 2.601608 2 0 0.000000
1653878774939622527 247.058800 4.047541 3 0 0.000000
1653878776237249963 648.809305 1.541274 2 0 0.000000
1653878777373046130 189.294713 5.282638 6 0 0.000000
1653878777594491881 221.440954 4.515779 1 0 0.000000
1653878779004234182 1409.737480 0.709349 1 0 0.000000
1653878780173826486 584.790767 1.709998 2 0 0.000000
1653878781105895305 466.028353 2.145764 2 0 0.000000
1653878782290516583 296.150601 3.376607 4 0 0.000000
1653878783295354105 251.205068 3.980743 4 0 0.000000
1653878784349201474 1053.843073 0.948904 1 0 0.000000
1653878785183893124 166.933193 5.990236 5 0 0.000000
1653878786521430639 0.000000 0.000000 0 0 0.000000
1653878787439446052 225.550161 10.893064 10 0 0.000000
1653878787746776429 153.661521 6.507655 2 0 0.000000
1653878789325201203 263.065915 3.801258 6 0 0.000000
1653878790407360154 270.534814 3.696315 4 0 0.000000
1653878790971629538 188.084946 5.316609 3 0 0.000000
1653878792525006046 0.000000 0.000000 0 0 0.000000
1653878793114419748 428.552565 8.483006 5 0 0.000000
1653878794177850368 354.471559 2.821059 3 0 0.000000
1653878794780064418 602.210454 1.660539 1 0 0.000000
1653878795765700605 985.631538 1.014573 1 0 0.000000
1653878797309564036 385.960776 2.590903 4 0 0.000000
1653878798420067135 277.620665 3.601971 4 0 0.000000
1653878799158622900 369.272982 2.707988 2 0 0.000000
1653878800440730911 427.365032 2.339896 3 0 0.000000
1653878801452950558 506.105982 1.975856 2 0 0.000000
1653878802491949840 346.326900 2.887394 3 0 0.000000
1653878803118729766 208.921689 4.786369 3 0 0.000000
1653878804274829926 385.362030 2.594931 3 0 0.000000
1653878805305666919 515.414164 1.940171 2 0 0.000000
1653878806394100722 544.212294 1.837503 2 0 0.000000
1653878806620709804 226.603622 4.412886 1 0 0.000000
1653878808347447348 215.837655 4.633014 8 0 0.000000
1653878808930581540 583.130733 1.714871 1 0 0.000000
1653878810324429001 696.918982 1.434877 2 0 0.000000
1653878811167272394 842.839682 1.186460 1 0 0.000000
1653878812332178178 582.448150 1.716877 2 0 0.000000
1653878813446853480 222.930478 4.485611 5 0 0.000000
1653878814303633657 428.385135 2.334321 2 0 0.000000
1653878815132470970 276.273217 3.619528 3 0 0.000000
1653878816491666876 1359.190809 0.735729 1 0 0.000000
1653878817516975292 1025.303958 0.975316 1 0 0.000000
1653878818440808085 307.939494 3.247341 3 0 0.000000
1653878818642004692 201.191587 4.970263 1 0 0.000000
1653878820279005842 327.395837 3.054366 5 0 0.000000
1653878821471679538 596.332082 1.676905 2 0 0.000000
1653878822071250363 299.779664 3.335719 2 0 0.000000
1653878823336950356 632.844814 1.580153 2 0 0.000000
1653878824004211962 667.256833 1.498663 1 0 0.000000
1653878825317975232 328.435877 3.044689 4 0 0.000000
1653878826283460128 241.367017 4.142996 4 0 0.000000
1653878827132313432 424.422068 2.356120 2 0 0.000000
1653878828066751183 934.432308 1.070162 1 0 0.000000
1653878829322112152 627.675957 1.593167 2 0 0.000000
1653878829859534551 134.350960 7.442933 4 0 0.000000
1653878831543118222 0.000000 0.000000 0 0 0.000000
1653878832291354334 270.197715 12.028289 9 0 0.000000
1653878832994057230 351.347565 2.846153 2 0 0.000000
1653878834439118294 240.837067 4.152074 6 0 0.000000
1653878835386340184 236.800016 4.222875 4 0 0.000000
1653878836545666094 0.000000 0.000000 0 0 0.000000
1653878837192348482 361.197300 7.731771 5 0 0.000000
1653878838391817175 299.862582 3.334810 4 0 0.000000
1653878839547013139 0.000000 0.000000 0 0 0.000000
1653878840491567798 1049.871201 2.117400 2 0 0.000000
1653878841307960908 408.191739 2.449800 2 0 0.000000
1653878842224714262 305.580436 3.272418 3 0 0.000000
1653878843391530931 388.934631 2.571098 3 0 0.000000
1653878844256300562 864.765988 1.156377 1 0 0.000000
1653878845344990446 362.891318 2.755605 3 0 0.000000
1653878846398255637 150.461273 6.646000 7 0 0.000000
1653878847225001936 206.681866 4.838244 4 0 0.000000
1653878848485484692 252.091204 3.966734 5 0 0.000000
1653878849379528245 298.010152 3.355541 3 0 0.000000
1653878850538531125 289.746145 3.451242 4 0 0.000000
1653878850938157278 399.620121 2.502339 1 0 0.000000
1653878852496882703 259.782278 3.849299 6 0 0.000000
1653878853555327746 0.000000 0.000000 0 0 0.000000
1653878854555768884 0.000000 0.000000 0 0 0.000000
1653878854695292108 2198.404086 7.167267 1 0 0.000000
1653878856231261532 383.986925 2.604219 4 0 0.000000
1653878857536551219 435.092286 2.298340 3 0 0.000000
1653878858406402459 173.966006 5.748109 5 0 0.000000
1653878859127153448 720.746897 1.387442 1 0 0.000000
1653878860435600467 327.107512 3.057059 4 0 0.000000
1653878861301796351 216.540688 4.617893 4 0 0.000000
1653878861600805041 299.004441 3.344384 1 0 0.000000
1653878863273312703 836.248295 1.195809 2 0 0.000000
1653878864067783099 198.613078 5.034801 4 0 0.000000
1653878865538913003 294.220917 3.398748 5 0 0.000000
1653878866081043238 271.060527 3.689150 2 0 0.000000
1653878867504242834 711.595722 1.405284 2 0 0.000000
1653878867943289280 439.041223 2.277664 1 0 0.000000
1653878869425295312 740.999683 1.349522 2 0 0.000000
1653878870155430093 365.063384 2.739220 2 0 0.000000
1653878870733382325 577.948216 1.730247 1 0 0.000000
1653878872289628348 389.057189 2.570288 4 0 0.000000
1653878873375690164 543.025751 1.841516 2 0 0.000000
1653878874556411063 393.569510 2.540821 3 0 0.000000
1653878875334134243 259.236333 3.857414 3 0 0.000000
1653878876318376041 246.056209 4.064042 4 0 0.000000
1653878876764229114 445.849013 2.242892 1 0 0.000000
1653878878381523754 808.641886 1.236633 2 0 0.000000
1653878879075263627 231.242136 4.324387 3 0 0.000000
1653878880473625419 699.175513 1.430245 2 0 0.000000
1653878881493204153 509.785392 1.961594 2 0 0.000000
1653878882376518920 294.433860 3.396298 3 0 0.000000
1653878883528085525 575.778436 1.736765 2 0 0.000000
1653878884147025640 206.308882 4.846995 3 0 0.000000
1653878885395170734 312.031201 3.204756 4 0 0.000000
1653878886574411097 0.000000 0.000000 0 0 0.000000
