1652144538267752976 2011.152937 0.000000
1652144539897334513 1494.238004 0.000000
1652144542443506483 2455.886517 0.000000
1652144545137309032 2660.533541 0.000000
1652144546810257598 1473.355797 0.000000
1652144549463908038 2639.399216 0.000000
1652144551712232762 1895.806229 0.000000
1652144554049552719 2291.570773 0.000000
1652144555939221987 1647.073788 0.000000
1652144558005804145 1984.729036 0.000000
1652144560195000625 1957.745814 0.000000
1652144562134262096 1848.727555 0.000000
1652144564255495381 2120.067100 0.000000
1652144566113558563 1809.614760 0.000000
1652144568263566135 1972.792654 0.000000
1652144570399264693 2085.183714 0.000000
1652144572374465722 1933.021922 0.000000
1652144574507523999 2091.821821 0.000000
1652144576372843901 1721.006893 0.000000
1652144578505955199 2069.926373 0.000000
1652144580686857061 2179.761717 0.000000
1652144583213807901 2062.368785 0.000000
1652144585849992289 2530.794560 0.000000
1652144587513016309 1627.773300 0.000000
1652144589399452734 1851.172992 0.000000
1652144591800991373 2382.309765 0.000000
1652144593892569059 2077.297059 0.000000
1652144596308267712 2316.497113 0.000000
1652144598051408453 1717.926269 0.000000
1652144600240038261 2180.509465 0.000000
1652144602568094893 2292.807704 0.000000
1652144604695400365 2105.058241 0.000000
1652144606669855109 1912.173547 0.000000
1652144608302613813 1570.488705 0.000000
1652144610349909094 2008.132873 0.000000
1652144615060909469 4703.754588 0.000000
1652144617270392625 2170.227899 0.000000
1652144619405468945 2125.829675 0.000000
1652144621258637159 1783.895758 0.000000
1652144623701008643 2252.737266 0.000000
1652144625781368659 2012.150664 0.000000
1652144628514189683 2678.546495 0.000000
1652144630687850439 1931.561871 0.000000
1652144632651432025 1898.396628 0.000000
1652144635111053454 2204.163656 0.000000
1652144637417252532 2147.905532 0.000000
1652144639841946732 2413.468584 0.000000
1652144642209649689 2345.455167 0.000000
1652144643914283995 1697.387750 0.000000
1652144646487494684 2333.801680 0.000000
1652144648260387429 1534.452567 0.000000
1652144650714663266 2439.023509 0.000000
1652144653453832712 2359.691634 0.000000
1652144655777009039 2252.909624 0.000000
1652144658099558713 2273.968461 0.000000
1652144659850915723 1693.090445 0.000000
1652144661599740786 1702.153218 0.000000
1652144664041839095 2169.712975 0.000000
1652144665993342210 1939.250045 0.000000
1652144668317633040 2272.671945 0.000000
1652144670343145205 1879.925579 0.000000
1652144672631399796 2188.676888 0.000000
1652144674913767774 2169.052832 0.000000
1652144677046658908 2065.609083 0.000000
1652144678778168031 1707.294542 0.000000
1652144680819285462 1860.734945 0.000000
1652144682922925207 2095.391525 0.000000
1652144684858196130 1912.018509 0.000000
1652144686535597583 1607.272395 0.000000
1652144688843592512 2226.715003 0.000000
1652144690840366703 1879.477337 0.000000
1652144692967026187 2018.343933 0.000000
1652144695340956662 2267.623849 0.000000
1652144697245377312 1889.226320 0.000000
1652144699613961272 2262.897320 0.000000
1652144701404927572 1788.715019 0.000000
1652144703757539830 2124.447979 0.000000
1652144705989835011 2061.919843 0.000000
1652144708267240385 2159.138563 0.000000
1652144710496393305 2155.884140 0.000000
1652144712145192300 1609.655095 0.000000
1652144714164992542 1889.857476 0.000000
1652144719816314566 5502.070717 0.000000
1652144721969069525 2007.492017 0.000000
1652144723570221278 1586.992749 0.000000
1652144724962328011 1369.837514 0.000000
1652144726685070424 1664.583806 0.000000
1652144728495836322 1722.479510 0.000000
1652144730302019752 1757.025736 0.000000
1652144732334217488 1939.896580 0.000000
1652144734219491866 1842.023468 0.000000
1652144736252973184 2000.689729 0.000000
1652144738911814906 2466.413204 0.000000
1652144740628809987 1656.734312 0.000000
1652144742791878842 2132.819674 0.000000
1652144744716175759 1911.149247 0.000000
1652144746600509802 1862.070177 0.000000
1652144748886944491 2201.178828 0.000000
1652144750645883977 1678.637638 0.000000
1652144752982149569 2068.799172 0.000000
1652144754732198421 1679.780544 0.000000
1652144757088538455 2308.196745 0.000000
1652144759596415082 2392.657225 0.000000
1652144761928905312 2276.267638 0.000000
1652144764077589317 2035.332428 0.000000
1652144766086343048 1786.657368 0.000000
1652144768324894151 2126.339169 0.000000
1652144770823276581 2166.698229 0.000000
1652144772579715708 1737.197225 0.000000
1652144774713242212 1909.102276 0.000000
1652144776720820317 2000.410668 0.000000
1652144778573707109 1784.618233 0.000000
1652144780696834072 2107.885218 0.000000
1652144782386205544 1639.700622 0.000000
1652144786747162774 4210.455084 0.000000
1652144788440678208 1676.295512 0.000000
1652144790442272173 1921.060700 0.000000
1652144792286887135 1815.135279 0.000000
1652144794401777464 2062.634708 0.000000
1652144796810554154 2391.529148 0.000000
1652144798630196188 1762.387266 0.000000
1652144800868447103 2102.953883 0.000000
1652144802616549335 1715.852664 0.000000
1652144804901388024 2066.433508 0.000000
1652144807044003706 2127.327966 0.000000
1652144808740268221 1649.016708 0.000000
1652144810961866764 2197.383612 0.000000
1652144812932479710 1906.999231 0.000000
1652144814756487495 1799.891148 0.000000
1652144816803172926 1995.533436 0.000000
1652144818572822058 1721.400462 0.000000
1652144820721442421 1997.445047 0.000000
1652144822045937993 1259.335285 0.000000
1652144824244547684 2048.834166 0.000000
1652144826169846882 1918.068991 0.000000
1652144827831929394 1386.300154 0.000000
1652144830262560993 2416.383352 0.000000
1652144832398434672 2116.650802 0.000000
1652144834430517583 2007.835084 0.000000
1652144836108971909 1659.239009 0.000000
1652144838014501616 1715.172367 0.000000
1652144840196693303 2139.937515 0.000000
1652144842296805565 1866.655798 0.000000
1652144844599205858 2102.853770 0.000000
1652144846652795697 1689.132746 0.000000
1652144848821973417 1926.737098 0.000000
1652144851122141931 2107.740308 0.000000
1652144852615414459 1458.039032 0.000000
1652144855042628698 2343.926314 0.000000
1652144857140985891 1942.041744 0.000000
1652144859202788054 2026.543546 0.000000
1652144861783587128 2282.392817 0.000000
1652144863394887551 1605.080714 0.000000
1652144865768594292 2207.230533 0.000000
1652144868337640477 2369.730020 0.000000
1652144870323914809 1858.686662 0.000000
1652144873815641924 3476.475517 0.000000
1652144875770500577 1913.584848 0.000000
1652144878014401034 2213.710468 0.000000
1652144879898311622 1849.631810 0.000000
1652144882145985497 2232.385871 0.000000
1652144884367629947 2215.393228 0.000000
1652144886492392163 1877.580454 0.000000
1652144888701320400 2205.657487 0.000000
1652144890321736362 1606.162730 0.000000
1652144892393511919 2024.510988 0.000000
1652144894754555188 2084.495650 0.000000
1652144896564816054 1555.896279 0.000000
1652144898889728389 2312.659604 0.000000
1652144900231615801 1325.639360 0.000000
1652144902436228486 2007.184236 0.000000
1652144904276434743 1673.629614 0.000000
1652144906419122723 1893.294414 0.000000
1652144908908541828 2246.722391 0.000000
1652144910543669024 1569.909103 0.000000
1652144912823751525 2035.606284 0.000000
1652144914765889234 1909.889153 0.000000
1652144916557013498 1762.846933 0.000000
1652144918632775189 1944.429593 0.000000
1652144920258416798 1582.459076 0.000000
1652144922427369913 2138.676762 0.000000
1652144924599720195 2074.000490 0.000000
1652144926174500895 1520.527786 0.000000
1652144927988233584 1799.483744 0.000000
1652144929911168812 1832.649403 0.000000
1652144931732391890 1690.867807 0.000000
1652144933556161701 1646.499774 0.000000
1652144935910119542 2289.786251 0.000000
1652144938115272522 2160.904620 0.000000
1652144940070895077 1912.372706 0.000000
1652144942571618007 2408.510965 0.000000
1652144944361929952 1736.129026 0.000000
1652144946507856195 2123.686454 0.000000
1652144948834873882 2020.509446 0.000000
1652144950756063692 1813.914367 0.000000
1652144953079267954 2296.955240 0.000000
1652144955133004490 1976.478310 0.000000
1652144957424293124 2114.035801 0.000000
1652144959747843173 2189.323197 0.000000
1652144961291820988 1539.733911 0.000000
1652144963711077439 2416.038794 0.000000
1652144965902083111 2127.844349 0.000000
1652144968105310036 2180.977542 0.000000
1652144969946557125 1729.972579 0.000000
1652144971890849711 1841.987652 0.000000
1652144973970424598 1943.239220 0.000000
1652144976167999960 2137.317128 0.000000
1652144978553205753 1682.022292 0.000000
1652144980915142128 2144.228981 0.000000
1652144983084007961 2088.587793 0.000000
1652144985195447579 2039.168156 0.000000
1652144987215661521 1952.945930 0.000000
1652144989055118371 1669.168459 0.000000
1652144991456406683 2302.990763 0.000000
1652144993776320161 2137.401295 0.000000
1652144996245102770 1884.052549 0.000000
1652144998065580108 1773.227284 0.000000
1652145000102930959 2016.196392 0.000000
1652145002373024459 2239.845921 0.000000
1652145004577754650 2099.526018 0.000000
1652145006672375781 1738.188310 0.000000
1652145008695724123 2003.062381 0.000000
1652145010584523386 1569.490755 0.000000
1652145012239967942 1629.190629 0.000000
1652145013895492721 1648.277740 0.000000
1652145016219256196 2183.718196 0.000000
1652145018392919143 1933.230083 0.000000
1652145020195279541 1781.111376 0.000000
1652145022753856770 2404.177574 0.000000
1652145025013905705 2257.802333 0.000000
1652145027133438124 2081.283412 0.000000
1652145028983345046 1806.647483 0.000000
1652145031344531361 2298.013047 0.000000
1652145033212006980 1840.209892 0.000000
1652145038134980253 4914.792617 0.000000
1652145040107574652 1967.343790 0.000000
1652145041847171908 1721.961090 0.000000
1652145044029585570 2062.185766 0.000000
1652145045642250916 1531.488149 0.000000
1652145047256536807 1542.010072 0.000000
1652145049595273900 2156.454783 0.000000
1652145051410740478 1779.960564 0.000000
1652145053816630090 2346.048583 0.000000
1652145055947917814 2094.028269 0.000000
1652145057913320541 1828.202802 0.000000
1652145059906218330 1966.705236 0.000000
1652145061809337894 1857.857055 0.000000
1652145063633090688 1714.154494 0.000000
1652145065725701587 1998.298316 0.000000
1652145067954775659 2181.829634 0.000000
1652145070853451192 2887.462051 0.000000
1652145072774986437 1918.286292 0.000000
1652145074869314883 2072.078876 0.000000
1652145077097445339 2061.768215 0.000000
1652145079443358880 2273.638219 0.000000
1652145081871106916 2012.028517 0.000000
1652145083871182489 1831.033231 0.000000
1652145085532674920 1649.242212 0.000000
1652145087169569080 1598.626561 0.000000
1652145089403987847 2190.233189 0.000000
1652145091742366432 2101.840298 0.000000
1652145093595866421 1644.700278 0.000000
1652145095833143885 2136.886414 0.000000
1652145097581653878 1746.361665 0.000000
1652145099541993306 1854.886627 0.000000
1652145101719220373 2018.751529 0.000000
1652145103309342456 1583.907196 0.000000
1652145105049946621 1708.405996 0.000000
1652145106826810990 1669.553717 0.000000
1652145108997878233 1977.674266 0.000000
1652145110939512473 1889.418873 0.000000
1652145112367458392 1364.682901 0.000000
1652145114605335406 1983.421512 0.000000
1652145116256431806 1494.456714 0.000000
1652145118120371277 1776.633803 0.000000
1652145120098095524 1856.670657 0.000000
1652145122170101071 1909.630909 0.000000
1652145124359600310 2082.190761 0.000000
1652145126599879134 2165.617819 0.000000
1652145129013338037 2098.645599 0.000000
1652145131239608198 2141.719229 0.000000
1652145133265984121 1723.846139 0.000000
1652145135497951175 2139.655679 0.000000
1652145137567738252 2011.521328 0.000000
1652145139778745516 2142.678405 0.000000
1652145141738656674 1935.766345 0.000000
1652145143973563782 2167.714127 0.000000
1652145146502172408 1989.808255 0.000000
1652145148607188513 2058.760138 0.000000
1652145150683693530 2008.051341 0.000000
1652145153043391082 2326.484961 0.000000
1652145154931127370 1826.468217 0.000000
1652145157266528403 2183.022198 0.000000
1652145158930365758 1653.589684 0.000000
1652145161250455074 2281.843988 0.000000
1652145163300874306 2007.257060 0.000000
1652145165507438433 2161.326886 0.000000
1652145167713054257 1980.562657 0.000000
1652145170032287332 2208.925926 0.000000
1652145172512736718 2415.162799 0.000000
1652145174684401381 2165.391354 0.000000
1652145176994403902 2094.577750 0.000000
1652145179378243075 2157.518258 0.000000
1652145181264581577 1724.678442 0.000000
1652145183788593820 2371.540936 0.000000
1652145185979526482 2161.684718 0.000000
1652145188151373905 2165.649040 0.000000
1652145190508253118 2331.631726 0.000000
1652145192778640289 2086.903068 0.000000
1652145195321008096 2350.065217 0.000000
1652145197122497809 1774.343080 0.000000
1652145199043035675 1887.003120 0.000000
1652145201221399881 2167.218821 0.000000
1652145203265258527 2007.145427 0.000000
1652145205646183331 2313.621630 0.000000
1652145207709394239 2038.963360 0.000000
1652145209938120219 2207.452688 0.000000
1652145211688964840 1679.577871 0.000000
1652145213762291150 2041.837460 0.000000
1652145215505023275 1700.552496 0.000000
1652145218158284215 2538.945865 0.000000
1652145220283228206 1998.617030 0.000000
1652145222157766919 1870.335090 0.000000
1652145223918340096 1737.299225 0.000000
1652145225881824060 1779.245729 0.000000
1652145228130157183 2163.070770 0.000000
1652145230523431175 2289.739720 0.000000
1652145232964847249 2282.058689 0.000000
1652145235203725256 2000.538868 0.000000
1652145237143241917 1841.326697 0.000000
1652145239418214724 2272.724481 0.000000
1652145241478020555 1786.025285 0.000000
1652145243302226487 1673.864153 0.000000
1652145245213972518 1805.233650 0.000000
1652145247759865142 2524.645363 0.000000
1652145249770237766 1956.116024 0.000000
1652145251585034642 1770.532016 0.000000
1652145253518810916 1807.458601 0.000000
1652145255447359852 1917.301376 0.000000
1652145257974115138 2450.551825 0.000000
1652145260028080018 2052.820485 0.000000
1652145262375073003 1942.384399 0.000000
1652145264248419383 1853.227982 0.000000
1652145266004918098 1752.229550 0.000000
1652145267963212932 1848.969129 0.000000
1652145270067150763 2080.684733 0.000000
1652145272009480637 1606.827240 0.000000
1652145273625504321 1408.711618 0.000000
1652145275685324047 1993.658976 0.000000
1652145277544518537 1739.270681 0.000000
1652145279666587626 2109.814033 0.000000
1652145281471915251 1575.462015 0.000000
1652145283637085830 2061.869589 0.000000
1652145285222117746 1488.707189 0.000000
1652145287263075729 2009.774785 0.000000
1652145289293855533 2003.624459 0.000000
1652145291501074726 2191.947246 0.000000
1652145293682219237 2151.878765 0.000000
1652145295381716301 1692.343598 0.000000
1652145297422217139 2036.251679 0.000000
1652145299645640846 2036.037791 0.000000
1652145301348676946 1687.787274 0.000000
1652145303139604541 1787.684623 0.000000
1652145304916365345 1712.501244 0.000000
1652145306851868457 1761.231011 0.000000
1652145309040803940 2169.649634 0.000000
1652145311198543030 1943.105573 0.000000
1652145313202329195 1907.449155 0.000000
1652145314872532813 1566.898875 0.000000
1652145317030768115 2082.964131 0.000000
1652145318651623934 1594.649709 0.000000
1652145320564681872 1881.880844 0.000000
1652145322443013800 1876.085537 0.000000
1652145324218170033 1608.897439 0.000000
1652145326002810463 1731.457952 0.000000
1652145327941450974 1879.384666 0.000000
1652145329926107305 1828.298083 0.000000
1652145332258469424 2329.118239 0.000000
1652145334128510988 1798.342068 0.000000
1652145336251432686 1955.139335 0.000000
1652145338304295037 1966.546282 0.000000
1652145339922046258 1474.507400 0.000000
1652145342132720918 2125.391435 0.000000
1652145344022986213 1615.545566 0.000000
1652145345881140905 1821.911445 0.000000
1652145347995177353 1728.448860 0.000000
1652145349730275499 1661.305520 0.000000
1652145351725008186 1811.118664 0.000000
1652145353774911322 1862.402158 0.000000
1652145355683477430 1846.128935 0.000000
1652145357622268458 1917.632832 0.000000
1652145359269570213 1606.657350 0.000000
1652145360995304484 1701.526408 0.000000
1652145362368286330 1343.712736 0.000000
1652145364075797969 1635.223254 0.000000
1652145365771761129 1623.838098 0.000000
1652145367207041730 1415.987428 0.000000
1652145369482052308 1968.522727 0.000000
1652145370778016759 1208.315153 0.000000
1652145373012990133 2062.440763 0.000000
1652145374858848768 1782.700808 0.000000
1652145376597090531 1706.051783 0.000000
1652145378555359696 1926.016267 0.000000
1652145380079470099 1451.950940 0.000000
1652145382057641078 1762.753054 0.000000
1652145383842476059 1627.475848 0.000000
1652145385418055350 1490.612636 0.000000
1652145387386291670 1825.896898 0.000000
1652145389307684477 1845.203021 0.000000
1652145390962913620 1654.059005 0.000000
1652145392711470036 1744.347919 0.000000
1652145394399158968 1686.563080 0.000000
1652145396684996056 2245.588569 0.000000
1652145398506254683 1799.000147 0.000000
1652145400212609726 1650.249280 0.000000
1652145401817305508 1592.519763 0.000000
1652145403323239469 1481.726780 0.000000
1652145405345625225 1977.134193 0.000000
1652145406616125758 1208.460084 0.000000
1652145408464435177 1688.920812 0.000000
1652145410487527414 1835.698366 0.000000
1652145411975094423 1354.078930 0.000000
1652145414121399237 1998.961871 0.000000
1652145415590508038 1460.861052 0.000000
1652145417710148554 1944.966291 0.000000
1652145419741944331 2000.607196 0.000000
1652145421056494411 1287.281771 0.000000
1652145423046596084 1980.831669 0.000000
1652145424473142171 1408.301510 0.000000
1652145426378302954 1751.673324 0.000000
1652145428436959724 1699.196658 0.000000
1652145429962300082 1408.017881 0.000000
1652145432076527459 2100.979654 0.000000
1652145433856483554 1723.685666 0.000000
1652145435748954549 1558.929493 0.000000
1652145437449295067 1671.801817 0.000000
1652145439093143031 1606.600156 0.000000
1652145440971206988 1868.855333 0.000000
1652145442753766082 1659.939826 0.000000
1652145444584097683 1717.777680 0.000000
1652145446336262737 1730.913552 0.000000
1652145447798169325 1443.655215 0.000000
1652145449532865774 1670.328130 0.000000
1652145451326743575 1658.313757 0.000000
1652145453175619071 1745.455780 0.000000
1652145455115459358 1906.593707 0.000000
1652145456941101347 1422.037479 0.000000
1652145458748668139 1711.274200 0.000000
1652145460084314132 1208.150797 0.000000
1652145461909562466 1803.000165 0.000000
1652145463597903865 1639.817821 0.000000
1652145465558002995 1791.728625 0.000000
1652145467395231811 1752.921356 0.000000
1652145469019219217 1510.300659 0.000000
1652145470907837858 1745.252935 0.000000
1652145472776709826 1806.607674 0.000000
1652145474467549402 1400.230674 0.000000
1652145476591187654 2057.382158 0.000000
1652145478430567029 1643.959157 0.000000
1652145480405254188 1926.867492 0.000000
1652145482425247089 1914.688799 0.000000
1652145484320868492 1632.838258 0.000000
1652145486249351021 1832.574002 0.000000
1652145487788975651 1466.424119 0.000000
1652145489946618867 1968.100740 0.000000
1652145491615482020 1619.608693 0.000000
1652145493090778940 1464.140571 0.000000
1652145494749256305 1475.698140 0.000000
1652145496437368841 1662.859805 0.000000
1652145498466851475 2003.381213 0.000000
1652145500362806249 1874.694133 0.000000
1652145502189389864 1678.218173 0.000000
