1652144543247465198 2536.428032 0.000000
1652144545574836038 2246.085153 0.000000
1652144548563312981 2517.387628 0.000000
1652144551087377891 2517.800290 0.000000
1652144552888413614 1660.110348 0.000000
1652144555325602643 1932.592687 0.000000
1652144557162570224 1826.710858 0.000000
1652144559288576533 2048.341491 0.000000
1652144561397686137 2041.824665 0.000000
1652144563341673968 1663.119510 0.000000
1652144565207173687 1831.242328 0.000000
1652144569517224607 4293.326830 0.000000
1652144571783004578 2154.464593 0.000000
1652144573430944458 1377.460370 0.000000
1652144575815550168 1960.889972 0.000000
1652144577739337415 1875.616512 0.000000
1652144583615506174 5871.984524 0.000000
1652144586049598242 2120.362997 0.000000
1652144588203286995 1929.348838 0.000000
1652144590199807716 1992.331597 0.000000
1652144592202666011 1879.208972 0.000000
1652144594589456229 2103.308392 0.000000
1652144596889773486 2255.065721 0.000000
1652144598952891045 1910.773300 0.000000
1652144601060644604 2080.497524 0.000000
1652144602957450058 1884.540806 0.000000
1652144604894934101 1896.229511 0.000000
1652144607169383180 2253.308353 0.000000
1652144608941532486 1707.886543 0.000000
1652144611353333384 2369.633907 0.000000
1652144613600762569 2221.252280 0.000000
1652144615541780954 1902.768646 0.000000
1652144617535534016 1945.504075 0.000000
1652144619147784657 1570.025492 0.000000
1652144621120233203 1970.306020 0.000000
1652144622756600463 1605.116347 0.000000
1652144624877843283 2073.968487 0.000000
1652144626728807823 1822.711896 0.000000
1652144628281659610 1546.577350 0.000000
1652144630023823466 1710.692227 0.000000
1652144632411014629 2322.159552 0.000000
1652144634400581825 1969.323370 0.000000
1652144636513115241 2013.280365 0.000000
1652144638317648806 1739.368285 0.000000
1652144640394232058 1985.277296 0.000000
1652144642577415649 2174.933193 0.000000
1652144644630982009 1989.383830 0.000000
1652144647165021146 2469.779412 0.000000
1652144648994006695 1709.701532 0.000000
1652144651639674836 2325.249527 0.000000
1652144653788199534 1996.922897 0.000000
1652144655976559603 2146.092030 0.000000
1652144658203993942 2151.159788 0.000000
1652144660204278456 1671.858426 0.000000
1652144662537886596 2244.527528 0.000000
1652144664541747286 1949.581339 0.000000
1652144666817765116 2231.824138 0.000000
1652144668920021794 1959.016073 0.000000
1652144670970223823 2038.949467 0.000000
1652144673404159428 2371.106728 0.000000
1652144675647081092 2143.694559 0.000000
1652144677847109233 2066.691024 0.000000
1652144679975154697 2123.833779 0.000000
1652144682123039130 1792.750383 0.000000
1652144684227731066 2098.449492 0.000000
1652144686336680738 2079.696274 0.000000
1652144688347521296 1918.545690 0.000000
1652144690308262911 1947.487208 0.000000
1652144692163368249 1689.713395 0.000000
1652144694239886289 1925.145951 0.000000
1652144696243192966 1973.102454 0.000000
1652144698149467954 1841.991456 0.000000
1652144700468854492 2312.138778 0.000000
1652144702211259654 1560.053815 0.000000
1652144704559226684 2277.861349 0.000000
1652144706594400601 1960.985026 0.000000
1652144708678211112 2003.476181 0.000000
1652144710911828414 2162.347858 0.000000
1652144712835751783 1869.667422 0.000000
1652144714566220918 1680.291762 0.000000
1652144716789499218 2221.028927 0.000000
1652144718553368491 1716.158020 0.000000
1652144720602642442 1851.181469 0.000000
1652144722437975182 1816.085906 0.000000
1652144724923052059 2444.826150 0.000000
1652144726884795867 1915.499377 0.000000
1652144728874824526 1940.849868 0.000000
1652144731130426565 2177.324613 0.000000
1652144732943342367 1780.665285 0.000000
1652144734948747741 1912.074453 0.000000
1652144736838501344 1885.576015 0.000000
1652144738598915143 1668.207473 0.000000
1652144740797293233 2158.139494 0.000000
1652144742841348322 2031.776532 0.000000
1652144744876279701 1861.529405 0.000000
1652144746816012430 1859.210757 0.000000
1652144748579256021 1721.939186 0.000000
1652144750664010517 2074.612284 0.000000
1652144752701721768 1940.418167 0.000000
1652144754883059015 2138.088907 0.000000
1652144756575095024 1559.310494 0.000000
1652144759440366215 2796.070526 0.000000
1652144764662029910 5064.768398 0.000000
1652144767063351626 2294.489435 0.000000
1652144769128580619 2058.998083 0.000000
1652144771139652794 1985.841553 0.000000
1652144773421861635 2272.053508 0.000000
1652144775214256493 1742.230997 0.000000
1652144777319899209 2026.220169 0.000000
1652144779482591901 2080.380083 0.000000
1652144781285275352 1791.527308 0.000000
1652144783553037893 2167.155078 0.000000
1652144785341721066 1674.372104 0.000000
1652144787645075466 2161.036111 0.000000
1652144789675291186 1852.928072 0.000000
1652144791748109395 1954.507781 0.000000
1652144793433074146 1667.235596 0.000000
1652144795304041455 1674.548845 0.000000
1652144797270252761 1949.959882 0.000000
1652144798954462750 1661.038035 0.000000
1652144800951920048 1911.149518 0.000000
1652144802801969422 1807.801536 0.000000
1652144804668954611 1829.841190 0.000000
1652144806509513346 1813.310479 0.000000
1652144808681057946 2157.296165 0.000000
1652144810811324108 2068.094742 0.000000
1652144813043956909 2141.120397 0.000000
1652144814925128953 1880.020785 0.000000
1652144816480459338 1536.040048 0.000000
1652144818727841705 2065.987843 0.000000
1652144820866098952 2094.002454 0.000000
1652144823470517621 2052.533194 0.000000
1652144825569840309 2039.802024 0.000000
1652144827952718928 2353.630924 0.000000
1652144830005149529 1858.930893 0.000000
1652144832197190852 2139.792069 0.000000
1652144834530743174 2041.579926 0.000000
1652144836399556857 1841.551943 0.000000
1652144838776355772 2339.552649 0.000000
1652144840398065116 1546.443673 0.000000
1652144842138574610 1689.346169 0.000000
1652144844563418326 2179.405831 0.000000
1652144846467848273 1776.096702 0.000000
1652144848771550910 2133.335132 0.000000
1652144850528180996 1554.526716 0.000000
1652144852461518773 1749.056787 0.000000
1652144854393428796 1890.657832 0.000000
1652144856414952825 1891.195796 0.000000
1652144858376068711 1908.901050 0.000000
1652144860078029997 1673.017486 0.000000
1652144861819593015 1647.346488 0.000000
1652144864144152381 2112.046608 0.000000
1652144865918311307 1766.908955 0.000000
1652144868072642324 2137.966919 0.000000
1652144870149904909 1960.950690 0.000000
1652144872458918622 2272.745243 0.000000
1652144874425136020 1935.965684 0.000000
1652144876505581499 2016.164508 0.000000
1652144878992413826 2484.603183 0.000000
1652144880743118600 1714.446892 0.000000
1652144882690735906 1925.368760 0.000000
1652144884332089628 1596.085367 0.000000
1652144886376536295 1952.151832 0.000000
1652144888498076888 1931.142693 0.000000
1652144890417898429 1863.563007 0.000000
1652144892588335240 2104.847772 0.000000
1652144894709417992 2113.872905 0.000000
1652144896728668232 1991.043935 0.000000
1652144898536240502 1689.259355 0.000000
1652144900293496831 1742.075359 0.000000
1652144902440020233 1879.271957 0.000000
1652144904596181445 2066.969447 0.000000
1652144906626281364 1993.832736 0.000000
1652144908640502554 1939.947006 0.000000
1652144910641065210 1870.233620 0.000000
1652144912703900905 2041.585456 0.000000
1652144915155566796 2360.409568 0.000000
1652144917057912704 1853.110392 0.000000
1652144919530279737 2043.738874 0.000000
1652144921570069675 1963.519760 0.000000
1652144923513132395 1850.584676 0.000000
1652144925863616101 2341.264874 0.000000
1652144927894667231 1965.781698 0.000000
1652144930133432164 2076.172070 0.000000
1652144931850053930 1680.477155 0.000000
1652144934528465534 2356.163704 0.000000
1652144936864834043 2280.093584 0.000000
1652144938760787510 1830.695859 0.000000
1652144941000789946 2180.748126 0.000000
1652144942858469400 1841.427515 0.000000
1652144945039481811 2158.799632 0.000000
1652144947229614049 1898.867220 0.000000
1652144949182239769 1933.134692 0.000000
1652144951421941324 2234.454908 0.000000
1652144953365883835 1857.649644 0.000000
1652144955350389552 1963.316836 0.000000
1652144957122638946 1766.004696 0.000000
1652144959133627177 1829.703461 0.000000
1652144962825920699 3690.043708 0.000000
1652144964363697800 1536.637609 0.000000
1652144966374601074 2007.692316 0.000000
1652144968537052296 1956.029197 0.000000
1652144970544042547 1999.335375 0.000000
1652144972677597554 2068.358240 0.000000
1652144974702775856 1817.771106 0.000000
1652144976745787336 1977.706373 0.000000
1652144978852643783 2013.561082 0.000000
1652144981443049785 2024.434780 0.000000
1652144983265288122 1797.062485 0.000000
1652144985128293514 1816.740475 0.000000
1652144987249329078 2079.763475 0.000000
1652144988954423608 1693.884299 0.000000
1652144991114379764 2030.385401 0.000000
1652144993536098051 2350.450167 0.000000
1652144995345597211 1806.254522 0.000000
1652144997546944502 2132.393376 0.000000
1652144999168327546 1602.131324 0.000000
1652145001456036832 2175.956527 0.000000
1652145003465891801 1940.588888 0.000000
1652145005612521995 2144.357570 0.000000
1652145007792978773 2047.228706 0.000000
1652145010215021652 2407.789580 0.000000
1652145012717248332 2360.542798 0.000000
1652145015143801188 2293.327523 0.000000
1652145017118045838 1833.901335 0.000000
1652145019777758510 2646.567688 0.000000
1652145021764004167 1970.088191 0.000000
1652145024280080152 2403.887595 0.000000
1652145026788684825 2334.327940 0.000000
1652145029051352342 1718.678259 0.000000
1652145031310169575 2245.571943 0.000000
1652145033251478728 1614.885296 0.000000
1652145035360849309 2098.214632 0.000000
1652145037616027308 2231.928606 0.000000
1652145039873730337 2039.306454 0.000000
1652145047347638678 7458.650435 0.000000
1652145049422468081 2007.654398 0.000000
1652145051727423604 2260.681135 0.000000
1652145053716576819 1902.085012 0.000000
1652145055915191255 2083.272109 0.000000
1652145058336554007 2226.783288 0.000000
1652145060883624811 2274.685643 0.000000
1652145062980795399 2003.855953 0.000000
1652145065005599072 1861.215344 0.000000
1652145066960639693 1895.621756 0.000000
1652145068655601421 1655.730620 0.000000
1652145071063309668 2210.311805 0.000000
1652145073081597299 1948.106262 0.000000
1652145074832215358 1669.340410 0.000000
1652145078317482310 3347.935390 0.000000
1652145079745755687 1317.964921 0.000000
1652145081401644975 1516.544852 0.000000
1652145083266886595 1734.911557 0.000000
1652145085278067658 1905.117193 0.000000
1652145087568462970 2159.914837 0.000000
1652145089466670675 1837.949589 0.000000
1652145091246425553 1649.424566 0.000000
1652145093326730791 2045.032570 0.000000
1652145095001579234 1639.601650 0.000000
1652145097138109737 2002.968535 0.000000
1652145098840564331 1656.200242 0.000000
1652145100781747663 1923.550557 0.000000
1652145102805481795 1990.475977 0.000000
1652145104383674179 1550.010291 0.000000
1652145106906266988 2030.009749 0.000000
1652145108263806702 1287.302923 0.000000
1652145110167524477 1744.036202 0.000000
1652145112364840082 1951.891904 0.000000
1652145113904915986 1477.905832 0.000000
1652145116162656468 2120.398628 0.000000
1652145118211962825 1930.027850 0.000000
1652145120719273546 2274.986356 0.000000
1652145123140121096 2387.599772 0.000000
1652145124832025792 1531.542886 0.000000
1652145126916553180 1802.401113 0.000000
1652145128913230712 1893.359176 0.000000
1652145131038150978 2009.608112 0.000000
1652145132591726980 1541.431931 0.000000
1652145134747759530 2004.693376 0.000000
1652145136889115806 2129.214908 0.000000
1652145138925782220 1980.494575 0.000000
1652145141269538032 2085.216417 0.000000
1652145143475267732 1823.591756 0.000000
1652145145647980633 2127.571722 0.000000
1652145147578812315 1876.659550 0.000000
1652145149708283704 2104.284162 0.000000
1652145151893847007 2154.378479 0.000000
1652145153714275958 1818.206484 0.000000
1652145155731498371 1995.987751 0.000000
1652145157868308914 2033.614208 0.000000
1652145159632305758 1683.716880 0.000000
1652145161650371543 2013.818629 0.000000
1652145163656452607 2004.926170 0.000000
1652145165925148130 2192.403046 0.000000
1652145167912617220 1973.310425 0.000000
1652145169931518012 1859.541871 0.000000
1652145172277998887 2318.230346 0.000000
1652145174383647085 1735.149298 0.000000
1652145176492756434 2082.856287 0.000000
1652145178446576581 1889.535397 0.000000
1652145180182074462 1608.169547 0.000000
1652145183121950205 2586.084402 0.000000
1652145185298561500 1958.311050 0.000000
1652145187628973904 2241.527524 0.000000
1652145189787538775 2027.237814 0.000000
1652145191476562631 1552.737555 0.000000
1652145193881990193 2306.127295 0.000000
1652145195539075857 1625.855574 0.000000
1652145197356389112 1769.064165 0.000000
1652145199646895579 2137.231289 0.000000
1652145201873134900 1990.838965 0.000000
1652145204264870401 1924.728311 0.000000
1652145206206056593 1936.979998 0.000000
1652145208192722382 1907.489891 0.000000
1652145210216880333 1994.267950 0.000000
1652145211688569618 1448.435007 0.000000
1652145213583857925 1762.957553 0.000000
1652145215303936209 1644.808553 0.000000
1652145217238777470 1810.080857 0.000000
1652145219348743393 2063.808351 0.000000
1652145221259403198 1867.414844 0.000000
1652145222944574778 1617.905427 0.000000
1652145224547001752 1538.238610 0.000000
1652145226875304111 2325.091755 0.000000
1652145229470696158 2539.230696 0.000000
1652145231604714099 1964.644406 0.000000
1652145233291301431 1608.308885 0.000000
1652145234802832337 1294.517424 0.000000
1652145237057231644 2228.152979 0.000000
1652145239233575299 2155.096892 0.000000
1652145241692652466 2305.815948 0.000000
1652145243534973571 1778.160893 0.000000
1652145245340643950 1773.419665 0.000000
1652145250025409829 4625.016359 0.000000
1652145252035402599 1991.820846 0.000000
1652145254187170574 2090.509420 0.000000
1652145256411739338 1947.044095 0.000000
1652145258184330353 1728.451775 0.000000
1652145260245237987 1973.598134 0.000000
1652145263767816985 3301.526488 0.000000
1652145265402154396 1615.089441 0.000000
1652145267660308488 2246.903908 0.000000
1652145269636323377 1700.535566 0.000000
1652145271510113471 1852.088095 0.000000
1652145273277674573 1607.287945 0.000000
1652145275665098011 1901.844574 0.000000
1652145277943141784 2190.349094 0.000000
1652145279955053645 1762.319559 0.000000
1652145282029320271 1851.629679 0.000000
1652145283871798572 1801.248636 0.000000
1652145286128168442 2251.131417 0.000000
1652145288308146926 1960.267850 0.000000
1652145289898562520 1558.167536 0.000000
1652145292040444981 2039.581678 0.000000
1652145293683962703 1601.277580 0.000000
1652145295911942333 2073.708262 0.000000
1652145297735776535 1789.582546 0.000000
1652145299175603995 1208.395716 0.000000
1652145301092200418 1825.302482 0.000000
1652145302884814633 1687.179231 0.000000
1652145304977194380 1897.930925 0.000000
1652145307195834194 1954.108227 0.000000
1652145309008752668 1770.663750 0.000000
1652145311165850675 2114.933116 0.000000
1652145313112390665 1910.287243 0.000000
1652145315024879440 1881.311296 0.000000
1652145317067600301 1792.020136 0.000000
1652145318956243862 1726.448373 0.000000
1652145321335714453 2258.125288 0.000000
1652145323402315966 1888.292269 0.000000
1652145325859001642 2345.380018 0.000000
1652145327857190897 1890.884386 0.000000
1652145329262749353 1231.762883 0.000000
1652145331035581842 1706.539918 0.000000
1652145332740135037 1664.306092 0.000000
1652145335020324282 2059.267601 0.000000
1652145336981973416 1935.386235 0.000000
1652145338573293726 1463.994349 0.000000
1652145340093599438 1511.058017 0.000000
1652145341746662981 1560.763829 0.000000
1652145344087814728 2246.863873 0.000000
1652145346136750490 2030.691424 0.000000
1652145348127019661 1649.637901 0.000000
1652145349831341878 1637.604353 0.000000
1652145351335821884 1430.205650 0.000000
1652145353140850916 1770.870940 0.000000
1652145355249864853 2082.912454 0.000000
1652145356787840837 1415.735578 0.000000
1652145358444979227 1624.876829 0.000000
1652145360199084906 1720.963134 0.000000
1652145362213246736 1910.907590 0.000000
1652145363973761542 1708.342842 0.000000
1652145365620542289 1457.526805 0.000000
1652145367674746096 1893.849364 0.000000
1652145369281971128 1585.062007 0.000000
1652145371594292592 2000.193267 0.000000
1652145373852225401 2181.735625 0.000000
1652145375895305733 1922.864934 0.000000
1652145377884506383 1944.963856 0.000000
1652145379289220961 1386.467134 0.000000
1652145381296898569 1987.517870 0.000000
1652145383497802555 1879.477733 0.000000
1652145385031852769 1371.680069 0.000000
1652145386906671224 1844.145500 0.000000
1652145388615497321 1682.584428 0.000000
1652145390582227619 1887.432452 0.000000
1652145392755262328 2004.917397 0.000000
1652145394244224171 1407.686156 0.000000
1652145395783825786 1469.420393 0.000000
1652145397448765896 1636.690179 0.000000
1652145399365203192 1874.142589 0.000000
1652145401564471879 2173.013230 0.000000
1652145403385901069 1812.179482 0.000000
1652145405190517381 1730.342987 0.000000
1652145406916231824 1721.464062 0.000000
1652145408379378747 1442.985584 0.000000
1652145410087437777 1690.818475 0.000000
1652145412141507034 1926.409827 0.000000
1652145413721008387 1515.238960 0.000000
1652145415689853603 1959.643491 0.000000
1652145417529241790 1746.999251 0.000000
1652145419308556547 1541.991180 0.000000
1652145420982058227 1567.273298 0.000000
1652145423012095871 1935.151924 0.000000
1652145424772353970 1663.970647 0.000000
1652145426878534221 1975.848315 0.000000
1652145428482529849 1587.751284 0.000000
1652145430364720266 1595.700802 0.000000
1652145432699804010 1867.144752 0.000000
1652145434476257247 1755.207358 0.000000
1652145436483901224 1941.372135 0.000000
1652145438239545939 1524.389952 0.000000
1652145439612681108 1344.869986 0.000000
1652145441343136628 1710.218590 0.000000
1652145442828292964 1391.455602 0.000000
1652145444684966080 1632.248238 0.000000
1652145446637680690 1909.458433 0.000000
1652145448262419640 1567.038121 0.000000
1652145450234263567 1848.475906 0.000000
1652145454229393654 3971.559244 0.000000
1652145456336451918 1999.669611 0.000000
1652145458061069981 1653.334475 0.000000
1652145462408481546 4199.844310 0.000000
1652145464195249601 1685.744048 0.000000
1652145465784945061 1527.143004 0.000000
1652145467294575351 1463.366405 0.000000
1652145469120168792 1809.348553 0.000000
1652145470974194108 1842.882495 0.000000
1652145472677740908 1556.198810 0.000000
1652145474204977937 1413.106234 0.000000
1652145475841226678 1558.699022 0.000000
1652145477657336657 1716.812119 0.000000
1652145479280832192 1607.243778 0.000000
1652145481253988423 1878.866745 0.000000
1652145482728207110 1444.677305 0.000000
1652145484503069409 1761.615132 0.000000
1652145486043478123 1448.119716 0.000000
1652145487975544828 1879.816210 0.000000
1652145489928130820 1902.375647 0.000000
1652145491667402388 1736.050209 0.000000
1652145493478037062 1793.369018 0.000000
1652145495149118021 1617.800086 0.000000
1652145497187095256 1995.737189 0.000000
1652145498868171394 1621.822227 0.000000
1652145500426551984 1369.048777 0.000000
1652145501888931782 1458.127520 0.000000
