1652144537257295437 0.000000 0.000000 0 0 0.000000
1652144538257433397 0.000000 0.000000 0 0 0.000000
1652144538267752976 2011.152937 96.903647 1 0 0.000000
1652144539897334513 1494.238004 0.613654 1 0 0.000000
1652144541259933506 0.000000 0.000000 0 0 0.000000
1652144542260713245 0.000000 0.000000 0 0 0.000000
1652144542443506483 2455.886517 5.470663 1 0 0.000000
1652144544262186402 0.000000 0.000000 0 0 0.000000
1652144545137309032 2660.533541 1.142697 1 0 0.000000
1652144546263596001 0.000000 0.000000 0 0 0.000000
1652144546810257598 1473.355797 1.829285 1 0 0.000000
1652144548265433130 0.000000 0.000000 0 0 0.000000
1652144549266025234 0.000000 0.000000 0 0 0.000000
1652144549463908038 2639.399216 5.053497 1 0 0.000000
1652144551266919203 0.000000 0.000000 0 0 0.000000
1652144551712232762 1895.806229 2.245609 1 0 0.000000
1652144553268919045 0.000000 0.000000 0 0 0.000000
1652144554049552719 2291.570773 1.281011 1 0 0.000000
1652144555270318683 0.000000 0.000000 0 0 0.000000
1652144555939221987 1647.073788 1.494985 1 0 0.000000
1652144557271084915 0.000000 0.000000 0 0 0.000000
1652144558005804145 1984.729036 1.361064 1 0 0.000000
1652144559272291835 0.000000 0.000000 0 0 0.000000
1652144560195000625 1957.745814 1.083766 1 0 0.000000
1652144561273357612 0.000000 0.000000 0 0 0.000000
1652144562134262096 1848.727555 1.161569 1 0 0.000000
1652144563274470283 0.000000 0.000000 0 0 0.000000
1652144564255495381 2120.067100 1.019342 1 0 0.000000
1652144565275445265 0.000000 0.000000 0 0 0.000000
1652144566113558563 1809.614760 1.193156 1 0 0.000000
1652144567276219188 0.000000 0.000000 0 0 0.000000
1652144568263566135 1972.792654 1.012815 1 0 0.000000
1652144569277307945 0.000000 0.000000 0 0 0.000000
1652144570277422964 0.000000 0.000000 0 0 0.000000
1652144570399264693 2085.183714 8.207372 1 0 0.000000
1652144572279196966 0.000000 0.000000 0 0 0.000000
1652144572374465722 1933.021922 10.496626 1 0 0.000000
1652144574281034172 0.000000 0.000000 0 0 0.000000
1652144574507523999 2091.821821 4.415210 1 0 0.000000
1652144576282013959 0.000000 0.000000 0 0 0.000000
1652144576372843901 1721.006893 11.009590 1 0 0.000000
1652144578282997369 0.000000 0.000000 0 0 0.000000
1652144578505955199 2069.926373 4.485154 1 0 0.000000
1652144580284140128 0.000000 0.000000 0 0 0.000000
1652144580686857061 2179.761717 2.483134 1 0 0.000000
1652144582285490046 0.000000 0.000000 0 0 0.000000
1652144583213807901 2062.368785 1.077217 1 0 0.000000
1652144584286510340 0.000000 0.000000 0 0 0.000000
1652144585287626952 0.000000 0.000000 0 0 0.000000
1652144585849992289 2530.794560 1.778204 1 0 0.000000
1652144587288369353 0.000000 0.000000 0 0 0.000000
1652144587513016309 1627.773300 4.451430 1 0 0.000000
1652144589289069795 0.000000 0.000000 0 0 0.000000
1652144589399452734 1851.172992 9.059389 1 0 0.000000
1652144591289945200 0.000000 0.000000 0 0 0.000000
1652144591800991373 2382.309765 1.956771 1 0 0.000000
1652144593291831752 0.000000 0.000000 0 0 0.000000
1652144593892569059 2077.297059 1.664621 1 0 0.000000
1652144595292623367 0.000000 0.000000 0 0 0.000000
1652144596292735906 0.000000 0.000000 0 0 0.000000
1652144596308267712 2316.497113 64.384208 1 0 0.000000
1652144598051408453 1717.926269 0.573677 1 0 0.000000
1652144599295969404 0.000000 0.000000 0 0 0.000000
1652144600240038261 2180.509465 1.059245 1 0 0.000000
1652144601297779697 0.000000 0.000000 0 0 0.000000
1652144602297892857 0.000000 0.000000 0 0 0.000000
1652144602568094893 2292.807704 3.700935 1 0 0.000000
1652144604299588552 0.000000 0.000000 0 0 0.000000
1652144604695400365 2105.058241 2.526453 1 0 0.000000
1652144606300423399 0.000000 0.000000 0 0 0.000000
1652144606669855109 1912.173547 2.706861 1 0 0.000000
1652144608301564992 0.000000 0.000000 0 0 0.000000
1652144608302613813 1570.488705 953.496089 1 0 0.000000
1652144610302794939 0.000000 0.000000 0 0 0.000000
1652144610349909094 2008.132873 21.225065 1 0 0.000000
1652144612303453987 0.000000 0.000000 0 0 0.000000
1652144613303779675 0.000000 0.000000 0 0 0.000000
1652144614304756452 0.000000 0.000000 0 0 0.000000
1652144615060909469 4703.754588 1.322484 1 0 0.000000
1652144616306036039 0.000000 0.000000 0 0 0.000000
1652144617270392625 2170.227899 1.036961 1 0 0.000000
1652144618307881375 0.000000 0.000000 0 0 0.000000
1652144619308612372 0.000000 0.000000 0 0 0.000000
1652144619405468945 2125.829675 10.324550 1 0 0.000000
1652144621258637159 1783.895758 0.539616 1 0 0.000000
1652144622310377311 0.000000 0.000000 0 0 0.000000
1652144623310457608 0.000000 0.000000 0 0 0.000000
1652144623701008643 2252.737266 2.560485 1 0 0.000000
1652144625311924971 0.000000 0.000000 0 0 0.000000
1652144625781368659 2012.150664 2.130181 1 0 0.000000
1652144627312676172 0.000000 0.000000 0 0 0.000000
1652144628312778109 0.000000 0.000000 0 0 0.000000
1652144628514189683 2678.546495 4.964959 1 0 0.000000
1652144630313036391 0.000000 0.000000 0 0 0.000000
1652144630687850439 1931.561871 2.667990 1 0 0.000000
1652144632318615419 0.000000 0.000000 0 0 0.000000
1652144632651432025 1898.396628 3.004658 1 0 0.000000
1652144634320091154 0.000000 0.000000 0 0 0.000000
1652144635111053454 2204.163656 1.264283 1 0 0.000000
1652144636321194494 0.000000 0.000000 0 0 0.000000
1652144637336225237 0.000000 0.000000 0 0 0.000000
1652144637417252532 2147.905532 12.341521 1 0 0.000000
1652144639337595573 0.000000 0.000000 0 0 0.000000
1652144639841946732 2413.468584 1.982746 1 0 0.000000
1652144641338828195 0.000000 0.000000 0 0 0.000000
1652144642209649689 2345.455167 1.148341 1 0 0.000000
1652144643339835178 0.000000 0.000000 0 0 0.000000
1652144643914283995 1697.387750 1.740799 1 0 0.000000
1652144645341316988 0.000000 0.000000 0 0 0.000000
1652144646341400764 0.000000 0.000000 0 0 0.000000
1652144646487494684 2333.801680 6.844914 1 0 0.000000
1652144648260387429 1534.452567 0.564050 1 0 0.000000
1652144649343021968 0.000000 0.000000 0 0 0.000000
1652144650344118618 0.000000 0.000000 0 0 0.000000
1652144650714663266 2439.023509 2.698730 1 0 0.000000
1652144652345829004 0.000000 0.000000 0 0 0.000000
1652144653345944356 0.000000 0.000000 0 0 0.000000
1652144653453832712 2359.691634 9.268845 1 0 0.000000
1652144655347155554 0.000000 0.000000 0 0 0.000000
1652144655777009039 2252.909624 2.326374 1 0 0.000000
1652144657347399122 0.000000 0.000000 0 0 0.000000
1652144658099558713 2273.968461 1.329505 1 0 0.000000
1652144659349240596 0.000000 0.000000 0 0 0.000000
1652144659850915723 1693.090445 1.993322 1 0 0.000000
1652144661349796948 0.000000 0.000000 0 0 0.000000
1652144661599740786 1702.153218 4.000900 1 0 0.000000
1652144663365829063 0.000000 0.000000 0 0 0.000000
1652144664041839095 2169.712975 1.479268 1 0 0.000000
1652144665366780759 0.000000 0.000000 0 0 0.000000
1652144665993342210 1939.250045 1.596013 1 0 0.000000
1652144667368112272 0.000000 0.000000 0 0 0.000000
1652144668317633040 2272.671945 1.053163 1 0 0.000000
1652144669370017416 0.000000 0.000000 0 0 0.000000
1652144670343145205 1879.925579 1.027614 1 0 0.000000
1652144671371262632 0.000000 0.000000 0 0 0.000000
1652144672371507659 0.000000 0.000000 0 0 0.000000
1652144672631399796 2188.676888 3.847750 1 0 0.000000
1652144674373186138 0.000000 0.000000 0 0 0.000000
1652144674913767774 2169.052832 1.849860 1 0 0.000000
1652144676374237454 0.000000 0.000000 0 0 0.000000
1652144677046658908 2065.609083 1.487163 1 0 0.000000
1652144678375334322 0.000000 0.000000 0 0 0.000000
1652144678778168031 1707.294542 2.482414 1 0 0.000000
1652144680376732340 0.000000 0.000000 0 0 0.000000
1652144680819285462 1860.734945 2.259616 1 0 0.000000
1652144682377581526 0.000000 0.000000 0 0 0.000000
1652144682922925207 2095.391525 1.833706 1 0 0.000000
1652144684378791655 0.000000 0.000000 0 0 0.000000
1652144684858196130 1912.018509 2.085922 1 0 0.000000
1652144686379826505 0.000000 0.000000 0 0 0.000000
1652144686535597583 1607.272395 6.419680 1 0 0.000000
1652144688380836412 0.000000 0.000000 0 0 0.000000
1652144688843592512 2226.715003 2.160966 1 0 0.000000
1652144690381907210 0.000000 0.000000 0 0 0.000000
1652144690840366703 1879.477337 2.181218 1 0 0.000000
1652144692383939542 0.000000 0.000000 0 0 0.000000
1652144692967026187 2018.343933 1.715011 1 0 0.000000
1652144694385707862 0.000000 0.000000 0 0 0.000000
1652144695340956662 2267.623849 1.046848 1 0 0.000000
1652144696387199493 0.000000 0.000000 0 0 0.000000
1652144697245377312 1889.226320 1.165260 1 0 0.000000
1652144698389014099 0.000000 0.000000 0 0 0.000000
1652144699390138078 0.000000 0.000000 0 0 0.000000
1652144699613961272 2262.897320 4.467813 1 0 0.000000
1652144701392247959 0.000000 0.000000 0 0 0.000000
1652144701404927572 1788.715019 78.867071 1 0 0.000000
1652144703394035142 0.000000 0.000000 0 0 0.000000
1652144703757539830 2124.447979 2.750996 1 0 0.000000
1652144705395015225 0.000000 0.000000 0 0 0.000000
1652144705989835011 2061.919843 1.681182 1 0 0.000000
1652144707395868857 0.000000 0.000000 0 0 0.000000
1652144708267240385 2159.138563 1.147616 1 0 0.000000
1652144709397694429 0.000000 0.000000 0 0 0.000000
1652144710397794317 0.000000 0.000000 0 0 0.000000
1652144710496393305 2155.884140 10.142097 1 0 0.000000
1652144712145192300 1609.655095 0.606502 1 0 0.000000
1652144713399670378 0.000000 0.000000 0 0 0.000000
1652144714164992542 1889.857476 1.306639 1 0 0.000000
1652144715401549613 0.000000 0.000000 0 0 0.000000
1652144716401645541 0.000000 0.000000 0 0 0.000000
1652144717402312722 0.000000 0.000000 0 0 0.000000
1652144718402702032 0.000000 0.000000 0 0 0.000000
1652144719403426099 0.000000 0.000000 0 0 0.000000
1652144719816314566 5502.070717 2.421962 1 0 0.000000
1652144721405347101 0.000000 0.000000 0 0 0.000000
1652144721969069525 2007.492017 1.773923 1 0 0.000000
1652144723406692793 0.000000 0.000000 0 0 0.000000
1652144723570221278 1586.992749 6.115144 1 0 0.000000
1652144724962328011 1369.837514 0.718336 1 0 0.000000
1652144726408722686 0.000000 0.000000 0 0 0.000000
1652144726685070424 1664.583806 3.618630 1 0 0.000000
1652144728410674363 0.000000 0.000000 0 0 0.000000
1652144728495836322 1722.479510 11.742339 1 0 0.000000
1652144730302019752 1757.025736 0.553654 1 0 0.000000
1652144731412845546 0.000000 0.000000 0 0 0.000000
1652144732334217488 1939.896580 1.085338 1 0 0.000000
1652144733414668588 0.000000 0.000000 0 0 0.000000
1652144734219491866 1842.023468 1.242509 1 0 0.000000
1652144735415116397 0.000000 0.000000 0 0 0.000000
1652144736252973184 2000.689729 1.193522 1 0 0.000000
1652144737415342280 0.000000 0.000000 0 0 0.000000
1652144738415819614 0.000000 0.000000 0 0 0.000000
1652144738911814906 2466.413204 2.016148 1 0 0.000000
1652144740416798364 0.000000 0.000000 0 0 0.000000
1652144740628809987 1656.734312 4.716724 1 0 0.000000
1652144742417943143 0.000000 0.000000 0 0 0.000000
1652144742791878842 2132.819674 2.674257 1 0 0.000000
1652144744419123433 0.000000 0.000000 0 0 0.000000
1652144744716175759 1911.149247 3.366411 1 0 0.000000
1652144746419602748 0.000000 0.000000 0 0 0.000000
1652144746600509802 1862.070177 5.527702 1 0 0.000000
1652144748420478377 0.000000 0.000000 0 0 0.000000
1652144748886944491 2201.178828 2.143779 1 0 0.000000
1652144750422126221 0.000000 0.000000 0 0 0.000000
1652144750645883977 1678.637638 4.469120 1 0 0.000000
1652144752422303786 0.000000 0.000000 0 0 0.000000
1652144752982149569 2068.799172 1.786206 1 0 0.000000
1652144754424215365 0.000000 0.000000 0 0 0.000000
1652144754732198421 1679.780544 3.246932 1 0 0.000000
1652144756425063180 0.000000 0.000000 0 0 0.000000
1652144757088538455 2308.196745 1.507215 1 0 0.000000
1652144758425579231 0.000000 0.000000 0 0 0.000000
1652144759425647237 0.000000 0.000000 0 0 0.000000
1652144759596415082 2392.657225 5.855905 1 0 0.000000
1652144761426846721 0.000000 0.000000 0 0 0.000000
1652144761928905312 2276.267638 1.991800 1 0 0.000000
1652144763427885196 0.000000 0.000000 0 0 0.000000
1652144764077589317 2035.332428 1.539162 1 0 0.000000
1652144765429261178 0.000000 0.000000 0 0 0.000000
1652144766086343048 1786.657368 1.521880 1 0 0.000000
1652144767430388019 0.000000 0.000000 0 0 0.000000
1652144768324894151 2126.339169 1.117935 1 0 0.000000
1652144769431965759 0.000000 0.000000 0 0 0.000000
1652144770432156776 0.000000 0.000000 0 0 0.000000
1652144770823276581 2166.698229 2.556762 1 0 0.000000
1652144772433453641 0.000000 0.000000 0 0 0.000000
1652144772579715708 1737.197225 6.837045 1 0 0.000000
1652144774434275641 0.000000 0.000000 0 0 0.000000
1652144774713242212 1909.102276 3.584660 1 0 0.000000
1652144776435159159 0.000000 0.000000 0 0 0.000000
1652144776720820317 2000.410668 3.500652 1 0 0.000000
1652144778435827154 0.000000 0.000000 0 0 0.000000
1652144778573707109 1784.618233 7.252689 1 0 0.000000
1652144780437190138 0.000000 0.000000 0 0 0.000000
1652144780696834072 2107.885218 3.851429 1 0 0.000000
1652144782386205544 1639.700622 0.591936 1 0 0.000000
1652144783439613203 0.000000 0.000000 0 0 0.000000
1652144784440452001 0.000000 0.000000 0 0 0.000000
1652144785441481623 0.000000 0.000000 0 0 0.000000
1652144786442442502 0.000000 0.000000 0 0 0.000000
1652144786747162774 4210.455084 3.281699 1 0 0.000000
1652144788440678208 1676.295512 0.590488 1 0 0.000000
1652144789443800497 0.000000 0.000000 0 0 0.000000
1652144790442272173 1921.060700 1.001531 1 0 0.000000
1652144791445632653 0.000000 0.000000 0 0 0.000000
1652144792286887135 1815.135279 1.188701 1 0 0.000000
1652144793447019759 0.000000 0.000000 0 0 0.000000
1652144794401777464 2062.634708 1.047386 1 0 0.000000
1652144795447654965 0.000000 0.000000 0 0 0.000000
1652144796448704193 0.000000 0.000000 0 0 0.000000
1652144796810554154 2391.529148 2.763577 1 0 0.000000
1652144798449670179 0.000000 0.000000 0 0 0.000000
1652144798630196188 1762.387266 5.539370 1 0 0.000000
1652144800451171929 0.000000 0.000000 0 0 0.000000
1652144800868447103 2102.953883 2.396500 1 0 0.000000
1652144802452371211 0.000000 0.000000 0 0 0.000000
1652144802616549335 1715.852664 6.090946 1 0 0.000000
1652144804453724747 0.000000 0.000000 0 0 0.000000
1652144804901388024 2066.433508 2.233822 1 0 0.000000
1652144806455019917 0.000000 0.000000 0 0 0.000000
1652144807044003706 2127.327966 1.697840 1 0 0.000000
1652144808456991650 0.000000 0.000000 0 0 0.000000
1652144808740268221 1649.016708 3.530120 1 0 0.000000
1652144810458071891 0.000000 0.000000 0 0 0.000000
1652144810961866764 2197.383612 1.984935 1 0 0.000000
1652144812459370352 0.000000 0.000000 0 0 0.000000
1652144812932479710 1906.999231 2.113677 1 0 0.000000
1652144814460895597 0.000000 0.000000 0 0 0.000000
1652144814756487495 1799.891148 3.383044 1 0 0.000000
1652144816461634420 0.000000 0.000000 0 0 0.000000
1652144816803172926 1995.533436 2.927928 1 0 0.000000
1652144818462543315 0.000000 0.000000 0 0 0.000000
1652144818572822058 1721.400462 9.067938 1 0 0.000000
1652144820463433091 0.000000 0.000000 0 0 0.000000
1652144820721442421 1997.445047 3.875830 1 0 0.000000
1652144822045937993 1259.335285 0.755004 1 0 0.000000
1652144823464724772 0.000000 0.000000 0 0 0.000000
1652144824244547684 2048.834166 1.282343 1 0 0.000000
1652144825465256977 0.000000 0.000000 0 0 0.000000
1652144826169846882 1918.068991 1.419265 1 0 0.000000
1652144827466235330 0.000000 0.000000 0 0 0.000000
1652144827831929394 1386.300154 2.734527 1 0 0.000000
1652144829468342986 0.000000 0.000000 0 0 0.000000
1652144830262560993 2416.383352 1.259100 1 0 0.000000
1652144831470123461 0.000000 0.000000 0 0 0.000000
1652144832398434672 2116.650802 1.077225 1 0 0.000000
1652144833471688366 0.000000 0.000000 0 0 0.000000
1652144834430517583 2007.835084 1.042939 1 0 0.000000
1652144835472590859 0.000000 0.000000 0 0 0.000000
1652144836108971909 1659.239009 1.571386 1 0 0.000000
1652144837473957243 0.000000 0.000000 0 0 0.000000
1652144838014501616 1715.172367 1.849987 1 0 0.000000
1652144839474639147 0.000000 0.000000 0 0 0.000000
1652144840196693303 2139.937515 1.384938 1 0 0.000000
1652144841476481809 0.000000 0.000000 0 0 0.000000
1652144842296805565 1866.655798 1.219031 1 0 0.000000
1652144843477233761 0.000000 0.000000 0 0 0.000000
1652144844477731497 0.000000 0.000000 0 0 0.000000
1652144844599205858 2102.853770 8.232191 1 0 0.000000
1652144846477942462 0.000000 0.000000 0 0 0.000000
1652144846652795697 1689.132746 5.719084 1 0 0.000000
1652144848480106790 0.000000 0.000000 0 0 0.000000
1652144848821973417 1926.737098 2.925118 1 0 0.000000
1652144850481167894 0.000000 0.000000 0 0 0.000000
1652144851122141931 2107.740308 1.560126 1 0 0.000000
1652144852483139418 0.000000 0.000000 0 0 0.000000
1652144852615414459 1458.039032 7.560008 1 0 0.000000
1652144854484669443 0.000000 0.000000 0 0 0.000000
1652144855042628698 2343.926314 1.792246 1 0 0.000000
1652144856486736961 0.000000 0.000000 0 0 0.000000
1652144857140985891 1942.041744 1.528470 1 0 0.000000
1652144858487812185 0.000000 0.000000 0 0 0.000000
1652144859202788054 2026.543546 1.398649 1 0 0.000000
1652144860488148909 0.000000 0.000000 0 0 0.000000
1652144861488250925 0.000000 0.000000 0 0 0.000000
1652144861783587128 2282.392817 3.385972 1 0 0.000000
1652144863394887551 1605.080714 0.620617 1 0 0.000000
1652144864491100418 0.000000 0.000000 0 0 0.000000
1652144865491205934 0.000000 0.000000 0 0 0.000000
1652144865768594292 2207.230533 3.605055 1 0 0.000000
1652144867492859437 0.000000 0.000000 0 0 0.000000
1652144868337640477 2369.730020 1.183739 1 0 0.000000
1652144869494210068 0.000000 0.000000 0 0 0.000000
1652144870323914809 1858.686662 1.205248 1 0 0.000000
1652144871495048622 0.000000 0.000000 0 0 0.000000
1652144872495496918 0.000000 0.000000 0 0 0.000000
1652144873496543476 0.000000 0.000000 0 0 0.000000
1652144873815641924 3476.475517 3.133830 1 0 0.000000
1652144875498546456 0.000000 0.000000 0 0 0.000000
1652144875770500577 1913.584848 3.677091 1 0 0.000000
1652144877500374290 0.000000 0.000000 0 0 0.000000
1652144878014401034 2213.710468 1.945424 1 0 0.000000
1652144879501526063 0.000000 0.000000 0 0 0.000000
1652144879898311622 1849.631810 2.520253 1 0 0.000000
1652144881503114259 0.000000 0.000000 0 0 0.000000
1652144882145985497 2232.385871 1.555522 1 0 0.000000
1652144883504322588 0.000000 0.000000 0 0 0.000000
1652144884367629947 2215.393228 1.158336 1 0 0.000000
1652144885505826081 0.000000 0.000000 0 0 0.000000
1652144886492392163 1877.580454 1.013617 1 0 0.000000
1652144887506570485 0.000000 0.000000 0 0 0.000000
1652144888506633625 0.000000 0.000000 0 0 0.000000
1652144888701320400 2205.657487 5.136457 1 0 0.000000
1652144890321736362 1606.162730 0.617125 1 0 0.000000
1652144891507604919 0.000000 0.000000 0 0 0.000000
1652144892393511919 2024.510988 1.128787 1 0 0.000000
1652144893508703448 0.000000 0.000000 0 0 0.000000
1652144894509418400 0.000000 0.000000 0 0 0.000000
1652144894754555188 2084.495650 4.079356 1 0 0.000000
1652144896510344263 0.000000 0.000000 0 0 0.000000
1652144896564816054 1555.896279 18.358143 1 0 0.000000
1652144898512199672 0.000000 0.000000 0 0 0.000000
1652144898889728389 2312.659604 2.648805 1 0 0.000000
1652144900231615801 1325.639360 0.745219 1 0 0.000000
1652144901514589885 0.000000 0.000000 0 0 0.000000
1652144902436228486 2007.184236 1.085024 1 0 0.000000
1652144903515713331 0.000000 0.000000 0 0 0.000000
1652144904276434743 1673.629614 1.314542 1 0 0.000000
1652144905517044925 0.000000 0.000000 0 0 0.000000
1652144906419122723 1893.294414 1.108552 1 0 0.000000
1652144907518230291 0.000000 0.000000 0 0 0.000000
1652144908518327118 0.000000 0.000000 0 0 0.000000
1652144908908541828 2246.722391 2.562692 1 0 0.000000
1652144910519206143 0.000000 0.000000 0 0 0.000000
1652144910543669024 1569.909103 40.878338 1 0 0.000000
1652144912519972588 0.000000 0.000000 0 0 0.000000
1652144912823751525 2035.606284 3.291868 1 0 0.000000
1652144914521124406 0.000000 0.000000 0 0 0.000000
1652144914765889234 1909.889153 4.085555 1 0 0.000000
1652144916522514585 0.000000 0.000000 0 0 0.000000
1652144916557013498 1762.846933 28.986461 1 0 0.000000
1652144918523447652 0.000000 0.000000 0 0 0.000000
1652144918632775189 1944.429593 9.146830 1 0 0.000000
1652144920258416798 1582.459076 0.615142 1 0 0.000000
1652144921525714007 0.000000 0.000000 0 0 0.000000
1652144922427369913 2138.676762 1.109071 1 0 0.000000
1652144923525906288 0.000000 0.000000 0 0 0.000000
1652144924526388849 0.000000 0.000000 0 0 0.000000
1652144924599720195 2074.000490 13.636742 1 0 0.000000
1652144926174500895 1520.527786 0.635009 1 0 0.000000
1652144927529113998 0.000000 0.000000 0 0 0.000000
1652144927988233584 1799.483744 2.178082 1 0 0.000000
1652144929530079490 0.000000 0.000000 0 0 0.000000
1652144929911168812 1832.649403 2.624057 1 0 0.000000
1652144931531536982 0.000000 0.000000 0 0 0.000000
1652144931732391890 1690.867807 4.978720 1 0 0.000000
1652144933532773312 0.000000 0.000000 0 0 0.000000
1652144933556161701 1646.499774 42.756344 1 0 0.000000
1652144935533352418 0.000000 0.000000 0 0 0.000000
1652144935910119542 2289.786251 2.654160 1 0 0.000000
1652144937534882480 0.000000 0.000000 0 0 0.000000
1652144938115272522 2160.904620 1.722979 1 0 0.000000
1652144939535457057 0.000000 0.000000 0 0 0.000000
1652144940070895077 1912.372706 1.867630 1 0 0.000000
1652144941536213586 0.000000 0.000000 0 0 0.000000
1652144942537250494 0.000000 0.000000 0 0 0.000000
1652144942571618007 2408.510965 29.097289 1 0 0.000000
1652144944361929952 1736.129026 0.558562 1 0 0.000000
1652144945539778443 0.000000 0.000000 0 0 0.000000
1652144946507856195 2123.686454 1.032975 1 0 0.000000
1652144947540751651 0.000000 0.000000 0 0 0.000000
1652144948540851299 0.000000 0.000000 0 0 0.000000
1652144948834873882 2020.509446 3.401100 1 0 0.000000
1652144950541843650 0.000000 0.000000 0 0 0.000000
1652144950756063692 1813.914367 4.668098 1 0 0.000000
1652144952542742738 0.000000 0.000000 0 0 0.000000
1652144953079267954 2296.955240 1.863845 1 0 0.000000
1652144954543394124 0.000000 0.000000 0 0 0.000000
1652144955133004490 1976.478310 1.696035 1 0 0.000000
1652144956544889056 0.000000 0.000000 0 0 0.000000
1652144957424293124 2114.035801 1.137134 1 0 0.000000
1652144958545633363 0.000000 0.000000 0 0 0.000000
1652144959546471481 0.000000 0.000000 0 0 0.000000
1652144959747843173 2189.323197 4.965943 1 0 0.000000
1652144961291820988 1539.733911 0.647678 1 0 0.000000
1652144962548670671 0.000000 0.000000 0 0 0.000000
1652144963549138600 0.000000 0.000000 0 0 0.000000
1652144963711077439 2416.038794 6.175173 1 0 0.000000
1652144965550042006 0.000000 0.000000 0 0 0.000000
1652144965902083111 2127.844349 2.840578 1 0 0.000000
1652144967551945764 0.000000 0.000000 0 0 0.000000
1652144968105310036 2180.977542 1.807128 1 0 0.000000
1652144969552376920 0.000000 0.000000 0 0 0.000000
1652144969946557125 1729.972579 2.536911 1 0 0.000000
1652144971552777404 0.000000 0.000000 0 0 0.000000
1652144971890849711 1841.987652 2.957948 1 0 0.000000
1652144973554547225 0.000000 0.000000 0 0 0.000000
1652144973970424598 1943.239220 2.404555 1 0 0.000000
1652144975555649544 0.000000 0.000000 0 0 0.000000
1652144976167999960 2137.317128 1.633052 1 0 0.000000
1652144977556785452 0.000000 0.000000 0 0 0.000000
1652144978553205753 1682.022292 1.003593 1 0 0.000000
1652144979558012452 0.000000 0.000000 0 0 0.000000
1652144980558789312 0.000000 0.000000 0 0 0.000000
1652144980915142128 2144.228981 2.806208 1 0 0.000000
1652144982560538891 0.000000 0.000000 0 0 0.000000
1652144983084007961 2088.587793 1.910333 1 0 0.000000
1652144984562277990 0.000000 0.000000 0 0 0.000000
1652144985195447579 2039.168156 1.579356 1 0 0.000000
1652144986563782346 0.000000 0.000000 0 0 0.000000
1652144987215661521 1952.945930 1.534027 1 0 0.000000
1652144988565430262 0.000000 0.000000 0 0 0.000000
1652144989055118371 1669.168459 2.042116 1 0 0.000000
1652144990566604466 0.000000 0.000000 0 0 0.000000
1652144991456406683 2302.990763 1.123845 1 0 0.000000
1652144992568153289 0.000000 0.000000 0 0 0.000000
1652144993569070743 0.000000 0.000000 0 0 0.000000
1652144993776320161 2137.401295 4.825105 1 0 0.000000
1652144995570319666 0.000000 0.000000 0 0 0.000000
1652144996245102770 1884.052549 1.481958 1 0 0.000000
1652144997571471872 0.000000 0.000000 0 0 0.000000
1652144998065580108 1773.227284 2.023848 1 0 0.000000
1652144999573496850 0.000000 0.000000 0 0 0.000000
1652145000102930959 2016.196392 1.888809 1 0 0.000000
1652145001574681388 0.000000 0.000000 0 0 0.000000
1652145002373024459 2239.845921 1.252594 1 0 0.000000
1652145003576149994 0.000000 0.000000 0 0 0.000000
1652145004577003467 0.000000 0.000000 0 0 0.000000
1652145004577754650 2099.526018 1331.316832 1 0 0.000000
1652145006577675250 0.000000 0.000000 0 0 0.000000
1652145006672375781 1738.188310 10.559610 1 0 0.000000
1652145008578145323 0.000000 0.000000 0 0 0.000000
1652145008695724123 2003.062381 8.504937 1 0 0.000000
1652145010578976828 0.000000 0.000000 0 0 0.000000
1652145010584523386 1569.490755 180.293651 1 0 0.000000
1652145012239967942 1629.190629 0.604067 1 0 0.000000
1652145013580312883 0.000000 0.000000 0 0 0.000000
1652145013895492721 1648.277740 3.172792 1 0 0.000000
1652145015581374828 0.000000 0.000000 0 0 0.000000
1652145016219256196 2183.718196 1.567690 1 0 0.000000
1652145017583069600 0.000000 0.000000 0 0 0.000000
1652145018392919143 1933.230083 1.234797 1 0 0.000000
1652145019583916070 0.000000 0.000000 0 0 0.000000
1652145020195279541 1781.111376 1.635688 1 0 0.000000
1652145021585183206 0.000000 0.000000 0 0 0.000000
1652145022585297889 0.000000 0.000000 0 0 0.000000
1652145022753856770 2404.177574 5.932647 1 0 0.000000
1652145024587069907 0.000000 0.000000 0 0 0.000000
1652145025013905705 2257.802333 2.342822 1 0 0.000000
1652145026588797301 0.000000 0.000000 0 0 0.000000
1652145027133438124 2081.283412 1.836073 1 0 0.000000
1652145028590576479 0.000000 0.000000 0 0 0.000000
1652145028983345046 1806.647483 2.546029 1 0 0.000000
1652145030591252940 0.000000 0.000000 0 0 0.000000
1652145031344531361 2298.013047 1.327530 1 0 0.000000
1652145032591366266 0.000000 0.000000 0 0 0.000000
1652145033212006980 1840.209892 1.611238 1 0 0.000000
1652145034592858585 0.000000 0.000000 0 0 0.000000
1652145035593228404 0.000000 0.000000 0 0 0.000000
1652145036594270031 0.000000 0.000000 0 0 0.000000
1652145037594371471 0.000000 0.000000 0 0 0.000000
1652145038134980253 4914.792617 1.849767 1 0 0.000000
1652145039595663339 0.000000 0.000000 0 0 0.000000
1652145040107574652 1967.343790 1.953464 1 0 0.000000
1652145041596851331 0.000000 0.000000 0 0 0.000000
1652145041847171908 1721.961090 3.994878 1 0 0.000000
1652145043598280766 0.000000 0.000000 0 0 0.000000
1652145044029585570 2062.185766 2.318546 1 0 0.000000
1652145045600135889 0.000000 0.000000 0 0 0.000000
1652145045642250916 1531.488149 23.744507 1 0 0.000000
1652145047256536807 1542.010072 0.619469 1 0 0.000000
1652145048600831628 0.000000 0.000000 0 0 0.000000
1652145049595273900 2156.454783 1.005589 1 0 0.000000
1652145050601594821 0.000000 0.000000 0 0 0.000000
1652145051410740478 1779.960564 1.235872 1 0 0.000000
1652145052602225322 0.000000 0.000000 0 0 0.000000
1652145053602321695 0.000000 0.000000 0 0 0.000000
1652145053816630090 2346.048583 4.666174 1 0 0.000000
1652145055602919429 0.000000 0.000000 0 0 0.000000
1652145055947917814 2094.028269 2.898565 1 0 0.000000
1652145057603549444 0.000000 0.000000 0 0 0.000000
1652145057913320541 1828.202802 3.228191 1 0 0.000000
1652145059604999129 0.000000 0.000000 0 0 0.000000
1652145059906218330 1966.705236 3.319842 1 0 0.000000
1652145061605868476 0.000000 0.000000 0 0 0.000000
1652145061809337894 1857.857055 4.914744 1 0 0.000000
1652145063606341916 0.000000 0.000000 0 0 0.000000
1652145063633090688 1714.154494 37.384986 1 0 0.000000
1652145065607686977 0.000000 0.000000 0 0 0.000000
1652145065725701587 1998.298316 8.473531 1 0 0.000000
1652145067609261735 0.000000 0.000000 0 0 0.000000
1652145067954775659 2181.829634 2.894240 1 0 0.000000
1652145069609984386 0.000000 0.000000 0 0 0.000000
1652145070611106311 0.000000 0.000000 0 0 0.000000
1652145070853451192 2887.462051 4.126352 1 0 0.000000
1652145072612485784 0.000000 0.000000 0 0 0.000000
1652145072774986437 1918.286292 6.153823 1 0 0.000000
1652145074613634185 0.000000 0.000000 0 0 0.000000
1652145074869314883 2072.078876 3.911129 1 0 0.000000
1652145076615476179 0.000000 0.000000 0 0 0.000000
1652145077097445339 2061.768215 2.074822 1 0 0.000000
1652145078616942471 0.000000 0.000000 0 0 0.000000
1652145079443358880 2273.638219 1.210044 1 0 0.000000
1652145080618260291 0.000000 0.000000 0 0 0.000000
1652145081618699947 0.000000 0.000000 0 0 0.000000
1652145081871106916 2012.028517 3.961857 1 0 0.000000
1652145083620543193 0.000000 0.000000 0 0 0.000000
1652145083871182489 1831.033231 3.989799 1 0 0.000000
1652145085532674920 1649.242212 0.601869 1 0 0.000000
1652145086622721174 0.000000 0.000000 0 0 0.000000
1652145087169569080 1598.626561 1.828662 1 0 0.000000
1652145088624150763 0.000000 0.000000 0 0 0.000000
1652145089403987847 2190.233189 1.282319 1 0 0.000000
1652145090625362899 0.000000 0.000000 0 0 0.000000
1652145091625462645 0.000000 0.000000 0 0 0.000000
1652145091742366432 2101.840298 8.554046 1 0 0.000000
1652145093595866421 1644.700278 0.539520 1 0 0.000000
1652145094627028169 0.000000 0.000000 0 0 0.000000
1652145095627128223 0.000000 0.000000 0 0 0.000000
1652145095833143885 2136.886414 4.854001 1 0 0.000000
1652145097581653878 1746.361665 0.571916 1 0 0.000000
1652145098629032961 0.000000 0.000000 0 0 0.000000
1652145099541993306 1854.886627 1.095338 1 0 0.000000
1652145100629310553 0.000000 0.000000 0 0 0.000000
1652145101629412089 0.000000 0.000000 0 0 0.000000
1652145101719220373 2018.751529 11.134836 1 0 0.000000
1652145103309342456 1583.907196 0.628883 1 0 0.000000
1652145104631862442 0.000000 0.000000 0 0 0.000000
1652145105049946621 1708.405996 2.391863 1 0 0.000000
1652145106632885000 0.000000 0.000000 0 0 0.000000
1652145106826810990 1669.553717 5.156609 1 0 0.000000
1652145108633933984 0.000000 0.000000 0 0 0.000000
1652145108997878233 1977.674266 2.747674 1 0 0.000000
1652145110634593725 0.000000 0.000000 0 0 0.000000
1652145110939512473 1889.418873 3.279563 1 0 0.000000
1652145112367458392 1364.682901 0.700307 1 0 0.000000
1652145113635994874 0.000000 0.000000 0 0 0.000000
1652145114605335406 1983.421512 1.031629 1 0 0.000000
1652145115636727123 0.000000 0.000000 0 0 0.000000
1652145116256431806 1494.456714 1.613672 1 0 0.000000
1652145117637561882 0.000000 0.000000 0 0 0.000000
1652145118120371277 1776.633803 2.071211 1 0 0.000000
1652145119639073938 0.000000 0.000000 0 0 0.000000
1652145120098095524 1856.670657 2.178547 1 0 0.000000
1652145121640279518 0.000000 0.000000 0 0 0.000000
1652145122170101071 1909.630909 1.887428 1 0 0.000000
1652145123641971320 0.000000 0.000000 0 0 0.000000
1652145124359600310 2082.190761 1.393478 1 0 0.000000
1652145125643893192 0.000000 0.000000 0 0 0.000000
1652145126599879134 2165.617819 1.046041 1 0 0.000000
1652145127644578061 0.000000 0.000000 0 0 0.000000
1652145128645472798 0.000000 0.000000 0 0 0.000000
1652145129013338037 2098.645599 2.718387 1 0 0.000000
1652145130647054681 0.000000 0.000000 0 0 0.000000
1652145131239608198 2141.719229 1.687611 1 0 0.000000
1652145132648274692 0.000000 0.000000 0 0 0.000000
1652145133265984121 1723.846139 1.618884 1 0 0.000000
1652145134649991761 0.000000 0.000000 0 0 0.000000
1652145135497951175 2139.655679 1.179302 1 0 0.000000
1652145136651608998 0.000000 0.000000 0 0 0.000000
1652145137567738252 2011.521328 1.091549 1 0 0.000000
1652145138653445316 0.000000 0.000000 0 0 0.000000
1652145139654015566 0.000000 0.000000 0 0 0.000000
1652145139778745516 2142.678405 8.017324 1 0 0.000000
1652145141654498341 0.000000 0.000000 0 0 0.000000
1652145141738656674 1935.766345 11.882372 1 0 0.000000
1652145143655727521 0.000000 0.000000 0 0 0.000000
1652145143973563782 2167.714127 3.146275 1 0 0.000000
1652145145658012156 0.000000 0.000000 0 0 0.000000
1652145146502172408 1989.808255 1.184609 1 0 0.000000
1652145147659248176 0.000000 0.000000 0 0 0.000000
1652145148607188513 2058.760138 1.054919 1 0 0.000000
1652145149661453200 0.000000 0.000000 0 0 0.000000
1652145150662479248 0.000000 0.000000 0 0 0.000000
1652145150683693530 2008.051341 47.138166 1 0 0.000000
1652145152664272282 0.000000 0.000000 0 0 0.000000
1652145153043391082 2326.484961 2.637696 1 0 0.000000
1652145154665297123 0.000000 0.000000 0 0 0.000000
1652145154931127370 1826.468217 3.761800 1 0 0.000000
1652145156666059836 0.000000 0.000000 0 0 0.000000
1652145157266528403 2183.022198 1.665366 1 0 0.000000
1652145158666654169 0.000000 0.000000 0 0 0.000000
1652145158930365758 1653.589684 3.792022 1 0 0.000000
1652145160667263114 0.000000 0.000000 0 0 0.000000
1652145161250455074 2281.843988 1.714701 1 0 0.000000
1652145162668841614 0.000000 0.000000 0 0 0.000000
1652145163300874306 2007.257060 1.582197 1 0 0.000000
1652145164670610798 0.000000 0.000000 0 0 0.000000
1652145165507438433 2161.326886 1.194989 1 0 0.000000
1652145166671685069 0.000000 0.000000 0 0 0.000000
1652145167672796747 0.000000 0.000000 0 0 0.000000
1652145167713054257 1980.562657 24.840117 1 0 0.000000
1652145169674167256 0.000000 0.000000 0 0 0.000000
1652145170032287332 2208.925926 2.792360 1 0 0.000000
1652145171674391383 0.000000 0.000000 0 0 0.000000
1652145172512736718 2415.162799 1.192826 1 0 0.000000
1652145173674785646 0.000000 0.000000 0 0 0.000000
1652145174675771380 0.000000 0.000000 0 0 0.000000
1652145174684401381 2165.391354 115.875513 1 0 0.000000
1652145176677066935 0.000000 0.000000 0 0 0.000000
1652145176994403902 2094.577750 3.151225 1 0 0.000000
1652145178677941159 0.000000 0.000000 0 0 0.000000
1652145179378243075 2157.518258 1.427956 1 0 0.000000
1652145180679264002 0.000000 0.000000 0 0 0.000000
1652145181264581577 1724.678442 1.708474 1 0 0.000000
1652145182680228437 0.000000 0.000000 0 0 0.000000
1652145183680333704 0.000000 0.000000 0 0 0.000000
1652145183788593820 2371.540936 9.237016 1 0 0.000000
1652145185680906998 0.000000 0.000000 0 0 0.000000
1652145185979526482 2161.684718 3.348744 1 0 0.000000
1652145187681271225 0.000000 0.000000 0 0 0.000000
1652145188151373905 2165.649040 2.127195 1 0 0.000000
1652145189682266996 0.000000 0.000000 0 0 0.000000
1652145190508253118 2331.631726 1.210674 1 0 0.000000
1652145191682606687 0.000000 0.000000 0 0 0.000000
1652145192683410435 0.000000 0.000000 0 0 0.000000
1652145192778640289 2086.903068 10.500914 1 0 0.000000
1652145194684730645 0.000000 0.000000 0 0 0.000000
1652145195321008096 2350.065217 1.571642 1 0 0.000000
1652145196685328043 0.000000 0.000000 0 0 0.000000
1652145197122497809 1774.343080 2.287441 1 0 0.000000
1652145198687143294 0.000000 0.000000 0 0 0.000000
1652145199043035675 1887.003120 2.809839 1 0 0.000000
1652145200688295147 0.000000 0.000000 0 0 0.000000
1652145201221399881 2167.218821 1.875804 1 0 0.000000
1652145202690383660 0.000000 0.000000 0 0 0.000000
1652145203265258527 2007.145427 1.739509 1 0 0.000000
1652145204692323326 0.000000 0.000000 0 0 0.000000
1652145205646183331 2313.621630 1.048372 1 0 0.000000
1652145206693387640 0.000000 0.000000 0 0 0.000000
1652145207694370204 0.000000 0.000000 0 0 0.000000
1652145207709394239 2038.963360 66.560312 1 0 0.000000
1652145209695202454 0.000000 0.000000 0 0 0.000000
1652145209938120219 2207.452688 4.116620 1 0 0.000000
1652145211688964840 1679.577871 0.571153 1 0 0.000000
1652145212696470217 0.000000 0.000000 0 0 0.000000
1652145213696753809 0.000000 0.000000 0 0 0.000000
1652145213762291150 2041.837460 15.258488 1 0 0.000000
1652145215505023275 1700.552496 0.573812 1 0 0.000000
1652145216699546840 0.000000 0.000000 0 0 0.000000
1652145217699841354 0.000000 0.000000 0 0 0.000000
1652145218158284215 2538.945865 2.181297 1 0 0.000000
1652145219701245533 0.000000 0.000000 0 0 0.000000
1652145220283228206 1998.617030 1.718264 1 0 0.000000
1652145221701758232 0.000000 0.000000 0 0 0.000000
1652145222157766919 1870.335090 2.192941 1 0 0.000000
1652145223702758812 0.000000 0.000000 0 0 0.000000
1652145223918340096 1737.299225 4.638623 1 0 0.000000
1652145225704027086 0.000000 0.000000 0 0 0.000000
1652145225881824060 1779.245729 5.624394 1 0 0.000000
1652145227705134264 0.000000 0.000000 0 0 0.000000
1652145228130157183 2163.070770 2.352815 1 0 0.000000
1652145229706702855 0.000000 0.000000 0 0 0.000000
1652145230523431175 2289.739720 1.224397 1 0 0.000000
1652145231708279502 0.000000 0.000000 0 0 0.000000
1652145232709355720 0.000000 0.000000 0 0 0.000000
1652145232964847249 2282.058689 3.914025 1 0 0.000000
1652145234710242874 0.000000 0.000000 0 0 0.000000
1652145235203725256 2000.538868 2.026415 1 0 0.000000
1652145236711364268 0.000000 0.000000 0 0 0.000000
1652145237143241917 1841.326697 2.315471 1 0 0.000000
1652145238711931621 0.000000 0.000000 0 0 0.000000
1652145239418214724 2272.724481 1.415863 1 0 0.000000
1652145240712715336 0.000000 0.000000 0 0 0.000000
1652145241478020555 1786.025285 1.306668 1 0 0.000000
1652145242714163793 0.000000 0.000000 0 0 0.000000
1652145243302226487 1673.864153 1.700499 1 0 0.000000
1652145244715256745 0.000000 0.000000 0 0 0.000000
1652145245213972518 1805.233650 2.005150 1 0 0.000000
1652145246717241526 0.000000 0.000000 0 0 0.000000
1652145247717533073 0.000000 0.000000 0 0 0.000000
1652145247759865142 2524.645363 23.622781 1 0 0.000000
1652145249718782520 0.000000 0.000000 0 0 0.000000
1652145249770237766 1956.116024 19.434383 1 0 0.000000
1652145251585034642 1770.532016 0.551026 1 0 0.000000
1652145252721315813 0.000000 0.000000 0 0 0.000000
1652145253518810916 1807.458601 1.253926 1 0 0.000000
1652145254721680005 0.000000 0.000000 0 0 0.000000
1652145255447359852 1917.301376 1.378018 1 0 0.000000
1652145256723135196 0.000000 0.000000 0 0 0.000000
1652145257723241505 0.000000 0.000000 0 0 0.000000
1652145257974115138 2450.551825 3.986071 1 0 0.000000
1652145259723810110 0.000000 0.000000 0 0 0.000000
1652145260028080018 2052.820485 3.286556 1 0 0.000000
1652145261725478029 0.000000 0.000000 0 0 0.000000
1652145262375073003 1942.384399 1.539421 1 0 0.000000
1652145263726733217 0.000000 0.000000 0 0 0.000000
1652145264248419383 1853.227982 1.916861 1 0 0.000000
1652145265728056368 0.000000 0.000000 0 0 0.000000
1652145266004918098 1752.229550 3.611912 1 0 0.000000
1652145267728437329 0.000000 0.000000 0 0 0.000000
1652145267963212932 1848.969129 4.259387 1 0 0.000000
1652145269729234254 0.000000 0.000000 0 0 0.000000
1652145270067150763 2080.684733 2.959311 1 0 0.000000
1652145271729999982 0.000000 0.000000 0 0 0.000000
1652145272009480637 1606.827240 3.578066 1 0 0.000000
1652145273625504321 1408.711618 0.618803 1 0 0.000000
1652145274731271957 0.000000 0.000000 0 0 0.000000
1652145275685324047 1993.658976 1.048161 1 0 0.000000
1652145276732060451 0.000000 0.000000 0 0 0.000000
1652145277544518537 1739.270681 1.230833 1 0 0.000000
1652145278732921024 0.000000 0.000000 0 0 0.000000
1652145279666587626 2109.814033 1.071046 1 0 0.000000
1652145280734066685 0.000000 0.000000 0 0 0.000000
1652145281471915251 1575.462015 1.355292 1 0 0.000000
1652145282735060062 0.000000 0.000000 0 0 0.000000
1652145283637085830 2061.869589 1.108616 1 0 0.000000
1652145284736536150 0.000000 0.000000 0 0 0.000000
1652145285222117746 1488.707189 2.059386 1 0 0.000000
1652145286737858632 0.000000 0.000000 0 0 0.000000
1652145287263075729 2009.774785 1.903975 1 0 0.000000
1652145288738031456 0.000000 0.000000 0 0 0.000000
1652145289293855533 2003.624459 1.799131 1 0 0.000000
1652145290739483086 0.000000 0.000000 0 0 0.000000
1652145291501074726 2191.947246 1.313040 1 0 0.000000
1652145292740466768 0.000000 0.000000 0 0 0.000000
1652145293682219237 2151.878765 1.061850 1 0 0.000000
1652145294740943245 0.000000 0.000000 0 0 0.000000
1652145295381716301 1692.343598 1.560615 1 0 0.000000
1652145296742627158 0.000000 0.000000 0 0 0.000000
1652145297422217139 2036.251679 1.471476 1 0 0.000000
1652145298744155757 0.000000 0.000000 0 0 0.000000
1652145299645640846 2036.037791 1.109281 1 0 0.000000
1652145300745315033 0.000000 0.000000 0 0 0.000000
1652145301348676946 1687.787274 1.657380 1 0 0.000000
1652145302746478657 0.000000 0.000000 0 0 0.000000
1652145303139604541 1787.684623 2.543715 1 0 0.000000
1652145304747331153 0.000000 0.000000 0 0 0.000000
1652145304916365345 1712.501244 5.915965 1 0 0.000000
1652145306748336350 0.000000 0.000000 0 0 0.000000
1652145306851868457 1761.231011 9.658844 1 0 0.000000
1652145308750199858 0.000000 0.000000 0 0 0.000000
1652145309040803940 2169.649634 3.441108 1 0 0.000000
1652145310751444186 0.000000 0.000000 0 0 0.000000
1652145311198543030 1943.105573 2.236642 1 0 0.000000
1652145312751872772 0.000000 0.000000 0 0 0.000000
1652145313202329195 1907.449155 2.219971 1 0 0.000000
1652145314753424564 0.000000 0.000000 0 0 0.000000
1652145314872532813 1566.898875 8.395727 1 0 0.000000
1652145316754846273 0.000000 0.000000 0 0 0.000000
1652145317030768115 2082.964131 3.624215 1 0 0.000000
1652145318651623934 1594.649709 0.616958 1 0 0.000000
1652145319756903888 0.000000 0.000000 0 0 0.000000
1652145320564681872 1881.880844 1.237964 1 0 0.000000
1652145321758311345 0.000000 0.000000 0 0 0.000000
1652145322443013800 1876.085537 1.460489 1 0 0.000000
1652145323759121912 0.000000 0.000000 0 0 0.000000
1652145324218170033 1608.897439 2.178421 1 0 0.000000
1652145325760632962 0.000000 0.000000 0 0 0.000000
1652145326002810463 1731.457952 4.129204 1 0 0.000000
1652145327762310035 0.000000 0.000000 0 0 0.000000
1652145327941450974 1879.384666 5.582198 1 0 0.000000
1652145329764311037 0.000000 0.000000 0 0 0.000000
1652145329926107305 1828.298083 6.180614 1 0 0.000000
1652145331765657428 0.000000 0.000000 0 0 0.000000
1652145332258469424 2329.118239 2.029172 1 0 0.000000
1652145333767887676 0.000000 0.000000 0 0 0.000000
1652145334128510988 1798.342068 2.772977 1 0 0.000000
1652145335768840656 0.000000 0.000000 0 0 0.000000
1652145336251432686 1955.139335 2.072144 1 0 0.000000
1652145337769836894 0.000000 0.000000 0 0 0.000000
1652145338304295037 1966.546282 1.871054 1 0 0.000000
1652145339771409395 0.000000 0.000000 0 0 0.000000
1652145339922046258 1474.507400 6.638484 1 0 0.000000
1652145341772166966 0.000000 0.000000 0 0 0.000000
1652145342132720918 2125.391435 2.773510 1 0 0.000000
1652145343773672853 0.000000 0.000000 0 0 0.000000
1652145344022986213 1615.545566 4.011018 1 0 0.000000
1652145345774385431 0.000000 0.000000 0 0 0.000000
1652145345881140905 1821.911445 9.367210 1 0 0.000000
1652145347775695470 0.000000 0.000000 0 0 0.000000
1652145347995177353 1728.448860 4.556186 1 0 0.000000
1652145349730275499 1661.305520 0.576336 1 0 0.000000
1652145350777490507 0.000000 0.000000 0 0 0.000000
1652145351725008186 1811.118664 1.055389 1 0 0.000000
1652145352779353394 0.000000 0.000000 0 0 0.000000
1652145353774911322 1862.402158 1.004462 1 0 0.000000
1652145354780976858 0.000000 0.000000 0 0 0.000000
1652145355683477430 1846.128935 1.108033 1 0 0.000000
1652145356782501419 0.000000 0.000000 0 0 0.000000
1652145357622268458 1917.632832 1.190807 1 0 0.000000
1652145358784002580 0.000000 0.000000 0 0 0.000000
1652145359269570213 1606.657350 2.059446 1 0 0.000000
1652145360784468076 0.000000 0.000000 0 0 0.000000
1652145360995304484 1701.526408 4.743007 1 0 0.000000
1652145362368286330 1343.712736 0.728342 1 0 0.000000
1652145363786644232 0.000000 0.000000 0 0 0.000000
1652145364075797969 1635.223254 3.458368 1 0 0.000000
1652145365771761129 1623.838098 0.589635 1 0 0.000000
1652145366787067393 0.000000 0.000000 0 0 0.000000
1652145367207041730 1415.987428 2.381098 1 0 0.000000
1652145368787627884 0.000000 0.000000 0 0 0.000000
1652145369482052308 1968.522727 1.440042 1 0 0.000000
1652145370778016759 1208.315153 0.771626 1 0 0.000000
1652145371789624767 0.000000 0.000000 0 0 0.000000
1652145372789725652 0.000000 0.000000 0 0 0.000000
1652145373012990133 2062.440763 4.478994 1 0 0.000000
1652145374790582959 0.000000 0.000000 0 0 0.000000
1652145374858848768 1782.700808 14.648632 1 0 0.000000
1652145376597090531 1706.051783 0.575294 1 0 0.000000
1652145377791909611 0.000000 0.000000 0 0 0.000000
1652145378555359696 1926.016267 1.309843 1 0 0.000000
1652145379793124682 0.000000 0.000000 0 0 0.000000
1652145380079470099 1451.950940 3.492286 1 0 0.000000
1652145381793898192 0.000000 0.000000 0 0 0.000000
1652145382057641078 1762.753054 3.791572 1 0 0.000000
1652145383795929389 0.000000 0.000000 0 0 0.000000
1652145383842476059 1627.475848 21.483835 1 0 0.000000
1652145385418055350 1490.612636 0.634687 1 0 0.000000
1652145386798048762 0.000000 0.000000 0 0 0.000000
1652145387386291670 1825.896898 1.699978 1 0 0.000000
1652145388798285233 0.000000 0.000000 0 0 0.000000
1652145389307684477 1845.203021 1.963097 1 0 0.000000
1652145390799514466 0.000000 0.000000 0 0 0.000000
1652145390962913620 1654.059005 6.119985 1 0 0.000000
1652145392711470036 1744.347919 0.571900 1 0 0.000000
1652145393800540294 0.000000 0.000000 0 0 0.000000
1652145394399158968 1686.563080 1.670513 1 0 0.000000
1652145395801805718 0.000000 0.000000 0 0 0.000000
1652145396684996056 2245.588569 1.132259 1 0 0.000000
1652145397803047683 0.000000 0.000000 0 0 0.000000
1652145398506254683 1799.000147 1.422057 1 0 0.000000
1652145399804581982 0.000000 0.000000 0 0 0.000000
1652145400212609726 1650.249280 2.450814 1 0 0.000000
1652145401806439614 0.000000 0.000000 0 0 0.000000
1652145401817305508 1592.519763 92.031516 1 0 0.000000
1652145403323239469 1481.726780 0.664040 1 0 0.000000
1652145404807691283 0.000000 0.000000 0 0 0.000000
1652145405345625225 1977.134193 1.858965 1 0 0.000000
1652145406616125758 1208.460084 0.787091 1 0 0.000000
1652145407809772105 0.000000 0.000000 0 0 0.000000
1652145408464435177 1688.920812 1.527503 1 0 0.000000
1652145409810760002 0.000000 0.000000 0 0 0.000000
1652145410487527414 1835.698366 1.477613 1 0 0.000000
1652145411811961635 0.000000 0.000000 0 0 0.000000
1652145411975094423 1354.078930 6.129978 1 0 0.000000
1652145413813175802 0.000000 0.000000 0 0 0.000000
1652145414121399237 1998.961871 3.244400 1 0 0.000000
1652145415590508038 1460.861052 0.680685 1 0 0.000000
1652145416814599883 0.000000 0.000000 0 0 0.000000
1652145417710148554 1944.966291 1.116634 1 0 0.000000
1652145418814719782 0.000000 0.000000 0 0 0.000000
1652145419741944331 2000.607196 1.078487 1 0 0.000000
1652145420816084299 0.000000 0.000000 0 0 0.000000
1652145421056494411 1287.281771 4.159560 1 0 0.000000
1652145422827549539 0.000000 0.000000 0 0 0.000000
1652145423046596084 1980.831669 4.565241 1 0 0.000000
1652145424473142171 1408.301510 0.700994 1 0 0.000000
1652145425830178423 0.000000 0.000000 0 0 0.000000
1652145426378302954 1751.673324 1.824403 1 0 0.000000
1652145427832189651 0.000000 0.000000 0 0 0.000000
1652145428436959724 1699.196658 1.653521 1 0 0.000000
1652145429833273404 0.000000 0.000000 0 0 0.000000
1652145429962300082 1408.017881 7.750338 1 0 0.000000
1652145431834288738 0.000000 0.000000 0 0 0.000000
1652145432076527459 2100.979654 4.128160 1 0 0.000000
1652145433835794185 0.000000 0.000000 0 0 0.000000
1652145433856483554 1723.685666 48.334109 1 0 0.000000
1652145435748954549 1558.929493 0.528410 1 0 0.000000
1652145436837084300 0.000000 0.000000 0 0 0.000000
1652145437449295067 1671.801817 1.633425 1 0 0.000000
1652145438838306755 0.000000 0.000000 0 0 0.000000
1652145439093143031 1606.600156 3.924089 1 0 0.000000
1652145440839730512 0.000000 0.000000 0 0 0.000000
1652145440971206988 1868.855333 7.605926 1 0 0.000000
1652145442753766082 1659.939826 0.560991 1 0 0.000000
1652145443841307019 0.000000 0.000000 0 0 0.000000
1652145444584097683 1717.777680 1.346274 1 0 0.000000
1652145445842491651 0.000000 0.000000 0 0 0.000000
1652145446336262737 1730.913552 2.025230 1 0 0.000000
1652145447798169325 1443.655215 0.684038 1 0 0.000000
1652145448844609916 0.000000 0.000000 0 0 0.000000
1652145449532865774 1670.328130 1.452948 1 0 0.000000
1652145450845062898 0.000000 0.000000 0 0 0.000000
1652145451326743575 1658.313757 2.076064 1 0 0.000000
1652145452846138465 0.000000 0.000000 0 0 0.000000
1652145453175619071 1745.455780 3.035080 1 0 0.000000
1652145454847545478 0.000000 0.000000 0 0 0.000000
1652145455115459358 1906.593707 3.732543 1 0 0.000000
1652145456848622943 0.000000 0.000000 0 0 0.000000
1652145456941101347 1422.037479 10.813341 1 0 0.000000
1652145458748668139 1711.274200 0.553230 1 0 0.000000
1652145459850740176 0.000000 0.000000 0 0 0.000000
1652145460084314132 1208.150797 4.281300 1 0 0.000000
1652145461851752851 0.000000 0.000000 0 0 0.000000
1652145461909562466 1803.000165 17.298175 1 0 0.000000
1652145463597903865 1639.817821 0.592297 1 0 0.000000
1652145464853827686 0.000000 0.000000 0 0 0.000000
1652145465558002995 1791.728625 1.420101 1 0 0.000000
1652145466855792308 0.000000 0.000000 0 0 0.000000
1652145467395231811 1752.921356 1.853776 1 0 0.000000
1652145468857172206 0.000000 0.000000 0 0 0.000000
1652145469019219217 1510.300659 6.171051 1 0 0.000000
1652145470857780859 0.000000 0.000000 0 0 0.000000
1652145470907837858 1745.252935 19.977247 1 0 0.000000
1652145472776709826 1806.607674 0.535082 1 0 0.000000
1652145473859681586 0.000000 0.000000 0 0 0.000000
1652145474467549402 1400.230674 1.645095 1 0 0.000000
1652145475860858486 0.000000 0.000000 0 0 0.000000
1652145476591187654 2057.382158 1.369246 1 0 0.000000
1652145477862150482 0.000000 0.000000 0 0 0.000000
1652145478430567029 1643.959157 1.759273 1 0 0.000000
1652145479863941203 0.000000 0.000000 0 0 0.000000
1652145480405254188 1926.867492 1.847360 1 0 0.000000
1652145481864588229 0.000000 0.000000 0 0 0.000000
1652145482425247089 1914.688799 1.783616 1 0 0.000000
1652145483865550877 0.000000 0.000000 0 0 0.000000
1652145484320868492 1632.838258 2.196269 1 0 0.000000
1652145485866368609 0.000000 0.000000 0 0 0.000000
1652145486249351021 1832.574002 2.611086 1 0 0.000000
1652145487788975651 1466.424119 0.649509 1 0 0.000000
1652145488868675017 0.000000 0.000000 0 0 0.000000
1652145489868729174 0.000000 0.000000 0 0 0.000000
1652145489946618867 1968.100740 12.838677 1 0 0.000000
1652145491615482020 1619.608693 0.599210 1 0 0.000000
1652145492870741082 0.000000 0.000000 0 0 0.000000
1652145493090778940 1464.140571 4.544674 1 0 0.000000
1652145494749256305 1475.698140 0.602963 1 0 0.000000
1652145495872655270 0.000000 0.000000 0 0 0.000000
1652145496437368841 1662.859805 1.770809 1 0 0.000000
1652145497874139523 0.000000 0.000000 0 0 0.000000
1652145498466851475 2003.381213 1.687160 1 0 0.000000
1652145499875729991 0.000000 0.000000 0 0 0.000000
1652145500362806249 1874.694133 2.053067 1 0 0.000000
1652145501876401256 0.000000 0.000000 0 0 0.000000
1652145502189389864 1678.218173 3.195005 1 0 0.000000
