1652144541711801770 0.000000 0.000000 0 0 0.000000
1652144542712376507 0.000000 0.000000 0 0 0.000000
1652144543247465198 2536.428032 1.868849 1 0 0.000000
1652144544713338020 0.000000 0.000000 0 0 0.000000
1652144545574836038 2246.085153 1.160769 1 0 0.000000
1652144546714941267 0.000000 0.000000 0 0 0.000000
1652144547715069852 0.000000 0.000000 0 0 0.000000
1652144548563312981 2517.387628 1.178907 1 0 0.000000
1652144549716529980 0.000000 0.000000 0 0 0.000000
1652144550717051171 0.000000 0.000000 0 0 0.000000
1652144551087377891 2517.800290 2.700319 1 0 0.000000
1652144552718467284 0.000000 0.000000 0 0 0.000000
1652144552888413614 1660.110348 5.884213 1 0 0.000000
1652144554719365229 0.000000 0.000000 0 0 0.000000
1652144555325602643 1932.592687 1.649519 1 0 0.000000
1652144556720467148 0.000000 0.000000 0 0 0.000000
1652144557162570224 1826.710858 2.261916 1 0 0.000000
1652144558722151843 0.000000 0.000000 0 0 0.000000
1652144559288576533 2048.341491 1.765460 1 0 0.000000
1652144560723076897 0.000000 0.000000 0 0 0.000000
1652144561397686137 2041.824665 1.482340 1 0 0.000000
1652144562724117292 0.000000 0.000000 0 0 0.000000
1652144563341673968 1663.119510 1.619285 1 0 0.000000
1652144564724851935 0.000000 0.000000 0 0 0.000000
1652144565207173687 1831.242328 2.073305 1 0 0.000000
1652144566726799744 0.000000 0.000000 0 0 0.000000
1652144567727674049 0.000000 0.000000 0 0 0.000000
1652144568727784592 0.000000 0.000000 0 0 0.000000
1652144569517224607 4293.326830 1.266721 1 0 0.000000
1652144570728829045 0.000000 0.000000 0 0 0.000000
1652144571728876089 0.000000 0.000000 0 0 0.000000
1652144571783004578 2154.464593 18.474566 1 0 0.000000
1652144573430944458 1377.460370 0.606818 1 0 0.000000
1652144574730260539 0.000000 0.000000 0 0 0.000000
1652144575730767569 0.000000 0.000000 0 0 0.000000
1652144575815550168 1960.889972 11.794880 1 0 0.000000
1652144577732052674 0.000000 0.000000 0 0 0.000000
1652144577739337415 1875.616512 137.273523 1 0 0.000000
1652144579732412989 0.000000 0.000000 0 0 0.000000
1652144580732731311 0.000000 0.000000 0 0 0.000000
1652144581733441187 0.000000 0.000000 0 0 0.000000
1652144582734165889 0.000000 0.000000 0 0 0.000000
1652144583615506174 5871.984524 1.134636 1 0 0.000000
1652144584735040894 0.000000 0.000000 0 0 0.000000
1652144585735354926 0.000000 0.000000 0 0 0.000000
1652144586049598242 2120.362997 3.182248 1 0 0.000000
1652144587736331358 0.000000 0.000000 0 0 0.000000
1652144588203286995 1929.348838 2.141531 1 0 0.000000
1652144589737403792 0.000000 0.000000 0 0 0.000000
1652144590199807716 1992.331597 2.162612 1 0 0.000000
1652144591737968733 0.000000 0.000000 0 0 0.000000
1652144592202666011 1879.208972 2.151939 1 0 0.000000
1652144593739731991 0.000000 0.000000 0 0 0.000000
1652144594589456229 2103.308392 1.176852 1 0 0.000000
1652144595740344372 0.000000 0.000000 0 0 0.000000
1652144596741457993 0.000000 0.000000 0 0 0.000000
1652144596889773486 2255.065721 6.742386 1 0 0.000000
1652144598742490162 0.000000 0.000000 0 0 0.000000
1652144598952891045 1910.773300 4.752833 1 0 0.000000
1652144600743676167 0.000000 0.000000 0 0 0.000000
1652144601060644604 2080.497524 3.154889 1 0 0.000000
1652144602744197239 0.000000 0.000000 0 0 0.000000
1652144602957450058 1884.540806 4.689271 1 0 0.000000
1652144604745453901 0.000000 0.000000 0 0 0.000000
1652144604894934101 1896.229511 6.689851 1 0 0.000000
1652144606746414197 0.000000 0.000000 0 0 0.000000
1652144607169383180 2253.308353 2.364240 1 0 0.000000
1652144608748320804 0.000000 0.000000 0 0 0.000000
1652144608941532486 1707.886543 5.175672 1 0 0.000000
1652144610749349558 0.000000 0.000000 0 0 0.000000
1652144611353333384 2369.633907 1.655674 1 0 0.000000
1652144612750982930 0.000000 0.000000 0 0 0.000000
1652144613600762569 2221.252280 1.176776 1 0 0.000000
1652144614751877967 0.000000 0.000000 0 0 0.000000
1652144615541780954 1902.768646 1.265978 1 0 0.000000
1652144616753118057 0.000000 0.000000 0 0 0.000000
1652144617535534016 1945.504075 1.278093 1 0 0.000000
1652144618753394732 0.000000 0.000000 0 0 0.000000
1652144619147784657 1570.025492 2.535562 1 0 0.000000
1652144620754378429 0.000000 0.000000 0 0 0.000000
1652144621120233203 1970.306020 2.733325 1 0 0.000000
1652144622755255312 0.000000 0.000000 0 0 0.000000
1652144622756600463 1605.116347 743.430859 1 0 0.000000
1652144624756363700 0.000000 0.000000 0 0 0.000000
1652144624877843283 2073.968487 8.231839 1 0 0.000000
1652144626728807823 1822.711896 0.540259 1 0 0.000000
1652144627759005623 0.000000 0.000000 0 0 0.000000
1652144628281659610 1546.577350 1.913312 1 0 0.000000
1652144629760790915 0.000000 0.000000 0 0 0.000000
1652144630023823466 1710.692227 3.801812 1 0 0.000000
1652144631762538361 0.000000 0.000000 0 0 0.000000
1652144632411014629 2322.159552 1.542077 1 0 0.000000
1652144633763997490 0.000000 0.000000 0 0 0.000000
1652144634400581825 1969.323370 1.570884 1 0 0.000000
1652144635765279056 0.000000 0.000000 0 0 0.000000
1652144636513115241 2013.280365 1.337191 1 0 0.000000
1652144637766658359 0.000000 0.000000 0 0 0.000000
1652144638317648806 1739.368285 1.814914 1 0 0.000000
1652144639767911224 0.000000 0.000000 0 0 0.000000
1652144640394232058 1985.277296 1.596626 1 0 0.000000
1652144641769490942 0.000000 0.000000 0 0 0.000000
1652144642577415649 2174.933193 1.237739 1 0 0.000000
1652144643770886157 0.000000 0.000000 0 0 0.000000
1652144644630982009 1989.383830 1.162661 1 0 0.000000
1652144645772104303 0.000000 0.000000 0 0 0.000000
1652144646772270120 0.000000 0.000000 0 0 0.000000
1652144647165021146 2469.779412 2.546143 1 0 0.000000
1652144648773241418 0.000000 0.000000 0 0 0.000000
1652144648994006695 1709.701532 4.529699 1 0 0.000000
1652144650773626923 0.000000 0.000000 0 0 0.000000
1652144651639674836 2325.249527 1.154671 1 0 0.000000
1652144652775108712 0.000000 0.000000 0 0 0.000000
1652144653775251513 0.000000 0.000000 0 0 0.000000
1652144653788199534 1996.922897 77.232178 1 0 0.000000
1652144655776839053 0.000000 0.000000 0 0 0.000000
1652144655976559603 2146.092030 5.006997 1 0 0.000000
1652144657777204922 0.000000 0.000000 0 0 0.000000
1652144658203993942 2151.159788 2.343079 1 0 0.000000
1652144659778982075 0.000000 0.000000 0 0 0.000000
1652144660204278456 1671.858426 2.351302 1 0 0.000000
1652144661780049290 0.000000 0.000000 0 0 0.000000
1652144662537886596 2244.527528 1.319545 1 0 0.000000
1652144663781286623 0.000000 0.000000 0 0 0.000000
1652144664541747286 1949.581339 1.314992 1 0 0.000000
1652144665782406743 0.000000 0.000000 0 0 0.000000
1652144666783483032 0.000000 0.000000 0 0 0.000000
1652144666817765116 2231.824138 29.169799 1 0 0.000000
1652144668784250700 0.000000 0.000000 0 0 0.000000
1652144668920021794 1959.016073 7.365341 1 0 0.000000
1652144670785814176 0.000000 0.000000 0 0 0.000000
1652144670970223823 2038.949467 5.422711 1 0 0.000000
1652144672786336425 0.000000 0.000000 0 0 0.000000
1652144673404159428 2371.106728 1.618587 1 0 0.000000
1652144674788051431 0.000000 0.000000 0 0 0.000000
1652144675647081092 2143.694559 1.164104 1 0 0.000000
1652144676789304769 0.000000 0.000000 0 0 0.000000
1652144677790331076 0.000000 0.000000 0 0 0.000000
1652144677847109233 2066.691024 17.612431 1 0 0.000000
1652144679791185386 0.000000 0.000000 0 0 0.000000
1652144679975154697 2123.833779 5.435691 1 0 0.000000
1652144681792667862 0.000000 0.000000 0 0 0.000000
1652144682123039130 1792.750383 3.026898 1 0 0.000000
1652144683793378539 0.000000 0.000000 0 0 0.000000
1652144684227731066 2098.449492 2.302278 1 0 0.000000
1652144685793955017 0.000000 0.000000 0 0 0.000000
1652144686336680738 2079.696274 1.842552 1 0 0.000000
1652144687794461612 0.000000 0.000000 0 0 0.000000
1652144688347521296 1918.545690 1.808123 1 0 0.000000
1652144689795405601 0.000000 0.000000 0 0 0.000000
1652144690308262911 1947.487208 1.949860 1 0 0.000000
1652144691797266590 0.000000 0.000000 0 0 0.000000
1652144692163368249 1689.713395 2.731482 1 0 0.000000
1652144693798647818 0.000000 0.000000 0 0 0.000000
1652144694239886289 1925.145951 2.266348 1 0 0.000000
1652144695799841981 0.000000 0.000000 0 0 0.000000
1652144696243192966 1973.102454 2.255550 1 0 0.000000
1652144697801275790 0.000000 0.000000 0 0 0.000000
1652144698149467954 1841.991456 2.871978 1 0 0.000000
1652144699802117035 0.000000 0.000000 0 0 0.000000
1652144700468854492 2312.138778 1.499841 1 0 0.000000
1652144701802902342 0.000000 0.000000 0 0 0.000000
1652144702211259654 1560.053815 2.448836 1 0 0.000000
1652144703803892527 0.000000 0.000000 0 0 0.000000
1652144704559226684 2277.861349 1.323917 1 0 0.000000
1652144705805809284 0.000000 0.000000 0 0 0.000000
1652144706594400601 1960.985026 1.268084 1 0 0.000000
1652144707807174997 0.000000 0.000000 0 0 0.000000
1652144708678211112 2003.476181 1.148058 1 0 0.000000
1652144709808439556 0.000000 0.000000 0 0 0.000000
1652144710809005041 0.000000 0.000000 0 0 0.000000
1652144710911828414 2162.347858 9.725419 1 0 0.000000
1652144712810190042 0.000000 0.000000 0 0 0.000000
1652144712835751783 1869.667422 39.121043 1 0 0.000000
1652144714566220918 1680.291762 0.577878 1 0 0.000000
1652144715811867954 0.000000 0.000000 0 0 0.000000
1652144716789499218 2221.028927 1.022881 1 0 0.000000
1652144717813000655 0.000000 0.000000 0 0 0.000000
1652144718553368491 1716.158020 1.350680 1 0 0.000000
1652144719814024788 0.000000 0.000000 0 0 0.000000
1652144720602642442 1851.181469 1.268042 1 0 0.000000
1652144721814682488 0.000000 0.000000 0 0 0.000000
1652144722437975182 1816.085906 1.604383 1 0 0.000000
1652144723815985732 0.000000 0.000000 0 0 0.000000
1652144724816205945 0.000000 0.000000 0 0 0.000000
1652144724923052059 2444.826150 9.359259 1 0 0.000000
1652144726817158858 0.000000 0.000000 0 0 0.000000
1652144726884795867 1915.499377 14.784816 1 0 0.000000
1652144728818668133 0.000000 0.000000 0 0 0.000000
1652144728874824526 1940.849868 17.807426 1 0 0.000000
1652144730819624552 0.000000 0.000000 0 0 0.000000
1652144731130426565 2177.324613 3.217483 1 0 0.000000
1652144732820828400 0.000000 0.000000 0 0 0.000000
1652144732943342367 1780.665285 8.162338 1 0 0.000000
1652144734822480532 0.000000 0.000000 0 0 0.000000
1652144734948747741 1912.074453 7.919715 1 0 0.000000
1652144736823250976 0.000000 0.000000 0 0 0.000000
1652144736838501344 1885.576015 65.572403 1 0 0.000000
1652144738598915143 1668.207473 0.568048 1 0 0.000000
1652144739825956080 0.000000 0.000000 0 0 0.000000
1652144740797293233 2158.139494 1.029509 1 0 0.000000
1652144741827974901 0.000000 0.000000 0 0 0.000000
1652144742828074730 0.000000 0.000000 0 0 0.000000
1652144742841348322 2031.776532 75.337841 1 0 0.000000
1652144744828819105 0.000000 0.000000 0 0 0.000000
1652144744876279701 1861.529405 21.070140 1 0 0.000000
1652144746816012430 1859.210757 0.515535 1 0 0.000000
1652144747831284727 0.000000 0.000000 0 0 0.000000
1652144748579256021 1721.939186 1.336950 1 0 0.000000
1652144749832482494 0.000000 0.000000 0 0 0.000000
1652144750664010517 2074.612284 1.202605 1 0 0.000000
1652144751833280546 0.000000 0.000000 0 0 0.000000
1652144752701721768 1940.418167 1.151488 1 0 0.000000
1652144753834265321 0.000000 0.000000 0 0 0.000000
1652144754835311278 0.000000 0.000000 0 0 0.000000
1652144754883059015 2138.088907 20.943423 1 0 0.000000
1652144756575095024 1559.310494 0.591004 1 0 0.000000
1652144757838057214 0.000000 0.000000 0 0 0.000000
1652144758838957280 0.000000 0.000000 0 0 0.000000
1652144759440366215 2796.070526 1.662762 1 0 0.000000
1652144760840755002 0.000000 0.000000 0 0 0.000000
1652144761840829348 0.000000 0.000000 0 0 0.000000
1652144762840931291 0.000000 0.000000 0 0 0.000000
1652144763841416712 0.000000 0.000000 0 0 0.000000
1652144764662029910 5064.768398 1.218601 1 0 0.000000
1652144765842740728 0.000000 0.000000 0 0 0.000000
1652144766842857359 0.000000 0.000000 0 0 0.000000
1652144767063351626 2294.489435 4.535266 1 0 0.000000
1652144768843171855 0.000000 0.000000 0 0 0.000000
1652144769128580619 2058.998083 3.503747 1 0 0.000000
1652144770844470646 0.000000 0.000000 0 0 0.000000
1652144771139652794 1985.841553 3.387739 1 0 0.000000
1652144772844835618 0.000000 0.000000 0 0 0.000000
1652144773421861635 2272.053508 1.733024 1 0 0.000000
1652144774845574236 0.000000 0.000000 0 0 0.000000
1652144775214256493 1742.230997 2.712363 1 0 0.000000
1652144776846539063 0.000000 0.000000 0 0 0.000000
1652144777319899209 2026.220169 2.112557 1 0 0.000000
1652144778847034727 0.000000 0.000000 0 0 0.000000
1652144779482591901 2080.380083 1.573423 1 0 0.000000
1652144780848352916 0.000000 0.000000 0 0 0.000000
1652144781285275352 1791.527308 2.288736 1 0 0.000000
1652144782848888858 0.000000 0.000000 0 0 0.000000
1652144783553037893 2167.155078 1.420154 1 0 0.000000
1652144784850672373 0.000000 0.000000 0 0 0.000000
1652144785341721066 1674.372104 2.036458 1 0 0.000000
1652144786851411912 0.000000 0.000000 0 0 0.000000
1652144787645075466 2161.036111 1.259980 1 0 0.000000
1652144788852847306 0.000000 0.000000 0 0 0.000000
1652144789675291186 1852.928072 1.215889 1 0 0.000000
1652144790853692343 0.000000 0.000000 0 0 0.000000
1652144791748109395 1954.507781 1.118047 1 0 0.000000
1652144792854567765 0.000000 0.000000 0 0 0.000000
1652144793433074146 1667.235596 1.728590 1 0 0.000000
1652144794855718108 0.000000 0.000000 0 0 0.000000
1652144795304041455 1674.548845 2.230533 1 0 0.000000
1652144796856317555 0.000000 0.000000 0 0 0.000000
1652144797270252761 1949.959882 2.415837 1 0 0.000000
1652144798856654569 0.000000 0.000000 0 0 0.000000
1652144798954462750 1661.038035 10.224099 1 0 0.000000
1652144800858290521 0.000000 0.000000 0 0 0.000000
1652144800951920048 1911.149518 10.680397 1 0 0.000000
1652144802801969422 1807.801536 0.540526 1 0 0.000000
1652144803859053610 0.000000 0.000000 0 0 0.000000
1652144804668954611 1829.841190 1.234719 1 0 0.000000
1652144805860295897 0.000000 0.000000 0 0 0.000000
1652144806509513346 1813.310479 1.540316 1 0 0.000000
1652144807861183214 0.000000 0.000000 0 0 0.000000
1652144808681057946 2157.296165 1.219699 1 0 0.000000
1652144809862737102 0.000000 0.000000 0 0 0.000000
1652144810811324108 2068.094742 1.054200 1 0 0.000000
1652144811863942776 0.000000 0.000000 0 0 0.000000
1652144812864751858 0.000000 0.000000 0 0 0.000000
1652144813043956909 2141.120397 5.580201 1 0 0.000000
1652144814865999412 0.000000 0.000000 0 0 0.000000
1652144814925128953 1880.020785 16.912035 1 0 0.000000
1652144816480459338 1536.040048 0.642950 1 0 0.000000
1652144817866997031 0.000000 0.000000 0 0 0.000000
1652144818727841705 2065.987843 1.161650 1 0 0.000000
1652144819867720965 0.000000 0.000000 0 0 0.000000
1652144820866098952 2094.002454 1.001625 1 0 0.000000
1652144821868775674 0.000000 0.000000 0 0 0.000000
1652144822869743015 0.000000 0.000000 0 0 0.000000
1652144823470517621 2052.533194 1.664518 1 0 0.000000
1652144824871788829 0.000000 0.000000 0 0 0.000000
1652144825569840309 2039.802024 1.432559 1 0 0.000000
1652144826873743443 0.000000 0.000000 0 0 0.000000
1652144827874564283 0.000000 0.000000 0 0 0.000000
1652144827952718928 2353.630924 12.795152 1 0 0.000000
1652144829875356666 0.000000 0.000000 0 0 0.000000
1652144830005149529 1858.930893 7.704585 1 0 0.000000
1652144831876408816 0.000000 0.000000 0 0 0.000000
1652144832197190852 2139.792069 3.117382 1 0 0.000000
1652144833876792013 0.000000 0.000000 0 0 0.000000
1652144834530743174 2041.579926 1.529166 1 0 0.000000
1652144835877488637 0.000000 0.000000 0 0 0.000000
1652144836399556857 1841.551943 1.915459 1 0 0.000000
1652144837878767442 0.000000 0.000000 0 0 0.000000
1652144838776355772 2339.552649 1.114097 1 0 0.000000
1652144839879187733 0.000000 0.000000 0 0 0.000000
1652144840398065116 1546.443673 1.927238 1 0 0.000000
1652144841880678110 0.000000 0.000000 0 0 0.000000
1652144842138574610 1689.346169 3.877525 1 0 0.000000
1652144843882005969 0.000000 0.000000 0 0 0.000000
1652144844563418326 2179.405831 1.467540 1 0 0.000000
1652144845882795447 0.000000 0.000000 0 0 0.000000
1652144846467848273 1776.096702 1.709247 1 0 0.000000
1652144847884159880 0.000000 0.000000 0 0 0.000000
1652144848771550910 2133.335132 1.126899 1 0 0.000000
1652144849885110522 0.000000 0.000000 0 0 0.000000
1652144850528180996 1554.526716 1.555040 1 0 0.000000
1652144851886741092 0.000000 0.000000 0 0 0.000000
1652144852461518773 1749.056787 1.739803 1 0 0.000000
1652144853888422686 0.000000 0.000000 0 0 0.000000
1652144854393428796 1890.657832 1.980174 1 0 0.000000
1652144855889254895 0.000000 0.000000 0 0 0.000000
1652144856414952825 1891.195796 1.902233 1 0 0.000000
1652144857890644114 0.000000 0.000000 0 0 0.000000
1652144858376068711 1908.901050 2.060052 1 0 0.000000
1652144859891200640 0.000000 0.000000 0 0 0.000000
1652144860078029997 1673.017486 5.352479 1 0 0.000000
1652144861819593015 1647.346488 0.574197 1 0 0.000000
1652144862891965748 0.000000 0.000000 0 0 0.000000
1652144863892297452 0.000000 0.000000 0 0 0.000000
1652144864144152381 2112.046608 3.970541 1 0 0.000000
1652144865893408604 0.000000 0.000000 0 0 0.000000
1652144865918311307 1766.908955 40.156364 1 0 0.000000
1652144867894179533 0.000000 0.000000 0 0 0.000000
1652144868072642324 2137.966919 5.603410 1 0 0.000000
1652144869894943380 0.000000 0.000000 0 0 0.000000
1652144870149904909 1960.950690 3.922161 1 0 0.000000
1652144871896206789 0.000000 0.000000 0 0 0.000000
1652144872458918622 2272.745243 1.777109 1 0 0.000000
1652144873897812556 0.000000 0.000000 0 0 0.000000
1652144874425136020 1935.965684 1.896369 1 0 0.000000
1652144875898769733 0.000000 0.000000 0 0 0.000000
1652144876505581499 2016.164508 1.647958 1 0 0.000000
1652144877899683001 0.000000 0.000000 0 0 0.000000
1652144878899797632 0.000000 0.000000 0 0 0.000000
1652144878992413826 2484.603183 10.797253 1 0 0.000000
1652144880743118600 1714.446892 0.571199 1 0 0.000000
1652144881901522242 0.000000 0.000000 0 0 0.000000
1652144882690735906 1925.368760 1.267084 1 0 0.000000
1652144883909877492 0.000000 0.000000 0 0 0.000000
1652144884332089628 1596.085367 2.368478 1 0 0.000000
1652144885910545477 0.000000 0.000000 0 0 0.000000
1652144886376536295 1952.151832 2.145965 1 0 0.000000
1652144887910735990 0.000000 0.000000 0 0 0.000000
1652144888498076888 1931.142693 1.702589 1 0 0.000000
1652144889911888579 0.000000 0.000000 0 0 0.000000
1652144890417898429 1863.563007 1.976246 1 0 0.000000
1652144891912424569 0.000000 0.000000 0 0 0.000000
1652144892588335240 2104.847772 1.479486 1 0 0.000000
1652144893924858478 0.000000 0.000000 0 0 0.000000
1652144894709417992 2113.872905 1.274601 1 0 0.000000
1652144895925662824 0.000000 0.000000 0 0 0.000000
1652144896728668232 1991.043935 1.245322 1 0 0.000000
1652144897927409990 0.000000 0.000000 0 0 0.000000
1652144898536240502 1689.259355 1.642493 1 0 0.000000
1652144899928929618 0.000000 0.000000 0 0 0.000000
1652144900293496831 1742.075359 2.742979 1 0 0.000000
1652144901929734535 0.000000 0.000000 0 0 0.000000
1652144902440020233 1879.271957 1.959687 1 0 0.000000
1652144903931014140 0.000000 0.000000 0 0 0.000000
1652144904596181445 2066.969447 1.503381 1 0 0.000000
1652144905932424253 0.000000 0.000000 0 0 0.000000
1652144906626281364 1993.832736 1.441219 1 0 0.000000
1652144907934054236 0.000000 0.000000 0 0 0.000000
1652144908640502554 1939.947006 1.415532 1 0 0.000000
1652144909934635022 0.000000 0.000000 0 0 0.000000
1652144910641065210 1870.233620 1.415568 1 0 0.000000
1652144911936136356 0.000000 0.000000 0 0 0.000000
1652144912703900905 2041.585456 1.302483 1 0 0.000000
1652144913937691621 0.000000 0.000000 0 0 0.000000
1652144914937803589 0.000000 0.000000 0 0 0.000000
1652144915155566796 2360.409568 4.592145 1 0 0.000000
1652144916939883774 0.000000 0.000000 0 0 0.000000
1652144917057912704 1853.110392 8.472503 1 0 0.000000
1652144918940727240 0.000000 0.000000 0 0 0.000000
1652144919530279737 2043.738874 1.696202 1 0 0.000000
1652144920942591883 0.000000 0.000000 0 0 0.000000
1652144921570069675 1963.519760 1.593682 1 0 0.000000
1652144922944185366 0.000000 0.000000 0 0 0.000000
1652144923513132395 1850.584676 1.757633 1 0 0.000000
1652144924945886878 0.000000 0.000000 0 0 0.000000
1652144925863616101 2341.264874 1.089646 1 0 0.000000
1652144926947340929 0.000000 0.000000 0 0 0.000000
1652144927894667231 1965.781698 1.055603 1 0 0.000000
1652144928949029161 0.000000 0.000000 0 0 0.000000
1652144929949137228 0.000000 0.000000 0 0 0.000000
1652144930133432164 2076.172070 5.426087 1 0 0.000000
1652144931850053930 1680.477155 0.582540 1 0 0.000000
1652144932951914400 0.000000 0.000000 0 0 0.000000
1652144933952016888 0.000000 0.000000 0 0 0.000000
1652144934528465534 2356.163704 1.734760 1 0 0.000000
1652144935953087339 0.000000 0.000000 0 0 0.000000
1652144936864834043 2280.093584 1.096796 1 0 0.000000
1652144937954441114 0.000000 0.000000 0 0 0.000000
1652144938760787510 1830.695859 1.240162 1 0 0.000000
1652144939955734952 0.000000 0.000000 0 0 0.000000
1652144940956309923 0.000000 0.000000 0 0 0.000000
1652144941000789946 2180.748126 22.482030 1 0 0.000000
1652144942858469400 1841.427515 0.538306 1 0 0.000000
1652144943958223976 0.000000 0.000000 0 0 0.000000
1652144944958325482 0.000000 0.000000 0 0 0.000000
1652144945039481811 2158.799632 12.321906 1 0 0.000000
1652144946959627825 0.000000 0.000000 0 0 0.000000
1652144947229614049 1898.867220 3.703893 1 0 0.000000
1652144948960211199 0.000000 0.000000 0 0 0.000000
1652144949182239769 1933.134692 4.503926 1 0 0.000000
1652144950960960612 0.000000 0.000000 0 0 0.000000
1652144951421941324 2234.454908 2.169288 1 0 0.000000
1652144952962814750 0.000000 0.000000 0 0 0.000000
1652144953365883835 1857.649644 2.480965 1 0 0.000000
1652144954963767546 0.000000 0.000000 0 0 0.000000
1652144955350389552 1963.316836 2.586506 1 0 0.000000
1652144956964437918 0.000000 0.000000 0 0 0.000000
1652144957122638946 1766.004696 6.321073 1 0 0.000000
1652144958965903019 0.000000 0.000000 0 0 0.000000
1652144959133627177 1829.703461 5.962172 1 0 0.000000
1652144960966364050 0.000000 0.000000 0 0 0.000000
1652144961967123028 0.000000 0.000000 0 0 0.000000
1652144962825920699 3690.043708 1.164419 1 0 0.000000
1652144963968985757 0.000000 0.000000 0 0 0.000000
1652144964363697800 1536.637609 2.533493 1 0 0.000000
1652144965969638483 0.000000 0.000000 0 0 0.000000
1652144966374601074 2007.692316 2.469364 1 0 0.000000
1652144967970450709 0.000000 0.000000 0 0 0.000000
1652144968537052296 1956.029197 1.764909 1 0 0.000000
1652144969972272441 0.000000 0.000000 0 0 0.000000
1652144970544042547 1999.335375 1.748955 1 0 0.000000
1652144971973657157 0.000000 0.000000 0 0 0.000000
1652144972677597554 2068.358240 1.420575 1 0 0.000000
1652144973974943670 0.000000 0.000000 0 0 0.000000
1652144974702775856 1817.771106 1.373943 1 0 0.000000
1652144975976816342 0.000000 0.000000 0 0 0.000000
1652144976745787336 1977.706373 1.300439 1 0 0.000000
1652144977977790796 0.000000 0.000000 0 0 0.000000
1652144978852643783 2013.561082 1.143049 1 0 0.000000
1652144979978874549 0.000000 0.000000 0 0 0.000000
1652144980979100869 0.000000 0.000000 0 0 0.000000
1652144981443049785 2024.434780 2.155410 1 0 0.000000
1652144982980240032 0.000000 0.000000 0 0 0.000000
1652144983265288122 1797.062485 3.508181 1 0 0.000000
1652144984981664663 0.000000 0.000000 0 0 0.000000
1652144985128293514 1816.740475 6.819942 1 0 0.000000
1652144986982378801 0.000000 0.000000 0 0 0.000000
1652144987249329078 2079.763475 3.746017 1 0 0.000000
1652144988954423608 1693.884299 0.586478 1 0 0.000000
1652144989983760520 0.000000 0.000000 0 0 0.000000
1652144990984253618 0.000000 0.000000 0 0 0.000000
1652144991114379764 2030.385401 7.684852 1 0 0.000000
1652144992985451894 0.000000 0.000000 0 0 0.000000
1652144993536098051 2350.450167 1.816048 1 0 0.000000
1652144994987030535 0.000000 0.000000 0 0 0.000000
1652144995345597211 1806.254522 2.788882 1 0 0.000000
1652144996987571017 0.000000 0.000000 0 0 0.000000
1652144997546944502 2132.393376 1.787714 1 0 0.000000
1652144998988478429 0.000000 0.000000 0 0 0.000000
1652144999168327546 1602.131324 5.560218 1 0 0.000000
1652145000988958277 0.000000 0.000000 0 0 0.000000
1652145001456036832 2175.956527 2.140968 1 0 0.000000
1652145002989180145 0.000000 0.000000 0 0 0.000000
1652145003465891801 1940.588888 2.097704 1 0 0.000000
1652145004990724584 0.000000 0.000000 0 0 0.000000
1652145005612521995 2144.357570 1.608241 1 0 0.000000
1652145006991500655 0.000000 0.000000 0 0 0.000000
1652145007792978773 2047.228706 1.247695 1 0 0.000000
1652145008992369678 0.000000 0.000000 0 0 0.000000
1652145009992539535 0.000000 0.000000 0 0 0.000000
1652145010215021652 2407.789580 4.494744 1 0 0.000000
1652145011993753666 0.000000 0.000000 0 0 0.000000
1652145012717248332 2360.542798 1.382180 1 0 0.000000
1652145013994087906 0.000000 0.000000 0 0 0.000000
1652145014994820553 0.000000 0.000000 0 0 0.000000
1652145015143801188 2293.327523 6.712284 1 0 0.000000
1652145016995001346 0.000000 0.000000 0 0 0.000000
1652145017118045838 1833.901335 8.127145 1 0 0.000000
1652145018995952574 0.000000 0.000000 0 0 0.000000
1652145019777758510 2646.567688 1.279090 1 0 0.000000
1652145020997620095 0.000000 0.000000 0 0 0.000000
1652145021764004167 1970.088191 1.304829 1 0 0.000000
1652145022998147342 0.000000 0.000000 0 0 0.000000
1652145023998246769 0.000000 0.000000 0 0 0.000000
1652145024280080152 2403.887595 3.548197 1 0 0.000000
1652145025999136805 0.000000 0.000000 0 0 0.000000
1652145026788684825 2334.327940 1.266548 1 0 0.000000
1652145028000143359 0.000000 0.000000 0 0 0.000000
1652145029000247203 0.000000 0.000000 0 0 0.000000
1652145029051352342 1718.678259 19.567515 1 0 0.000000
1652145031001414595 0.000000 0.000000 0 0 0.000000
1652145031310169575 2245.571943 3.238814 1 0 0.000000
1652145033003283578 0.000000 0.000000 0 0 0.000000
1652145033251478728 1614.885296 4.029087 1 0 0.000000
1652145035004477880 0.000000 0.000000 0 0 0.000000
1652145035360849309 2098.214632 2.806061 1 0 0.000000
1652145037005650079 0.000000 0.000000 0 0 0.000000
1652145037616027308 2231.928606 1.638331 1 0 0.000000
1652145039006274689 0.000000 0.000000 0 0 0.000000
1652145039873730337 2039.306454 1.152797 1 0 0.000000
1652145041007360487 0.000000 0.000000 0 0 0.000000
1652145042007513930 0.000000 0.000000 0 0 0.000000
1652145043007676086 0.000000 0.000000 0 0 0.000000
1652145044007793149 0.000000 0.000000 0 0 0.000000
1652145045007890358 0.000000 0.000000 0 0 0.000000
1652145046008637698 0.000000 0.000000 0 0 0.000000
1652145047008733302 0.000000 0.000000 0 0 0.000000
1652145047347638678 7458.650435 2.950677 1 0 0.000000
1652145049009452750 0.000000 0.000000 0 0 0.000000
1652145049422468081 2007.654398 2.421218 1 0 0.000000
1652145051010498967 0.000000 0.000000 0 0 0.000000
1652145051727423604 2260.681135 1.394847 1 0 0.000000
1652145053011165623 0.000000 0.000000 0 0 0.000000
1652145053716576819 1902.085012 1.417613 1 0 0.000000
1652145055012563812 0.000000 0.000000 0 0 0.000000
1652145055915191255 2083.272109 1.107877 1 0 0.000000
1652145057013826277 0.000000 0.000000 0 0 0.000000
1652145058014004880 0.000000 0.000000 0 0 0.000000
1652145058336554007 2226.783288 3.100303 1 0 0.000000
1652145060015579838 0.000000 0.000000 0 0 0.000000
1652145060883624811 2274.685643 1.152014 1 0 0.000000
1652145062016635181 0.000000 0.000000 0 0 0.000000
1652145062980795399 2003.855953 1.037172 1 0 0.000000
1652145064017721894 0.000000 0.000000 0 0 0.000000
1652145065005599072 1861.215344 1.012272 1 0 0.000000
1652145066019012495 0.000000 0.000000 0 0 0.000000
1652145066960639693 1895.621756 1.061991 1 0 0.000000
1652145068020450382 0.000000 0.000000 0 0 0.000000
1652145068655601421 1655.730620 1.574429 1 0 0.000000
1652145070022443462 0.000000 0.000000 0 0 0.000000
1652145071022686686 0.000000 0.000000 0 0 0.000000
1652145071063309668 2210.311805 24.616638 1 0 0.000000
1652145073023959106 0.000000 0.000000 0 0 0.000000
1652145073081597299 1948.106262 17.349622 1 0 0.000000
1652145074832215358 1669.340410 0.571227 1 0 0.000000
1652145076026664042 0.000000 0.000000 0 0 0.000000
1652145077026772369 0.000000 0.000000 0 0 0.000000
1652145078027704738 0.000000 0.000000 0 0 0.000000
1652145078317482310 3347.935390 3.450923 1 0 0.000000
1652145079745755687 1317.964921 0.700146 1 0 0.000000
1652145081029084037 0.000000 0.000000 0 0 0.000000
1652145081401644975 1516.544852 2.684125 1 0 0.000000
1652145083029504042 0.000000 0.000000 0 0 0.000000
1652145083266886595 1734.911557 4.212609 1 0 0.000000
1652145085030325197 0.000000 0.000000 0 0 0.000000
1652145085278067658 1905.117193 4.036451 1 0 0.000000
1652145087030566170 0.000000 0.000000 0 0 0.000000
1652145087568462970 2159.914837 1.859093 1 0 0.000000
1652145089031377628 0.000000 0.000000 0 0 0.000000
1652145089466670675 1837.949589 2.297303 1 0 0.000000
1652145091032162218 0.000000 0.000000 0 0 0.000000
1652145091246425553 1649.424566 4.667155 1 0 0.000000
1652145093033629006 0.000000 0.000000 0 0 0.000000
1652145093326730791 2045.032570 3.411784 1 0 0.000000
1652145095001579234 1639.601650 0.597069 1 0 0.000000
1652145096035547284 0.000000 0.000000 0 0 0.000000
1652145097035646829 0.000000 0.000000 0 0 0.000000
1652145097138109737 2002.968535 9.759634 1 0 0.000000
1652145098840564331 1656.200242 0.587387 1 0 0.000000
1652145100038049764 0.000000 0.000000 0 0 0.000000
1652145100781747663 1923.550557 1.344632 1 0 0.000000
1652145102039516708 0.000000 0.000000 0 0 0.000000
1652145102805481795 1990.475977 1.305543 1 0 0.000000
1652145104040582025 0.000000 0.000000 0 0 0.000000
1652145104383674179 1550.010291 2.914669 1 0 0.000000
1652145106041854193 0.000000 0.000000 0 0 0.000000
1652145106906266988 2030.009749 1.156855 1 0 0.000000
1652145108043346076 0.000000 0.000000 0 0 0.000000
1652145108263806702 1287.302923 4.535958 1 0 0.000000
1652145110044328675 0.000000 0.000000 0 0 0.000000
1652145110167524477 1744.036202 8.117164 1 0 0.000000
1652145112045551928 0.000000 0.000000 0 0 0.000000
1652145112364840082 1951.891904 3.131968 1 0 0.000000
1652145113904915986 1477.905832 0.649319 1 0 0.000000
1652145115046922041 0.000000 0.000000 0 0 0.000000
1652145116047592466 0.000000 0.000000 0 0 0.000000
1652145116162656468 2120.398628 8.690819 1 0 0.000000
1652145118048277895 0.000000 0.000000 0 0 0.000000
1652145118211962825 1930.027850 6.109300 1 0 0.000000
1652145120049571548 0.000000 0.000000 0 0 0.000000
1652145120719273546 2274.986356 1.493202 1 0 0.000000
1652145122050933028 0.000000 0.000000 0 0 0.000000
1652145123051218087 0.000000 0.000000 0 0 0.000000
1652145123140121096 2387.599772 11.248220 1 0 0.000000
1652145124832025792 1531.542886 0.591050 1 0 0.000000
1652145126052189527 0.000000 0.000000 0 0 0.000000
1652145126916553180 1802.401113 1.156921 1 0 0.000000
1652145128053272900 0.000000 0.000000 0 0 0.000000
1652145128913230712 1893.359176 1.162848 1 0 0.000000
1652145130055147089 0.000000 0.000000 0 0 0.000000
1652145131038150978 2009.608112 1.017290 1 0 0.000000
1652145132056872934 0.000000 0.000000 0 0 0.000000
1652145132591726980 1541.431931 1.869669 1 0 0.000000
1652145134058423391 0.000000 0.000000 0 0 0.000000
1652145134747759530 2004.693376 1.450671 1 0 0.000000
1652145136060181544 0.000000 0.000000 0 0 0.000000
1652145136889115806 2129.214908 1.206368 1 0 0.000000
1652145138061005957 0.000000 0.000000 0 0 0.000000
1652145138925782220 1980.494575 1.156369 1 0 0.000000
1652145140062689220 0.000000 0.000000 0 0 0.000000
1652145141063714952 0.000000 0.000000 0 0 0.000000
1652145141269538032 2085.216417 4.858543 1 0 0.000000
1652145143064774082 0.000000 0.000000 0 0 0.000000
1652145143475267732 1823.591756 2.436092 1 0 0.000000
1652145145066079504 0.000000 0.000000 0 0 0.000000
1652145145647980633 2127.571722 1.718505 1 0 0.000000
1652145147067115605 0.000000 0.000000 0 0 0.000000
1652145147578812315 1876.659550 1.954283 1 0 0.000000
1652145149067468865 0.000000 0.000000 0 0 0.000000
1652145149708283704 2104.284162 1.560513 1 0 0.000000
1652145151069170000 0.000000 0.000000 0 0 0.000000
1652145151893847007 2154.378479 1.212596 1 0 0.000000
1652145153070815533 0.000000 0.000000 0 0 0.000000
1652145153714275958 1818.206484 1.554097 1 0 0.000000
1652145155071569348 0.000000 0.000000 0 0 0.000000
1652145155731498371 1995.987751 1.515315 1 0 0.000000
1652145157072107959 0.000000 0.000000 0 0 0.000000
1652145157868308914 2033.614208 1.255964 1 0 0.000000
1652145159073445658 0.000000 0.000000 0 0 0.000000
1652145159632305758 1683.716880 1.789357 1 0 0.000000
1652145161074452517 0.000000 0.000000 0 0 0.000000
1652145161650371543 2013.818629 1.736355 1 0 0.000000
1652145163075771518 0.000000 0.000000 0 0 0.000000
1652145163656452607 2004.926170 1.722116 1 0 0.000000
1652145165077092091 0.000000 0.000000 0 0 0.000000
1652145165925148130 2192.403046 1.179167 1 0 0.000000
1652145167078242307 0.000000 0.000000 0 0 0.000000
1652145167912617220 1973.310425 1.198502 1 0 0.000000
1652145169078990824 0.000000 0.000000 0 0 0.000000
1652145169931518012 1859.541871 1.172983 1 0 0.000000
1652145171079441382 0.000000 0.000000 0 0 0.000000
1652145172079662043 0.000000 0.000000 0 0 0.000000
1652145172277998887 2318.230346 5.041929 1 0 0.000000
1652145174081025473 0.000000 0.000000 0 0 0.000000
1652145174383647085 1735.149298 3.304457 1 0 0.000000
1652145176082115064 0.000000 0.000000 0 0 0.000000
1652145176492756434 2082.856287 2.435215 1 0 0.000000
1652145178082646688 0.000000 0.000000 0 0 0.000000
1652145178446576581 1889.535397 2.747782 1 0 0.000000
1652145180083258913 0.000000 0.000000 0 0 0.000000
1652145180182074462 1608.169547 10.119870 1 0 0.000000
1652145182084807379 0.000000 0.000000 0 0 0.000000
1652145183085023162 0.000000 0.000000 0 0 0.000000
1652145183121950205 2586.084402 27.080466 1 0 0.000000
1652145185085488530 0.000000 0.000000 0 0 0.000000
1652145185298561500 1958.311050 4.693229 1 0 0.000000
1652145187086913363 0.000000 0.000000 0 0 0.000000
1652145187628973904 2241.527524 1.844813 1 0 0.000000
1652145189087537081 0.000000 0.000000 0 0 0.000000
1652145189787538775 2027.237814 1.428568 1 0 0.000000
1652145191089347266 0.000000 0.000000 0 0 0.000000
1652145191476562631 1552.737555 2.582542 1 0 0.000000
1652145193091396794 0.000000 0.000000 0 0 0.000000
1652145193881990193 2306.127295 1.264873 1 0 0.000000
1652145195092640887 0.000000 0.000000 0 0 0.000000
1652145195539075857 1625.855574 2.239968 1 0 0.000000
1652145197093920395 0.000000 0.000000 0 0 0.000000
1652145197356389112 1769.064165 3.809978 1 0 0.000000
1652145199095905107 0.000000 0.000000 0 0 0.000000
1652145199646895579 2137.231289 1.814914 1 0 0.000000
1652145201097239042 0.000000 0.000000 0 0 0.000000
1652145201873134900 1990.838965 1.288833 1 0 0.000000
1652145203098870761 0.000000 0.000000 0 0 0.000000
1652145204098947218 0.000000 0.000000 0 0 0.000000
1652145204264870401 1924.728311 6.026887 1 0 0.000000
1652145206100339037 0.000000 0.000000 0 0 0.000000
1652145206206056593 1936.979998 9.459171 1 0 0.000000
1652145208102118651 0.000000 0.000000 0 0 0.000000
1652145208192722382 1907.489891 11.037079 1 0 0.000000
1652145210102964038 0.000000 0.000000 0 0 0.000000
1652145210216880333 1994.267950 8.778381 1 0 0.000000
1652145211688569618 1448.435007 0.679491 1 0 0.000000
1652145213104086530 0.000000 0.000000 0 0 0.000000
1652145213583857925 1762.957553 2.084326 1 0 0.000000
1652145215105866878 0.000000 0.000000 0 0 0.000000
1652145215303936209 1644.808553 5.048738 1 0 0.000000
1652145217106512759 0.000000 0.000000 0 0 0.000000
1652145217238777470 1810.080857 7.560599 1 0 0.000000
1652145219107923147 0.000000 0.000000 0 0 0.000000
1652145219348743393 2063.808351 4.152476 1 0 0.000000
1652145221108709916 0.000000 0.000000 0 0 0.000000
1652145221259403198 1867.414844 6.635996 1 0 0.000000
1652145222944574778 1617.905427 0.593411 1 0 0.000000
1652145224111061852 0.000000 0.000000 0 0 0.000000
1652145224547001752 1538.238610 2.293894 1 0 0.000000
1652145226112721143 0.000000 0.000000 0 0 0.000000
1652145226875304111 2325.091755 1.311333 1 0 0.000000
1652145228113851245 0.000000 0.000000 0 0 0.000000
1652145229114180806 0.000000 0.000000 0 0 0.000000
1652145229470696158 2539.230696 2.804929 1 0 0.000000
1652145231115916773 0.000000 0.000000 0 0 0.000000
1652145231604714099 1964.644406 2.045838 1 0 0.000000
1652145233116346946 0.000000 0.000000 0 0 0.000000
1652145233291301431 1608.308885 5.715774 1 0 0.000000
1652145234802832337 1294.517424 0.661581 1 0 0.000000
1652145236118126491 0.000000 0.000000 0 0 0.000000
1652145237057231644 2228.152979 1.064844 1 0 0.000000
1652145238119783452 0.000000 0.000000 0 0 0.000000
1652145239120760691 0.000000 0.000000 0 0 0.000000
1652145239233575299 2155.096892 8.864103 1 0 0.000000
1652145241121172132 0.000000 0.000000 0 0 0.000000
1652145241692652466 2305.815948 1.749842 1 0 0.000000
1652145243121793587 0.000000 0.000000 0 0 0.000000
1652145243534973571 1778.160893 2.420253 1 0 0.000000
1652145245122576306 0.000000 0.000000 0 0 0.000000
1652145245340643950 1773.419665 4.585734 1 0 0.000000
1652145247124105791 0.000000 0.000000 0 0 0.000000
1652145248124181751 0.000000 0.000000 0 0 0.000000
1652145249125098238 0.000000 0.000000 0 0 0.000000
1652145250025409829 4625.016359 1.110727 1 0 0.000000
1652145251126156438 0.000000 0.000000 0 0 0.000000
1652145252035402599 1991.820846 1.099812 1 0 0.000000
1652145253127354244 0.000000 0.000000 0 0 0.000000
1652145254128204593 0.000000 0.000000 0 0 0.000000
1652145254187170574 2090.509420 16.958945 1 0 0.000000
1652145256129250859 0.000000 0.000000 0 0 0.000000
1652145256411739338 1947.044095 3.539968 1 0 0.000000
1652145258130469362 0.000000 0.000000 0 0 0.000000
1652145258184330353 1728.451775 18.566329 1 0 0.000000
1652145260131129950 0.000000 0.000000 0 0 0.000000
1652145260245237987 1973.598134 8.763628 1 0 0.000000
1652145262131644722 0.000000 0.000000 0 0 0.000000
1652145263131703620 0.000000 0.000000 0 0 0.000000
1652145263767816985 3301.526488 1.572047 1 0 0.000000
1652145265133578762 0.000000 0.000000 0 0 0.000000
1652145265402154396 1615.089441 3.723347 1 0 0.000000
1652145267134190141 0.000000 0.000000 0 0 0.000000
1652145267660308488 2246.903908 1.900713 1 0 0.000000
1652145269135383055 0.000000 0.000000 0 0 0.000000
1652145269636323377 1700.535566 1.996246 1 0 0.000000
1652145271136582683 0.000000 0.000000 0 0 0.000000
1652145271510113471 1852.088095 2.677156 1 0 0.000000
1652145273136807258 0.000000 0.000000 0 0 0.000000
1652145273277674573 1607.287945 7.098881 1 0 0.000000
1652145275137320849 0.000000 0.000000 0 0 0.000000
1652145275665098011 1901.844574 1.894739 1 0 0.000000
1652145277139384742 0.000000 0.000000 0 0 0.000000
1652145277943141784 2190.349094 1.244157 1 0 0.000000
1652145279139931998 0.000000 0.000000 0 0 0.000000
1652145279955053645 1762.319559 1.226811 1 0 0.000000
1652145281140375752 0.000000 0.000000 0 0 0.000000
1652145282029320271 1851.629679 1.124930 1 0 0.000000
1652145283142000720 0.000000 0.000000 0 0 0.000000
1652145283871798572 1801.248636 1.370243 1 0 0.000000
1652145285143277237 0.000000 0.000000 0 0 0.000000
1652145286128168442 2251.131417 1.015341 1 0 0.000000
1652145287144567973 0.000000 0.000000 0 0 0.000000
1652145288144670908 0.000000 0.000000 0 0 0.000000
1652145288308146926 1960.267850 6.117107 1 0 0.000000
1652145289898562520 1558.167536 0.628766 1 0 0.000000
1652145291146307746 0.000000 0.000000 0 0 0.000000
1652145292040444981 2039.581678 1.118397 1 0 0.000000
1652145293147795127 0.000000 0.000000 0 0 0.000000
1652145293683962703 1601.277580 1.865089 1 0 0.000000
1652145295149431746 0.000000 0.000000 0 0 0.000000
1652145295911942333 2073.708262 1.311457 1 0 0.000000
1652145297150566598 0.000000 0.000000 0 0 0.000000
1652145297735776535 1789.582546 1.708789 1 0 0.000000
1652145299151317643 0.000000 0.000000 0 0 0.000000
1652145299175603995 1208.395716 41.175474 1 0 0.000000
1652145301092200418 1825.302482 0.521758 1 0 0.000000
1652145302153375238 0.000000 0.000000 0 0 0.000000
1652145302884814633 1687.179231 1.367167 1 0 0.000000
1652145304154309612 0.000000 0.000000 0 0 0.000000
1652145304977194380 1897.930925 1.215237 1 0 0.000000
1652145306154543390 0.000000 0.000000 0 0 0.000000
1652145307155375800 0.000000 0.000000 0 0 0.000000
1652145307195834194 1954.108227 24.716781 1 0 0.000000
1652145309008752668 1770.663750 0.551597 1 0 0.000000
1652145310157893688 0.000000 0.000000 0 0 0.000000
1652145311158192011 0.000000 0.000000 0 0 0.000000
1652145311165850675 2114.933116 130.571946 1 0 0.000000
1652145313112390665 1910.287243 0.513732 1 0 0.000000
1652145314159479018 0.000000 0.000000 0 0 0.000000
1652145315024879440 1881.311296 1.155535 1 0 0.000000
1652145316160935653 0.000000 0.000000 0 0 0.000000
1652145317067600301 1792.020136 1.102944 1 0 0.000000
1652145318162062367 0.000000 0.000000 0 0 0.000000
1652145318956243862 1726.448373 1.259158 1 0 0.000000
1652145320163569520 0.000000 0.000000 0 0 0.000000
1652145321163780095 0.000000 0.000000 0 0 0.000000
1652145321335714453 2258.125288 5.816176 1 0 0.000000
1652145323164368610 0.000000 0.000000 0 0 0.000000
1652145323402315966 1888.292269 4.202611 1 0 0.000000
1652145325165001142 0.000000 0.000000 0 0 0.000000
1652145325859001642 2345.380018 1.440921 1 0 0.000000
1652145327166360361 0.000000 0.000000 0 0 0.000000
1652145327857190897 1890.884386 1.447533 1 0 0.000000
1652145329167414086 0.000000 0.000000 0 0 0.000000
1652145329262749353 1231.762883 10.489303 1 0 0.000000
1652145331035581842 1706.539918 0.564069 1 0 0.000000
1652145332169215427 0.000000 0.000000 0 0 0.000000
1652145332740135037 1664.306092 1.751560 1 0 0.000000
1652145334170225010 0.000000 0.000000 0 0 0.000000
1652145335020324282 2059.267601 1.176333 1 0 0.000000
1652145336171647659 0.000000 0.000000 0 0 0.000000
1652145336981973416 1935.386235 1.234072 1 0 0.000000
1652145338183268024 0.000000 0.000000 0 0 0.000000
1652145338573293726 1463.994349 2.563934 1 0 0.000000
1652145340093599438 1511.058017 0.657762 1 0 0.000000
1652145341185325142 0.000000 0.000000 0 0 0.000000
1652145341746662981 1560.763829 1.781459 1 0 0.000000
1652145343185792037 0.000000 0.000000 0 0 0.000000
1652145344087814728 2246.863873 1.108620 1 0 0.000000
1652145345187405762 0.000000 0.000000 0 0 0.000000
1652145346136750490 2030.691424 1.053358 1 0 0.000000
1652145347188617263 0.000000 0.000000 0 0 0.000000
1652145348127019661 1649.637901 1.065641 1 0 0.000000
1652145349189715703 0.000000 0.000000 0 0 0.000000
1652145349831341878 1637.604353 1.558540 1 0 0.000000
1652145351191193152 0.000000 0.000000 0 0 0.000000
1652145351335821884 1430.205650 6.914258 1 0 0.000000
1652145353140850916 1770.870940 0.554008 1 0 0.000000
1652145354192709456 0.000000 0.000000 0 0 0.000000
1652145355192836969 0.000000 0.000000 0 0 0.000000
1652145355249864853 2082.912454 17.535296 1 0 0.000000
1652145356787840837 1415.735578 0.650205 1 0 0.000000
1652145358194363468 0.000000 0.000000 0 0 0.000000
1652145358444979227 1624.876829 3.990173 1 0 0.000000
1652145360194830416 0.000000 0.000000 0 0 0.000000
1652145360199084906 1720.963134 235.048561 1 0 0.000000
1652145362195317168 0.000000 0.000000 0 0 0.000000
1652145362213246736 1910.907590 55.773948 1 0 0.000000
1652145363973761542 1708.342842 0.568016 1 0 0.000000
1652145365197638842 0.000000 0.000000 0 0 0.000000
1652145365620542289 1457.526805 2.364606 1 0 0.000000
1652145367198551735 0.000000 0.000000 0 0 0.000000
1652145367674746096 1893.849364 2.099983 1 0 0.000000
1652145369198859029 0.000000 0.000000 0 0 0.000000
1652145369281971128 1585.062007 12.031949 1 0 0.000000
1652145371200398911 0.000000 0.000000 0 0 0.000000
1652145371594292592 2000.193267 2.538756 1 0 0.000000
1652145373202372320 0.000000 0.000000 0 0 0.000000
1652145373852225401 2181.735625 1.538809 1 0 0.000000
1652145375203437078 0.000000 0.000000 0 0 0.000000
1652145375895305733 1922.864934 1.445361 1 0 0.000000
1652145377204465913 0.000000 0.000000 0 0 0.000000
1652145377884506383 1944.963856 1.470501 1 0 0.000000
1652145379206266733 0.000000 0.000000 0 0 0.000000
1652145379289220961 1386.467134 12.054839 1 0 0.000000
1652145381206788225 0.000000 0.000000 0 0 0.000000
1652145381296898569 1987.517870 11.097511 1 0 0.000000
1652145383207877510 0.000000 0.000000 0 0 0.000000
1652145383497802555 1879.477733 3.449168 1 0 0.000000
1652145385031852769 1371.680069 0.651869 1 0 0.000000
1652145386209973398 0.000000 0.000000 0 0 0.000000
1652145386906671224 1844.145500 1.435343 1 0 0.000000
1652145388211413342 0.000000 0.000000 0 0 0.000000
1652145388615497321 1682.584428 2.474734 1 0 0.000000
1652145390211996985 0.000000 0.000000 0 0 0.000000
1652145390582227619 1887.432452 2.701019 1 0 0.000000
1652145392212753491 0.000000 0.000000 0 0 0.000000
1652145392755262328 2004.917397 1.843288 1 0 0.000000
1652145394214008160 0.000000 0.000000 0 0 0.000000
1652145394244224171 1407.686156 33.095092 1 0 0.000000
1652145395783825786 1469.420393 0.649519 1 0 0.000000
1652145397215706953 0.000000 0.000000 0 0 0.000000
1652145397448765896 1636.690179 4.290761 1 0 0.000000
1652145399216254422 0.000000 0.000000 0 0 0.000000
1652145399365203192 1874.142589 6.713720 1 0 0.000000
1652145401218178798 0.000000 0.000000 0 0 0.000000
1652145401564471879 2173.013230 2.887728 1 0 0.000000
1652145403218791015 0.000000 0.000000 0 0 0.000000
1652145403385901069 1812.179482 5.984082 1 0 0.000000
1652145405190517381 1730.342987 0.554134 1 0 0.000000
1652145406221255633 0.000000 0.000000 0 0 0.000000
1652145406916231824 1721.464062 1.438898 1 0 0.000000
1652145408222471287 0.000000 0.000000 0 0 0.000000
1652145408379378747 1442.985584 6.373185 1 0 0.000000
1652145410087437777 1690.818475 0.585460 1 0 0.000000
1652145411223541622 0.000000 0.000000 0 0 0.000000
1652145412141507034 1926.409827 1.089366 1 0 0.000000
1652145413224637897 0.000000 0.000000 0 0 0.000000
1652145413721008387 1515.238960 2.014624 1 0 0.000000
1652145415226141988 0.000000 0.000000 0 0 0.000000
1652145415689853603 1959.643491 2.156513 1 0 0.000000
1652145417228178832 0.000000 0.000000 0 0 0.000000
1652145417529241790 1746.999251 3.321565 1 0 0.000000
1652145419228348801 0.000000 0.000000 0 0 0.000000
1652145419308556547 1541.991180 12.467635 1 0 0.000000
1652145420982058227 1567.273298 0.597549 1 0 0.000000
1652145422230570830 0.000000 0.000000 0 0 0.000000
1652145423012095871 1935.151924 1.279550 1 0 0.000000
1652145424231257491 0.000000 0.000000 0 0 0.000000
1652145424772353970 1663.970647 1.848099 1 0 0.000000
1652145426232032983 0.000000 0.000000 0 0 0.000000
1652145426878534221 1975.848315 1.546788 1 0 0.000000
1652145428233653475 0.000000 0.000000 0 0 0.000000
1652145428482529849 1587.751284 4.018060 1 0 0.000000
1652145430234532211 0.000000 0.000000 0 0 0.000000
1652145430364720266 1595.700802 7.681199 1 0 0.000000
1652145432235862899 0.000000 0.000000 0 0 0.000000
1652145432699804010 1867.144752 2.155446 1 0 0.000000
1652145434237187838 0.000000 0.000000 0 0 0.000000
1652145434476257247 1755.207358 4.182886 1 0 0.000000
1652145436238666301 0.000000 0.000000 0 0 0.000000
1652145436483901224 1941.372135 4.077723 1 0 0.000000
1652145438239312731 0.000000 0.000000 0 0 0.000000
1652145438239545939 1524.389952 4288.937116 1 0 0.000000
1652145439612681108 1344.869986 0.728260 1 0 0.000000
1652145441240601278 0.000000 0.000000 0 0 0.000000
1652145441343136628 1710.218590 9.752739 1 0 0.000000
1652145442828292964 1391.455602 0.673330 1 0 0.000000
1652145444242381410 0.000000 0.000000 0 0 0.000000
1652145444684966080 1632.248238 2.259455 1 0 0.000000
1652145446243479046 0.000000 0.000000 0 0 0.000000
1652145446637680690 1909.458433 2.536773 1 0 0.000000
1652145448245093852 0.000000 0.000000 0 0 0.000000
1652145448262419640 1567.038121 57.717576 1 0 0.000000
1652145450234263567 1848.475906 0.507140 1 0 0.000000
1652145451247445029 0.000000 0.000000 0 0 0.000000
1652145452248216357 0.000000 0.000000 0 0 0.000000
1652145453248427228 0.000000 0.000000 0 0 0.000000
1652145454229393654 3971.559244 1.019403 1 0 0.000000
1652145455249429691 0.000000 0.000000 0 0 0.000000
1652145456249746281 0.000000 0.000000 0 0 0.000000
1652145456336451918 1999.669611 11.533282 1 0 0.000000
1652145458061069981 1653.334475 0.579839 1 0 0.000000
1652145459251228569 0.000000 0.000000 0 0 0.000000
1652145460251345191 0.000000 0.000000 0 0 0.000000
1652145461251622069 0.000000 0.000000 0 0 0.000000
1652145462252315562 0.000000 0.000000 0 0 0.000000
1652145462408481546 4199.844310 6.403445 1 0 0.000000
1652145464195249601 1685.744048 0.559670 1 0 0.000000
1652145465254587573 0.000000 0.000000 0 0 0.000000
1652145465784945061 1527.143004 1.885521 1 0 0.000000
1652145467255178465 0.000000 0.000000 0 0 0.000000
1652145467294575351 1463.366405 25.382749 1 0 0.000000
1652145469120168792 1809.348553 0.547767 1 0 0.000000
1652145470256386522 0.000000 0.000000 0 0 0.000000
1652145470974194108 1842.882495 1.393131 1 0 0.000000
1652145472257425659 0.000000 0.000000 0 0 0.000000
1652145472677740908 1556.198810 2.379167 1 0 0.000000
1652145474204977937 1413.106234 0.654777 1 0 0.000000
1652145475259186197 0.000000 0.000000 0 0 0.000000
1652145475841226678 1558.699022 1.718094 1 0 0.000000
1652145477260697732 0.000000 0.000000 0 0 0.000000
1652145477657336657 1716.812119 2.521185 1 0 0.000000
1652145479261415788 0.000000 0.000000 0 0 0.000000
1652145479280832192 1607.243778 51.502975 1 0 0.000000
1652145481253988423 1878.866745 0.506802 1 0 0.000000
1652145482263365701 0.000000 0.000000 0 0 0.000000
1652145482728207110 1444.677305 2.151272 1 0 0.000000
1652145484264125437 0.000000 0.000000 0 0 0.000000
1652145484503069409 1761.615132 4.185082 1 0 0.000000
1652145486043478123 1448.119716 0.649178 1 0 0.000000
1652145487267392562 0.000000 0.000000 0 0 0.000000
1652145487975544828 1879.816210 1.412126 1 0 0.000000
1652145489268876233 0.000000 0.000000 0 0 0.000000
1652145489928130820 1902.375647 1.516865 1 0 0.000000
1652145491270134688 0.000000 0.000000 0 0 0.000000
1652145491667402388 1736.050209 2.517195 1 0 0.000000
1652145493271394771 0.000000 0.000000 0 0 0.000000
1652145493478037062 1793.369018 4.839282 1 0 0.000000
1652145495149118021 1617.800086 0.598415 1 0 0.000000
1652145496272885853 0.000000 0.000000 0 0 0.000000
1652145497187095256 1995.737189 1.093841 1 0 0.000000
1652145498274765918 0.000000 0.000000 0 0 0.000000
1652145498868171394 1621.822227 1.685189 1 0 0.000000
1652145500276936755 0.000000 0.000000 0 0 0.000000
1652145500426551984 1369.048777 6.683814 1 0 0.000000
1652145501888931782 1458.127520 0.683817 1 0 0.000000
1652145503278582984 0.000000 0.000000 0 0 0.000000
