1652144541645739178 0.000000 0.000000 0 0 0.000000
1652144542646079605 0.000000 0.000000 0 0 0.000000
1652144542874043814 2228.731690 4.386654 1 0 0.000000
1652144544646523406 0.000000 0.000000 0 0 0.000000
1652144545646957557 0.000000 0.000000 0 0 0.000000
1652144545814481637 2716.977886 5.969293 1 0 0.000000
1652144547554612932 1718.853305 0.574669 1 0 0.000000
1652144548649034751 0.000000 0.000000 0 0 0.000000
1652144549649136976 0.000000 0.000000 0 0 0.000000
1652144549943557646 2322.658762 3.396501 1 0 0.000000
1652144551649890562 0.000000 0.000000 0 0 0.000000
1652144552112013667 2064.148084 2.163926 1 0 0.000000
1652144553651248158 0.000000 0.000000 0 0 0.000000
1652144554365362594 2226.079467 1.400336 1 0 0.000000
1652144555653277087 0.000000 0.000000 0 0 0.000000
1652144556653610655 0.000000 0.000000 0 0 0.000000
1652144556810326889 2401.711302 6.380962 1 0 0.000000
1652144558525166316 1704.588625 0.583145 1 0 0.000000
1652144559655236636 0.000000 0.000000 0 0 0.000000
1652144560617671253 1895.982566 1.039032 1 0 0.000000
1652144561656171066 0.000000 0.000000 0 0 0.000000
1652144562656822612 0.000000 0.000000 0 0 0.000000
1652144562660767947 2026.850301 253.467627 1 0 0.000000
1652144564657409011 0.000000 0.000000 0 0 0.000000
1652144565105200911 2246.740386 2.233181 1 0 0.000000
1652144566658427513 0.000000 0.000000 0 0 0.000000
1652144567606927121 2377.622741 1.054297 1 0 0.000000
1652144568659364772 0.000000 0.000000 0 0 0.000000
1652144569300242292 1687.052152 1.560361 1 0 0.000000
1652144570660470637 0.000000 0.000000 0 0 0.000000
1652144571426571345 2062.061196 1.305311 1 0 0.000000
1652144572661624397 0.000000 0.000000 0 0 0.000000
1652144573662277317 0.000000 0.000000 0 0 0.000000
1652144573874155295 2204.909024 4.719699 1 0 0.000000
1652144575663885477 0.000000 0.000000 0 0 0.000000
1652144576064492260 2188.057738 2.496214 1 0 0.000000
1652144577665240973 0.000000 0.000000 0 0 0.000000
1652144578040904391 1838.078587 2.661958 1 0 0.000000
1652144579665826057 0.000000 0.000000 0 0 0.000000
1652144580361990398 2300.669968 1.436443 1 0 0.000000
1652144581667674421 0.000000 0.000000 0 0 0.000000
1652144582386007809 1943.735474 1.392111 1 0 0.000000
1652144583669571494 0.000000 0.000000 0 0 0.000000
1652144584530804487 1874.739241 1.161126 1 0 0.000000
1652144585671133927 0.000000 0.000000 0 0 0.000000
1652144586671207266 0.000000 0.000000 0 0 0.000000
1652144587115113607 2350.789347 2.252728 1 0 0.000000
1652144588673410407 0.000000 0.000000 0 0 0.000000
1652144589323531895 2034.040179 1.538174 1 0 0.000000
1652144590674340129 0.000000 0.000000 0 0 0.000000
1652144591019832979 1695.164348 2.894416 1 0 0.000000
1652144592674958327 0.000000 0.000000 0 0 0.000000
1652144593206200248 2154.119417 1.882382 1 0 0.000000
1652144594676025626 0.000000 0.000000 0 0 0.000000
1652144595004652627 1695.146355 3.042964 1 0 0.000000
1652144596677210558 0.000000 0.000000 0 0 0.000000
1652144596823690165 1723.742326 6.826892 1 0 0.000000
1652144598678851313 0.000000 0.000000 0 0 0.000000
1652144598898854462 2054.912521 4.545391 1 0 0.000000
1652144600680196214 0.000000 0.000000 0 0 0.000000
1652144600789023458 1884.884525 9.188880 1 0 0.000000
1652144602680537315 0.000000 0.000000 0 0 0.000000
1652144602886882826 1950.601696 4.846242 1 0 0.000000
1652144604682014313 0.000000 0.000000 0 0 0.000000
1652144604880167331 1963.036417 5.046606 1 0 0.000000
1652144606683041105 0.000000 0.000000 0 0 0.000000
1652144606815493846 1809.003559 7.549865 1 0 0.000000
1652144608639863296 1794.122441 0.548135 1 0 0.000000
1652144609685368578 0.000000 0.000000 0 0 0.000000
1652144610401467852 1751.355200 1.396455 1 0 0.000000
1652144611687391478 0.000000 0.000000 0 0 0.000000
1652144612687488903 0.000000 0.000000 0 0 0.000000
1652144612861856681 2193.895738 5.735006 1 0 0.000000
1652144614688715714 0.000000 0.000000 0 0 0.000000
1652144614901470213 2032.427637 4.700254 1 0 0.000000
1652144616689181434 0.000000 0.000000 0 0 0.000000
1652144616779034377 1840.417361 11.129300 1 0 0.000000
1652144618690344566 0.000000 0.000000 0 0 0.000000
1652144619107978021 1984.395170 2.394444 1 0 0.000000
1652144620691728149 0.000000 0.000000 0 0 0.000000
1652144620819244374 1618.050611 7.842142 1 0 0.000000
1652144622692882523 0.000000 0.000000 0 0 0.000000
1652144622956311222 2120.817467 3.796094 1 0 0.000000
1652144624694605240 0.000000 0.000000 0 0 0.000000
1652144625207291376 2150.681206 1.950511 1 0 0.000000
1652144626696059159 0.000000 0.000000 0 0 0.000000
1652144627464586100 2256.156416 1.301191 1 0 0.000000
1652144628696692060 0.000000 0.000000 0 0 0.000000
1652144629518505975 1999.652655 1.216821 1 0 0.000000
1652144630697530044 0.000000 0.000000 0 0 0.000000
1652144631037073276 1408.506283 2.945133 1 0 0.000000
1652144632697964239 0.000000 0.000000 0 0 0.000000
1652144632951668067 1876.364962 3.941605 1 0 0.000000
1652144634699274534 0.000000 0.000000 0 0 0.000000
1652144634808698852 1834.805798 9.138741 1 0 0.000000
1652144636700914038 0.000000 0.000000 0 0 0.000000
1652144636985120244 2054.320999 3.518573 1 0 0.000000
1652144638701980444 0.000000 0.000000 0 0 0.000000
1652144639007567853 1998.185837 3.272387 1 0 0.000000
1652144640703589159 0.000000 0.000000 0 0 0.000000
1652144640944484950 1892.653972 4.151173 1 0 0.000000
1652144642704555330 0.000000 0.000000 0 0 0.000000
1652144643178124296 2079.285035 2.111625 1 0 0.000000
1652144644705507416 0.000000 0.000000 0 0 0.000000
1652144645326132401 1941.604468 1.611279 1 0 0.000000
1652144646707020566 0.000000 0.000000 0 0 0.000000
1652144647707138918 0.000000 0.000000 0 0 0.000000
1652144648707202578 0.000000 0.000000 0 0 0.000000
1652144649708244207 0.000000 0.000000 0 0 0.000000
1652144650512495175 5114.090702 1.243393 1 0 0.000000
1652144651710359459 0.000000 0.000000 0 0 0.000000
1652144651941544760 1409.837284 4.325535 1 0 0.000000
1652144653711490297 0.000000 0.000000 0 0 0.000000
1652144654191161979 2239.349350 2.084759 1 0 0.000000
1652144655712373341 0.000000 0.000000 0 0 0.000000
1652144656395140258 2163.731116 1.464629 1 0 0.000000
1652144657713211234 0.000000 0.000000 0 0 0.000000
1652144658339499218 1895.535600 1.596710 1 0 0.000000
1652144659713615185 0.000000 0.000000 0 0 0.000000
1652144660331096349 1883.326231 1.619483 1 0 0.000000
1652144661714489486 0.000000 0.000000 0 0 0.000000
1652144662094086778 1721.744163 2.634371 1 0 0.000000
1652144663715989498 0.000000 0.000000 0 0 0.000000
1652144663791566760 1613.264277 13.231505 1 0 0.000000
1652144665717156896 0.000000 0.000000 0 0 0.000000
1652144666112637932 2060.607015 2.528567 1 0 0.000000
1652144667718452429 0.000000 0.000000 0 0 0.000000
1652144667759765508 1633.864723 24.205437 1 0 0.000000
1652144669719757444 0.000000 0.000000 0 0 0.000000
1652144670166088994 2328.047851 2.240487 1 0 0.000000
1652144671721368303 0.000000 0.000000 0 0 0.000000
1652144671945667336 1583.555712 4.458335 1 0 0.000000
1652144673722247277 0.000000 0.000000 0 0 0.000000
1652144674118485141 1993.617769 2.523737 1 0 0.000000
1652144675728963992 0.000000 0.000000 0 0 0.000000
1652144676195489919 1982.688864 2.143504 1 0 0.000000
1652144677730090219 0.000000 0.000000 0 0 0.000000
1652144678244463191 1665.714407 1.944115 1 0 0.000000
1652144679731015270 0.000000 0.000000 0 0 0.000000
1652144680434072642 2095.316308 1.422359 1 0 0.000000
1652144681732756694 0.000000 0.000000 0 0 0.000000
1652144682174469881 1579.012916 2.263913 1 0 0.000000
1652144683734310765 0.000000 0.000000 0 0 0.000000
1652144684262539499 2055.526732 1.893119 1 0 0.000000
1652144685734901636 0.000000 0.000000 0 0 0.000000
1652144686235106462 1846.338798 1.999181 1 0 0.000000
1652144687735895209 0.000000 0.000000 0 0 0.000000
1652144688187114507 1768.627974 2.216218 1 0 0.000000
1652144689736408818 0.000000 0.000000 0 0 0.000000
1652144690737489122 0.000000 0.000000 0 0 0.000000
1652144690818954592 2417.426003 12.275147 1 0 0.000000
1652144692675197519 1823.988534 0.538723 1 0 0.000000
1652144693740048079 0.000000 0.000000 0 0 0.000000
1652144694739938523 2043.484219 1.000110 1 0 0.000000
1652144695741603271 0.000000 0.000000 0 0 0.000000
1652144696741703370 0.000000 0.000000 0 0 0.000000
1652144697144498577 2095.881619 2.482651 1 0 0.000000
1652144698741951420 0.000000 0.000000 0 0 0.000000
1652144698898817282 1661.752661 6.374875 1 0 0.000000
1652144700742350983 0.000000 0.000000 0 0 0.000000
1652144701689602864 2085.968120 1.055685 1 0 0.000000
1652144702743294154 0.000000 0.000000 0 0 0.000000
1652144703683331683 1672.917794 1.063787 1 0 0.000000
1652144704744302837 0.000000 0.000000 0 0 0.000000
1652144705640872552 1882.061092 1.115362 1 0 0.000000
1652144706745449111 0.000000 0.000000 0 0 0.000000
1652144707746156120 0.000000 0.000000 0 0 0.000000
1652144707927438320 2110.106385 5.516263 1 0 0.000000
1652144709746806912 0.000000 0.000000 0 0 0.000000
1652144710073413552 1771.720440 3.061788 1 0 0.000000
1652144711748004923 0.000000 0.000000 0 0 0.000000
1652144712263985669 2183.328823 1.938057 1 0 0.000000
1652144713749799873 0.000000 0.000000 0 0 0.000000
1652144714238146625 1902.891976 2.047726 1 0 0.000000
1652144715750992825 0.000000 0.000000 0 0 0.000000
1652144716358773355 2089.361270 1.645331 1 0 0.000000
1652144717752305035 0.000000 0.000000 0 0 0.000000
1652144718752964380 0.000000 0.000000 0 0 0.000000
1652144718812676633 2244.473115 16.746996 1 0 0.000000
1652144720315741260 1488.450450 0.665307 1 0 0.000000
1652144721754429873 0.000000 0.000000 0 0 0.000000
1652144722754525384 0.000000 0.000000 0 0 0.000000
1652144723351102616 2912.045914 1.676229 1 0 0.000000
1652144724755445350 0.000000 0.000000 0 0 0.000000
1652144724797889094 1386.733431 23.560626 1 0 0.000000
1652144726756217977 0.000000 0.000000 0 0 0.000000
1652144726830248647 2028.132699 13.507924 1 0 0.000000
1652144728757773411 0.000000 0.000000 0 0 0.000000
1652144728938551394 2001.099938 5.531649 1 0 0.000000
1652144730759076715 0.000000 0.000000 0 0 0.000000
1652144730801590689 1658.366778 23.521704 1 0 0.000000
1652144732436825268 1622.986837 0.611533 1 0 0.000000
1652144733761644931 0.000000 0.000000 0 0 0.000000
1652144734145541947 1664.533435 2.604866 1 0 0.000000
1652144735763036810 0.000000 0.000000 0 0 0.000000
1652144736332077152 2146.274028 1.757345 1 0 0.000000
1652144737764461320 0.000000 0.000000 0 0 0.000000
1652144738507862863 2149.628335 1.345168 1 0 0.000000
1652144739765983797 0.000000 0.000000 0 0 0.000000
1652144740477495246 1880.343171 1.405459 1 0 0.000000
1652144741767352990 0.000000 0.000000 0 0 0.000000
1652144742556463814 1809.556210 1.267249 1 0 0.000000
1652144743768508343 0.000000 0.000000 0 0 0.000000
1652144744317205188 1685.462437 1.822500 1 0 0.000000
1652144745769582038 0.000000 0.000000 0 0 0.000000
1652144746770049750 0.000000 0.000000 0 0 0.000000
1652144746911169149 2271.989947 7.086200 1 0 0.000000
1652144748771457196 0.000000 0.000000 0 0 0.000000
1652144749536189977 2329.631408 1.307646 1 0 0.000000
1652144750772701707 0.000000 0.000000 0 0 0.000000
1652144751497630623 1949.190562 1.379446 1 0 0.000000
1652144752774294793 0.000000 0.000000 0 0 0.000000
1652144753678943494 2166.065380 1.105402 1 0 0.000000
1652144754774818676 0.000000 0.000000 0 0 0.000000
1652144755597473414 1895.277634 1.215577 1 0 0.000000
1652144756775621010 0.000000 0.000000 0 0 0.000000
1652144757775735439 0.000000 0.000000 0 0 0.000000
1652144757775779058 2106.068532 22927.891780 1 0 0.000000
1652144759776834125 0.000000 0.000000 0 0 0.000000
1652144760016965149 2192.923050 4.164394 1 0 0.000000
1652144761777827905 0.000000 0.000000 0 0 0.000000
1652144761944225259 1895.004786 6.009713 1 0 0.000000
1652144763778995870 0.000000 0.000000 0 0 0.000000
1652144764178746546 2175.269186 2.501559 1 0 0.000000
1652144765779463737 0.000000 0.000000 0 0 0.000000
1652144766010379911 1800.474351 4.330577 1 0 0.000000
1652144767780147077 0.000000 0.000000 0 0 0.000000
1652144768781160150 0.000000 0.000000 0 0 0.000000
1652144769557008542 3488.444587 1.288912 1 0 0.000000
1652144770782253266 0.000000 0.000000 0 0 0.000000
1652144771782825252 0.000000 0.000000 0 0 0.000000
1652144771823498109 1952.461076 24.586452 1 0 0.000000
1652144773784970235 0.000000 0.000000 0 0 0.000000
1652144774008740707 2105.063899 4.468866 1 0 0.000000
1652144775786154274 0.000000 0.000000 0 0 0.000000
1652144776113497177 2093.511567 3.054901 1 0 0.000000
1652144777787317654 0.000000 0.000000 0 0 0.000000
1652144777822195159 1677.099033 28.671817 1 0 0.000000
1652144779593168270 1675.670095 0.564661 1 0 0.000000
1652144780789578900 0.000000 0.000000 0 0 0.000000
1652144781566341199 1952.927473 1.287395 1 0 0.000000
1652144782790983324 0.000000 0.000000 0 0 0.000000
1652144783480342171 1894.758369 1.450623 1 0 0.000000
1652144784791354356 0.000000 0.000000 0 0 0.000000
1652144785372957638 1888.376828 1.719385 1 0 0.000000
1652144786791994687 0.000000 0.000000 0 0 0.000000
1652144787542678912 2036.391380 1.332118 1 0 0.000000
1652144788793009022 0.000000 0.000000 0 0 0.000000
1652144789585293653 1968.331145 1.262173 1 0 0.000000
1652144790795021520 0.000000 0.000000 0 0 0.000000
1652144791670237598 1997.650852 1.142575 1 0 0.000000
1652144792796223789 0.000000 0.000000 0 0 0.000000
1652144793531159974 1827.646968 1.360662 1 0 0.000000
1652144794797768232 0.000000 0.000000 0 0 0.000000
1652144795798627022 0.000000 0.000000 0 0 0.000000
1652144796098901581 2435.409569 3.330286 1 0 0.000000
1652144797800190830 0.000000 0.000000 0 0 0.000000
1652144798110020271 1745.012188 3.227583 1 0 0.000000
1652144799800860812 0.000000 0.000000 0 0 0.000000
1652144800037369855 1832.138303 4.228169 1 0 0.000000
1652144801801736194 0.000000 0.000000 0 0 0.000000
1652144802294221768 2104.480281 2.030517 1 0 0.000000
1652144803802610559 0.000000 0.000000 0 0 0.000000
1652144804199775510 1883.370183 2.517846 1 0 0.000000
1652144805802800255 0.000000 0.000000 0 0 0.000000
1652144806169895796 1967.978359 2.724087 1 0 0.000000
1652144807793402778 1524.212837 0.615951 1 0 0.000000
1652144808803666840 0.000000 0.000000 0 0 0.000000
1652144809803773964 0.000000 0.000000 0 0 0.000000
1652144810241716441 2255.719904 2.283405 1 0 0.000000
1652144811805658287 0.000000 0.000000 0 0 0.000000
1652144812295408502 2003.842552 2.041857 1 0 0.000000
1652144813806771222 0.000000 0.000000 0 0 0.000000
1652144814307787988 1997.115042 1.995941 1 0 0.000000
1652144815807961739 0.000000 0.000000 0 0 0.000000
1652144816808367891 0.000000 0.000000 0 0 0.000000
1652144817809494931 0.000000 0.000000 0 0 0.000000
1652144818809863233 0.000000 0.000000 0 0 0.000000
1652144819246521524 4883.508310 2.290121 1 0 0.000000
1652144820811499910 0.000000 0.000000 0 0 0.000000
1652144821378101017 2107.446649 1.764910 1 0 0.000000
1652144822812777718 0.000000 0.000000 0 0 0.000000
1652144823246154214 1844.876572 2.307463 1 0 0.000000
1652144824814505931 0.000000 0.000000 0 0 0.000000
1652144825295364007 2043.963863 2.079616 1 0 0.000000
1652144826815450976 0.000000 0.000000 0 0 0.000000
1652144827550782130 2233.170612 1.359932 1 0 0.000000
1652144828816646950 0.000000 0.000000 0 0 0.000000
1652144829559528936 2006.486408 1.346109 1 0 0.000000
1652144830817969181 0.000000 0.000000 0 0 0.000000
1652144831818071718 0.000000 0.000000 0 0 0.000000
1652144831995386807 2289.492981 5.639679 1 0 0.000000
1652144833818916162 0.000000 0.000000 0 0 0.000000
1652144833983126036 1981.587386 6.089770 1 0 0.000000
1652144835820231622 0.000000 0.000000 0 0 0.000000
1652144835996554006 1990.180908 5.671432 1 0 0.000000
1652144837820958699 0.000000 0.000000 0 0 0.000000
1652144838588419175 2590.729852 1.302999 1 0 0.000000
1652144839821823157 0.000000 0.000000 0 0 0.000000
1652144840791337976 2157.165615 1.031444 1 0 0.000000
1652144841822619107 0.000000 0.000000 0 0 0.000000
1652144842823747321 0.000000 0.000000 0 0 0.000000
1652144842938671200 1968.773205 8.701416 1 0 0.000000
1652144844824740645 0.000000 0.000000 0 0 0.000000
1652144845323933901 2238.855136 2.003232 1 0 0.000000
1652144846825051420 0.000000 0.000000 0 0 0.000000
1652144847399043966 1982.492097 1.742183 1 0 0.000000
1652144848826564625 0.000000 0.000000 0 0 0.000000
1652144849462072299 2016.876995 1.573545 1 0 0.000000
1652144850827356792 0.000000 0.000000 0 0 0.000000
1652144851509468157 2026.144955 1.466036 1 0 0.000000
1652144852829446399 0.000000 0.000000 0 0 0.000000
1652144853646338097 2066.630713 1.224153 1 0 0.000000
1652144854830723944 0.000000 0.000000 0 0 0.000000
1652144855830905230 0.000000 0.000000 0 0 0.000000
1652144855860753907 2159.143850 33.502379 1 0 0.000000
1652144857673063912 1806.052626 0.551782 1 0 0.000000
1652144858832785256 0.000000 0.000000 0 0 0.000000
1652144859619692101 1896.420375 1.270799 1 0 0.000000
1652144860834526964 0.000000 0.000000 0 0 0.000000
1652144861834628903 0.000000 0.000000 0 0 0.000000
1652144861881697920 2065.633629 21.245421 1 0 0.000000
1652144863836259311 0.000000 0.000000 0 0 0.000000
1652144863840830495 1869.840690 218.763187 1 0 0.000000
1652144865656798671 1758.708300 0.550670 1 0 0.000000
1652144866837919341 0.000000 0.000000 0 0 0.000000
1652144867413415212 1645.300407 1.737632 1 0 0.000000
1652144868838944712 0.000000 0.000000 0 0 0.000000
1652144869170752623 1723.092316 3.013792 1 0 0.000000
1652144870840170655 0.000000 0.000000 0 0 0.000000
1652144870877128423 1666.110282 27.057947 1 0 0.000000
1652144872840708899 0.000000 0.000000 0 0 0.000000
1652144873367535636 2322.058764 1.898157 1 0 0.000000
1652144874842278220 0.000000 0.000000 0 0 0.000000
1652144875364830104 1990.117304 1.913686 1 0 0.000000
1652144876843775400 0.000000 0.000000 0 0 0.000000
1652144877112315253 1525.833547 3.723843 1 0 0.000000
1652144878844327862 0.000000 0.000000 0 0 0.000000
1652144879174160217 1920.503511 3.031844 1 0 0.000000
1652144880714836766 1533.534123 0.649066 1 0 0.000000
1652144881845807095 0.000000 0.000000 0 0 0.000000
1652144882845924146 0.000000 0.000000 0 0 0.000000
1652144882889332103 2106.204507 23.037278 1 0 0.000000
1652144884847928650 0.000000 0.000000 0 0 0.000000
1652144885263715725 2255.161025 2.405077 1 0 0.000000
1652144886849703165 0.000000 0.000000 0 0 0.000000
1652144887019268570 1692.256124 5.897430 1 0 0.000000
1652144888850583478 0.000000 0.000000 0 0 0.000000
1652144889001849156 1915.352850 6.610887 1 0 0.000000
1652144890821655599 1774.556335 0.549509 1 0 0.000000
1652144891852491465 0.000000 0.000000 0 0 0.000000
1652144892852604990 0.000000 0.000000 0 0 0.000000
1652144892997274492 2114.219034 6.912309 1 0 0.000000
1652144894852802236 0.000000 0.000000 0 0 0.000000
1652144895353391740 2332.895358 1.997645 1 0 0.000000
1652144896854529269 0.000000 0.000000 0 0 0.000000
1652144897329272579 1779.259039 2.106402 1 0 0.000000
1652144898855331889 0.000000 0.000000 0 0 0.000000
1652144899605786209 2120.257061 1.332526 1 0 0.000000
1652144900856064615 0.000000 0.000000 0 0 0.000000
1652144901632652855 1981.691438 1.287684 1 0 0.000000
1652144902856509819 0.000000 0.000000 0 0 0.000000
1652144903638452612 1941.537850 1.278866 1 0 0.000000
1652144904858013325 0.000000 0.000000 0 0 0.000000
1652144905529782156 1857.083888 1.488607 1 0 0.000000
1652144906859133019 0.000000 0.000000 0 0 0.000000
1652144907336894523 1793.865931 2.093095 1 0 0.000000
1652144908860260225 0.000000 0.000000 0 0 0.000000
1652144909505169351 2163.027965 1.550606 1 0 0.000000
1652144910860708866 0.000000 0.000000 0 0 0.000000
1652144911861519104 0.000000 0.000000 0 0 0.000000
1652144911931922646 1897.848845 14.203840 1 0 0.000000
1652144913862644905 0.000000 0.000000 0 0 0.000000
1652144914222962777 2197.749631 2.775328 1 0 0.000000
1652144915864067965 0.000000 0.000000 0 0 0.000000
1652144916519037576 2165.751870 1.526789 1 0 0.000000
1652144917865178066 0.000000 0.000000 0 0 0.000000
1652144918865282040 0.000000 0.000000 0 0 0.000000
1652144918899880506 2210.425172 28.903058 1 0 0.000000
1652144920858315324 1932.187203 0.510612 1 0 0.000000
1652144921866299895 0.000000 0.000000 0 0 0.000000
1652144922327168535 1463.561945 2.169816 1 0 0.000000
1652144923867412627 0.000000 0.000000 0 0 0.000000
1652144924514763206 2116.327066 1.544758 1 0 0.000000
1652144925867999243 0.000000 0.000000 0 0 0.000000
1652144926579549062 1922.437456 1.405383 1 0 0.000000
1652144927869526856 0.000000 0.000000 0 0 0.000000
1652144928485549766 1827.727261 1.623316 1 0 0.000000
1652144929870751123 0.000000 0.000000 0 0 0.000000
1652144930871713655 0.000000 0.000000 0 0 0.000000
1652144931070632445 2482.854401 5.027179 1 0 0.000000
1652144932872352932 0.000000 0.000000 0 0 0.000000
1652144932951098757 1837.274290 12.699093 1 0 0.000000
1652144934872589945 0.000000 0.000000 0 0 0.000000
1652144935431204232 2458.951048 1.790144 1 0 0.000000
1652144936873826418 0.000000 0.000000 0 0 0.000000
1652144937413018248 1952.618367 1.854628 1 0 0.000000
1652144938875118070 0.000000 0.000000 0 0 0.000000
1652144939875185694 0.000000 0.000000 0 0 0.000000
1652144939877657856 2267.693743 404.512417 1 0 0.000000
1652144941876267706 0.000000 0.000000 0 0 0.000000
1652144942168101101 2229.186296 3.426613 1 0 0.000000
1652144943761529468 1465.185241 0.627578 1 0 0.000000
1652144944877934046 0.000000 0.000000 0 0 0.000000
1652144945878959420 0.000000 0.000000 0 0 0.000000
1652144946204941634 2350.216278 3.067652 1 0 0.000000
1652144947879858179 0.000000 0.000000 0 0 0.000000
1652144948077899424 1825.775673 5.049454 1 0 0.000000
1652144949815423783 1655.324518 0.575531 1 0 0.000000
1652144950882181981 0.000000 0.000000 0 0 0.000000
1652144951882305236 0.000000 0.000000 0 0 0.000000
1652144952525275362 2693.575080 1.555282 1 0 0.000000
1652144953882597649 0.000000 0.000000 0 0 0.000000
1652144954747579407 2213.057747 1.156094 1 0 0.000000
1652144955883764342 0.000000 0.000000 0 0 0.000000
1652144956768902503 2002.152561 1.129767 1 0 0.000000
1652144957885260623 0.000000 0.000000 0 0 0.000000
1652144958885459495 0.000000 0.000000 0 0 0.000000
1652144958924576426 2097.417719 25.564410 1 0 0.000000
1652144960787266893 1751.368781 0.536858 1 0 0.000000
1652144961887065662 0.000000 0.000000 0 0 0.000000
1652144962887132564 0.000000 0.000000 0 0 0.000000
1652144963508516499 2696.999626 1.609311 1 0 0.000000
1652144964888811655 0.000000 0.000000 0 0 0.000000
1652144965518124559 1875.602062 1.589035 1 0 0.000000
1652144966889563183 0.000000 0.000000 0 0 0.000000
1652144967785565477 2102.050115 1.116069 1 0 0.000000
1652144968890646702 0.000000 0.000000 0 0 0.000000
1652144969890762996 0.000000 0.000000 0 0 0.000000
1652144970087492694 2153.938791 5.083118 1 0 0.000000
1652144971806407677 1624.700181 0.581762 1 0 0.000000
1652144972893508390 0.000000 0.000000 0 0 0.000000
1652144973768014124 1926.502745 1.143503 1 0 0.000000
1652144974894909984 0.000000 0.000000 0 0 0.000000
1652144975441341740 1500.511324 1.830055 1 0 0.000000
1652144976896067887 0.000000 0.000000 0 0 0.000000
1652144977474768612 1870.142667 1.728009 1 0 0.000000
1652144978897181043 0.000000 0.000000 0 0 0.000000
1652144979353368775 1825.351626 2.192080 1 0 0.000000
1652144980898816446 0.000000 0.000000 0 0 0.000000
1652144981898927338 0.000000 0.000000 0 0 0.000000
1652144982899474392 0.000000 0.000000 0 0 0.000000
1652144983899675242 0.000000 0.000000 0 0 0.000000
1652144983964657287 4508.991844 15.388877 1 0 0.000000
1652144985901217054 0.000000 0.000000 0 0 0.000000
1652144986377569587 2257.135489 2.099286 1 0 0.000000
1652144987901982110 0.000000 0.000000 0 0 0.000000
1652144988215897686 1703.013508 3.185570 1 0 0.000000
1652144989902801674 0.000000 0.000000 0 0 0.000000
1652144990293343091 1947.250129 2.560548 1 0 0.000000
1652144991903522367 0.000000 0.000000 0 0 0.000000
1652144991933839756 1605.684940 32.984444 1 0 0.000000
1652144993905210061 0.000000 0.000000 0 0 0.000000
1652144994034085921 1981.959984 7.759408 1 0 0.000000
1652144995907268902 0.000000 0.000000 0 0 0.000000
1652144995942618889 1839.252175 28.288594 1 0 0.000000
1652144997908331408 0.000000 0.000000 0 0 0.000000
1652144998045611861 2089.745460 7.284361 1 0 0.000000
1652144999909922041 0.000000 0.000000 0 0 0.000000
1652144999913462158 1863.604384 282.480529 1 0 0.000000
1652145001468771190 1497.004101 0.642959 1 0 0.000000
1652145002912387864 0.000000 0.000000 0 0 0.000000
1652145003912983421 0.000000 0.000000 0 0 0.000000
1652145004463510854 2963.493459 1.816440 1 0 0.000000
1652145005914365425 0.000000 0.000000 0 0 0.000000
1652145006334170350 1822.410748 2.382059 1 0 0.000000
1652145007916087914 0.000000 0.000000 0 0 0.000000
1652145008795326527 2398.918351 1.137348 1 0 0.000000
1652145009917597089 0.000000 0.000000 0 0 0.000000
1652145010918699381 0.000000 0.000000 0 0 0.000000
1652145011131819218 2274.227384 4.692197 1 0 0.000000
1652145012919710037 0.000000 0.000000 0 0 0.000000
1652145013381761894 1978.465858 2.164259 1 0 0.000000
1652145014920545653 0.000000 0.000000 0 0 0.000000
1652145015616114254 2208.102872 1.437673 1 0 0.000000
1652145016921647375 0.000000 0.000000 0 0 0.000000
1652145017667973662 2026.621791 1.339897 1 0 0.000000
1652145018923793686 0.000000 0.000000 0 0 0.000000
1652145019726967931 1928.788965 1.245060 1 0 0.000000
1652145020925128269 0.000000 0.000000 0 0 0.000000
1652145021925242137 0.000000 0.000000 0 0 0.000000
1652145022062958576 2136.976008 7.261300 1 0 0.000000
1652145023926360363 0.000000 0.000000 0 0 0.000000
1652145024291924626 2150.793221 2.735498 1 0 0.000000
1652145025927556897 0.000000 0.000000 0 0 0.000000
1652145026382350264 1994.134336 2.198801 1 0 0.000000
1652145027928192322 0.000000 0.000000 0 0 0.000000
1652145028244450219 1840.852618 3.161977 1 0 0.000000
1652145029929297815 0.000000 0.000000 0 0 0.000000
1652145030655081856 2280.294544 1.377820 1 0 0.000000
1652145031930296133 0.000000 0.000000 0 0 0.000000
1652145032930447038 0.000000 0.000000 0 0 0.000000
1652145032948829189 2274.497277 54.400757 1 0 0.000000
1652145034932277992 0.000000 0.000000 0 0 0.000000
1652145035136653365 1959.481934 4.892959 1 0 0.000000
1652145036934355130 0.000000 0.000000 0 0 0.000000
1652145037219324185 1909.400276 3.509154 1 0 0.000000
1652145038935194560 0.000000 0.000000 0 0 0.000000
1652145039135447959 1762.776635 4.993674 1 0 0.000000
1652145040858147671 1694.519151 0.580484 1 0 0.000000
1652145041936179972 0.000000 0.000000 0 0 0.000000
1652145042936243073 0.000000 0.000000 0 0 0.000000
1652145042981100277 2019.420406 22.292988 1 0 0.000000
1652145044936860497 0.000000 0.000000 0 0 0.000000
1652145045338146471 2287.773811 2.491989 1 0 0.000000
1652145046938107713 0.000000 0.000000 0 0 0.000000
1652145046968255540 1608.951902 33.169946 1 0 0.000000
1652145048939038296 0.000000 0.000000 0 0 0.000000
1652145049258701751 2010.068630 3.128291 1 0 0.000000
1652145050940460996 0.000000 0.000000 0 0 0.000000
1652145051249668011 1985.717591 3.234080 1 0 0.000000
1652145052941409204 0.000000 0.000000 0 0 0.000000
1652145053613599829 2346.034057 1.487673 1 0 0.000000
1652145054942462589 0.000000 0.000000 0 0 0.000000
1652145055571030306 1935.178122 1.590919 1 0 0.000000
1652145056943492638 0.000000 0.000000 0 0 0.000000
1652145057760380867 2098.062749 1.224158 1 0 0.000000
1652145058944975453 0.000000 0.000000 0 0 0.000000
1652145059567895791 1736.271113 1.605342 1 0 0.000000
1652145060946610081 0.000000 0.000000 0 0 0.000000
1652145061571409964 1993.258283 1.600513 1 0 0.000000
1652145062948169775 0.000000 0.000000 0 0 0.000000
1652145063948267182 0.000000 0.000000 0 0 0.000000
1652145064129938615 2376.531347 5.504444 1 0 0.000000
1652145065949689260 0.000000 0.000000 0 0 0.000000
1652145066555670632 2118.208579 1.650216 1 0 0.000000
1652145067950873092 0.000000 0.000000 0 0 0.000000
1652145068656848637 2048.524789 1.416480 1 0 0.000000
1652145069952167476 0.000000 0.000000 0 0 0.000000
1652145070449463351 1782.360047 2.010876 1 0 0.000000
1652145071953480700 0.000000 0.000000 0 0 0.000000
1652145072954067443 0.000000 0.000000 0 0 0.000000
1652145072973120709 2421.108541 52.484578 1 0 0.000000
1652145074530903488 1409.433026 0.641938 1 0 0.000000
1652145075955819818 0.000000 0.000000 0 0 0.000000
1652145076394293827 1636.944212 2.280637 1 0 0.000000
1652145077957121234 0.000000 0.000000 0 0 0.000000
1652145078640076171 2167.558830 1.464225 1 0 0.000000
1652145079957998624 0.000000 0.000000 0 0 0.000000
1652145080396572385 1742.325352 2.280118 1 0 0.000000
1652145081959579603 0.000000 0.000000 0 0 0.000000
1652145082292473950 1831.950230 3.003957 1 0 0.000000
1652145083960925181 0.000000 0.000000 0 0 0.000000
1652145084102183826 1805.459917 7.079215 1 0 0.000000
1652145085771697093 1594.343200 0.598977 1 0 0.000000
1652145086961815342 0.000000 0.000000 0 0 0.000000
1652145087581951236 1627.868826 1.612550 1 0 0.000000
1652145088963526390 0.000000 0.000000 0 0 0.000000
1652145089053776043 1443.529644 11.080381 1 0 0.000000
1652145090964814287 0.000000 0.000000 0 0 0.000000
1652145091338063095 2223.048672 2.679178 1 0 0.000000
1652145092965737258 0.000000 0.000000 0 0 0.000000
1652145093625103925 2242.766108 1.516607 1 0 0.000000
1652145094967520029 0.000000 0.000000 0 0 0.000000
1652145095611640350 1906.339376 1.552505 1 0 0.000000
1652145096969076445 0.000000 0.000000 0 0 0.000000
1652145097929598236 2055.599927 1.041101 1 0 0.000000
1652145098970741192 0.000000 0.000000 0 0 0.000000
1652145099309347711 1374.473650 2.953281 1 0 0.000000
1652145100972787712 0.000000 0.000000 0 0 0.000000
1652145101200151952 1814.530659 4.398230 1 0 0.000000
1652145102973093974 0.000000 0.000000 0 0 0.000000
1652145103544245132 2105.678456 1.750850 1 0 0.000000
1652145104974888637 0.000000 0.000000 0 0 0.000000
1652145105147692683 1538.187808 5.786903 1 0 0.000000
1652145106976673573 0.000000 0.000000 0 0 0.000000
1652145107190131626 1934.151409 4.684762 1 0 0.000000
1652145108830413550 1578.007985 0.609651 1 0 0.000000
1652145109978920924 0.000000 0.000000 0 0 0.000000
1652145110886783358 1780.443347 1.101489 1 0 0.000000
1652145111980526716 0.000000 0.000000 0 0 0.000000
1652145112980668495 0.000000 0.000000 0 0 0.000000
1652145113264560444 2271.198900 3.522468 1 0 0.000000
1652145114981921053 0.000000 0.000000 0 0 0.000000
1652145115173021696 1874.208322 5.232846 1 0 0.000000
1652145116982854350 0.000000 0.000000 0 0 0.000000
1652145117445879256 2234.605534 2.159711 1 0 0.000000
1652145118983047616 0.000000 0.000000 0 0 0.000000
1652145119476496027 1920.308365 2.026554 1 0 0.000000
1652145120984196774 0.000000 0.000000 0 0 0.000000
1652145121565201844 2058.524247 1.721156 1 0 0.000000
1652145122986266387 0.000000 0.000000 0 0 0.000000
1652145123923270191 2229.722074 1.067232 1 0 0.000000
1652145124987185873 0.000000 0.000000 0 0 0.000000
1652145125987442011 0.000000 0.000000 0 0 0.000000
1652145126428035373 2408.198881 2.269667 1 0 0.000000
1652145127988544535 0.000000 0.000000 0 0 0.000000
1652145128538367620 2047.138239 1.818767 1 0 0.000000
1652145129989872875 0.000000 0.000000 0 0 0.000000
1652145130019154594 1420.540340 34.151055 1 0 0.000000
1652145131990836263 0.000000 0.000000 0 0 0.000000
1652145132131499433 2065.074745 7.109184 1 0 0.000000
1652145133992049351 0.000000 0.000000 0 0 0.000000
1652145134535366202 2051.421051 1.840547 1 0 0.000000
1652145135993015540 0.000000 0.000000 0 0 0.000000
1652145136863041828 2259.030355 1.149391 1 0 0.000000
1652145137993651850 0.000000 0.000000 0 0 0.000000
1652145138974764404 2100.542587 1.019251 1 0 0.000000
1652145139994205898 0.000000 0.000000 0 0 0.000000
1652145140616539672 1622.547560 1.606855 1 0 0.000000
1652145141994476794 0.000000 0.000000 0 0 0.000000
1652145142994578189 0.000000 0.000000 0 0 0.000000
1652145143034653572 2187.675249 24.953005 1 0 0.000000
1652145144996373739 0.000000 0.000000 0 0 0.000000
1652145145075166014 2020.241302 12.691607 1 0 0.000000
1652145146997007759 0.000000 0.000000 0 0 0.000000
1652145147112287272 2000.869442 8.674572 1 0 0.000000
1652145148998306224 0.000000 0.000000 0 0 0.000000
1652145149434118804 2127.441315 2.294565 1 0 0.000000
1652145150999386840 0.000000 0.000000 0 0 0.000000
1652145151342888868 1811.473549 2.911191 1 0 0.000000
1652145153000560873 0.000000 0.000000 0 0 0.000000
1652145153612659816 2125.430074 1.633723 1 0 0.000000
1652145155002482163 0.000000 0.000000 0 0 0.000000
1652145155750397304 2095.479257 1.337050 1 0 0.000000
1652145157004294125 0.000000 0.000000 0 0 0.000000
1652145157421597109 1663.058789 2.396341 1 0 0.000000
1652145159004858582 0.000000 0.000000 0 0 0.000000
1652145159581778751 2057.860080 1.733342 1 0 0.000000
1652145161005714939 0.000000 0.000000 0 0 0.000000
1652145161195110458 1550.169367 5.279957 1 0 0.000000
1652145163007373224 0.000000 0.000000 0 0 0.000000
1652145163702053504 2280.330487 1.439511 1 0 0.000000
1652145165008653598 0.000000 0.000000 0 0 0.000000
1652145166008763265 0.000000 0.000000 0 0 0.000000
1652145166125357493 2368.047378 8.576760 1 0 0.000000
1652145167810736636 1605.117362 0.593338 1 0 0.000000
1652145169010873402 0.000000 0.000000 0 0 0.000000
1652145169616879311 1779.895885 1.650149 1 0 0.000000
1652145171012465521 0.000000 0.000000 0 0 0.000000
1652145171566856296 1865.694339 1.803782 1 0 0.000000
1652145173013019623 0.000000 0.000000 0 0 0.000000
1652145173829202921 2184.959558 1.225215 1 0 0.000000
1652145175014138974 0.000000 0.000000 0 0 0.000000
1652145175824293547 1990.852472 1.234332 1 0 0.000000
1652145177014957643 0.000000 0.000000 0 0 0.000000
1652145178015154690 0.000000 0.000000 0 0 0.000000
1652145178140291250 2164.713428 7.991274 1 0 0.000000
1652145179877430705 1641.841355 0.575659 1 0 0.000000
1652145181016466895 0.000000 0.000000 0 0 0.000000
1652145181766593822 1635.600100 1.333108 1 0 0.000000
1652145183018319906 0.000000 0.000000 0 0 0.000000
1652145184019311388 0.000000 0.000000 0 0 0.000000
1652145185019410785 0.000000 0.000000 0 0 0.000000
1652145185208967934 3384.115981 5.275455 1 0 0.000000
1652145186744150588 1525.932800 0.651388 1 0 0.000000
1652145188022117048 0.000000 0.000000 0 0 0.000000
1652145188898461043 2115.048177 1.141104 1 0 0.000000
1652145190023696136 0.000000 0.000000 0 0 0.000000
1652145190981220770 2024.527165 1.044360 1 0 0.000000
1652145192024915207 0.000000 0.000000 0 0 0.000000
1652145193025628433 0.000000 0.000000 0 0 0.000000
1652145193343510756 2006.512710 3.145818 1 0 0.000000
1652145195026759222 0.000000 0.000000 0 0 0.000000
1652145195519120060 2167.374092 2.031031 1 0 0.000000
1652145197027804103 0.000000 0.000000 0 0 0.000000
1652145197376213953 1773.801252 2.870183 1 0 0.000000
1652145199029004513 0.000000 0.000000 0 0 0.000000
1652145199641581593 2182.125086 1.632448 1 0 0.000000
1652145201030012401 0.000000 0.000000 0 0 0.000000
1652145201896334610 2240.498012 1.154305 1 0 0.000000
1652145203031239944 0.000000 0.000000 0 0 0.000000
1652145204031343753 0.000000 0.000000 0 0 0.000000
1652145204086293110 2140.736705 18.198592 1 0 0.000000
1652145206032980997 0.000000 0.000000 0 0 0.000000
1652145206268838021 2135.294314 4.239858 1 0 0.000000
1652145207695650313 1309.519891 0.700863 1 0 0.000000
1652145209034390531 0.000000 0.000000 0 0 0.000000
1652145209735433687 1964.509373 1.426446 1 0 0.000000
1652145211036428251 0.000000 0.000000 0 0 0.000000
1652145211917011790 2121.321187 1.135611 1 0 0.000000
1652145213037603219 0.000000 0.000000 0 0 0.000000
1652145214038120289 0.000000 0.000000 0 0 0.000000
1652145214060100972 2110.878891 45.494587 1 0 0.000000
1652145216039792789 0.000000 0.000000 0 0 0.000000
1652145216339273991 2274.946796 3.339108 1 0 0.000000
1652145218040670524 0.000000 0.000000 0 0 0.000000
1652145218411530877 1756.846847 2.696433 1 0 0.000000
1652145220042076780 0.000000 0.000000 0 0 0.000000
1652145220681944554 2242.341107 1.562823 1 0 0.000000
1652145222043127379 0.000000 0.000000 0 0 0.000000
1652145223043831609 0.000000 0.000000 0 0 0.000000
1652145223143233407 2275.008008 10.060188 1 0 0.000000
1652145225044002909 0.000000 0.000000 0 0 0.000000
1652145225174624054 2028.145589 7.655731 1 0 0.000000
1652145227044189664 0.000000 0.000000 0 0 0.000000
1652145227123258080 1871.353312 12.647283 1 0 0.000000
1652145229002297599 1875.772371 0.532187 1 0 0.000000
1652145230046642890 0.000000 0.000000 0 0 0.000000
1652145231047649445 0.000000 0.000000 0 0 0.000000
1652145231254366059 2155.921400 4.837542 1 0 0.000000
1652145233049016966 0.000000 0.000000 0 0 0.000000
1652145233597145411 2057.067232 1.824390 1 0 0.000000
1652145235050003123 0.000000 0.000000 0 0 0.000000
1652145235736928375 2097.570270 1.455763 1 0 0.000000
1652145237051595578 0.000000 0.000000 0 0 0.000000
1652145237740867484 1989.795682 1.450806 1 0 0.000000
1652145239052609474 0.000000 0.000000 0 0 0.000000
1652145239783809975 1944.646459 1.367614 1 0 0.000000
1652145241054466216 0.000000 0.000000 0 0 0.000000
1652145242054526588 0.000000 0.000000 0 0 0.000000
1652145242197314606 2339.236824 7.003391 1 0 0.000000
1652145244055093289 0.000000 0.000000 0 0 0.000000
1652145244435083342 2107.541123 2.631648 1 0 0.000000
1652145246056878453 0.000000 0.000000 0 0 0.000000
1652145246456202747 1934.433803 2.504231 1 0 0.000000
1652145248058521542 0.000000 0.000000 0 0 0.000000
1652145248665592648 2196.120673 1.647254 1 0 0.000000
1652145250059776093 0.000000 0.000000 0 0 0.000000
1652145250225024757 1372.146455 6.051488 1 0 0.000000
1652145252060773213 0.000000 0.000000 0 0 0.000000
1652145252319664113 2091.390686 3.862632 1 0 0.000000
1652145254061346039 0.000000 0.000000 0 0 0.000000
1652145254442261529 2116.351201 2.625255 1 0 0.000000
1652145256062090607 0.000000 0.000000 0 0 0.000000
1652145256812688452 1960.523857 1.332271 1 0 0.000000
1652145258064193990 0.000000 0.000000 0 0 0.000000
1652145259064292586 0.000000 0.000000 0 0 0.000000
1652145259191353256 2122.886574 7.870258 1 0 0.000000
1652145261065708965 0.000000 0.000000 0 0 0.000000
1652145261227400442 1866.936312 6.184620 1 0 0.000000
1652145263066377378 0.000000 0.000000 0 0 0.000000
1652145263396940914 2159.297048 3.025137 1 0 0.000000
1652145265067931072 0.000000 0.000000 0 0 0.000000
1652145265165901864 1747.692104 10.207129 1 0 0.000000
1652145267068844771 0.000000 0.000000 0 0 0.000000
1652145267232349867 1941.817920 6.116019 1 0 0.000000
1652145269069099529 0.000000 0.000000 0 0 0.000000
1652145269351063890 2075.568263 3.546548 1 0 0.000000
1652145271070559902 0.000000 0.000000 0 0 0.000000
1652145271104315540 1740.011404 29.624701 1 0 0.000000
1652145272998845118 1736.263174 0.527836 1 0 0.000000
1652145274072648045 0.000000 0.000000 0 0 0.000000
1652145274881102005 1831.115489 1.236929 1 0 0.000000
1652145276074050249 0.000000 0.000000 0 0 0.000000
1652145277074147807 0.000000 0.000000 0 0 0.000000
1652145277314073900 2022.568405 4.167951 1 0 0.000000
1652145279043158836 1694.839843 0.578341 1 0 0.000000
1652145280075790627 0.000000 0.000000 0 0 0.000000
1652145280668119273 1581.544567 1.688252 1 0 0.000000
1652145282077371754 0.000000 0.000000 0 0 0.000000
1652145282645471527 1971.111328 1.760254 1 0 0.000000
1652145284078956459 0.000000 0.000000 0 0 0.000000
1652145285079050294 0.000000 0.000000 0 0 0.000000
1652145285240388220 2492.600303 6.198172 1 0 0.000000
1652145287079290757 0.000000 0.000000 0 0 0.000000
1652145287406040372 2084.376466 3.060448 1 0 0.000000
1652145289080518803 0.000000 0.000000 0 0 0.000000
1652145289614302777 2072.971975 1.873417 1 0 0.000000
1652145291082310242 0.000000 0.000000 0 0 0.000000
1652145291398418645 1761.901981 3.163472 1 0 0.000000
1652145293083573812 0.000000 0.000000 0 0 0.000000
1652145293380645712 1818.587836 3.366189 1 0 0.000000
1652145295084001812 0.000000 0.000000 0 0 0.000000
1652145295652519548 1986.473460 1.758960 1 0 0.000000
1652145297085001655 0.000000 0.000000 0 0 0.000000
1652145297447537119 1736.805606 2.758351 1 0 0.000000
1652145299085507254 0.000000 0.000000 0 0 0.000000
1652145299223277612 1745.493985 7.258458 1 0 0.000000
1652145301086932105 0.000000 0.000000 0 0 0.000000
1652145301195893319 1916.365964 9.177582 1 0 0.000000
1652145303088090914 0.000000 0.000000 0 0 0.000000
1652145303600906842 2020.208382 1.950018 1 0 0.000000
1652145305089301540 0.000000 0.000000 0 0 0.000000
1652145305715036392 2073.859622 1.598121 1 0 0.000000
1652145307090493893 0.000000 0.000000 0 0 0.000000
1652145307701204637 1953.921448 1.637437 1 0 0.000000
1652145309091517066 0.000000 0.000000 0 0 0.000000
1652145309623709731 1766.141036 1.879019 1 0 0.000000
1652145311092261073 0.000000 0.000000 0 0 0.000000
1652145311597354057 1779.257992 1.979834 1 0 0.000000
1652145313093575126 0.000000 0.000000 0 0 0.000000
1652145313777750083 2009.855463 1.461615 1 0 0.000000
1652145315094331617 0.000000 0.000000 0 0 0.000000
1652145315268649005 1450.651760 5.736664 1 0 0.000000
1652145317031480277 1601.883902 0.567269 1 0 0.000000
1652145318095268948 0.000000 0.000000 0 0 0.000000
1652145319095367279 0.000000 0.000000 0 0 0.000000
1652145319102259076 2022.531067 145.101090 1 0 0.000000
1652145320999775430 1807.314823 0.527005 1 0 0.000000
1652145322097134725 0.000000 0.000000 0 0 0.000000
1652145322941250621 1847.187480 1.184671 1 0 0.000000
1652145324098959880 0.000000 0.000000 0 0 0.000000
1652145325097344533 2121.850747 1.001618 1 0 0.000000
1652145326100708963 0.000000 0.000000 0 0 0.000000
1652145327101851654 0.000000 0.000000 0 0 0.000000
1652145327198261986 2055.356624 10.372338 1 0 0.000000
1652145329102361418 0.000000 0.000000 0 0 0.000000
1652145329358803271 2023.638159 3.899520 1 0 0.000000
1652145331104462489 0.000000 0.000000 0 0 0.000000
1652145331152130991 1699.003351 20.978241 1 0 0.000000
1652145332958488320 1756.094613 0.553600 1 0 0.000000
1652145334105863370 0.000000 0.000000 0 0 0.000000
1652145335051376561 2085.774891 1.057627 1 0 0.000000
1652145336106192899 0.000000 0.000000 0 0 0.000000
1652145336857498397 1764.872526 1.331017 1 0 0.000000
1652145338107521451 0.000000 0.000000 0 0 0.000000
1652145338989443137 2044.765760 1.133888 1 0 0.000000
1652145340108767118 0.000000 0.000000 0 0 0.000000
1652145341109695288 0.000000 0.000000 0 0 0.000000
1652145341277892187 2092.895517 5.945415 1 0 0.000000
1652145343101219357 1757.058910 0.548448 1 0 0.000000
1652145344111946651 0.000000 0.000000 0 0 0.000000
1652145344861529651 1758.052328 1.334075 1 0 0.000000
1652145346113019685 0.000000 0.000000 0 0 0.000000
1652145346636207660 1748.410927 1.911359 1 0 0.000000
1652145348113873868 0.000000 0.000000 0 0 0.000000
1652145348825314643 2038.436589 1.405598 1 0 0.000000
1652145350114482273 0.000000 0.000000 0 0 0.000000
1652145350316403696 1483.946579 4.952422 1 0 0.000000
1652145352115338615 0.000000 0.000000 0 0 0.000000
1652145352454508682 2053.132705 2.948374 1 0 0.000000
1652145354116541604 0.000000 0.000000 0 0 0.000000
1652145354373353397 1915.597255 3.893903 1 0 0.000000
1652145355982340240 1560.887899 0.621509 1 0 0.000000
1652145357118622037 0.000000 0.000000 0 0 0.000000
1652145357554263475 1475.616500 2.295466 1 0 0.000000
1652145359119796934 0.000000 0.000000 0 0 0.000000
1652145359444620199 1837.209229 3.078598 1 0 0.000000
1652145361121419344 0.000000 0.000000 0 0 0.000000
1652145361576566776 1961.577784 2.197091 1 0 0.000000
1652145363122177538 0.000000 0.000000 0 0 0.000000
1652145363348935215 1765.119522 4.409995 1 0 0.000000
1652145364992197988 1609.041321 0.608545 1 0 0.000000
1652145366123714481 0.000000 0.000000 0 0 0.000000
1652145367000068287 1826.417338 1.141092 1 0 0.000000
1652145368125501237 0.000000 0.000000 0 0 0.000000
1652145368978329832 1640.556049 1.172569 1 0 0.000000
1652145370125859230 0.000000 0.000000 0 0 0.000000
1652145371126845002 0.000000 0.000000 0 0 0.000000
1652145371392096090 2092.964407 3.770014 1 0 0.000000
1652145373127665752 0.000000 0.000000 0 0 0.000000
1652145373350580901 1643.967473 4.486013 1 0 0.000000
1652145374889870491 1522.020728 0.649650 1 0 0.000000
1652145376129294899 0.000000 0.000000 0 0 0.000000
1652145376796548274 1835.916678 1.498681 1 0 0.000000
1652145378129611948 0.000000 0.000000 0 0 0.000000
1652145378653565222 1761.722665 1.908567 1 0 0.000000
1652145380130588016 0.000000 0.000000 0 0 0.000000
1652145380830730019 2078.838441 1.428282 1 0 0.000000
1652145382132297798 0.000000 0.000000 0 0 0.000000
1652145382515161277 1520.065592 2.611897 1 0 0.000000
1652145383921313409 1346.897339 0.711161 1 0 0.000000
1652145385134462599 0.000000 0.000000 0 0 0.000000
1652145385552198654 1614.621878 2.393856 1 0 0.000000
1652145387134985831 0.000000 0.000000 0 0 0.000000
1652145387466088117 1866.411588 3.020215 1 0 0.000000
1652145389115806652 1635.466796 0.606164 1 0 0.000000
1652145390137416434 0.000000 0.000000 0 0 0.000000
1652145391013928125 1761.532068 1.140886 1 0 0.000000
1652145392138588422 0.000000 0.000000 0 0 0.000000
1652145392682490364 1607.335992 1.838567 1 0 0.000000
1652145394138906681 0.000000 0.000000 0 0 0.000000
1652145394437900128 1749.256309 3.344555 1 0 0.000000
1652145396140438944 0.000000 0.000000 0 0 0.000000
1652145396382177513 1781.329284 4.136701 1 0 0.000000
1652145397953967309 1570.629065 0.636217 1 0 0.000000
1652145399142241969 0.000000 0.000000 0 0 0.000000
1652145399507727473 1529.512646 2.736087 1 0 0.000000
1652145401112790152 1567.818565 0.623029 1 0 0.000000
1652145402145493166 0.000000 0.000000 0 0 0.000000
1652145402756954697 1630.910606 1.635426 1 0 0.000000
1652145404146218860 0.000000 0.000000 0 0 0.000000
1652145404386259117 1552.021107 4.165968 1 0 0.000000
1652145405921869432 1530.348162 0.651207 1 0 0.000000
1652145407149130924 0.000000 0.000000 0 0 0.000000
1652145407924085289 1674.755673 1.290399 1 0 0.000000
1652145409149939870 0.000000 0.000000 0 0 0.000000
1652145409584363926 1375.611659 2.301899 1 0 0.000000
1652145411151236939 0.000000 0.000000 0 0 0.000000
1652145411270101253 1554.409079 8.412957 1 0 0.000000
1652145413015976126 1525.272170 0.572779 1 0 0.000000
1652145414153033700 0.000000 0.000000 0 0 0.000000
1652145415020914442 1891.696692 1.152232 1 0 0.000000
1652145416153709484 0.000000 0.000000 0 0 0.000000
1652145416592338707 1481.137378 2.279830 1 0 0.000000
1652145418154051194 0.000000 0.000000 0 0 0.000000
1652145418402330325 1678.659663 4.027726 1 0 0.000000
1652145420154216387 0.000000 0.000000 0 0 0.000000
1652145420209342092 1776.763433 18.140374 1 0 0.000000
1652145421655690985 1341.116566 0.691396 1 0 0.000000
1652145423155369489 0.000000 0.000000 0 0 0.000000
1652145423379349004 1722.568919 4.464695 1 0 0.000000
1652145425157044358 0.000000 0.000000 0 0 0.000000
1652145425514726386 1965.021967 2.795780 1 0 0.000000
1652145427158696194 0.000000 0.000000 0 0 0.000000
1652145427185149781 1646.258883 37.802118 1 0 0.000000
1652145428935794058 1581.282742 0.571218 1 0 0.000000
1652145430161552403 0.000000 0.000000 0 0 0.000000
1652145430755076027 1678.948293 1.684853 1 0 0.000000
1652145432162441719 0.000000 0.000000 0 0 0.000000
1652145432576353824 1645.879119 2.415972 1 0 0.000000
1652145434163744005 0.000000 0.000000 0 0 0.000000
1652145434774538440 2125.018479 1.637212 1 0 0.000000
1652145436164641243 0.000000 0.000000 0 0 0.000000
1652145436181412846 1371.622160 59.624774 1 0 0.000000
1652145438165382827 0.000000 0.000000 0 0 0.000000
1652145438421868891 2079.823481 3.898848 1 0 0.000000
1652145440166313949 0.000000 0.000000 0 0 0.000000
1652145440406811855 1742.538024 4.158041 1 0 0.000000
1652145442041812749 1522.436168 0.611620 1 0 0.000000
1652145443168457955 0.000000 0.000000 0 0 0.000000
1652145443778553727 1706.457011 1.639087 1 0 0.000000
1652145445169316740 0.000000 0.000000 0 0 0.000000
1652145445182600892 1400.802641 75.277953 1 0 0.000000
1652145447003628627 1805.756930 0.549140 1 0 0.000000
1652145448171212038 0.000000 0.000000 0 0 0.000000
1652145448344228989 1264.373153 5.779782 1 0 0.000000
1652145450031352088 1660.966278 0.592725 1 0 0.000000
1652145451173618254 0.000000 0.000000 0 0 0.000000
1652145452138699318 2077.093961 1.036182 1 0 0.000000
1652145453175133989 0.000000 0.000000 0 0 0.000000
1652145454027236072 1771.038120 1.173568 1 0 0.000000
1652145455175997038 0.000000 0.000000 0 0 0.000000
1652145455830138330 1733.727491 1.528722 1 0 0.000000
1652145457176618682 0.000000 0.000000 0 0 0.000000
1652145457538610388 1686.207752 2.762495 1 0 0.000000
1652145459177856177 0.000000 0.000000 0 0 0.000000
1652145460177961364 0.000000 0.000000 0 0 0.000000
1652145461179012110 0.000000 0.000000 0 0 0.000000
1652145462179130799 0.000000 0.000000 0 0 0.000000
1652145463179870963 0.000000 0.000000 0 0 0.000000
1652145464180478462 0.000000 0.000000 0 0 0.000000
1652145464751761961 7182.935674 1.750445 1 0 0.000000
1652145466181322788 0.000000 0.000000 0 0 0.000000
1652145466238745001 1359.638781 17.414879 1 0 0.000000
1652145468182313653 0.000000 0.000000 0 0 0.000000
1652145468294772483 2038.767127 8.892147 1 0 0.000000
1652145470183295814 0.000000 0.000000 0 0 0.000000
1652145470203056458 1852.322481 50.605766 1 0 0.000000
1652145471874951652 1482.508382 0.598124 1 0 0.000000
1652145473184569554 0.000000 0.000000 0 0 0.000000
1652145473795057713 1797.786334 1.638034 1 0 0.000000
1652145475185724409 0.000000 0.000000 0 0 0.000000
1652145475508419309 1596.210406 3.098903 1 0 0.000000
1652145477156950817 1647.379538 0.606600 1 0 0.000000
1652145478188351504 0.000000 0.000000 0 0 0.000000
1652145478897783180 1705.306892 1.409579 1 0 0.000000
1652145480189700294 0.000000 0.000000 0 0 0.000000
1652145480250679487 1267.512898 16.399049 1 0 0.000000
1652145482190829227 0.000000 0.000000 0 0 0.000000
1652145482372918389 2087.990796 5.491816 1 0 0.000000
1652145484191241935 0.000000 0.000000 0 0 0.000000
1652145484300604874 1586.119297 9.143870 1 0 0.000000
1652145485995805813 1546.793295 0.589901 1 0 0.000000
1652145487193381185 0.000000 0.000000 0 0 0.000000
1652145487788334487 1778.288499 1.680804 1 0 0.000000
1652145489194420936 0.000000 0.000000 0 0 0.000000
1652145489243341742 1447.759238 20.441200 1 0 0.000000
1652145490980540274 1694.549380 0.575639 1 0 0.000000
1652145492196927873 0.000000 0.000000 0 0 0.000000
1652145493087962116 1859.789157 1.122291 1 0 0.000000
1652145494198336879 0.000000 0.000000 0 0 0.000000
1652145494614086836 1478.865019 2.405292 1 0 0.000000
1652145496200255218 0.000000 0.000000 0 0 0.000000
1652145496608775594 1874.991013 2.447858 1 0 0.000000
1652145497902497146 1227.558585 0.772964 1 0 0.000000
1652145499202996359 0.000000 0.000000 0 0 0.000000
1652145499620165549 1455.179530 2.397109 1 0 0.000000
1652145501111497918 1400.693831 0.670541 1 0 0.000000
1652145502204569036 0.000000 0.000000 0 0 0.000000
1652145502788856954 1663.196927 1.711485 1 0 0.000000
