1653874685084437793 1013.652766 0.000000
1653874685241232811 156.785620 0.000000
1653874685643716138 402.480973 0.000000
1653874685647622461 3.903648 0.000000
1653874685649623923 1.998667 0.000000
1653874685904239484 254.613837 0.000000
1653874685908379797 4.138620 0.000000
1653874685912668819 4.286798 0.000000
1653874686098400909 185.731279 0.000000
1653874686102748642 4.346671 0.000000
1653874686105868466 3.118722 0.000000
1653874686109197764 3.328536 0.000000
1653874686112333849 3.135253 0.000000
1653874686115550035 3.215444 0.000000
1653874686118741874 3.191128 0.000000
1653874686122620996 3.878380 0.000000
1653874686126721364 4.099616 0.000000
1653874686152987205 26.264860 0.000000
1653874686738203825 585.215708 0.000000
1653874686741893270 3.687041 0.000000
1653874686753070540 11.175837 0.000000
1653874686756180286 3.108624 0.000000
1653874686759347720 3.166552 0.000000
1653874686834573982 75.225180 0.000000
1653874686844216537 9.639289 0.000000
1653874686948102932 103.885012 0.000000
1653874687084997582 136.891303 0.000000
1653874687273870836 188.870378 0.000000
1653874687373758856 99.878171 0.000000
1653874687378800452 5.038971 0.000000
1653874687705402374 326.599006 0.000000
1653874687709614040 4.209533 0.000000
1653874687750198136 40.582743 0.000000
1653874687752930783 2.731615 0.000000
1653874687757120348 4.186800 0.000000
1653874687761145765 4.022932 0.000000
1653874687765067967 3.920529 0.000000
1653874687769034744 3.965013 0.000000
1653874687773023421 3.987966 0.000000
1653874687777020204 3.995340 0.000000
1653874687780119178 3.097692 0.000000
1653874687784037914 3.916962 0.000000
1653874687787322318 3.282760 0.000000
1653874687791545206 4.221736 0.000000
1653874687897659749 106.113040 0.000000
1653874688245857764 348.196462 0.000000
1653874688282007234 36.147055 0.000000
1653874688286490371 4.480993 0.000000
1653874688339944057 53.452795 0.000000
1653874688350508184 10.563116 0.000000
1653874688518787798 168.277550 0.000000
1653874688522445033 3.655501 0.000000
1653874688731599940 209.153875 0.000000
1653874688735682394 4.080050 0.000000
1653874688823923089 88.239433 0.000000
1653874689253042049 429.116987 0.000000
1653874689260087101 7.043580 0.000000
1653874689419976784 159.888330 0.000000
1653874689427097208 7.118641 0.000000
1653874689540819040 113.720359 0.000000
1653874689619225250 78.404597 0.000000
1653874689623408914 4.182542 0.000000
1653874689625838450 2.428705 0.000000
1653874689777955363 152.115921 0.000000
1653874689797917465 19.960860 0.000000
1653874689802963680 5.045013 0.000000
1653874689806300763 3.335159 0.000000
1653874689810956825 4.654158 0.000000
1653874689815057263 4.099095 0.000000
1653874689867025918 51.967313 0.000000
1653874689897517953 30.490552 0.000000
1653874689905687239 8.167953 0.000000
1653874689911238454 5.550463 0.000000
1653874690223876365 312.636699 0.000000
1653874690229282156 5.403427 0.000000
1653874690234517557 5.233457 0.000000
1653874690338271041 103.750679 0.000000
1653874690344803029 6.530575 0.000000
1653874690656583859 311.779117 0.000000
1653874690898888355 242.302993 0.000000
1653874690904243401 5.353523 0.000000
1653874690908322408 4.077574 0.000000
1653874690911840741 3.517301 0.000000
1653874690917010008 5.168315 0.000000
1653874690922108572 5.096250 0.000000
1653874690991058546 68.948922 0.000000
1653874690995660907 4.601059 0.000000
1653874690999213565 3.549743 0.000000
1653874691003376851 4.162034 0.000000
1653874691007454435 4.075951 0.000000
1653874691012413557 4.957549 0.000000
1653874691324224021 311.809603 0.000000
1653874691327709032 3.483338 0.000000
1653874691334762250 7.052196 0.000000
1653874691758876420 424.112517 0.000000
1653874692181385983 422.506818 0.000000
1653874692185437619 4.049301 0.000000
1653874692191117506 5.677623 0.000000
1653874692196408902 5.290364 0.000000
1653874692201166404 4.756059 0.000000
1653874692206186851 5.019345 0.000000
1653874692209769605 3.581933 0.000000
1653874692215064518 5.294191 0.000000
1653874692219200643 4.135143 0.000000
1653874692506917218 287.715713 0.000000
1653874692511996525 5.078085 0.000000
1653874692623374510 111.376592 0.000000
1653874692784419894 161.044101 0.000000
1653874692854044145 69.622988 0.000000
1653874692875640950 21.595633 0.000000
1653874693167751675 292.109312 0.000000
1653874693173820662 6.067585 0.000000
1653874693178982785 5.161081 0.000000
1653874693181389950 2.405852 0.000000
1653874693210749306 29.357182 0.000000
1653874693217685093 6.934214 0.000000
1653874693510031279 292.345203 0.000000
1653874693522203059 12.169686 0.000000
1653874693527255115 5.050674 0.000000
1653874693532871602 5.615205 0.000000
1653874693537205729 4.332655 0.000000
1653874693541394622 4.187551 0.000000
1653874693544038372 2.642357 0.000000
1653874693548553709 4.514335 0.000000
1653874693551577684 3.023103 0.000000
1653874693563279288 11.700603 0.000000
1653874693566070565 2.790235 0.000000
1653874693570398150 4.325821 0.000000
1653874693574289174 3.889742 0.000000
1653874693577809621 3.519435 0.000000
1653874693583518371 5.706255 0.000000
1653874693589132875 5.613111 0.000000
1653874693593042444 3.907545 0.000000
1653874693596634476 3.591060 0.000000
1653874693602837405 6.201587 0.000000
1653874693606626657 3.788481 0.000000
1653874693610900190 4.271970 0.000000
1653874693781774309 170.872997 0.000000
1653874693789092094 7.316353 0.000000
1653874693794370986 5.277489 0.000000
1653874693799570129 5.198191 0.000000
1653874693803096046 3.524645 0.000000
1653874693807587820 4.490732 0.000000
1653874693812112264 4.523252 0.000000
1653874693827186409 15.073073 0.000000
1653874693833848752 6.660069 0.000000
1653874693837589243 3.738968 0.000000
1653874693859413605 21.822349 0.000000
1653874694002339911 142.925374 0.000000
1653874694115545420 113.204537 0.000000
1653874694243339822 127.792989 0.000000
1653874694249511843 6.170558 0.000000
1653874694257570771 8.057996 0.000000
1653874694268981901 11.410128 0.000000
1653874694276139855 7.157153 0.000000
1653874694280633211 4.492074 0.000000
1653874694385853601 105.218516 0.000000
1653874694435518215 49.663221 0.000000
1653874694441282900 5.762171 0.000000
1653874694446021908 4.737174 0.000000
1653874694450693559 4.670709 0.000000
1653874694456157239 5.461756 0.000000
1653874694459790599 3.631676 0.000000
1653874694470039293 10.246480 0.000000
1653874694474501190 4.460555 0.000000
1653874694478501710 3.999178 0.000000
1653874694482458457 3.955054 0.000000
1653874694486924992 4.465022 0.000000
1653874694490812109 3.884862 0.000000
1653874694499410642 8.597000 0.000000
1653874694504909407 5.497403 0.000000
1653874694635784220 130.873109 0.000000
1653874694699948277 64.162504 0.000000
1653874694705368866 5.419086 0.000000
1653874694934460253 229.090315 0.000000
1653874694940041073 5.579768 0.000000
1653874694943986288 3.942731 0.000000
1653874694949083640 5.094376 0.000000
1653874694964943902 15.858689 0.000000
1653874694972358479 7.413665 0.000000
1653874694976588651 4.228429 0.000000
1653874694984607604 8.017851 0.000000
1653874694995117128 10.508552 0.000000
1653874695015715917 20.597827 0.000000
1653874695019958682 4.241082 0.000000
1653874695024571112 4.610947 0.000000
1653874695028416680 3.844446 0.000000
1653874695031328944 2.909849 0.000000
1653874695230509468 199.179572 0.000000
1653874695267137907 36.625825 0.000000
1653874695280789388 13.649918 0.000000
1653874695543135292 262.343449 0.000000
1653874695557833720 14.696164 0.000000
1653874695562784877 4.949103 0.000000
1653874695566717859 3.931409 0.000000
1653874695570698251 3.979229 0.000000
1653874695573771668 3.071623 0.000000
1653874695820070088 246.297378 0.000000
1653874695827697385 7.626145 0.000000
1653874695832606322 4.907945 0.000000
1653874695836574962 3.967417 0.000000
1653874695942381383 105.804367 0.000000
1653874696086513334 144.129727 0.000000
1653874696221506496 134.991449 0.000000
1653874696229410062 7.902113 0.000000
1653874696236949183 7.537107 0.000000
1653874696358482395 121.531729 0.000000
1653874696362668644 4.185167 0.000000
1653874696366125001 3.455586 0.000000
1653874696474190829 108.063213 0.000000
1653874696479929636 5.737445 0.000000
1653874696570441027 90.509528 0.000000
1653874696624944145 54.501104 0.000000
1653874696643685082 18.739504 0.000000
1653874696703965890 60.279336 0.000000
1653874696957868743 253.901881 0.000000
1653874696963713559 5.843203 0.000000
1653874697281919770 318.204748 0.000000
1653874697287965725 6.044642 0.000000
1653874697293729819 5.761990 0.000000
1653874697304556269 10.824637 0.000000
1653874697323501239 18.943547 0.000000
1653874697329371504 5.868962 0.000000
1653874697433832285 104.459579 0.000000
1653874697488935140 55.100420 0.000000
1653874697494799142 5.862239 0.000000
1653874697517197333 22.396118 0.000000
1653874697794485191 277.286195 0.000000
1653874698251698438 457.211874 0.000000
1653874698317203686 65.503404 0.000000
1653874698322303262 5.097211 0.000000
1653874698327397928 5.093624 0.000000
1653874698333328335 5.929084 0.000000
1653874698338490378 5.160610 0.000000
1653874698344141891 5.650531 0.000000
1653874698491116884 146.973511 0.000000
1653874698496746536 5.627999 0.000000
1653874698521730698 24.982579 0.000000
1653874698527162879 5.431029 0.000000
1653874698550852978 23.688125 0.000000
1653874698560573890 9.719058 0.000000
1653874698578235047 17.659845 0.000000
1653874698582285120 4.048409 0.000000
1653874699123730745 541.444493 0.000000
1653874699201663742 77.931725 0.000000
1653874699207759230 6.093454 0.000000
1653874699213630085 5.868571 0.000000
1653874699298955147 85.323740 0.000000
1653874699303031880 4.074889 0.000000
1653874699370323004 67.289972 0.000000
1653874699375513701 5.189875 0.000000
1653874699474335352 98.819887 0.000000
1653874699480076534 5.739789 0.000000
1653874699485620705 5.543109 0.000000
1653874699489654557 4.032810 0.000000
1653874699897585648 407.930279 0.000000
1653874699902796092 5.208290 0.000000
1653874699908938258 6.140663 0.000000
1653874700130561133 221.621593 0.000000
1653874700134236561 3.674396 0.000000
1653874700139290611 5.053298 0.000000
1653874700196029681 56.736375 0.000000
1653874700202049406 6.018182 0.000000
1653874700206994691 4.944593 0.000000
1653874700269138581 62.142908 0.000000
1653874700275099034 5.958810 0.000000
1653874700325459755 50.358677 0.000000
1653874700583891478 258.430901 0.000000
1653874700608351946 24.457472 0.000000
1653874700674253368 65.899879 0.000000
1653874700681987555 7.733246 0.000000
1653874700800928613 118.939375 0.000000
1653874700807835376 6.905440 0.000000
1653874700813797693 5.961486 0.000000
1653874700844914492 31.115977 0.000000
1653874700916430186 71.512920 0.000000
1653874700921381003 4.949865 0.000000
1653874700924886542 3.504788 0.000000
1653874700940699234 15.812031 0.000000
1653874701100550630 159.850554 0.000000
1653874701106527674 5.976072 0.000000
1653874701109788874 3.260328 0.000000
1653874701119199573 9.409697 0.000000
1653874701137927425 18.727070 0.000000
1653874701404916092 266.987625 0.000000
1653874701410289802 5.371146 0.000000
1653874701478800318 68.508833 0.000000
1653874701641671299 162.869909 0.000000
1653874701654306649 12.632715 0.000000
1653874701730149297 75.841446 0.000000
1653874701736427949 6.277409 0.000000
1653874701930654768 194.225657 0.000000
1653874702089464285 158.808204 0.000000
1653874702143153041 53.686883 0.000000
1653874702316195200 173.039844 0.000000
1653874702324329610 8.132587 0.000000
1653874702331625012 7.293879 0.000000
1653874702480011027 148.384322 0.000000
1653874702732971153 252.958573 0.000000
1653874702986851840 253.879194 0.000000
1653874702992950503 6.097081 0.000000
1653874703362464550 369.511922 0.000000
1653874703367453227 4.986292 0.000000
1653874703478237793 110.783063 0.000000
1653874703482540260 4.300854 0.000000
1653874703520449446 37.908555 0.000000
1653874703525673275 5.222086 0.000000
1653874703536679152 11.004765 0.000000
1653874703542917649 6.237084 0.000000
1653874703644539111 101.618717 0.000000
1653874703670821443 26.280098 0.000000
1653874703674603662 3.781388 0.000000
1653874703678686807 4.082313 0.000000
1653874703682421416 3.733719 0.000000
1653874703687424170 5.001962 0.000000
1653874703693346953 5.921961 0.000000
1653874703800752688 107.404864 0.000000
1653874703811423635 10.670076 0.000000
1653874703912431895 101.007469 0.000000
1653874704026819384 114.385014 0.000000
1653874704224752447 197.931300 0.000000
1653874704230585411 5.831601 0.000000
1653874704287599959 57.013085 0.000000
1653874704745765016 458.163826 0.000000
1653874704778892755 33.126386 0.000000
1653874704790501205 11.607458 0.000000
1653874704794632269 4.130293 0.000000
1653874704800674076 6.040935 0.000000
1653874704807504735 6.830028 0.000000
1653874704963960897 156.455230 0.000000
1653874705360923856 396.962117 0.000000
1653874705415356600 54.430550 0.000000
1653874705421722195 6.363331 0.000000
1653874705427492100 5.768402 0.000000
1653874705431121302 3.627438 0.000000
1653874705777083517 345.959891 0.000000
1653874705785083565 7.998655 0.000000
1653874705790380280 5.295924 0.000000
1653874706150786655 360.405663 0.000000
1653874706157222663 6.433182 0.000000
1653874706421666963 264.441044 0.000000
1653874706426172602 4.503936 0.000000
1653874706719743930 293.570316 0.000000
1653874706727496452 7.751059 0.000000
1653874706732938982 5.441739 0.000000
1653874706749956459 17.016645 0.000000
1653874706794112987 44.155637 0.000000
1653874706799928207 5.814439 0.000000
1653874706805016993 5.087964 0.000000
1653874706860286309 55.268555 0.000000
1653874706868081371 7.794220 0.000000
1653874706875069156 6.986983 0.000000
1653874706882984634 7.914747 0.000000
1653874706887951730 4.966225 0.000000
1653874706993897089 105.944627 0.000000
1653874707000266852 6.368731 0.000000
1653874707005482856 5.212928 0.000000
1653874707845358147 839.874119 0.000000
1653874707851683015 6.323475 0.000000
1653874707855614615 3.930808 0.000000
1653874707866852980 11.237483 0.000000
1653874707875114147 8.260367 0.000000
1653874708090010915 214.895826 0.000000
1653874708146419352 56.407375 0.000000
1653874708153536160 7.114373 0.000000
1653874708959938150 806.400297 0.000000
1653874708980195096 20.255473 0.000000
1653874708987844083 7.647935 0.000000
1653874708994563193 6.717657 0.000000
1653874708998487710 3.919768 0.000000
1653874709008182552 9.693921 0.000000
1653874709014573916 6.390192 0.000000
1653874709678052180 663.477473 0.000000
1653874710103961012 425.907229 0.000000
1653874710167984632 64.021046 0.000000
1653874710174928935 6.941958 0.000000
1653874710181256338 6.326050 0.000000
1653874710187983363 6.725241 0.000000
1653874710194374676 6.389530 0.000000
1653874710348659935 154.283836 0.000000
1653874710356894062 8.231603 0.000000
1653874710363563528 6.667352 0.000000
1653874710527092372 163.527271 0.000000
1653874711275175219 748.081104 0.000000
1653874711474279270 199.101797 0.000000
1653874711481827308 7.545673 0.000000
1653874711489012152 7.183202 0.000000
1653874711496576090 7.562505 0.000000
1653874711503347157 6.770266 0.000000
1653874711698409762 195.060882 0.000000
1653874711704712549 6.301565 0.000000
1653874711712596097 7.881545 0.000000
1653874711718910956 6.313286 0.000000
1653874711723595502 4.682953 0.000000
1653874712107953320 384.356255 0.000000
1653874712123019639 15.064084 0.000000
1653874712130914559 7.893787 0.000000
1653874712136208710 5.292638 0.000000
1653874712141128056 4.917323 0.000000
1653874712145889766 4.760679 0.000000
1653874712242984087 97.092968 0.000000
1653874712249687688 6.701898 0.000000
1653874712256527384 6.836961 0.000000
1653874712262391716 5.862519 0.000000
1653874712268847020 6.453671 0.000000
1653874714788847215 2519.998422 0.000000
1653874714805344293 16.494884 0.000000
1653874714813602285 8.255687 0.000000
1653874714820600499 6.996120 0.000000
1653874714827225512 6.621917 0.000000
1653874714833853880 6.626666 0.000000
1653874714839896969 6.040794 0.000000
1653874714846026189 6.127618 0.000000
1653874714850843795 4.815251 0.000000
1653874715404875953 554.031176 0.000000
1653874715662331460 257.452041 0.000000
1653874715724803794 62.470100 0.000000
1653874715730622902 5.817886 0.000000
1653874715735351479 4.727215 0.000000
1653874715877673540 142.320368 0.000000
1653874715883565254 5.890151 0.000000
1653874715889668125 6.101258 0.000000
1653874715911904792 22.234933 0.000000
1653874715918605286 6.699362 0.000000
1653874716247935991 329.329903 0.000000
1653874716333728998 85.791494 0.000000
1653874716338015896 4.285805 0.000000
1653874716342347067 4.330400 0.000000
1653874716410818717 68.470818 0.000000
1653874716512496372 101.676482 0.000000
1653874716697832171 185.334837 0.000000
1653874716703637583 5.804189 0.000000
1653874716707802983 4.154109 0.000000
1653874716921628221 213.824046 0.000000
1653874717061096437 139.466693 0.000000
1653874717066467102 5.368841 0.000000
1653874717070927716 4.457628 0.000000
1653874717075953303 5.024505 0.000000
1653874717084656731 8.701815 0.000000
1653874717697865675 613.207261 0.000000
1653874718014201673 316.334725 0.000000
1653874718083654578 69.450400 0.000000
1653874718089045340 5.389239 0.000000
1653874718094338619 5.291475 0.000000
1653874718100319451 5.979148 0.000000
1653874718106469360 6.148646 0.000000
1653874718725209619 618.738525 0.000000
1653874718732554785 7.343052 0.000000
1653874718738489520 5.933382 0.000000
1653874718743024094 4.532770 0.000000
1653874718828217804 85.192418 0.000000
1653874720050562780 1222.342992 0.000000
1653874720055778514 5.213810 0.000000
1653874720682631728 626.851741 0.000000
1653874721297039429 614.405767 0.000000
1653874721914339917 617.298263 0.000000
1653874722609726394 695.383381 0.000000
1653874722616522097 6.794010 0.000000
1653874723222141026 605.617346 0.000000
1653874723828538537 606.394515 0.000000
1653874723832897189 4.356850 0.000000
1653874725748590940 1915.692668 0.000000
1653874725762902190 14.310047 0.000000
1653874725771931000 9.026526 0.000000
1653874726192246269 420.313106 0.000000
1653874726201962773 9.711304 0.000000
1653874726209497325 7.531978 0.000000
1653874726217123158 7.625042 0.000000
1653874726224641580 7.517561 0.000000
1653874726231759187 7.116686 0.000000
1653874726238306594 6.546595 0.000000
1653874726244286834 5.979298 0.000000
1653874726250782664 6.495068 0.000000
1653874726257099677 6.316452 0.000000
1653874726263588033 6.485240 0.000000
1653874726269672940 6.083344 0.000000
1653874726942896171 673.221358 0.000000
1653874727390429187 447.530401 0.000000
1653874727399826119 9.395168 0.000000
1653874727407654444 7.826010 0.000000
1653874727414710526 7.055171 0.000000
1653874727525742149 111.030731 0.000000
1653874727709397876 183.654915 0.000000
1653874727721725797 12.327140 0.000000
1653874727730580310 8.853291 0.000000
1653874728306805793 576.224351 0.000000
1653874728314911448 8.103090 0.000000
1653874728383962937 69.050156 0.000000
1653874728464351914 80.387054 0.000000
1653874729070602952 606.249164 0.000000
1653874730301928385 1231.323068 0.000000
1653874730914726636 612.794805 0.000000
1653874730932555697 17.826817 0.000000
1653874730966294161 33.736811 0.000000
1653874730971359492 5.064429 0.000000
1653874730976414974 5.054620 0.000000
1653874730982741926 6.325950 0.000000
1653874730989834818 7.092040 0.000000
1653874730996012589 6.176359 0.000000
1653874731118040469 122.027038 0.000000
1653874731125081694 7.040243 0.000000
1653874731267574480 142.492044 0.000000
1653874731273264054 5.688482 0.000000
1653874731419013080 145.747934 0.000000
1653874731437082372 18.068290 0.000000
1653874731443073073 5.989819 0.000000
1653874732735259320 1292.185516 0.000000
1653874732739673557 4.411071 0.000000
1653874732933980390 194.305070 0.000000
1653874733069847863 135.865469 0.000000
1653874733091018315 21.168137 0.000000
1653874733119197599 28.177902 0.000000
1653874733126202836 7.003634 0.000000
1653874733132472170 6.259295 0.000000
1653874733139453802 6.979989 0.000000
1653874733144962155 5.506619 0.000000
1653874733303464161 158.500493 0.000000
1653874733310757319 7.290483 0.000000
1653874733599988910 289.228535 0.000000
1653874733608491742 8.499977 0.000000
1653874733616571237 8.076029 0.000000
1653874733622921182 6.346658 0.000000
1653874733688274418 65.350771 0.000000
1653874733695191289 6.915107 0.000000
1653874733702262099 7.069387 0.000000
1653874733707216812 4.953611 0.000000
1653874733780468083 73.250159 0.000000
1653874734455163969 674.694724 0.000000
1653874734464536506 9.371395 0.000000
1653874734486870544 22.332666 0.000000
1653874734492261306 5.388778 0.000000
1653874734497451090 5.188471 0.000000
1653874734502950667 5.497974 0.000000
1653874734568161505 65.209575 0.000000
1653874734572162906 3.999597 0.000000
1653874734596866919 24.702921 0.000000
1653874734602327092 5.458610 0.000000
1653874734607609831 5.281036 0.000000
1653874735304510432 696.898837 0.000000
1653874735328202873 23.689946 0.000000
1653874737161765608 1833.561242 0.000000
1653874737768331815 606.564203 0.000000
1653874737774141595 5.807426 0.000000
1653874737782414364 8.271026 0.000000
1653874738156073909 373.658402 0.000000
1653874738181944083 25.868100 0.000000
1653874740002856269 1820.909300 0.000000
1653874740624867040 622.008898 0.000000
1653874740632217446 7.348162 0.000000
1653874741310129185 677.909395 0.000000
1653874741316154810 6.023992 0.000000
1653874741619543925 303.388213 0.000000
1653874741651040895 31.495538 0.000000
1653874742238645407 587.603229 0.000000
1653874742245253056 6.605566 0.000000
1653874742854059196 608.803655 0.000000
1653874743461114253 607.053454 0.000000
1653874743469668461 8.552565 0.000000
1653874743787157295 317.486109 0.000000
1653874743794780082 7.620483 0.000000
1653874743802812009 8.030584 0.000000
1653874744410048917 607.235996 0.000000
1653874744415855270 5.804299 0.000000
1653874745024120440 608.264338 0.000000
1653874745032374975 8.252090 0.000000
1653874745115534356 83.157608 0.000000
1653874745125083764 9.548226 0.000000
1653874745730873050 605.788234 0.000000
1653874745738944220 8.069998 0.000000
1653874745744537703 5.590548 0.000000
1653874745750398178 5.859303 0.000000
1653874745756527919 6.128509 0.000000
1653874745763650847 7.121926 0.000000
1653874745770720394 7.068646 0.000000
1653874746125132245 354.410939 0.000000
1653874746742399522 617.265714 0.000000
1653874746749953319 7.552825 0.000000
1653874746789598093 39.643712 0.000000
1653874746804937013 15.337056 0.000000
1653874746821553825 16.614107 0.000000
1653874746829846592 8.291254 0.000000
1653874746980985683 151.138220 0.000000
1653874746988545662 7.557905 0.000000
1653874749908774157 2920.226992 0.000000
1653874749914515318 5.738886 0.000000
1653874749931392399 16.875799 0.000000
1653874750544891017 613.497706 0.000000
1653874750557591278 12.699209 0.000000
1653874750571470414 13.877503 0.000000
1653874750580314206 8.842570 0.000000
1653874750588255161 7.940084 0.000000
1653874750851653516 263.397433 0.000000
1653874750860797061 9.141561 0.000000
1653874750868982406 8.184243 0.000000
1653874751144801605 275.818357 0.000000
1653874751510983684 366.181217 0.000000
1653874752118384249 607.398000 0.000000
1653874752280223590 161.835725 0.000000
1653874752288270564 8.045171 0.000000
1653874752941113598 652.842082 0.000000
1653874752948506833 7.392153 0.000000
1653874752955118330 6.610455 0.000000
1653874752977834446 22.713351 0.000000
1653874753051520280 73.683710 0.000000
1653874753121606498 70.084846 0.000000
1653874753129339542 7.730810 0.000000
1653874753213642401 84.301446 0.000000
1653874753221136427 7.491030 0.000000
1653874753230889017 9.750927 0.000000
1653874753287848002 56.957502 0.000000
1653874753294610443 6.760577 0.000000
1653874756107296738 2812.684813 0.000000
1653874756114031847 6.732715 0.000000
1653874756121896950 7.863801 0.000000
1653874756127762463 5.864291 0.000000
1653874756134174735 6.409698 0.000000
1653874756140237380 6.061252 0.000000
1653874756147904130 7.665437 0.000000
1653874756154488966 6.583323 0.000000
1653874756161644405 7.153705 0.000000
1653874756498850429 337.204210 0.000000
1653874756506616936 7.764914 0.000000
1653874756514386950 7.768361 0.000000
1653874756521454383 7.066321 0.000000
1653874756530905667 9.450122 0.000000
1653874756538264488 7.357218 0.000000
1653874757159953231 621.686609 0.000000
1653874757167632614 7.677219 0.000000
1653874757174737117 7.103562 0.000000
1653874757182002152 7.263472 0.000000
1653874757188928781 6.924716 0.000000
1653874757195752475 6.822522 0.000000
1653874757597240367 401.486619 0.000000
1653874757603305045 6.063586 0.000000
1653874757618213506 14.907669 0.000000
1653874757631940797 13.726379 0.000000
1653874757639303215 7.361517 0.000000
1653874757647244090 7.940064 0.000000
1653874758265646273 618.401251 0.000000
1653874758273267517 7.619811 0.000000
1653874758279862974 6.594314 0.000000
1653874758286550543 6.686738 0.000000
1653874758295087789 8.536365 0.000000
1653874758301985513 6.895380 0.000000
1653874758309823955 7.836989 0.000000
1653874758326467327 16.642660 0.000000
1653874758379907268 53.438779 0.000000
1653874758415330606 35.420824 0.000000
1653874758422228851 6.896562 0.000000
1653874758430338423 8.108771 0.000000
1653874758567047860 136.708254 0.000000
1653874758576309418 9.260406 0.000000
1653874758583303002 6.992102 0.000000
1653874758770672896 187.368812 0.000000
1653874758815957158 45.282729 0.000000
1653874758931852194 115.893784 0.000000
1653874759220805674 288.952659 0.000000
1653874759229261998 8.455112 0.000000
1653874759237112503 7.849453 0.000000
1653874761739112785 2501.998609 0.000000
1653874761746288873 7.173423 0.000000
1653874761752279332 5.989457 0.000000
1653874762367160351 614.879647 0.000000
1653874762375822252 8.660738 0.000000
1653874762525154943 149.331489 0.000000
1653874762530966195 5.808097 0.000000
1653874762632701336 101.732486 0.000000
1653874762638882323 6.178162 0.000000
1653874762743008508 104.124852 0.000000
1653874762758776374 15.766844 0.000000
1653874763375776385 616.997617 0.000000
1653874763542005202 166.227334 0.000000
1653874763549414678 7.408264 0.000000
1653874763556561681 7.145891 0.000000
1653874763563464415 6.901632 0.000000
1653874763569823286 6.357749 0.000000
1653874763643034116 73.208626 0.000000
1653874763650887186 7.852109 0.000000
1653874763657090544 6.202287 0.000000
1653874763662888752 5.796084 0.000000
1653874763668767401 5.877336 0.000000
1653874763675469828 6.700824 0.000000
1653874763690319398 14.847866 0.000000
1653874763697316008 6.995118 0.000000
1653874763704841142 7.523270 0.000000
1653874763711149308 6.306513 0.000000
1653874763817374929 106.224539 0.000000
1653874763824917916 7.541745 0.000000
1653874763859161777 34.243040 0.000000
1653874763864523024 5.360185 0.000000
1653874763874650899 10.127114 0.000000
1653874763881397690 6.744146 0.000000
1653874763965199245 83.800223 0.000000
1653874764590907271 625.706744 0.000000
1653874764598445909 7.536655 0.000000
1653874764605101038 6.653937 0.000000
1653874765221847750 616.744408 0.000000
1653874765231160463 9.310860 0.000000
1653874765238617980 7.456705 0.000000
1653874765624874456 386.255685 0.000000
1653874765633664818 8.788779 0.000000
1653874765991582312 357.916162 0.000000
1653874766389278759 397.694313 0.000000
1653874766411096776 21.815753 0.000000
1653874766427262950 16.164581 0.000000
1653874766434026151 6.761738 0.000000
1653874767049291177 615.264204 0.000000
1653874767062668129 13.375499 0.000000
1653874768276852174 1214.182934 0.000000
1653874768293188939 16.335662 0.000000
1653874768302532711 9.342740 0.000000
1653874768312112626 9.578032 0.000000
1653874768321573678 9.459800 0.000000
1653874768328234036 6.658865 0.000000
1653874768948031227 619.795648 0.000000
1653874769555581890 607.549200 0.000000
1653874770174593282 619.008497 0.000000
1653874770451082098 276.487173 0.000000
1653874770459109977 8.025324 0.000000
1653874770465556262 6.444212 0.000000
1653874770471166156 5.608812 0.000000
1653874770477318639 6.151251 0.000000
1653874770485178482 7.858270 0.000000
1653874770492053022 6.873038 0.000000
1653874770551265201 59.210496 0.000000
1653874770559931739 8.665326 0.000000
1653874770568852916 8.919273 0.000000
1653874770576931099 8.077091 0.000000
1653874770643799958 66.867827 0.000000
1653874771079017031 435.215750 0.000000
1653874771094836093 15.817809 0.000000
1653874771104531966 9.693088 0.000000
1653874771112343748 7.809618 0.000000
1653874771119600497 7.255406 0.000000
1653874771127051310 7.449722 0.000000
1653874771133665612 6.612919 0.000000
1653874771139690315 6.023701 0.000000
1653874772992268870 1852.577573 0.000000
1653874773006802996 14.531602 0.000000
1653874773015743579 8.939511 0.000000
1653874773340517525 324.772994 0.000000
1653874773663106764 322.586234 0.000000
1653874773670345128 7.235429 0.000000
1653874773680520492 10.173691 0.000000
1653874773708934987 28.413102 0.000000
1653874773718364960 9.428781 0.000000
1653874773727173816 8.807734 0.000000
1653874773763461638 36.287160 0.000000
1653874773844901693 81.438372 0.000000
1653874773851271144 6.368459 0.000000
1653874774174840054 323.568089 0.000000
1653874774180739151 5.897453 0.000000
1653874774190651261 9.911148 0.000000
1653874774809350430 618.698057 0.000000
1653874774817010116 7.657612 0.000000
1653874774824360441 7.347780 0.000000
1653874774833027521 8.665898 0.000000
1653874774841084884 8.056361 0.000000
1653874774847103877 6.017129 0.000000
1653874774859251879 12.146269 0.000000
1653874774867077617 7.824355 0.000000
1653874774874618450 7.539280 0.000000
1653874775175596310 300.976067 0.000000
1653874775293093703 117.495910 0.000000
1653874776067589677 774.494672 0.000000
1653874776676699601 609.108371 0.000000
1653874776717328291 40.627779 0.000000
1653874776725330040 8.000887 0.000000
1653874776901021547 175.690485 0.000000
1653874777603157159 702.133057 0.000000
1653874778210312548 607.153806 0.000000
1653874778401315351 191.000469 0.000000
1653874778409331467 8.013872 0.000000
1653874778464138375 54.806006 0.000000
1653874778488843858 24.704672 0.000000
1653874778496658986 7.814166 0.000000
1653874778972684029 476.024121 0.000000
1653874779627231307 654.544763 0.000000
1653874779633469041 6.235139 0.000000
1653874780250622037 617.151644 0.000000
1653874780858681973 608.058272 0.000000
1653874780865080599 6.395711 0.000000
1653874781480951925 615.870485 0.000000
1653874781637977187 157.022337 0.000000
1653874781702484216 64.503652 0.000000
1653874781965452755 262.965253 0.000000
1653874781975507973 10.053345 0.000000
1653874782060100220 84.591445 0.000000
1653874782068154859 8.052284 0.000000
1653874782075295369 7.139508 0.000000
1653874782541185861 465.889741 0.000000
1653874783419417980 878.229985 0.000000
1653874783426261342 6.841458 0.000000
1653874784042802865 616.540361 0.000000
1653874784058302035 15.497297 0.000000
1653874784067246355 8.942707 0.000000
1653874784077584816 10.336878 0.000000
1653874784177395325 99.809197 0.000000
1653874784192105161 14.708414 0.000000
1653874784199484911 7.378337 0.000000
1653874784316710081 117.222575 0.000000
1653874784325766452 9.054418 0.000000
1653874784926592135 600.823519 0.000000
1653874784933156002 6.562414 0.000000
1653874785550137600 616.980566 0.000000
1653874786166748830 616.609137 0.000000
1653874786183287694 16.537311 0.000000
1653874786199101806 15.813010 0.000000
1653874786217798305 18.695657 0.000000
1653874786227764366 9.965139 0.000000
1653874786235511677 7.746129 0.000000
1653874786242540617 7.027969 0.000000
1653874786850411160 607.867878 0.000000
1653874786860562438 10.149535 0.000000
1653874786958748574 98.185254 0.000000
1653874788186268243 1227.517795 0.000000
1653874788194607175 8.336888 0.000000
1653874788201112612 6.504415 0.000000
1653874788209303847 8.189622 0.000000
1653874788218918758 9.613268 0.000000
1653874788227002671 8.082911 0.000000
1653874788235435781 8.431407 0.000000
1653874788242667712 7.230769 0.000000
1653874788249865220 7.194722 0.000000
1653874788257183013 7.316010 0.000000
1653874788264610503 7.425796 0.000000
1653874788271748338 7.136272 0.000000
1653874788278499667 6.750056 0.000000
1653874788286370379 7.869771 0.000000
1653874788302773739 16.402328 0.000000
1653874788460039311 157.263068 0.000000
1653874788467845863 7.805370 0.000000
1653874788492517862 24.670778 0.000000
1653874788499638415 7.119060 0.000000
1653874788507804593 8.165427 0.000000
1653874788515063456 7.257901 0.000000
1653874788523193596 8.128016 0.000000
1653874788530407945 7.213207 0.000000
1653874788538490476 8.081830 0.000000
1653874788547282369 8.790110 0.000000
1653874789165718065 618.434484 0.000000
1653874789173994711 8.274702 0.000000
1653874789182310791 8.313956 0.000000
1653874789189721498 7.409716 0.000000
1653874789197433312 7.710131 0.000000
1653874789205600652 8.165526 0.000000
1653874789213915660 8.313224 0.000000
1653874789221202535 7.285152 0.000000
1653874789229141947 7.937999 0.000000
1653874789237168953 8.025443 0.000000
1653874789482531098 245.361103 0.000000
1653874789492654203 10.120450 0.000000
1653874789529023858 36.367380 0.000000
1653874789651671267 122.646307 0.000000
1653874790268851392 617.178071 0.000000
1653874791494705021 1225.851065 0.000000
1653874791744722864 250.015098 0.000000
1653874791751472480 6.745808 0.000000
1653874792371704708 620.231427 0.000000
1653874794199019079 1827.313299 0.000000
1653874794207727396 8.705842 0.000000
1653874794216036232 8.308135 0.000000
1653874794223327566 7.290553 0.000000
1653874794229805019 6.476351 0.000000
1653874794237880697 8.072462 0.000000
1653874794245173543 7.291093 0.000000
1653874794252264711 7.089545 0.000000
1653874794258214563 5.948329 0.000000
1653874794266540191 8.323894 0.000000
1653874794274816946 8.275142 0.000000
1653874794281697087 6.879229 0.000000
1653874794650084737 368.386087 0.000000
1653874794658663891 8.577030 0.000000
1653874794676349630 17.683425 0.000000
1653874794685027981 8.676497 0.000000
1653874794692462363 7.433310 0.000000
1653874794700318658 7.855153 0.000000
1653874794708607156 8.287676 0.000000
1653874794855293293 146.685015 0.000000
1653874794863032669 7.737652 0.000000
1653874794870156648 7.123088 0.000000
1653874794878827284 8.669654 0.000000
1653874794887286392 8.458307 0.000000
1653874794895700486 8.413272 0.000000
1653874794903141190 7.439893 0.000000
1653874795327516665 424.374633 0.000000
1653874795338890331 11.370330 0.000000
1653874795347368024 8.475008 0.000000
1653874795356172562 8.803315 0.000000
1653874795657462836 301.288561 0.000000
1653874796092595939 435.130879 0.000000
1653874796100608939 8.011527 0.000000
1653874796709441177 608.830605 0.000000
1653874796763897423 54.453682 0.000000
1653874796868063286 104.162717 0.000000
1653874796912630787 44.565868 0.000000
1653874797049091556 136.459506 0.000000
1653874797362616793 313.522873 0.000000
1653874798375102697 1012.484110 0.000000
1653874798393656698 18.552608 0.000000
1653874798417445397 23.785643 0.000000
1653874798425410557 7.963998 0.000000
1653874798433013907 7.601677 0.000000
1653874798441404767 8.389658 0.000000
1653874798567290369 125.883859 0.000000
1653874799186606278 619.314165 0.000000
1653874799253946037 67.337154 0.000000
1653874799285042491 31.095512 0.000000
1653874799292712195 7.667671 0.000000
1653874799299973523 7.259785 0.000000
1653874799308073065 8.098841 0.000000
1653874799315445852 7.371545 0.000000
1653874799322884332 7.436937 0.000000
1653874799330973064 8.086648 0.000000
1653874799339222098 8.247691 0.000000
1653874799346615693 7.392042 0.000000
1653874799354107373 7.490317 0.000000
1653874799361852580 7.743614 0.000000
1653874799369820054 7.965160 0.000000
1653874799377998084 8.176277 0.000000
1653874799388323149 10.323572 0.000000
1653874799395844675 7.519933 0.000000
1653874799402177958 6.332010 0.000000
1653874799409757954 7.578853 0.000000
1653874799416819726 7.060750 0.000000
1653874799423142108 6.321570 0.000000
1653874799429921320 6.778260 0.000000
1653874799438287794 8.365452 0.000000
1653874799444660240 6.371635 0.000000
1653874799451035402 6.374150 0.000000
1653874799458234422 7.197958 0.000000
1653874799465886884 7.651490 0.000000
1653874800081999922 616.112266 0.000000
1653874800090457658 8.456143 0.000000
1653874800097072179 6.609482 0.000000
1653874800104733337 7.659675 0.000000
1653874800111480007 6.744125 0.000000
1653874800119819471 8.337670 0.000000
1653874800897448414 777.627390 0.000000
1653874800905646972 8.195993 0.000000
1653874801526122477 620.474413 0.000000
1653874802153848598 627.723997 0.000000
1653874802442236569 288.386388 0.000000
1653874802452546967 10.308203 0.000000
1653874802500706378 48.158389 0.000000
1653874802597187307 96.478374 0.000000
1653874803212692298 615.502907 0.000000
1653874803220240053 7.545882 0.000000
1653874803228985860 8.744054 0.000000
1653874803237310255 8.322702 0.000000
1653874803245628288 8.316350 0.000000
1653874803253310305 7.680845 0.000000
1653874803599720174 346.408526 0.000000
1653874803609171577 9.448788 0.000000
1653874803617021661 7.846848 0.000000
1653874803624462085 7.439603 0.000000
1653874803631750382 7.286474 0.000000
1653874803640177851 8.425866 0.000000
1653874803647651988 7.472914 0.000000
1653874803654519455 6.865453 0.000000
1653874803660352327 5.831279 0.000000
1653874803667676061 7.322462 0.000000
1653874803675549128 7.871524 0.000000
1653874804111492477 435.942517 0.000000
1653874804975001538 863.507438 0.000000
1653874806013968406 1038.965325 0.000000
1653874806024361309 10.390509 0.000000
1653874806524368898 500.006257 0.000000
1653874806534337493 9.964878 0.000000
1653874806543218775 8.880169 0.000000
1653874806551412064 8.192117 0.000000
1653874806715232830 163.819514 0.000000
1653874806724735890 9.501097 0.000000
1653874806733679308 8.942185 0.000000
1653874806742274312 8.593591 0.000000
1653874806749891908 7.615282 0.000000
1653874806757580799 7.687578 0.000000
1653874806831949749 74.367447 0.000000
1653874806959319128 127.367646 0.000000
1653874806978742913 19.422112 0.000000
1653874806986369387 7.625311 0.000000
1653874806992891304 6.520845 0.000000
1653874807000351656 7.457887 0.000000
1653874807624636101 624.283383 0.000000
1653874807632148520 7.511397 0.000000
1653874807639825057 7.675695 0.000000
1653874807646722551 6.896442 0.000000
1653874807689869531 43.146169 0.000000
1653874807697474885 7.604402 0.000000
1653874807710021505 12.545628 0.000000
1653874810027382949 2317.360322 0.000000
1653874810130553979 103.169076 0.000000
1653874810138230426 7.674864 0.000000
1653874811636867148 1498.635429 0.000000
1653874811645963023 9.093941 0.000000
1653874811653285154 7.321189 0.000000
1653874811660676085 7.390090 0.000000
1653874811668257082 7.580076 0.000000
1653874811747422847 79.164963 0.000000
1653874811757266887 9.842467 0.000000
1653874811836569549 79.301790 0.000000
1653874812699533072 862.961780 0.000000
1653874813928681292 1229.146907 0.000000
1653874813937537225 8.854481 0.000000
1653874814014164939 76.626832 0.000000
1653874814021367897 7.201355 0.000000
1653874814708338497 686.969598 0.000000
1653874814717491779 9.150818 0.000000
1653874814726821112 9.328231 0.000000
1653874817562144539 2835.321703 0.000000
1653874818000767614 438.620269 0.000000
1653874819220087550 1219.316029 0.000000
1653874819228400192 8.309557 0.000000
1653874819235121835 6.719880 0.000000
1653874819244564091 9.440673 0.000000
1653874819253401920 8.836767 0.000000
1653874819259645504 6.242141 0.000000
1653874819270037946 10.389807 0.000000
1653874819890678169 620.638971 0.000000
1653874819898941259 8.260595 0.000000
1653874820516850749 617.908268 0.000000
1653874820526748290 9.895237 0.000000
1653874820535792768 9.042725 0.000000
1653874820542680914 6.887114 0.000000
1653874820549611369 6.929523 0.000000
1653874820556856114 7.202326 0.000000
1653874820894428002 337.571096 0.000000
1653874820901060727 6.629609 0.000000
1653874821016800336 115.738227 0.000000
1653874821026252761 9.450551 0.000000
1653874821057510256 31.256443 0.000000
1653874821066302610 8.790470 0.000000
1653874821075372145 9.068633 0.000000
1653874821092416438 17.043502 0.000000
1653874821904842779 812.424066 0.000000
1653874821913513384 8.668602 0.000000
1653874823062477767 1148.963592 0.000000
1653874823365237337 302.758317 0.000000
1653874826190775301 2825.535549 0.000000
1653874826200176519 9.400116 0.000000
1653874826808209321 608.031960 0.000000
1653874826818139032 9.926676 0.000000
1653874826827004404 8.864380 0.000000
1653874827203831993 376.826748 0.000000
1653874828432650711 1228.817856 0.000000
1653874828440734794 8.082721 0.000000
1653874828449292787 8.557142 0.000000
1653874828456777534 7.483905 0.000000
1653874828475527172 18.748997 0.000000
1653874828555445538 79.917134 0.000000
1653874828564897802 9.451322 0.000000
1653874828641259675 76.361121 0.000000
1653874828649316877 8.056371 0.000000
1653874828655459171 6.141031 0.000000
1653874829124561508 469.100574 0.000000
1653874829131798639 7.235658 0.000000
1653874829148774994 16.975543 0.000000
1653874829375069685 226.293769 0.000000
1653874829384399490 9.328222 0.000000
1653874829392962853 8.562572 0.000000
1653874829527057727 134.093902 0.000000
1653874829547256828 20.198230 0.000000
1653874829555255781 7.998131 0.000000
1653874829562148576 6.891983 0.000000
1653874829568507627 6.358240 0.000000
1653874831061036197 1492.527839 0.000000
1653874831081556713 20.518662 0.000000
1653874831090509398 8.951623 0.000000
1653874831099325748 8.813805 0.000000
1653874831108276099 8.949039 0.000000
1653874831115882133 7.604642 0.000000
1653874831124785786 8.902341 0.000000
1653874831131248312 6.458758 0.000000
1653874831377978879 246.728904 0.000000
1653874831385875219 7.893775 0.000000
1653874832069974823 684.097470 0.000000
1653874832091563265 21.586889 0.000000
1653874832908038990 816.474232 0.000000
1653874834102623458 1194.582384 0.000000
1653874834110285899 7.661078 0.000000
1653874834116605656 6.317403 0.000000
1653874834229593110 112.985771 0.000000
1653874834414955763 185.361461 0.000000
1653874834460769945 45.811957 0.000000
1653874834539830969 79.059572 0.000000
1653874834547108015 7.275543 0.000000
1653874834555292357 8.182118 0.000000
1653874835891754540 1336.461051 0.000000
1653874835921289557 29.533123 0.000000
1653874835943125835 21.834014 0.000000
1653874835951956501 8.828722 0.000000
1653874835958957318 7.000055 0.000000
1653874835966937946 7.979846 0.000000
1653874835975478076 8.539298 0.000000
1653874835992506549 17.026880 0.000000
1653874836810999451 818.492070 0.000000
1653874836972257522 161.255336 0.000000
1653874836982823820 10.565376 0.000000
1653874836992699770 9.874507 0.000000
1653874837001163526 8.462964 0.000000
1653874837018799902 17.635584 0.000000
1653874837031779986 12.979273 0.000000
1653874837104034237 72.253509 0.000000
1653874837112302316 8.267057 0.000000
1653874837410241900 297.938632 0.000000
1653874837418841943 8.599001 0.000000
1653874837425760285 6.915537 0.000000
1653874837433325743 7.564486 0.000000
1653874837440893696 7.566380 0.000000
1653874837765919335 325.024126 0.000000
1653874838422200330 656.279251 0.000000
1653874838457136437 34.933332 0.000000
1653874838465685895 8.548155 0.000000
1653874838474198614 8.510214 0.000000
1653874838482509372 8.308845 0.000000
1653874838489893089 7.382485 0.000000
1653874838496361666 6.466253 0.000000
1653874838505639402 9.276464 0.000000
1653874838515163281 9.521815 0.000000
1653874839563747240 1048.580883 0.000000
1653874839573128702 9.378736 0.000000
1653874839849135095 276.005191 0.000000
1653874839857343612 8.206814 0.000000
1653874839865600860 8.256126 0.000000
1653874840178054390 312.452508 0.000000
1653874840188252004 10.194389 0.000000
1653874840196329525 8.075787 0.000000
1653874840491862224 295.531768 0.000000
1653874840670489118 178.625010 0.000000
1653874840678742349 8.251668 0.000000
1653874840728036079 49.292558 0.000000
1653874840737644927 9.607075 0.000000
1653874840778873470 41.226058 0.000000
1653874840831885859 53.011347 0.000000
1653874840843214509 11.327768 0.000000
1653874840853169168 9.953747 0.000000
1653874840904597059 51.426909 0.000000
1653874840915416342 10.818472 0.000000
1653874840926082528 10.664132 0.000000
1653874840936849192 10.765452 0.000000
1653874840945555434 8.704949 0.000000
1653874841573829471 628.272594 0.000000
1653874841585688578 11.857264 0.000000
1653874841823048611 237.359031 0.000000
1653874841833841324 10.790830 0.000000
1653874841938373767 104.531491 0.000000
1653874841949631344 11.254081 0.000000
1653874842024004707 74.371690 0.000000
1653874842053295826 29.289476 0.000000
1653874842064457753 11.160545 0.000000
1653874842072606407 8.147672 0.000000
1653874842080874916 8.267407 0.000000
1653874842089117998 8.242010 0.000000
1653874842098251052 9.132172 0.000000
1653874842744643308 646.391414 0.000000
1653874842753269910 8.624208 0.000000
1653874842760714922 7.443709 0.000000
1653874842768866943 8.149987 0.000000
1653874842775673124 6.804779 0.000000
1653874843110600328 334.926264 0.000000
1653874843818906070 708.304439 0.000000
1653874844427206908 608.298493 0.000000
1653874845037116186 609.907987 0.000000
1653874845045508288 8.390138 0.000000
1653874845351826656 306.317096 0.000000
1653874845362019302 10.191003 0.000000
1653874845370687092 8.665586 0.000000
1653874845388174156 17.485291 0.000000
1653874845396934800 8.759482 0.000000
1653874845557950593 161.014751 0.000000
1653874845612394192 54.442547 0.000000
1653874845621425334 9.030340 0.000000
1653874845630778743 9.351936 0.000000
1653874845638088541 7.308556 0.000000
1653874845657100010 19.009987 0.000000
1653874845703484572 46.383340 0.000000
1653874845712001688 8.515814 0.000000
1653874845863515064 151.511642 0.000000
1653874845883865299 20.347990 0.000000
1653874846774938360 891.071517 0.000000
1653874846785160501 10.218574 0.000000
1653874847128284869 343.121663 0.000000
1653874848349733575 1221.445951 0.000000
1653874848960066697 610.329835 0.000000
1653874848970835175 10.765622 0.000000
1653874848982743595 11.906105 0.000000
1653874848991726066 8.980928 0.000000
1653874849599795372 608.068173 0.000000
1653874849607438286 7.640359 0.000000
1653874849617372717 9.931686 0.000000
1653874849628264546 10.890067 0.000000
1653874849640617612 12.350441 0.000000
1653874850251663963 611.044648 0.000000
1653874850263257582 11.590914 0.000000
1653874850303845880 40.587096 0.000000
1653874850912746348 608.899246 0.000000
1653874851529244154 616.495060 0.000000
1653874851537396134 8.148373 0.000000
1653874851545030692 7.632163 0.000000
1653874851551633891 6.602027 0.000000
1653874851560418842 8.783818 0.000000
1653874851569139430 8.717863 0.000000
1653874852180781650 611.639695 0.000000
1653874852189109210 8.326158 0.000000
1653874853408236614 1219.126622 0.000000
1653874853446273378 38.035351 0.000000
1653874853454516189 8.241318 0.000000
1653874853461287705 6.769833 0.000000
1653874854090681764 629.392226 0.000000
1653874854360449496 269.765518 0.000000
1653874854471767269 111.315128 0.000000
1653874854492924280 21.155268 0.000000
1653874854722227286 229.301653 0.000000
1653874854733605319 11.376200 0.000000
1653874854772906930 39.300398 0.000000
1653874854793183877 20.275204 0.000000
1653874854838183716 44.997174 0.000000
1653874854846435474 8.249343 0.000000
1653874854856168696 9.730707 0.000000
1653874854886365095 30.195267 0.000000
1653874855503394425 617.027657 0.000000
1653874856123051073 619.655115 0.000000
1653874856742245591 619.192113 0.000000
1653874856847587502 105.340067 0.000000
1653874856854641289 7.051342 0.000000
1653874856913142442 58.499350 0.000000
1653874857532877946 619.734442 0.000000
1653874857541179948 8.300740 0.000000
1653874857549838701 8.656659 0.000000
1653874857557384451 7.544449 0.000000
1653874857565082048 7.695994 0.000000
1653874857572743386 7.660536 0.000000
1653874857645173325 72.428967 0.000000
1653874857806011762 160.836304 0.000000
1653874858427008446 620.995521 0.000000
1653874858438679981 11.669471 0.000000
1653874858557570204 118.889241 0.000000
1653874858566194852 8.621812 0.000000
1653874858582194611 15.999017 0.000000
1653874858877711974 295.516531 0.000000
1653874859588016223 710.302797 0.000000
1653874859596214922 8.196364 0.000000
1653874859603296410 7.079885 0.000000
1653874859621722749 18.423353 0.000000
1653874859670392745 48.668583 0.000000
1653874859853413560 183.019883 0.000000
1653874860053937359 200.522717 0.000000
1653874860062281851 8.342989 0.000000
1653874860073072400 10.789277 0.000000
1653874860082398336 9.324213 0.000000
1653874860091113324 8.713085 0.000000
1653874860099119491 8.003772 0.000000
1653874860107909059 8.788165 0.000000
1653874860115750816 7.841015 0.000000
1653874860125143027 9.390969 0.000000
1653874860146889406 21.743784 0.000000
1653874860177419652 30.529064 0.000000
1653874860186792927 9.371832 0.000000
1653874860811785858 624.991949 0.000000
1653874860824972400 13.185320 0.000000
1653874861444195397 619.221976 0.000000
1653874862066726913 622.529442 0.000000
1653874862075044123 8.314716 0.000000
1653874862096088602 21.042435 0.000000
1653874862105615166 9.524600 0.000000
1653874862868157494 762.541467 0.000000
1653874862975505255 107.346779 0.000000
1653874863585495739 609.987198 0.000000
1653874863595557939 10.060327 0.000000
1653874863604935362 9.376081 0.000000
1653874863614493796 9.557462 0.000000
1653874863623491836 8.997069 0.000000
1653874863632823012 9.330235 0.000000
1653874863641205215 8.381352 0.000000
1653874863649343529 8.137413 0.000000
1653874863658353822 9.009371 0.000000
1653874863698647717 40.292362 0.000000
1653874863709333239 10.684711 0.000000
1653874863789962015 80.627284 0.000000
1653874863994412613 204.447963 0.000000
1653874864002464525 8.050349 0.000000
1653874864011897021 9.431615 0.000000
1653874864631172284 619.272317 0.000000
1653874864640246888 9.073131 0.000000
1653874864647479730 7.232071 0.000000
1653874864655050899 7.570267 0.000000
1653874864664526346 9.474476 0.000000
1653874865315103996 650.576808 0.000000
1653874865664958411 349.851259 0.000000
1653874865673829422 8.867955 0.000000
1653874865713739626 39.908971 0.000000
1653874866097340561 383.598180 0.000000
1653874866106122025 8.778608 0.000000
1653874866115893869 9.769299 0.000000
1653874866125554665 9.659694 0.000000
1653874866134447217 8.891560 0.000000
1653874867524218608 1389.770209 0.000000
1653874867534830532 10.610120 0.000000
1653874867854723089 319.891535 0.000000
1653874868558616922 703.890226 0.000000
1653874868953279244 394.659647 0.000000
1653874868962474274 9.193507 0.000000
1653874869122676072 160.199614 0.000000
1653874869130209109 7.530863 0.000000
1653874869138780898 8.570507 0.000000
1653874869148250505 9.468705 0.000000
1653874869156782850 8.530812 0.000000
1653874869165198545 8.414413 0.000000
1653874869174858379 9.657680 0.000000
1653874869184211486 9.352065 0.000000
1653874869196785547 12.572628 0.000000
1653874869206136440 9.349531 0.000000
1653874869215593593 9.456051 0.000000
1653874869320481199 104.886214 0.000000
1653874869330018122 9.535591 0.000000
1653874869339433206 9.413451 0.000000
1653874869347764593 8.330406 0.000000
1653874869354477618 6.712244 0.000000
1653874869974814471 620.336021 0.000000
1653874869984920183 10.103388 0.000000
1653874870006453791 21.532225 0.000000
1653874870015257816 8.802453 0.000000
1653874870041850483 26.591324 0.000000
1653874870661773777 619.922312 0.000000
1653874870671803877 10.027565 0.000000
1653874870685365754 13.560725 0.000000
1653874870694528934 9.161417 0.000000
1653874870714664856 20.134619 0.000000
1653874870724148037 9.479605 0.000000
1653874870740608522 16.458711 0.000000
1653874871111050856 370.438808 0.000000
1653874871120383084 9.330846 0.000000
1653874871128977786 8.593560 0.000000
1653874871135959887 6.980899 0.000000
1653874871145426508 9.464877 0.000000
1653874871225579951 80.152190 0.000000
1653874871235346194 9.764781 0.000000
1653874871241999949 6.652873 0.000000
1653874871249687025 7.686124 0.000000
1653874871258379180 8.691223 0.000000
1653874871351668168 93.287124 0.000000
1653874871359514765 7.844773 0.000000
1653874871422412278 62.888877 0.000000
1653874871430456526 8.042725 0.000000
1653874871440224292 9.766464 0.000000
1653874871448057854 7.832160 0.000000
1653874872035183481 587.123864 0.000000
1653874872045545054 10.359779 0.000000
1653874872066695732 21.149446 0.000000
1653874872089053970 22.356665 0.000000
1653874872100377541 11.322399 0.000000
1653874872110507969 10.129106 0.000000
1653874872283361683 172.852231 0.000000
1653874872295487982 12.124726 0.000000
1653874872305752111 10.262897 0.000000
1653874872315318930 9.565827 0.000000
1653874872409235347 93.914814 0.000000
1653874872417355177 8.118096 0.000000
1653874872554423469 137.067020 0.000000
1653874872562967746 8.542043 0.000000
1653874872585492478 22.523429 0.000000
1653874873226940673 641.447063 0.000000
1653874873235391083 8.448747 0.000000
1653874873322271538 86.879423 0.000000
1653874875272371970 1950.098739 0.000000
1653874875290501250 18.128398 0.000000
1653874876088272400 797.770027 0.000000
1653874876709130295 620.855481 0.000000
1653874876748976608 39.844679 0.000000
1653874876765129956 16.152336 0.000000
1653874876777205359 12.074311 0.000000
1653874876785565350 8.357787 0.000000
1653874876810784474 25.218082 0.000000
1653874876831293156 20.507560 0.000000
1653874876839463350 8.168801 0.000000
1653874876846826728 7.362627 0.000000
1653874876855636414 8.808874 0.000000
1653874876870054069 14.414679 0.000000
1653874876890174702 20.118990 0.000000
1653874876900636052 10.460349 0.000000
1653874876908875817 8.238844 0.000000
1653874876917053605 8.176246 0.000000
1653874876925974891 8.920144 0.000000
1653874876935086955 9.110611 0.000000
1653874876943332431 8.243582 0.000000
1653874876951357101 8.022586 0.000000
1653874876962346875 10.988130 0.000000
1653874876972506578 10.158050 0.000000
1653874876983134410 10.626259 0.000000
1653874877154206836 171.071284 0.000000
1653874877787679898 633.470638 0.000000
1653874877797189029 9.507538 0.000000
1653874877805672251 8.482340 0.000000
1653874877815133452 9.460369 0.000000
1653874877823181016 8.046743 0.000000
1653874877831795024 8.613037 0.000000
1653874877840470287 8.674482 0.000000
1653874877848163695 7.692266 0.000000
1653874877892764964 44.600297 0.000000
1653874879047723821 1154.957945 0.000000
1653874879116116771 68.390336 0.000000
1653874879125100284 8.981008 0.000000
1653874879133481655 8.380008 0.000000
1653874879142839992 9.357285 0.000000
1653874879152209520 9.366863 0.000000
1653874879160670050 8.458606 0.000000
1653874879341391939 180.720366 0.000000
1653874879374683023 33.289200 0.000000
1653874879418895361 44.211046 0.000000
1653874879428439437 9.541832 0.000000
1653874879436976661 8.536132 0.000000
1653874879448168563 11.190440 0.000000
1653874879457675089 9.505213 0.000000
1653874880077311517 619.635095 0.000000
1653874880088828250 11.514880 0.000000
1653874880369027977 280.197252 0.000000
1653874880454572419 85.542529 0.000000
1653874880462893106 8.318372 0.000000
1653874880473225755 10.330855 0.000000
1653874880481519912 8.292925 0.000000
1653874881111620193 630.098648 0.000000
1653874881134678697 23.056811 0.000000
1653874881145467061 10.786922 0.000000
1653874881155008692 9.539888 0.000000
1653874881360765639 205.755685 0.000000
1653874881977760000 616.991766 0.000000
1653874881987053425 9.291502 0.000000
1653874881995869934 8.814014 0.000000
1653874882003293204 7.422048 0.000000
1653874882019267454 15.973399 0.000000
1653874882030174692 10.905866 0.000000
1653874882039002132 8.826408 0.000000
1653874882046141499 7.137694 0.000000
1653874882054263082 8.120080 0.000000
1653874882062301588 8.037444 0.000000
1653874882155864951 93.562181 0.000000
1653874882165493405 9.626881 0.000000
1653874882286496815 121.002168 0.000000
1653874882356813781 70.314271 0.000000
1653874882367751476 10.936372 0.000000
1653874882477171759 109.419131 0.000000
1653874882486818618 9.645156 0.000000
1653874882553906986 67.087306 0.000000
1653874882565093058 11.184900 0.000000
1653874882596876088 31.782269 0.000000
1653874883094638346 497.761036 0.000000
1653874883102911524 8.271826 0.000000
1653874883123416097 20.503812 0.000000
1653874884363127520 1239.710220 0.000000
1653874884972224938 609.095745 0.000000
1653874884980554691 8.327329 0.000000
1653874884993774926 13.219193 0.000000
1653874885004403320 10.627543 0.000000
1653874885015476539 11.072478 0.000000
1653874885636792107 621.314436 0.000000
1653874886246281691 609.488431 0.000000
1653874886254732422 8.447685 0.000000
1653874886876637778 621.904584 0.000000
1653874887244990827 368.351486 0.000000
1653874887255831360 10.838018 0.000000
1653874887265969982 10.137762 0.000000
1653874887548734146 282.763352 0.000000
1653874887626876116 78.139446 0.000000
1653874887637851693 10.974234 0.000000
1653874887646860433 9.007889 0.000000
1653874888338104704 691.243339 0.000000
1653874888346143301 8.034629 0.000000
1653874888359736356 13.590812 0.000000
1653874888371455870 11.718012 0.000000
1653874888793357752 421.899006 0.000000
1653874888804826795 11.466149 0.000000
1653874888827002490 22.174212 0.000000
1653874888839303787 12.298842 0.000000
1653874888851159187 11.854067 0.000000
1653874889460752372 609.592273 0.000000
1653874889468836345 8.082520 0.000000
1653874889936022838 467.185672 0.000000
1653874889944604355 8.580095 0.000000
1653874889958307387 13.702060 0.000000
1653874889965919913 7.611605 0.000000
1653874889974455213 8.534298 0.000000
1653874890008272144 33.815749 0.000000
1653874890016638367 8.364940 0.000000
1653874891004704497 988.064958 0.000000
1653874893461443593 2456.737003 0.000000
1653874893474896254 13.450587 0.000000
1653874893484703675 9.804545 0.000000
1653874893524979224 40.274417 0.000000
1653874894745647111 1220.666695 0.000000
1653874894769817403 24.166605 0.000000
1653874894826114090 56.294983 0.000000
1653874894888939025 62.822751 0.000000
1653874894902832214 13.891766 0.000000
1653874894912240775 9.406077 0.000000
1653874895523668243 611.426646 0.000000
1653874896029543129 505.872361 0.000000
1653874896041492144 11.946500 0.000000
1653874896051090482 9.596955 0.000000
1653874896069307657 18.215893 0.000000
1653874896076701001 7.390669 0.000000
1653874896121469704 44.767110 0.000000
1653874896187476157 66.004931 0.000000
1653874896197203908 9.726508 0.000000
1653874896205463650 8.258179 0.000000
1653874896213466230 8.001417 0.000000
1653874896224685674 11.216649 0.000000
1653874897081137898 856.450681 0.000000
1653874897091399281 10.258838 0.000000
1653874897101796701 10.396568 0.000000
1653874897112720540 10.923078 0.000000
1653874897124163564 11.442112 0.000000
1653874897134968600 10.803934 0.000000
1653874897865555378 730.585596 0.000000
1653874897876427550 10.869567 0.000000
1653874897886554170 10.123915 0.000000
1653874900201369322 2314.812467 0.000000
1653874900210447322 9.076767 0.000000
1653874900220580906 10.132241 0.000000
1653874900230667181 10.083510 0.000000
1653874900240033192 9.364378 0.000000
1653874900262404043 22.368106 0.000000
1653874900271734607 9.328661 0.000000
1653874900281332835 9.595923 0.000000
1653874900293592073 12.258146 0.000000
1653874900488658324 195.064437 0.000000
1653874900607305964 118.646187 0.000000
1653874900708241038 100.932138 0.000000
1653874900717613431 9.371070 0.000000
1653874900742184978 24.570054 0.000000
1653874901371440894 629.254685 0.000000
1653874901384108891 12.666223 0.000000
1653874904463545745 3079.435982 0.000000
1653874904472621461 9.072851 0.000000
1653874904484511605 11.888511 0.000000
1653874905740418558 1255.905991 0.000000
1653874905750529139 10.109459 0.000000
1653874905978632854 228.101792 0.000000
1653874906005532335 26.708031 0.000000
1653874906017284651 11.749982 0.000000
1653874906135600937 118.314303 0.000000
1653874906746132893 610.530433 0.000000
1653874906757785441 11.651195 0.000000
1653874906926062136 168.275613 0.000000
1653874906939403518 13.339488 0.000000
1653874907061919887 122.514556 0.000000
1653874908175939744 1114.017682 0.000000
1653874909119190120 943.249324 0.000000
1653874909127721413 8.529049 0.000000
1653874909162308851 34.585554 0.000000
1653874909235087821 72.777166 0.000000
1653874909248735148 13.646125 0.000000
1653874909257501122 8.765102 0.000000
1653874910889576211 1632.073707 0.000000
1653874911509100993 619.523610 0.000000
1653874911518574516 9.472281 0.000000
1653874911577861481 59.285562 0.000000
1653874911589670343 11.807189 0.000000
1653874911607099717 17.428032 0.000000
1653874911619506843 12.406245 0.000000
1653874911630294055 10.785719 0.000000
1653874911978963151 348.667673 0.000000
1653874912193139482 214.172574 0.000000
1653874912213656108 20.514192 0.000000
1653874912221693812 8.035330 0.000000
1653874912243823830 22.128335 0.000000
1653874912254556619 10.731236 0.000000
1653874913276952565 1022.394863 0.000000
1653874913305196653 28.240521 0.000000
1653874913315192448 9.993270 0.000000
1653874913919713081 604.519060 0.000000
1653874914356541790 436.826525 0.000000
1653874914365694069 9.149654 0.000000
1653874914452054121 86.359050 0.000000
1653874914701558511 249.501745 0.000000
1653874914773470221 71.908845 0.000000
1653874914792283265 18.810900 0.000000
1653874914820257907 27.973099 0.000000
1653874914846714755 26.454694 0.000000
1653874914866741581 20.024832 0.000000
1653874915592736553 725.993680 0.000000
1653874915678332589 85.593972 0.000000
1653874915730043516 51.708242 0.000000
1653874915815715855 85.669774 0.000000
1653874915873093553 57.375513 0.000000
1653874916184786770 311.690282 0.000000
1653874916223145465 38.355860 0.000000
1653874916262366120 39.216998 0.000000
1653874916295597971 33.229557 0.000000
1653874916310164916 14.564100 0.000000
1653874916933635589 623.467948 0.000000
1653874916943592842 9.955029 0.000000
1653874917300869360 357.275246 0.000000
1653874917355672919 54.801315 0.000000
1653874917610245293 254.570380 0.000000
1653874917870502529 260.254361 0.000000
1653874918101723970 231.218685 0.000000
1653874918118769403 17.042878 0.000000
1653874918129612570 10.841684 0.000000
1653874918140436851 10.823149 0.000000
1653874918278912780 138.474657 0.000000
1653874918293237811 14.322746 0.000000
1653874918303321972 10.082879 0.000000
1653874918328493274 25.169891 0.000000
1653874918339515829 11.021412 0.000000
1653874918555591877 216.072612 0.000000
1653874918565511068 9.916666 0.000000
1653874918575416513 9.903140 0.000000
1653874918795694939 220.276232 0.000000
1653874919073137340 277.439956 0.000000
1653874919147884177 74.743381 0.000000
1653874919163044798 15.157906 0.000000
1653874919322484373 159.438744 0.000000
1653874919332330987 9.843879 0.000000
1653874919957365186 625.031423 0.000000
1653874919980041731 22.673850 0.000000
1653874920002103721 22.059565 0.000000
1653874920012764234 10.657858 0.000000
1653874920024242164 11.474653 0.000000
1653874920035968190 11.724503 0.000000
1653874920478456140 442.486537 0.000000
1653874920488770143 10.310436 0.000000
1653874920499759504 10.986586 0.000000
1653874920507813189 8.052492 0.000000
1653874920518417387 10.601492 0.000000
1653874920530225698 11.806778 0.000000
1653874920598346883 68.120114 0.000000
1653874920610505022 12.155073 0.000000
1653874920620868898 10.360269 0.000000
1653874920630920097 10.048233 0.000000
1653874920642637016 11.713783 0.000000
1653874920699203006 56.564277 0.000000
1653874920709702688 10.497017 0.000000
1653874921061141435 351.435731 0.000000
1653874921107777094 46.633325 0.000000
1653874921120126282 12.346052 0.000000
1653874921132845444 12.715806 0.000000
1653874922089295200 956.447221 0.000000
1653874922223738871 134.440957 0.000000
1653874922241530045 17.787507 0.000000
1653874922368126801 126.593580 0.000000
1653874922380101393 11.971787 0.000000
1653874922390983464 10.881159 0.000000
1653874922401070149 10.085373 0.000000
1653874922411673846 10.602685 0.000000
1653874922422036249 10.361552 0.000000
1653874923984727504 1562.690564 0.000000
1653874923996167612 11.437954 0.000000
1653874924006689055 10.519509 0.000000
1653874924016246726 9.554896 0.000000
1653874924026998551 10.750072 0.000000
1653874924037248774 10.248169 0.000000
1653874924047217797 9.965867 0.000000
1653874924056243459 9.024469 0.000000
1653874924066855592 10.609828 0.000000
1653874924077164425 10.307381 0.000000
1653874924086237134 9.071106 0.000000
1653874924098150212 11.911325 0.000000
1653874924108067468 9.915935 0.000000
1653874924116856465 8.787233 0.000000
1653874924125838775 8.981198 0.000000
1653874924135666614 9.827107 0.000000
1653874924147829351 12.160924 0.000000
1653874925616186957 1468.356274 0.000000
1653874925629256958 13.067236 0.000000
1653874925639732104 10.472430 0.000000
1653874925844335882 204.602686 0.000000
1653874925863014303 18.676918 0.000000
1653874925883130576 20.114660 0.000000
1653874925906228051 23.095892 0.000000
1653874925915359943 9.130769 0.000000
1653874925924332494 8.971559 0.000000
1653874925932998990 8.665705 0.000000
1653874925941582361 8.582629 0.000000
1653874925950516901 8.933669 0.000000
1653874927258159814 1307.642242 0.000000
1653874927270266255 12.103856 0.000000
1653874927389668529 119.399599 0.000000
1653874927399992932 10.322189 0.000000
1653874928484780647 1084.784670 0.000000
1653874928495971878 11.188125 0.000000
1653874928506246867 10.271954 0.000000
1653874928516027016 9.777083 0.000000
1653874929780340500 1264.312412 0.000000
1653874929790780219 10.437295 0.000000
1653874929891701713 100.919701 0.000000
1653874929951302025 59.598980 0.000000
1653874929962309481 11.006063 0.000000
1653874929972308502 9.997959 0.000000
1653874929982175704 9.865068 0.000000
1653874929991781455 9.604198 0.000000
1653874930002162344 10.379566 0.000000
1653874930012835090 10.671504 0.000000
1653874930023064213 10.227981 0.000000
1653874930061943887 38.877129 0.000000
1653874930162676196 100.730957 0.000000
1653874930768575518 605.898240 0.000000
1653874931163945478 395.367967 0.000000
1653874932001824321 837.877711 0.000000
1653874932099928160 98.100152 0.000000
1653874932113037275 13.105969 0.000000
1653874932121391795 8.352937 0.000000
1653874932132208372 10.813982 0.000000
1653874932141494713 9.285149 0.000000
1653874932150748102 9.252186 0.000000
1653874932280139307 129.389492 0.000000
1653874932292147834 12.006172 0.000000
1653874932305100195 12.951359 0.000000
1653874932316870143 11.769167 0.000000
1653874932326520347 9.648963 0.000000
1653874932372416838 45.895709 0.000000
1653874932476567370 104.149681 0.000000
1653874934277759953 1801.191481 0.000000
1653874934401502764 123.741088 0.000000
1653874934411703603 10.200048 0.000000
1653874934420183288 8.478924 0.000000
1653874934446427477 26.243427 0.000000
1653874934508255486 61.826876 0.000000
1653874935654670363 1146.414036 0.000000
1653874935666021534 11.349338 0.000000
1653874935686727957 20.705310 0.000000
1653874935698741252 12.012143 0.000000
1653874936776928624 1078.186380 0.000000
1653874936787593515 10.663098 0.000000
1653874936818459289 30.864852 0.000000
1653874936828505278 10.044646 0.000000
1653874936839148369 10.642310 0.000000
1653874936872145527 32.996357 0.000000
1653874936892022631 19.876122 0.000000
1653874936900287242 8.263739 0.000000
1653874936907704691 7.416698 0.000000
1653874936919660037 11.954685 0.000000
1653874937058420669 138.759840 0.000000
1653874937067979402 9.557891 0.000000
1653874937077424692 9.444358 0.000000
1653874937085306003 7.880509 0.000000
1653874937093838207 8.531453 0.000000
1653874937102454749 8.615741 0.000000
1653874937111680516 9.224935 0.000000
1653874937120968570 9.287313 0.000000
1653874937744596745 623.627513 0.000000
1653874937755714938 11.115198 0.000000
1653874937766295201 10.578760 0.000000
1653874937777116737 10.819812 0.000000
1653874937787733849 10.614968 0.000000
1653874937816608871 28.873329 0.000000
1653874937828560591 11.950468 0.000000
1653874937837345690 8.783265 0.000000
1653874937850305474 12.957960 0.000000
1653874937859345973 9.038725 0.000000
1653874937869211543 9.863847 0.000000
1653874937878458730 9.245565 0.000000
1653874937887781971 9.321597 0.000000
1653874937897135909 9.352165 0.000000
1653874937906692007 9.554936 0.000000
1653874937918212526 11.518906 0.000000
1653874938542491533 624.277614 0.000000
1653874938553167696 10.674440 0.000000
1653874938970117275 416.948307 0.000000
1653874938981493794 11.374175 0.000000
1653874939018361175 36.866470 0.000000
1653874939028930959 10.568832 0.000000
1653874939038297480 9.365710 0.000000
1653874939048420403 10.122071 0.000000
1653874939124159914 75.738799 0.000000
1653874939346367661 222.206414 0.000000
1653874939357586794 11.217350 0.000000
1653874939370907947 13.320181 0.000000
1653874939431811929 60.903130 0.000000
1653874939443962803 12.149732 0.000000
1653874939456470858 12.506924 0.000000
1653874939469245675 12.771811 0.000000
1653874939900771886 431.524459 0.000000
1653874939912956935 12.181712 0.000000
1653874939959427012 46.468695 0.000000
1653874940070299886 110.870920 0.000000
1653874940692710991 622.409622 0.000000
1653874940715870613 23.156847 0.000000
1653874940728504144 12.631838 0.000000
1653874940739520196 11.015091 0.000000
1653874944420399653 3680.878315 0.000000
1653874944432234774 11.832306 0.000000
1653874944441839503 9.603587 0.000000
1653874944450777419 8.936984 0.000000
1653874944461980442 11.202171 0.000000
1653874944471830482 9.847485 0.000000
1653874944481405626 9.573260 0.000000
1653874944493358488 11.951890 0.000000
1653874944504685694 11.326415 0.000000
1653874944526894850 22.208394 0.000000
1653874944536672183 9.776432 0.000000
1653874944546584661 9.911546 0.000000
1653874945175124851 628.539439 0.000000
1653874945193963012 18.835436 0.000000
1653874945209367380 15.402965 0.000000
1653874945244348557 34.979353 0.000000
1653874948285560529 3041.210259 0.000000
1653874948306953511 21.390217 0.000000
1653874948319651763 12.696178 0.000000
1653874948430375436 110.722480 0.000000
1653874948444495561 14.119013 0.000000
1653874948453889073 9.391479 0.000000
1653874948464844300 10.952732 0.000000
1653874948474419764 9.574202 0.000000
1653874948483925508 9.504161 0.000000
1653874948493141136 9.214576 0.000000
1653874948502179921 9.037212 0.000000
1653874948511149938 8.968414 0.000000
1653874948519354786 8.203997 0.000000
1653874948533947199 14.591681 0.000000
1653874948546535745 12.587394 0.000000
1653874948559571131 13.034294 0.000000
1653874948572725251 13.153188 0.000000
1653874948583218309 10.492127 0.000000
1653874948605125026 21.904793 0.000000
1653874948614257578 9.130478 0.000000
1653874948628035750 13.777210 0.000000
1653874948638140229 10.103497 0.000000
1653874948647420378 9.278306 0.000000
1653874948657266551 9.844840 0.000000
1653874949303261058 645.993345 0.000000
1653874949313548189 10.285398 0.000000
1653874949322691131 9.141800 0.000000
1653874949332914603 10.220677 0.000000
1653874949342445183 9.528977 0.000000
1653874949353487053 11.040398 0.000000
1653874949362506813 9.018458 0.000000
1653874949501959353 139.451017 0.000000
1653874949513452360 11.490643 0.000000
1653874949523848978 10.395736 0.000000
1653874949532511306 8.661106 0.000000
1653874949541877717 9.365209 0.000000
1653874949554976152 13.097342 0.000000
1653874949564789934 9.812720 0.000000
1653874949696862245 132.071008 0.000000
1653874950319025107 622.161108 0.000000
1653874950328404282 9.375388 0.000000
1653874950337506076 9.100802 0.000000
1653874950346926689 9.419591 0.000000
1653874950748018021 401.090290 0.000000
1653874950757775698 9.756735 0.000000
1653874950768851201 11.074541 0.000000
1653874950779167908 10.315665 0.000000
1653874950789665345 10.496485 0.000000
1653874950941057502 151.391305 0.000000
1653874950954951552 13.892116 0.000000
1653874950966293616 11.340070 0.000000
1653874950975698630 9.403581 0.000000
1653874950996935408 21.234594 0.000000
1653874951010307718 13.370156 0.000000
1653874951027268100 16.958719 0.000000
1653874951038465031 11.195519 0.000000
1653874951084221306 45.755433 0.000000
1653874951188815290 104.593042 0.000000
1653874951199947870 11.130267 0.000000
1653874951853466275 653.516461 0.000000
1653874951912360389 58.892271 0.000000
1653874951923181885 10.819623 0.000000
1653874951932692096 9.509450 0.000000
1653874951941111468 8.418540 0.000000
1653874951950989801 9.877552 0.000000
1653874951959980106 8.988331 0.000000
1653874951969051072 9.069393 0.000000
1653874951991889581 22.837056 0.000000
1653874952002115417 10.224885 0.000000
1653874952012669741 10.552961 0.000000
1653874952023293495 10.622292 0.000000
1653874952034442847 11.148160 0.000000
1653874952044405348 9.961260 0.000000
1653874952055215072 10.808662 0.000000
1653874952067353082 12.136577 0.000000
1653874952078709723 11.355008 0.000000
1653874952089395584 10.684809 0.000000
1653874952135741878 46.345172 0.000000
1653874952149080243 13.336633 0.000000
1653874952161895907 12.814191 0.000000
1653874952185998280 24.101151 0.000000
1653874952195257330 9.257667 0.000000
1653874952204596059 9.337056 0.000000
1653874952297947505 93.350083 0.000000
1653874952306933562 8.984734 0.000000
1653874952317031568 10.096283 0.000000
1653874952327100570 10.068201 0.000000
1653874952338632551 11.530559 0.000000
1653874952348879938 10.246396 0.000000
1653874952359701233 10.818540 0.000000
1653874952370606717 10.904382 0.000000
1653874952380925227 10.317488 0.000000
1653874952472275734 91.348844 0.000000
1653874952486518439 14.241353 0.000000
1653874952497584223 11.063230 0.000000
1653874952507114152 9.528607 0.000000
1653874952517926741 10.811127 0.000000
1653874952528023124 10.095181 0.000000
1653874952541443794 13.419197 0.000000
1653874952606107631 64.662184 0.000000
1653874952616428355 10.319722 0.000000
1653874952625861262 9.431694 0.000000
1653874953227160134 601.297480 0.000000
1653874953317928706 90.765867 0.000000
1653874953328734422 10.804333 0.000000
1653874953338506516 9.770450 0.000000
1653874953347275044 8.767326 0.000000
1653874953356780978 9.504742 0.000000
1653874953365869016 9.086676 0.000000
1653874953375658092 9.787543 0.000000
1653874953385355665 9.696401 0.000000
1653874953395045194 9.688286 0.000000
1653874953405600489 10.553822 0.000000
1653874953461533779 55.931647 0.000000
1653874953496653747 35.117603 0.000000
1653874953507364094 10.709045 0.000000
1653874953517597124 10.231658 0.000000
1653874953527762857 10.163439 0.000000
1653874953536965040 9.200780 0.000000
1653874953549203218 12.236735 0.000000
1653874953559378679 10.173587 0.000000
1653874953570173735 10.794014 0.000000
1653874953579758637 9.583549 0.000000
1653874953589174842 9.414822 0.000000
1653874953598252942 9.077028 0.000000
1653874953606388721 8.134958 0.000000
1653874954229541210 623.150936 0.000000
1653874954240272556 10.729733 0.000000
1653874954341851122 101.577584 0.000000
1653874954390438157 48.585092 0.000000
1653874954491675693 101.236373 0.000000
1653874955154904402 663.225743 0.000000
1653874955190749643 35.843167 0.000000
1653874955201859661 11.108916 0.000000
1653874955212391212 10.530800 0.000000
1653874955223176670 10.784657 0.000000
1653874955233665410 10.487648 0.000000
1653874955246597101 12.930889 0.000000
1653874955257385114 10.787241 0.000000
1653874956510576300 1253.190355 0.000000
1653874957141984400 631.405776 0.000000
1653874957172816130 30.828904 0.000000
1653874957186275412 13.456848 0.000000
1653874957200960048 14.683483 0.000000
1653874957214223702 13.261811 0.000000
1653874957228391997 14.165260 0.000000
1653874957241585651 13.187251 0.000000
1653874957255358653 13.770177 0.000000
1653874957267176982 11.816245 0.000000
1653874957614761592 347.583277 0.000000
1653874957625803382 11.039175 0.000000
1653874957646682278 20.876452 0.000000
1653874957656742192 10.058822 0.000000
1653874957665583066 8.839802 0.000000
1653874957676628503 11.044215 0.000000
1653874959146232597 1469.603132 0.000000
1653874959874086396 727.850833 0.000000
1653874959885674723 11.585311 0.000000
1653874959899798495 14.120997 0.000000
1653874959965059363 65.257302 0.000000
1653874959979445958 14.383950 0.000000
1653874959992889371 13.441610 0.000000
1653874960069495328 76.604444 0.000000
1653874960079411222 9.913549 0.000000
1653874960092267271 12.852853 0.000000
1653874960257233334 164.964229 0.000000
1653874960268941246 11.705457 0.000000
1653874960293918863 24.974892 0.000000
1653874960308318964 14.396865 0.000000
1653874960965352047 657.029937 0.000000
1653874961020309262 54.954330 0.000000
1653874961523428891 503.117214 0.000000
1653874961532045493 8.613908 0.000000
1653874961934808964 402.760645 0.000000
1653874961970249744 35.437655 0.000000
1653874962526837219 556.584920 0.000000
1653874962667503518 140.664014 0.000000
1653874962680595059 13.088756 0.000000
1653874962710794650 30.196956 0.000000
1653874963336464374 625.668381 0.000000
1653874963349385074 12.918286 0.000000
1653874963365036556 15.649829 0.000000
1653874963377176930 12.138881 0.000000
1653874963388145201 10.966859 0.000000
1653874963400344827 12.198093 0.000000
1653874963411772342 11.425922 0.000000
1653874963863928279 452.153082 0.000000
1653874964544327248 680.396124 0.000000
1653874964558779176 14.449053 0.000000
1653874964569048985 10.269047 0.000000
1653874964580576006 11.523955 0.000000
1653874964590331028 9.753619 0.000000
1653874964698789372 108.455689 0.000000
1653874964709904719 11.112392 0.000000
1653874964722503515 12.595740 0.000000
1653874964735193663 12.687503 0.000000
1653874964747177652 11.981956 0.000000
1653874964758451128 11.272333 0.000000
1653874964769372301 10.919029 0.000000
1653874965116584649 347.211256 0.000000
1653874965153663627 37.075832 0.000000
1653874965164637519 10.970826 0.000000
1653874965312495061 147.855139 0.000000
1653874965324488188 11.990431 0.000000
1653874965336384564 11.895083 0.000000
1653874965347937364 11.551908 0.000000
1653874965361395785 13.457549 0.000000
1653874965372704847 11.308090 0.000000
1653874965958798298 586.092670 0.000000
1653874966142879230 184.077656 0.000000
1653874966158762127 15.879701 0.000000
1653874966171741948 12.976837 0.000000
1653874966183793877 12.047951 0.000000
1653874966194431877 10.635065 0.000000
1653874966206852939 12.419008 0.000000
1653874966217249326 10.395445 0.000000
1653874966904361529 687.108927 0.000000
1653874966918514174 14.150331 0.000000
1653874966930807516 12.290316 0.000000
1653874966943778651 12.969031 0.000000
1653874966956890871 13.109465 0.000000
1653874966969712245 12.818669 0.000000
1653874967764693965 794.980478 0.000000
1653874967806129960 41.433391 0.000000
1653874968350213665 544.081220 0.000000
1653874968986370512 636.154482 0.000000
1653874969002321948 15.949653 0.000000
1653874969012999683 10.673839 0.000000
1653874969023524401 10.523305 0.000000
1653874969034509645 10.984042 0.000000
1653874969044750609 10.239381 0.000000
1653874969054780537 10.028355 0.000000
1653874969678267745 623.486376 0.000000
1653874969696610815 18.340474 0.000000
1653874969707739198 11.124916 0.000000
1653874970889411678 1181.670767 0.000000
1653874970900276715 10.862772 0.000000
1653874970912850364 12.572697 0.000000
1653874970927475567 14.622608 0.000000
1653874970962980858 35.503157 0.000000
1653874970972911961 9.928538 0.000000
1653874971117177392 144.262456 0.000000
1653874971128645272 11.466407 0.000000
1653874971777259186 648.612511 0.000000
1653874971787544344 10.283905 0.000000
1653874972156680138 369.135002 0.000000
1653874972167235683 10.551848 0.000000
1653874972177992077 10.753478 0.000000
1653874972791026290 613.032260 0.000000
1653874972802726176 11.698123 0.000000
1653874972812083530 9.356432 0.000000
1653874972821947226 9.862614 0.000000
1653874972854604895 32.656127 0.000000
1653874972866259807 11.653369 0.000000
1653874973029538939 163.244617 0.000000
1653874973654312391 624.771098 0.000000
1653874974928196469 1273.882134 0.000000
1653874974942632277 14.433323 0.000000
1653874975028675427 86.040215 0.000000
1653874975040257222 11.579200 0.000000
1653874975051969651 11.709594 0.000000
1653874975064646493 12.674778 0.000000
1653874975077003975 12.353895 0.000000
1653874975088036497 11.030538 0.000000
1653874975172411243 84.373373 0.000000
1653874975203654975 31.240787 0.000000
1653874975216453416 12.797279 0.000000
1653874975228396278 11.941379 0.000000
1653874975352940690 124.543380 0.000000
1653874975367668446 14.725381 0.000000
1653874975382153606 14.481874 0.000000
1653874975396445403 14.290024 0.000000
1653874975482975879 86.529564 0.000000
1653874975555425695 72.446941 0.000000
1653874975566881794 11.453333 0.000000
1653874975577531226 10.647749 0.000000
1653874975589851558 12.318028 0.000000
1653874975603829034 13.975973 0.000000
1653874975614718868 10.886908 0.000000
1653874975627794470 13.073849 0.000000
1653874976255927524 628.132383 0.000000
1653874976283086200 27.154288 0.000000
1653874976296759314 13.670249 0.000000
1653874976310353570 13.592382 0.000000
1653874976322916668 12.561755 0.000000
1653874976334530763 11.612873 0.000000
1653874976346378848 11.846943 0.000000
1653874976490744436 144.362502 0.000000
1653874976503508613 12.761542 0.000000
1653874976515600285 12.090560 0.000000
1653874976526753704 11.152428 0.000000
1653874976551464040 24.706849 0.000000
1653874976564525034 13.059271 0.000000
1653874976578109331 13.581372 0.000000
1653874976589500667 11.388220 0.000000
1653874976603929932 14.427582 0.000000
1653874976643100360 39.168213 0.000000
1653874976654106213 11.004350 0.000000
1653874976824242770 170.135445 0.000000
1653874976836432025 12.186490 0.000000
1653874977506058372 669.625325 0.000000
1653874977518182155 12.121128 0.000000
1653874977590167217 71.982097 0.000000
1653874977633165218 42.996068 0.000000
1653874977644720984 11.553101 0.000000
1653874977656670840 11.947121 0.000000
1653874977667534815 10.862853 0.000000
1653874977806230789 138.695012 0.000000
1653874977830625010 24.391165 0.000000
1653874977843660016 13.032481 0.000000
1653874977855864660 12.203252 0.000000
1653874977881530040 25.663937 0.000000
1653874977894704126 13.170840 0.000000
1653874978219541112 324.835784 0.000000
1653874978232995155 13.451087 0.000000
1653874978247200459 14.202409 0.000000
1653874978261181632 13.978808 0.000000
1653874979153057705 891.874790 0.000000
1653874979243267765 90.206154 0.000000
1653874979269280848 26.009918 0.000000
1653874979348377435 79.094032 0.000000
1653874979360472593 12.093626 0.000000
1653874979370771507 10.297140 0.000000
1653874979395576961 24.804021 0.000000
1653874979408182128 12.603564 0.000000
1653874979422467813 14.284603 0.000000
1653874979433262970 10.792381 0.000000
1653874979443891122 10.625347 0.000000
1653874979454337562 10.444647 0.000000
1653874979465341521 11.002305 0.000000
1653874979477307737 11.964544 0.000000
1653874979487620788 10.310456 0.000000
1653874979498923447 11.301778 0.000000
1653874980453569043 954.644053 0.000000
1653874980528719093 75.147605 0.000000
1653874980543283232 14.561874 0.000000
1653874980557416912 14.131916 0.000000
1653874980571397553 13.979129 0.000000
1653874980584178612 12.780307 0.000000
1653874980595683711 11.503287 0.000000
1653874980607940555 12.255591 0.000000
1653874980618673463 10.729803 0.000000
1653874981343978137 725.302890 0.000000
1653874981369375152 25.394360 0.000000
1653874981381950263 12.572336 0.000000
1653874981394205393 12.254037 0.000000
1653874981950952026 556.745601 0.000000
1653874982010502422 59.547831 0.000000
1653874982023463037 12.957620 0.000000
1653874982057110477 33.646027 0.000000
1653874982075297804 18.186085 0.000000
1653874982231172409 155.872832 0.000000
1653874982243939340 12.763685 0.000000
1653874982319181924 75.241481 0.000000
1653874982417144042 97.959212 0.000000
1653874982570351214 153.204748 0.000000
1653874982591879099 21.524969 0.000000
1653874982603710523 11.829541 0.000000
1653874982966059318 362.347674 0.000000
1653874982981201623 15.138067 0.000000
1653874982992865361 11.660882 0.000000
1653874983008004441 15.137837 0.000000
1653874983019579141 11.571074 0.000000
1653874983029285531 9.703454 0.000000
1653874983042241989 12.955125 0.000000
1653874983051902182 9.659281 0.000000
1653874983063100365 11.197352 0.000000
1653874983139034689 75.933412 0.000000
1653874983592510558 453.472002 0.000000
1653874983604344225 11.831272 0.000000
1653874983614635374 10.288273 0.000000
1653874983625795255 11.158658 0.000000
1653874983634817419 9.020631 0.000000
1653874984630966945 996.148283 0.000000
1653874985982294018 1351.323125 0.000000
1653874985997474265 15.177902 0.000000
1653874986010021203 12.545395 0.000000
1653874986023479453 13.455455 0.000000
1653874986143792421 120.311535 0.000000
1653874986170391546 26.596871 0.000000
1653874986181874033 11.481596 0.000000
1653874986190992979 9.118215 0.000000
1653874986201078822 10.085011 0.000000
1653874986210518721 9.439117 0.000000
1653874986222117447 11.598065 0.000000
1653874986760035446 537.917217 0.000000
1653874986771699785 11.661694 0.000000
1653874986781894142 10.193105 0.000000
1653874986792737288 10.839819 0.000000
1653874987540276691 747.536457 0.000000
1653874987562592155 22.313250 0.000000
1653874987573496296 10.903029 0.000000
1653874987685887027 112.389509 0.000000
1653874987698939074 13.049973 0.000000
1653874987712221804 13.281778 0.000000
1653874987776223364 63.997592 0.000000
1653874987791294936 15.069288 0.000000
1653874988474826687 683.528735 0.000000
1653874988492019404 17.189531 0.000000
1653874988520447586 28.424955 0.000000
1653874988535401146 14.951446 0.000000
1653874988868654434 333.252066 0.000000
1653874988880944610 12.287100 0.000000
1653874988894340283 13.392567 0.000000
1653874988908431683 14.090588 0.000000
1653874988920833588 12.400262 0.000000
1653874988933571395 12.736705 0.000000
1653874989124374986 190.801748 0.000000
1653874989135864247 11.486265 0.000000
1653874989147936222 12.070352 0.000000
1653874989237903716 89.966061 0.000000
1653874989252294969 14.387516 0.000000
1653874989267006555 14.710393 0.000000
1653874989363650394 96.640163 0.000000
1653874989379214973 15.562014 0.000000
1653874989407308776 28.089826 0.000000
1653874989472953553 65.641962 0.000000
1653874989530924701 57.967721 0.000000
1653874989578967230 48.039595 0.000000
1653874989907604365 328.634289 0.000000
1653874989963112533 55.504742 0.000000
1653874990280438121 317.322953 0.000000
1653874990311853175 31.411998 0.000000
1653874990347256263 35.400884 0.000000
1653874990363349735 16.091298 0.000000
1653874990375293630 11.942101 0.000000
1653874990394846593 19.551971 0.000000
1653874990437756768 42.907079 0.000000
1653874990449654657 11.895354 0.000000
1653874990463034049 13.376086 0.000000
1653874990476432426 13.395953 0.000000
1653874990493804561 17.369380 0.000000
1653874990585425963 91.620059 0.000000
1653874990603660739 18.232281 0.000000
1653874990708560053 104.897450 0.000000
1653874990721607861 13.045004 0.000000
1653874990762763360 41.153976 0.000000
1653874990775062892 12.296758 0.000000
1653874991374359550 599.294563 0.000000
1653874991450267323 75.904637 0.000000
1653874991500954983 50.685015 0.000000
1653874991516772427 15.814108 0.000000
1653874991540169534 23.395083 0.000000
1653874991749223951 209.050670 0.000000
1653874991759808822 10.582446 0.000000
1653874991858703341 98.893517 0.000000
1653874991877466390 18.760364 0.000000
1653874991890660534 13.191449 0.000000
1653874991909561943 18.900387 0.000000
1653874991921608931 12.044013 0.000000
1653874991933644338 12.033934 0.000000
1653874991964627690 30.980627 0.000000
1653874991989922824 25.292559 0.000000
1653874992065431778 75.507601 0.000000
1653874992077834394 12.399821 0.000000
1653874992811194568 733.357368 0.000000
1653874992909987496 98.789251 0.000000
1653874992947119153 37.128882 0.000000
1653874993121654032 174.531904 0.000000
1653874993136346060 14.689062 0.000000
1653874993150100688 13.751682 0.000000
1653874993161985261 11.881648 0.000000
1653874993174233948 12.247224 0.000000
1653874993187803578 13.566594 0.000000
1653874993275804766 87.999515 0.000000
1653874993362077176 86.268984 0.000000
1653874993375760229 13.680347 0.000000
1653874993390371526 14.608883 0.000000
1653874994018834971 628.460700 0.000000
1653874994040057101 21.219165 0.000000
1653874994065489743 25.429907 0.000000
1653874994077982899 12.491453 0.000000
1653874994127815162 49.831461 0.000000
1653874994139986744 12.168907 0.000000
1653874994335295201 195.305681 0.000000
1653874995220476379 885.178614 0.000000
1653874995247814572 27.335448 0.000000
1653874995276170517 28.353811 0.000000
1653874995303760804 27.588874 0.000000
1653874995316790859 13.028813 0.000000
1653874995328134847 11.343146 0.000000
1653874995339130960 10.995071 0.000000
1653874997438194075 2099.062524 0.000000
1653874997451530506 13.333555 0.000000
1653874997462283152 10.749951 0.000000
1653874997662998849 200.715035 0.000000
1653874998292567659 629.565925 0.000000
1653874998308409067 15.838874 0.000000
1653874998411210187 102.797904 0.000000
1653874998457938106 46.725324 0.000000
1653874998510137276 52.196596 0.000000
1653874998563653842 53.514372 0.000000
1653874998574219567 10.562689 0.000000
1653874998586685162 12.461327 0.000000
1653874998808587251 221.901107 0.000000
1653874998821550231 12.960525 0.000000
1653874998845237923 23.686601 0.000000
