1653874684830897611 802.569751 0.000000
1653874684843153289 12.246210 0.000000
1653874684917124179 73.969728 0.000000
1653874684969251687 52.126146 0.000000
1653874685369005189 399.751808 0.000000
1653874685463921131 94.913808 0.000000
1653874685475665779 11.742474 0.000000
1653874685479448489 3.781999 0.000000
1653874685482996379 3.547178 0.000000
1653874685486137623 3.140172 0.000000
1653874685490502629 4.364054 0.000000
1653874685494853688 4.350268 0.000000
1653874685499993560 5.139141 0.000000
1653874685733348758 233.354567 0.000000
1653874685838258606 104.907554 0.000000
1653874686045849773 207.587912 0.000000
1653874686049469227 3.616869 0.000000
1653874686053750726 4.278974 0.000000
1653874686127137287 73.385369 0.000000
1653874686188289710 61.149789 0.000000
1653874686199125339 10.832793 0.000000
1653874686205288144 6.161312 0.000000
1653874686484580384 279.290827 0.000000
1653874686556235110 71.651710 0.000000
1653874686559994396 3.756852 0.000000
1653874686758797454 198.801635 0.000000
1653874686762050729 3.249929 0.000000
1653874686995711602 233.658488 0.000000
1653874687339612653 343.898546 0.000000
1653874687348912394 9.297116 0.000000
1653874687353050363 4.135815 0.000000
1653874687357704983 4.653147 0.000000
1653874687362465932 4.759126 0.000000
1653874687367581428 5.113332 0.000000
1653874687371950301 4.367580 0.000000
1653874687376532584 4.581082 0.000000
1653874687381406346 4.872369 0.000000
1653874687384833288 3.425960 0.000000
1653874687396374202 11.539571 0.000000
1653874687587196277 190.820993 0.000000
1653874687591830428 4.632127 0.000000
1653874687595605324 3.773725 0.000000
1653874687599402813 3.796617 0.000000
1653874687603191665 3.788151 0.000000
1653874687606358237 3.165750 0.000000
1653874687681398597 75.039419 0.000000
1653874687688254415 6.854876 0.000000
1653874687692933210 4.677773 0.000000
1653874687788034931 95.099447 0.000000
1653874687791922288 3.884401 0.000000
1653874687867527400 75.603769 0.000000
1653874687872762090 5.233548 0.000000
1653874687921894168 49.130886 0.000000
1653874687926050651 4.155311 0.000000
1653874687930080346 4.026689 0.000000
1653874687951832986 21.751128 0.000000
1653874687959396074 7.560523 0.000000
1653874687962073757 2.675900 0.000000
1653874688293904558 331.830050 0.000000
1653874688299356236 5.449223 0.000000
1653874688301676077 2.318168 0.000000
1653874688307699971 6.021640 0.000000
1653874688434408135 126.707253 0.000000
1653874688438116135 3.705455 0.000000
1653874688441633988 3.517011 0.000000
1653874688445820708 4.185598 0.000000
1653874688466874455 21.052875 0.000000
1653874688476496823 9.621486 0.000000
1653874688481171660 4.672964 0.000000
1653874688483472565 2.299663 0.000000
1653874688486181758 2.708171 0.000000
1653874688496170575 9.987424 0.000000
1653874688499430964 3.258906 0.000000
1653874688501678779 2.246713 0.000000
1653874688610177103 108.497602 0.000000
1653874688619414347 9.235922 0.000000
1653874688657365908 37.950589 0.000000
1653874688736822079 79.454959 0.000000
1653874688871024069 134.200938 0.000000
1653874688968746667 97.719281 0.000000
1653874688973348528 4.600348 0.000000
1653874688977602895 4.253435 0.000000
1653874688981509338 3.905701 0.000000
1653874689088157724 106.647604 0.000000
1653874689095516047 7.357411 0.000000
1653874689105802382 10.283641 0.000000
1653874689109484284 3.680369 0.000000
1653874689112328731 2.843135 0.000000
1653874689115761223 3.431781 0.000000
1653874689119929218 4.166953 0.000000
1653874689126042149 6.112209 0.000000
1653874689130984249 4.941198 0.000000
1653874689243943368 112.958438 0.000000
1653874689409322716 165.378566 0.000000
1653874689662484446 253.160338 0.000000
1653874689676031361 13.544280 0.000000
1653874689680059984 4.027481 0.000000
1653874689975191768 295.130432 0.000000
1653874689979215663 4.021510 0.000000
1653874690204332293 225.115950 0.000000
1653874690231359710 27.026495 0.000000
1653874690360532196 129.171635 0.000000
1653874690365651048 5.118081 0.000000
1653874690369173590 3.519827 0.000000
1653874690374155415 4.980743 0.000000
1653874690379981727 5.825030 0.000000
1653874690383470976 3.487947 0.000000
1653874690388277261 4.805293 0.000000
1653874690415339672 27.061710 0.000000
1653874690453020073 37.679639 0.000000
1653874690463010413 9.989689 0.000000
1653874690467615199 4.604045 0.000000
1653874690547439501 79.823602 0.000000
1653874690549990908 2.550324 0.000000
1653874690553951773 3.959994 0.000000
1653874690569933746 15.981171 0.000000
1653874690583200645 13.266047 0.000000
1653874690587486591 4.284975 0.000000
1653874690591992020 4.504458 0.000000
1653874690675262341 83.269699 0.000000
1653874690680112759 4.849496 0.000000
1653874690787460379 107.346979 0.000000
1653874690791008890 3.547329 0.000000
1653874690944830141 153.820289 0.000000
1653874690951181209 6.350317 0.000000
1653874690996345048 45.163037 0.000000
1653874691111187647 114.841657 0.000000
1653874691181670469 70.482001 0.000000
1653874691253553775 71.882093 0.000000
1653874691342294999 88.739942 0.000000
1653874691347192956 4.895272 0.000000
1653874691348886530 1.692311 0.000000
1653874691657100015 308.212173 0.000000
1653874691662378417 5.275446 0.000000
1653874691675786682 13.406612 0.000000
1653874691796672311 120.884888 0.000000
1653874691802741329 6.067696 0.000000
1653874692002837878 200.095737 0.000000
1653874692110632078 107.793278 0.000000
1653874692483660951 373.028021 0.000000
1653874692585746130 102.084076 0.000000
1653874692589908845 4.161563 0.000000
1653874692685567172 95.655953 0.000000
1653874692693486879 7.918285 0.000000
1653874692699664732 6.177111 0.000000
1653874692704677806 5.012313 0.000000
1653874692707326715 2.648138 0.000000
1653874692871536845 164.209529 0.000000
1653874692876657701 5.119824 0.000000
1653874692943578287 66.919735 0.000000
1653874692950424286 6.843996 0.000000
1653874692958376134 7.950275 0.000000
1653874692973814946 15.437479 0.000000
1653874692979457623 5.641144 0.000000
1653874692984175110 4.716065 0.000000
1653874693163904312 179.727669 0.000000
1653874693168556307 4.650652 0.000000
1653874693172109957 3.552297 0.000000
1653874693278311573 106.200525 0.000000
1653874693281841559 3.528222 0.000000
1653874693296254041 14.410970 0.000000
1653874693301578751 5.322435 0.000000
1653874693304197614 2.617641 0.000000
1653874693314155001 9.956666 0.000000
1653874693331171859 17.016146 0.000000
1653874693335568835 4.396134 0.000000
1653874693692473208 356.903151 0.000000
1653874693703640190 11.165840 0.000000
1653874693706366184 2.724942 0.000000
1653874693715568272 9.200595 0.000000
1653874693722671194 7.100468 0.000000
1653874693728975574 6.303168 0.000000
1653874693735457769 6.480782 0.000000
1653874693982134980 246.675527 0.000000
1653874693985923211 3.786709 0.000000
1653874694036483082 50.558108 0.000000
1653874694041537844 5.053580 0.000000
1653874694044267004 2.727587 0.000000
1653874694052635926 8.367629 0.000000
1653874694056785537 4.148469 0.000000
1653874694059470293 2.683594 0.000000
1653874694140619106 81.147911 0.000000
1653874694144856030 4.236043 0.000000
1653874694191947111 47.089869 0.000000
1653874694439339104 247.390019 0.000000
1653874695095904405 656.564179 0.000000
1653874695295569542 199.662292 0.000000
1653874695599856536 304.285311 0.000000
1653874695605318583 5.461135 0.000000
1653874695665292441 59.973016 0.000000
1653874695686650279 21.356766 0.000000
1653874695697469417 10.818286 0.000000
1653874695733999335 36.529147 0.000000
1653874695793607275 59.607118 0.000000
1653874695803721367 10.113341 0.000000
1653874695924400648 120.678469 0.000000
1653874695937900796 13.499326 0.000000
1653874695945322978 7.421301 0.000000
1653874696011509454 66.185745 0.000000
1653874696018334674 6.824389 0.000000
1653874696022441193 4.105638 0.000000
1653874696026909112 4.467308 0.000000
1653874696032257526 5.347743 0.000000
1653874696041132689 8.874382 0.000000
1653874696045102722 3.969271 0.000000
1653874696049195746 4.092263 0.000000
1653874696053527508 4.330971 0.000000
1653874696574956031 521.427831 0.000000
1653874696580515942 5.557556 0.000000
1653874696620621763 40.105149 0.000000
1653874696789390551 168.765332 0.000000
1653874696906689117 117.296802 0.000000
1653874697292900059 386.209809 0.000000
1653874697296220591 3.319169 0.000000
1653874697306159865 9.938522 0.000000
1653874697353496377 47.335119 0.000000
1653874697413704125 60.206846 0.000000
1653874697418497595 4.792659 0.000000
1653874697422337203 3.838555 0.000000
1653874697428344606 6.005980 0.000000
1653874697434312314 5.966887 0.000000
1653874697816999903 382.686898 0.000000
1653874697999115912 182.115197 0.000000
1653874698004852815 5.734239 0.000000
1653874698009477649 4.623842 0.000000
1653874698243120376 233.641234 0.000000
1653874698247506422 4.385154 0.000000
1653874698252934846 5.427412 0.000000
1653874698313804938 60.869341 0.000000
1653874698364298004 50.492294 0.000000
1653874698398134309 33.835193 0.000000
1653874698402924073 4.788903 0.000000
1653874698731784248 328.859314 0.000000
1653874698737034046 5.248856 0.000000
1653874698886358334 149.323516 0.000000
1653874698989676369 103.317184 0.000000
1653874699124938682 135.261012 0.000000
1653874699489439364 364.499920 0.000000
1653874699708834178 219.393952 0.000000
1653874700086044040 377.208940 0.000000
1653874700093988334 7.943352 0.000000
1653874700272022789 178.033664 0.000000
1653874700277670486 5.646905 0.000000
1653874700282508140 4.836873 0.000000
1653874700287485726 4.976835 0.000000
1653874700646094172 358.607614 0.000000
1653874700759483749 113.388725 0.000000
1653874701046537167 287.052396 0.000000
1653874701064043795 17.503773 0.000000
1653874701067543204 3.496964 0.000000
1653874701281200983 213.656928 0.000000
1653874701286376903 5.174738 0.000000
1653874701310030005 23.652260 0.000000
1653874701317687670 7.656803 0.000000
1653874701492117039 174.427285 0.000000
1653874701498050593 5.931330 0.000000
1653874701502970000 4.918275 0.000000
1653874701576068780 73.097507 0.000000
1653874701579580651 3.509898 0.000000
1653874701687116315 107.534030 0.000000
1653874701693246548 6.128911 0.000000
1653874701715986184 22.738163 0.000000
1653874701847055305 131.067308 0.000000
1653874702053381162 206.323853 0.000000
1653874702077393270 24.011206 0.000000
1653874702082304902 4.910470 0.000000
1653874702088121006 5.815312 0.000000
1653874702632488416 544.366388 0.000000
1653874702920230759 287.741391 0.000000
1653874702924868386 4.634342 0.000000
1653874703207728271 282.858582 0.000000
1653874703212661204 4.932102 0.000000
1653874703311614444 98.952329 0.000000
1653874703316015196 4.399861 0.000000
1653874703320637645 4.621667 0.000000
1653874703324206274 3.567677 0.000000
1653874703328148164 3.941219 0.000000
1653874703331747850 3.598945 0.000000
1653874703336783446 5.034734 0.000000
1653874703341876289 5.092122 0.000000
1653874703347565484 5.688433 0.000000
1653874703352728429 5.161613 0.000000
1653874703356013414 3.284284 0.000000
1653874703360159307 4.145152 0.000000
1653874703364522990 4.362971 0.000000
1653874703539527299 175.003617 0.000000
1653874703627909228 88.380225 0.000000
1653874703779805199 151.894568 0.000000
1653874704129662774 349.855020 0.000000
1653874704157277353 27.613327 0.000000
1653874704408714830 251.436625 0.000000
1653874704415484085 6.768413 0.000000
1653874704420719887 5.234910 0.000000
1653874704562250062 141.529454 0.000000
1653874704568364046 6.112471 0.000000
1653874704573682243 5.317256 0.000000
1653874704578953311 5.270407 0.000000
1653874704718942780 139.988147 0.000000
1653874704724283660 5.339908 0.000000
1653874704737044668 12.757872 0.000000
1653874704742364267 5.318367 0.000000
1653874704754303691 11.938702 0.000000
1653874705366491929 612.187406 0.000000
1653874705600900726 234.407915 0.000000
1653874705617865846 16.964098 0.000000
1653874705622073616 4.206677 0.000000
1653874705627296274 5.221466 0.000000
1653874705837673887 210.375078 0.000000
1653874705876868755 39.192964 0.000000
1653874705883845810 6.975643 0.000000
1653874705889903096 6.055863 0.000000
1653874705895415027 5.510728 0.000000
1653874705942164416 46.748507 0.000000
1653874705947605163 5.438603 0.000000
1653874705951737732 4.131006 0.000000
1653874705955970268 4.231504 0.000000
1653874705962811478 6.840158 0.000000
1653874705970599057 7.786467 0.000000
1653874705977609415 7.009627 0.000000
1653874706055848356 78.237939 0.000000
1653874706060488739 4.638500 0.000000
1653874706063796758 3.306466 0.000000
1653874706160358452 96.560742 0.000000
1653874706166655510 6.295865 0.000000
1653874706405903773 239.246851 0.000000
1653874706420836052 14.930967 0.000000
1653874706428456697 7.619863 0.000000
1653874706609159929 180.702241 0.000000
1653874706615297667 6.136786 0.000000
1653874706621452296 6.153737 0.000000
1653874706736379614 114.926406 0.000000
1653874706758842109 22.461192 0.000000
1653874706763828492 4.985552 0.000000
1653874706769930502 6.101169 0.000000
1653874707531084603 761.153279 0.000000
1653874707559701095 28.615430 0.000000
1653874707565114932 5.412975 0.000000
1653874707570697506 5.581752 0.000000
1653874708236295803 665.597505 0.000000
1653874709474683826 1238.386621 0.000000
1653874710264948958 790.263849 0.000000
1653874710494584651 229.634281 0.000000
1653874710502509048 7.923485 0.000000
1653874710508904600 6.394791 0.000000
1653874711173023935 664.118363 0.000000
1653874711519674140 346.649083 0.000000
1653874711525270460 5.595138 0.000000
1653874712501289957 976.018475 0.000000
1653874712506992467 5.701227 0.000000
1653874712512668807 5.675539 0.000000
1653874712518615285 5.945616 0.000000
1653874712525112418 6.496251 0.000000
1653874712546262435 21.149055 0.000000
1653874712552541018 6.277451 0.000000
1653874712563736082 11.194203 0.000000
1653874712580704218 16.967224 0.000000
1653874712586493701 5.788711 0.000000
1653874712828249328 241.754895 0.000000
1653874713450890363 622.639462 0.000000
1653874714067532641 616.640585 0.000000
1653874714075892766 8.359153 0.000000
1653874714903109036 827.215328 0.000000
1653874715536209211 633.099123 0.000000
1653874716314428537 778.218524 0.000000
1653874716322091111 7.660670 0.000000
1653874716328872809 6.779143 0.000000
1653874716439522115 110.648244 0.000000
1653874716444332587 4.808990 0.000000
1653874716449892719 5.558548 0.000000
1653874716821769042 371.874649 0.000000
1653874716829995797 8.224330 0.000000
1653874716836804897 6.808148 0.000000
1653874717344616537 507.810719 0.000000
1653874717351489246 6.871627 0.000000
1653874717369853286 18.363228 0.000000
1653874717376206790 6.352742 0.000000
1653874717381834639 5.626967 0.000000
1653874717387270607 5.434696 0.000000
1653874718004488847 617.217078 0.000000
1653874718039163407 34.672967 0.000000
1653874718439051035 399.886776 0.000000
1653874718446537979 7.485641 0.000000
1653874719052362130 605.821766 0.000000
1653874719060644019 8.280396 0.000000
1653874719066594544 5.949744 0.000000
1653874719444669038 378.073432 0.000000
1653874720051374396 606.703825 0.000000
1653874720663550667 612.175410 0.000000
1653874720694179202 30.624878 0.000000
1653874721026268304 332.087309 0.000000
1653874721083413313 57.142865 0.000000
1653874721116090408 32.675874 0.000000
1653874721179976159 63.884769 0.000000
1653874721786518440 606.541429 0.000000
1653874721919869720 133.350398 0.000000
1653874721925869127 5.998435 0.000000
1653874722532513560 606.643611 0.000000
1653874722536926044 4.410811 0.000000
1653874722543317258 6.390412 0.000000
1653874722548409821 5.091811 0.000000
1653874722554960264 6.549661 0.000000
1653874722562207828 7.246712 0.000000
1653874722566935164 4.726504 0.000000
1653874722601938172 35.002116 0.000000
1653874723216396773 614.457338 0.000000
1653874723224443088 8.045032 0.000000
1653874723830986411 606.542130 0.000000
1653874723837820287 6.832754 0.000000
1653874723843993481 6.172333 0.000000
1653874723849767014 5.772712 0.000000
1653874723863027951 13.260216 0.000000
1653874724165366889 302.338096 0.000000
1653874724171151723 5.783722 0.000000
1653874724186450411 15.297556 0.000000
1653874724190480176 4.028252 0.000000
1653874724201747686 11.266438 0.000000
1653874724212327514 10.578946 0.000000
1653874724219418704 7.090318 0.000000
1653874724225469468 6.049983 0.000000
1653874724839771204 614.300935 0.000000
1653874724846008218 6.235922 0.000000
1653874724853464985 7.455975 0.000000
1653874724862115235 8.649469 0.000000
1653874724933276542 71.160565 0.000000
1653874724940419500 7.141755 0.000000
1653874724945929837 5.509336 0.000000
1653874724957709982 11.779403 0.000000
1653874724961726792 4.015969 0.000000
1653874724966425394 4.697800 0.000000
1653874724971440652 5.014346 0.000000
1653874725205337574 233.896060 0.000000
1653874725212744397 7.403957 0.000000
1653874725218658084 5.912164 0.000000
1653874725223919444 5.259517 0.000000
1653874725228934641 5.013565 0.000000
1653874725233983803 5.047919 0.000000
1653874725239046730 5.060893 0.000000
1653874725244926021 5.878039 0.000000
1653874725250711066 5.783531 0.000000
1653874725255583586 4.870867 0.000000
1653874725262263692 6.678804 0.000000
1653874725268322672 6.057487 0.000000
1653874725274056760 5.732365 0.000000
1653874725455611682 181.553289 0.000000
1653874725503754820 48.141425 0.000000
1653874725511828256 8.071693 0.000000
1653874725543832486 32.003078 0.000000
1653874725550615437 6.781798 0.000000
1653874726273394355 722.777826 0.000000
1653874726883821396 610.424498 0.000000
1653874726897170069 13.347841 0.000000
1653874727506338565 609.167695 0.000000
1653874727511478136 5.138730 0.000000
1653874727518375852 6.896915 0.000000
1653874727619383503 101.006880 0.000000
1653874727628459934 9.074869 0.000000
1653874727636727415 8.266439 0.000000
1653874727643567032 6.838224 0.000000
1653874727684750167 41.182283 0.000000
1653874728402387619 717.636600 0.000000
1653874728408498145 6.109724 0.000000
1653874728415467256 6.968119 0.000000
1653874728489509738 74.041360 0.000000
1653874728524155024 34.644154 0.000000
1653874728589719740 65.562051 0.000000
1653874729141395382 551.674449 0.000000
1653874729149075158 7.677973 0.000000
1653874729155836679 6.760188 0.000000
1653874729330298035 174.460244 0.000000
1653874729690719414 360.419866 0.000000
1653874729698825301 8.103844 0.000000
1653874729705703681 6.877378 0.000000
1653874729712612608 6.906763 0.000000
1653874729719675655 7.061414 0.000000
1653874729725840714 6.164117 0.000000
1653874729732662898 6.821233 0.000000
1653874729739378742 6.714903 0.000000
1653874729745403767 6.022630 0.000000
1653874729751415739 6.010789 0.000000
1653874729758205712 6.788932 0.000000
1653874730170464072 412.256837 0.000000
1653874730177896273 7.428865 0.000000
1653874730274363629 96.466084 0.000000
1653874730286947544 12.581821 0.000000
1653874730307571372 20.621964 0.000000
1653874730868291575 560.718510 0.000000
1653874730874542436 6.249518 0.000000
1653874730878960240 4.416602 0.000000
1653874730938057429 59.096017 0.000000
1653874730944187181 6.128149 0.000000
1653874730949516499 5.327685 0.000000
1653874730955042437 5.524285 0.000000
1653874730961630140 6.585920 0.000000
1653874730994770095 33.138052 0.000000
1653874731328276209 333.505152 0.000000
1653874731337553027 9.275305 0.000000
1653874731343659095 6.104815 0.000000
1653874732435379936 1091.719959 0.000000
1653874732440368793 4.986433 0.000000
1653874732453425407 13.055331 0.000000
1653874732460630210 7.203982 0.000000
1653874732469563994 8.932872 0.000000
1653874732477850691 8.285886 0.000000
1653874732672193750 194.342158 0.000000
1653874732711819126 39.624394 0.000000
1653874732817963142 106.143024 0.000000
1653874732942250313 124.286169 0.000000
1653874733009099234 66.848059 0.000000
1653874733015176417 6.076322 0.000000
1653874733019597608 4.419798 0.000000
1653874733083122821 63.524451 0.000000
1653874733091533671 8.409958 0.000000
1653874733186874820 95.340287 0.000000
1653874733194041843 7.159739 0.000000
1653874733266012410 71.969806 0.000000
1653874733359659605 93.646163 0.000000
1653874733372289236 12.628870 0.000000
1653874733747462965 375.172928 0.000000
1653874733762015680 14.551744 0.000000
1653874733769670389 7.653887 0.000000
1653874733774929074 5.257773 0.000000
1653874735348209913 1573.279957 0.000000
1653874735597644812 249.432595 0.000000
1653874735604008485 6.361639 0.000000
1653874735610774132 6.762922 0.000000
1653874735615643495 4.868161 0.000000
1653874735976012454 360.368197 0.000000
1653874735983303981 7.289303 0.000000
1653874735990508013 7.202039 0.000000
1653874736057501184 66.990947 0.000000
1653874736062671443 5.168506 0.000000
1653874736069675148 7.002934 0.000000
1653874736075832172 6.156252 0.000000
1653874737181396653 1105.563610 0.000000
1653874738157506068 976.107371 0.000000
1653874738772018837 614.511216 0.000000
1653874739062809554 290.787501 0.000000
1653874739940242340 877.431223 0.000000
1653874740027352046 87.108513 0.000000
1653874741243826309 1216.471728 0.000000
1653874741250390688 6.562235 0.000000
1653874741257754981 7.363471 0.000000
1653874741273018613 15.262830 0.000000
1653874741279929654 6.910149 0.000000
1653874741286020334 6.089838 0.000000
1653874741302432324 16.411299 0.000000
1653874742146797660 844.363122 0.000000
1653874742154400411 7.601579 0.000000
1653874742160886494 6.484951 0.000000
1653874742178894485 18.005226 0.000000
1653874742786265126 607.368337 0.000000
1653874743401894343 615.628084 0.000000
1653874744016055429 614.159784 0.000000
1653874744631923764 615.867483 0.000000
1653874745239878955 607.954429 0.000000
1653874745245685860 5.804220 0.000000
1653874746476436787 1230.749174 0.000000
1653874746490480456 14.040854 0.000000
1653874747105969828 615.488220 0.000000
1653874747559137314 453.166504 0.000000
1653874747567760764 8.621547 0.000000
1653874747576744892 8.980601 0.000000
1653874747605144857 28.398552 0.000000
1653874748113293154 508.146704 0.000000
1653874748738807340 625.513084 0.000000
1653874748748079169 9.270787 0.000000
1653874748755435457 7.353733 0.000000
1653874748775983853 20.547144 0.000000
1653874748797990680 22.005466 0.000000
1653874748805652423 7.660891 0.000000
1653874748812919142 7.265868 0.000000
1653874748819322549 6.402435 0.000000
1653874748824175201 4.851760 0.000000
1653874748828907356 4.731043 0.000000
1653874748834204183 5.295805 0.000000
1653874748841382206 7.176941 0.000000
1653874748846832622 5.449644 0.000000
1653874748852397392 5.563909 0.000000
1653874748877903668 25.505334 0.000000
1653874748884455403 6.550974 0.000000
1653874749154108897 269.652692 0.000000
1653874749769157610 615.047741 0.000000
1653874749775690320 6.531518 0.000000
1653874749782160052 6.468569 0.000000
1653874749787387388 5.226455 0.000000
1653874749876674837 89.286667 0.000000
1653874750001298068 124.621017 0.000000
1653874750172163704 170.863932 0.000000
1653874750785471295 613.304986 0.000000
1653874750799860703 14.388176 0.000000
1653874752281107078 1481.244211 0.000000
1653874752363582291 82.473590 0.000000
1653874752373189761 9.606207 0.000000
1653874752882552109 509.359773 0.000000
1653874753498412527 615.858114 0.000000
1653874753629486544 131.072505 0.000000
1653874753636949032 7.460614 0.000000
1653874753666128111 29.178078 0.000000
1653874754187888324 521.759561 0.000000
1653874754195421404 7.531868 0.000000
1653874754201318880 5.896664 0.000000
1653874754225052734 23.733002 0.000000
1653874754233570986 8.516689 0.000000
1653874754242831474 9.259396 0.000000
1653874754251141424 8.307897 0.000000
1653874754256808607 5.665380 0.000000
1653874754891435842 634.625441 0.000000
1653874754909644490 18.206625 0.000000
1653874754917839344 8.193011 0.000000
1653874754923011066 5.170520 0.000000
1653874755430448074 507.436327 0.000000
1653874755453152583 22.703447 0.000000
1653874755495879178 42.724231 0.000000
1653874755502829633 6.948721 0.000000
1653874755509334170 6.502874 0.000000
1653874756053163657 543.828284 0.000000
1653874756060374732 7.209682 0.000000
1653874756082882311 22.506737 0.000000
1653874756836109714 753.226151 0.000000
1653874756844200964 8.088935 0.000000
1653874756889175655 44.972227 0.000000
1653874756898051811 8.873631 0.000000
1653874757252603792 354.549607 0.000000
1653874757789936726 537.330780 0.000000
1653874757796225397 6.286547 0.000000
1653874758167477941 371.251512 0.000000
1653874758173230525 5.750620 0.000000
1653874758179645463 6.414057 0.000000
1653874758186079588 6.433293 0.000000
1653874758384019537 197.939107 0.000000
1653874758392355175 8.334837 0.000000
1653874758399960562 7.604545 0.000000
1653874758407551701 7.590197 0.000000
1653874758413985265 6.432452 0.000000
1653874758421310074 7.323807 0.000000
1653874758429344296 8.033481 0.000000
1653874758435914546 6.569449 0.000000
1653874758561416991 125.501683 0.000000
1653874758949615048 388.196404 0.000000
1653874758956220244 6.602592 0.000000
1653874759208851659 252.629943 0.000000
1653874762359817870 3150.964509 0.000000
1653874762542969059 183.147912 0.000000
1653874762625400069 82.428686 0.000000
1653874762660258414 34.856892 0.000000
1653874762685877793 25.618196 0.000000
1653874762705211215 19.331769 0.000000
1653874763361422810 656.210775 0.000000
1653874763368134457 6.710084 0.000000
1653874763375353747 7.218399 0.000000
1653874763848027978 472.673209 0.000000
1653874764533924524 685.895213 0.000000
1653874764542003490 8.077594 0.000000
1653874764548609858 6.605497 0.000000
1653874764555802569 7.191919 0.000000
1653874764564436078 8.632687 0.000000
1653874764572270615 7.833265 0.000000
1653874764580087328 7.815821 0.000000
1653874764589023035 8.934995 0.000000
1653874764597382329 8.358582 0.000000
1653874764752622993 155.239642 0.000000
1653874764761141746 8.517681 0.000000
1653874765027730687 266.588140 0.000000
1653874765037365889 9.634150 0.000000
1653874765046762062 9.394550 0.000000
1653874765056018100 9.255347 0.000000
1653874765117382831 61.363899 0.000000
1653874765126408727 9.025074 0.000000
1653874765136668573 10.258984 0.000000
1653874765169611027 32.941712 0.000000
1653874765186951383 17.338532 0.000000
1653874765569123621 382.171428 0.000000
1653874765575574107 6.448973 0.000000
1653874766202429410 626.852788 0.000000
1653874766210417224 7.986752 0.000000
1653874766220609994 10.191988 0.000000
1653874766227322091 6.711265 0.000000
1653874766233044348 5.721335 0.000000
1653874766244357063 11.311893 0.000000
1653874766253137297 8.779443 0.000000
1653874766259086962 5.948813 0.000000
1653874766304591178 45.503375 0.000000
1653874766336603563 32.011533 0.000000
1653874766446914370 110.309815 0.000000
1653874766454601010 7.685768 0.000000
1653874766460542708 5.940937 0.000000
1653874766467589504 7.045904 0.000000
1653874766475430363 7.840007 0.000000
1653874766684989573 209.558398 0.000000
1653874766694978039 9.987645 0.000000
1653874766713845765 18.864650 0.000000
1653874766722086225 8.238726 0.000000
1653874766729720235 7.633208 0.000000
1653874767269795643 540.074416 0.000000
1653874767279833722 10.036496 0.000000
1653874767395215300 115.380656 0.000000
1653874767706449483 311.233341 0.000000
1653874767715690053 9.238826 0.000000
1653874767721834884 6.143949 0.000000
1653874768331621321 609.785625 0.000000
1653874768348407775 16.785643 0.000000
1653874768443605874 95.197177 0.000000
1653874769049950010 606.343335 0.000000
1653874769668916152 618.962645 0.000000
1653874769679205213 10.287558 0.000000
1653874770295979003 616.772938 0.000000
1653874770302277182 6.297128 0.000000
1653874771528707926 1226.429712 0.000000
1653874771544271401 15.562664 0.000000
1653874772164433961 620.161799 0.000000
1653874772171658772 7.224069 0.000000
1653874772593163515 421.503901 0.000000
1653874772602862687 9.696777 0.000000
1653874772611397981 8.534422 0.000000
1653874772707285406 95.886703 0.000000
1653874772714925527 7.639229 0.000000
1653874773099866770 384.940391 0.000000
1653874773106283612 6.416020 0.000000
1653874773113188482 6.903878 0.000000
1653874773771792592 658.602527 0.000000
1653874773935824661 164.031147 0.000000
1653874773941571083 5.745219 0.000000
1653874773949544301 7.972387 0.000000
1653874773954941015 5.395953 0.000000
1653874774441266796 486.324979 0.000000
1653874774541647636 100.379247 0.000000
1653874774556939671 15.290873 0.000000
1653874775299977606 743.037133 0.000000
1653874775315784569 15.805821 0.000000
1653874775323772834 7.987434 0.000000
1653874775412897727 89.124131 0.000000
1653874775440872072 27.971730 0.000000
1653874775680196351 239.322917 0.000000
1653874775879002436 198.804492 0.000000
1653874775885229521 6.224339 0.000000
1653874776675930370 790.699616 0.000000
1653874777302829872 626.898711 0.000000
1653874777349229402 46.398718 0.000000
1653874777356278422 7.048139 0.000000
1653874777363712406 7.433042 0.000000
1653874777370307083 6.593946 0.000000
1653874777438698591 68.390727 0.000000
1653874777445662532 6.962879 0.000000
1653874777456021133 10.357870 0.000000
1653874777467751493 11.729499 0.000000
1653874777476697259 8.944734 0.000000
1653874777524064668 47.366577 0.000000
1653874778197334144 673.268725 0.000000
1653874778388979068 191.644192 0.000000
1653874778399296803 10.316132 0.000000
1653874778405808894 6.511139 0.000000
1653874778459537651 53.727965 0.000000
1653874778468393207 8.853903 0.000000
1653874778487664141 19.270103 0.000000
1653874778495710696 8.045744 0.000000
1653874779114657931 618.946413 0.000000
1653874779124107874 9.448380 0.000000
1653874779732287077 608.178391 0.000000
1653874780347183106 614.895157 0.000000
1653874780955946105 608.762178 0.000000
1653874780962985547 7.036246 0.000000
1653874780978352453 15.365343 0.000000
1653874781596443317 618.089551 0.000000
1653874781865870932 269.426844 0.000000
1653874781875226930 9.355176 0.000000
1653874781884404761 9.175958 0.000000
1653874782057783640 173.377186 0.000000
1653874782065638975 7.853041 0.000000
1653874782072594320 6.954473 0.000000
1653874782513962840 441.367648 0.000000
1653874782520768353 6.804701 0.000000
1653874782535862506 15.092891 0.000000
1653874782546848477 10.984749 0.000000
1653874782557118472 10.268963 0.000000
1653874782566860845 9.741241 0.000000
1653874782601235701 34.374065 0.000000
1653874782610804087 9.567354 0.000000
1653874782618736277 7.931038 0.000000
1653874783140785747 522.048418 0.000000
1653874783757826527 617.039938 0.000000
1653874783767591242 9.763663 0.000000
1653874783774238938 6.646704 0.000000
1653874783780637746 6.398026 0.000000
1653874783786651039 6.012541 0.000000
1653874783792904995 6.253044 0.000000
1653874783802286530 9.380703 0.000000
1653874783829765183 27.477821 0.000000
1653874783837092787 7.326552 0.000000
1653874784091821943 254.728365 0.000000
1653874784109944489 18.121704 0.000000
1653874784117773866 7.828305 0.000000
1653874784725552384 607.777496 0.000000
1653874784732217392 6.664117 0.000000
1653874784741561507 9.343183 0.000000
1653874784750925459 9.362709 0.000000
1653874784758501730 7.574978 0.000000
1653874784765930134 7.427682 0.000000
1653874785373863313 607.930434 0.000000
1653874785382774954 8.909217 0.000000
1653874785402103697 19.327400 0.000000
1653874785412031069 9.926520 0.000000
1653874785429966112 17.934242 0.000000
1653874785907271304 477.304361 0.000000
1653874785915744782 8.472636 0.000000
1653874786195959283 280.213580 0.000000
1653874789871057273 3675.096377 0.000000
1653874789886067198 15.008873 0.000000
1653874789988962304 102.894335 0.000000
1653874789996274438 7.311314 0.000000
1653874790002286700 6.011380 0.000000
1653874790008857521 6.570079 0.000000
1653874790021704350 12.845777 0.000000
1653874791289462178 1267.756525 0.000000
1653874791424882243 135.418783 0.000000
1653874791433732338 8.848292 0.000000
1653874791601970323 168.237173 0.000000
1653874791608854563 6.882647 0.000000
1653874791949692170 340.836725 0.000000
1653874791958881303 9.188131 0.000000
1653874791967048185 8.166001 0.000000
1653874791973296029 6.246802 0.000000
1653874791980522603 7.225492 0.000000
1653874791986787770 6.263835 0.000000
1653874791993663063 6.874051 0.000000
1653874792000531053 6.867058 0.000000
1653874792171020761 170.488736 0.000000
1653874792180414919 9.393216 0.000000
1653874792257649610 77.233579 0.000000
1653874792336722637 79.069510 0.000000
1653874792345277999 8.553558 0.000000
1653874792352506146 7.227095 0.000000
1653874792360068441 7.561063 0.000000
1653874792367254178 7.184304 0.000000
1653874793538789271 1171.533450 0.000000
1653874793546903583 8.112740 0.000000
1653874794635908451 1089.003775 0.000000
1653874794644273905 8.363631 0.000000
1653874794652696377 8.421229 0.000000
1653874794743341857 90.643676 0.000000
1653874794753316607 9.972886 0.000000
1653874794821617515 68.299445 0.000000
1653874795432774411 611.155793 0.000000
1653874795442291912 9.516168 0.000000
1653874795450760781 8.468037 0.000000
1653874798116418343 2665.656771 0.000000
1653874798148505118 32.085613 0.000000
1653874798156047335 7.539372 0.000000
1653874798247123344 91.074847 0.000000
1653874798256465806 9.341219 0.000000
1653874798264008394 7.541055 0.000000
1653874798569171200 305.161594 0.000000
1653874798579840496 10.665869 0.000000
1653874798590485125 10.642325 0.000000
1653874799118953538 528.467361 0.000000
1653874802140065447 3021.109575 0.000000
1653874802150614406 10.546505 0.000000
1653874802418868543 268.251403 0.000000
1653874803039223007 620.351869 0.000000
1653874803047693379 8.468468 0.000000
1653874803056680983 8.986823 0.000000
1653874803063115990 6.434145 0.000000
1653874803071528643 8.410860 0.000000
1653874803079970181 8.440236 0.000000
1653874803088111034 8.140012 0.000000
1653874803095456050 7.344035 0.000000
1653874803102775389 7.318237 0.000000
1653874803111948682 9.171770 0.000000
1653874803128300098 16.350364 0.000000
1653874803135001766 6.700495 0.000000
1653874803141662857 6.660270 0.000000
1653874803163769712 22.106084 0.000000
1653874803171009080 7.237554 0.000000
1653874803180156825 9.146963 0.000000
1653874803187652425 7.494097 0.000000
1653874803195033199 7.380092 0.000000
1653874803203287826 8.253505 0.000000
1653874803211594841 8.305933 0.000000
1653874803242794347 31.198875 0.000000
1653874803250571807 7.776418 0.000000
1653874803592255243 341.682604 0.000000
1653874804210066024 617.809178 0.000000
1653874804235313883 25.247017 0.000000
1653874804244005441 8.690706 0.000000
1653874804261749525 17.743313 0.000000
1653874804278856963 17.106686 0.000000
1653874804298636032 19.778228 0.000000
1653874804458073132 159.436278 0.000000
1653874804468552240 10.477285 0.000000
1653874804564277578 95.724336 0.000000
1653874805870926664 1306.647693 0.000000
1653874805878444195 7.516439 0.000000
1653874809855485660 3977.040604 0.000000
1653874809864235067 8.746772 0.000000
1653874809872184019 7.948110 0.000000
1653874809878856371 6.668916 0.000000
1653874810098025210 219.167146 0.000000
1653874810125044229 27.016444 0.000000
1653874810133187155 8.141824 0.000000
1653874810742885256 609.697289 0.000000
1653874810751609816 8.722716 0.000000
1653874811034790901 283.179663 0.000000
1653874811047822477 13.028661 0.000000
1653874811057599014 9.775164 0.000000
1653874811161028013 103.428017 0.000000
1653874811170282069 9.253054 0.000000
1653874811199278444 28.994412 0.000000
1653874811207732635 8.451636 0.000000
1653874811218118308 10.384510 0.000000
1653874811226860370 8.741110 0.000000
1653874811656569860 429.708708 0.000000
1653874811762042771 105.471869 0.000000
1653874811853061161 91.016396 0.000000
1653874811862202715 9.140011 0.000000
1653874811872518325 10.314588 0.000000
1653874811952167795 79.648669 0.000000
1653874812240476740 288.307882 0.000000
1653874812247345481 6.867248 0.000000
1653874812255198373 7.852090 0.000000
1653874812261642576 6.443442 0.000000
1653874812268467124 6.823637 0.000000
1653874812274707324 6.239268 0.000000
1653874812414286285 139.578040 0.000000
1653874812420887503 6.599304 0.000000
1653874812437823899 16.935213 0.000000
1653874812685696294 247.871122 0.000000
1653874812693488040 7.789742 0.000000
1653874812724904735 31.414841 0.000000
1653874812731955639 7.049832 0.000000
1653874812816657976 84.701165 0.000000
1653874812825624031 8.964121 0.000000
1653874812834227933 8.603141 0.000000
1653874812970038622 135.809637 0.000000
1653874813589344732 619.303275 0.000000
1653874813638857593 49.511549 0.000000
1653874813649449222 10.590627 0.000000
1653874813657317322 7.866547 0.000000
1653874813663052042 5.733267 0.000000
1653874813669625027 6.571733 0.000000
1653874813677379874 7.753666 0.000000
1653874813684591520 7.210383 0.000000
1653874813692899958 8.307396 0.000000
1653874813700816008 7.914808 0.000000
1653874813708375979 7.558378 0.000000
1653874813715858413 7.481002 0.000000
1653874813723277850 7.418745 0.000000
1653874813731298246 8.019594 0.000000
1653874815441668756 1710.369728 0.000000
1653874815450322893 8.652654 0.000000
1653874815457599091 7.274765 0.000000
1653874815467855169 10.254575 0.000000
1653874815688431804 220.575543 0.000000
1653874815697030378 8.595498 0.000000
1653874815765772795 68.741055 0.000000
1653874815773422735 7.648367 0.000000
1653874815782997863 9.574347 0.000000
1653874815791287606 8.288931 0.000000
1653874815798991998 7.702739 0.000000
1653874816416062726 617.069426 0.000000
1653874816424282327 8.217588 0.000000
1653874817041043362 616.759062 0.000000
1653874817048779604 7.734198 0.000000
1653874817090385401 41.604545 0.000000
1653874817118834999 28.447914 0.000000
1653874817364908913 246.072451 0.000000
1653874817373909401 8.998986 0.000000
1653874818074994102 701.083789 0.000000
1653874818083269888 8.274393 0.000000
1653874818775995155 692.724475 0.000000
1653874818809826169 33.828228 0.000000
1653874818818181254 8.353282 0.000000
1653874819433511540 615.329505 0.000000
1653874819442599242 9.086550 0.000000
1653874820063260338 620.660255 0.000000
1653874820084353417 21.090003 0.000000
1653874820094708211 10.352850 0.000000
1653874820305327899 210.617654 0.000000
1653874821116634968 811.304323 0.000000
1653874823350110980 2233.474529 0.000000
1653874824339828331 989.715007 0.000000
1653874827380079588 3040.248843 0.000000
1653874827941555190 561.472716 0.000000
1653874828719602426 778.044621 0.000000
1653874829339117466 619.512455 0.000000
1653874829957375973 618.255872 0.000000
1653874831126311953 1168.933185 0.000000
1653874831134796722 8.482374 0.000000
1653874831243244405 108.446561 0.000000
1653874832011370702 768.124704 0.000000
1653874832019633083 8.259787 0.000000
1653874832027585672 7.951196 0.000000
1653874832034589196 6.999777 0.000000
1653874832041808577 7.217858 0.000000
1653874833085386868 1043.576498 0.000000
1653874833094447670 9.058187 0.000000
1653874834127556201 1033.106367 0.000000
1653874834137271803 9.713129 0.000000
1653874834144551558 7.278482 0.000000
1653874834150719291 6.165740 0.000000
1653874834160139759 9.419165 0.000000
1653874834177113275 16.972354 0.000000
1653874834184290406 7.175538 0.000000
1653874834207407960 23.115971 0.000000
1653874834215924479 8.515366 0.000000
1653874834222997184 7.071533 0.000000
1653874834259668195 36.670290 0.000000
1653874834267657553 7.988466 0.000000
1653874834274873457 7.214832 0.000000
1653874834337746491 62.872102 0.000000
1653874834346461633 8.714030 0.000000
1653874834353674230 7.211495 0.000000
1653874834360887079 7.210595 0.000000
1653874834367578697 6.689975 0.000000
1653874834374808076 7.228358 0.000000
1653874834382265845 7.456857 0.000000
1653874834388325375 6.058719 0.000000
1653874834395302130 6.975262 0.000000
1653874834402149060 6.845327 0.000000
1653874834497716511 95.566429 0.000000
1653874834548557007 50.839164 0.000000
1653874834556919085 8.360475 0.000000
1653874834904443857 347.523589 0.000000
1653874834913431711 8.986031 0.000000
1653874835532016521 618.582766 0.000000
1653874835925053783 393.035279 0.000000
1653874835976235841 51.181136 0.000000
1653874836069781381 93.516075 0.000000
1653874836077285296 7.503024 0.000000
1653874837329599111 1252.312182 0.000000
1653874837337744933 8.144369 0.000000
1653874837447164913 109.419109 0.000000
1653874837715291917 268.125942 0.000000
1653874838335100496 619.807326 0.000000
1653874838418115141 83.011880 0.000000
1653874838428892539 10.774733 0.000000
1653874838451843711 22.947796 0.000000
1653874838461518808 9.673303 0.000000
1653874838468945909 7.425719 0.000000
1653874838515246923 46.299180 0.000000
1653874838524021466 8.772770 0.000000
1653874839794540039 1270.517070 0.000000
1653874839819038911 24.496027 0.000000
1653874839828540783 9.499868 0.000000
1653874839864364835 35.822749 0.000000
1653874840482831815 618.465016 0.000000
1653874840494403667 11.570521 0.000000
1653874840680389723 185.983641 0.000000
1653874841001817961 321.424922 0.000000
1653874841029709842 27.890699 0.000000
1653874841040632013 10.921360 0.000000
1653874841049818662 9.184835 0.000000
1653874841058046459 8.226344 0.000000
1653874841065490262 7.442821 0.000000
1653874841242518127 177.026022 0.000000
1653874841858471381 615.950809 0.000000
1653874843096942059 1238.469345 0.000000
1653874843754067738 657.124086 0.000000
1653874844364378975 610.308332 0.000000
1653874844371591523 7.211006 0.000000
1653874844983173299 611.580964 0.000000
1653874844991862493 8.687110 0.000000
1653874844998803230 6.939234 0.000000
1653874845009364062 10.558688 0.000000
1653874845338070131 328.704626 0.000000
1653874845650573111 312.501207 0.000000
1653874845862580881 212.006237 0.000000
1653874845870161160 7.578195 0.000000
1653874845881646260 11.482114 0.000000
1653874845922395299 40.747667 0.000000
1653874845933146820 10.749657 0.000000
1653874846447841378 514.693546 0.000000
1653874846454897972 7.055794 0.000000
1653874847074683920 619.785116 0.000000
1653874847707701810 633.016186 0.000000
1653874848124386309 416.682095 0.000000
1653874849619138949 1494.750375 0.000000
1653874850250946132 631.804839 0.000000
1653874850349024639 98.076212 0.000000
1653874850358548612 9.522610 0.000000
1653874851577089150 1218.537943 0.000000
1653874851587170040 10.079658 0.000000
1653874851606897373 19.726181 0.000000
1653874851615680453 8.781367 0.000000
1653874851624657649 8.976514 0.000000
1653874852891340924 1266.681712 0.000000
1653874852900060344 8.717216 0.000000
1653874852907718350 7.657164 0.000000
1653874852923364441 15.645009 0.000000
1653874852934098639 10.733346 0.000000
1653874853351256166 417.156515 0.000000
1653874853359058923 7.801005 0.000000
1653874854443691381 1084.630313 0.000000
1653874855098178757 654.485673 0.000000
1653874855106749498 8.569418 0.000000
1653874855113180607 6.429847 0.000000
1653874855741655676 628.473796 0.000000
1653874855788114599 46.456689 0.000000
1653874855796716288 8.600207 0.000000
1653874855804470083 7.752824 0.000000
1653874855812297618 7.825801 0.000000
1653874855820226162 7.926581 0.000000
1653874855830726540 10.499016 0.000000
1653874855839091034 8.363552 0.000000
1653874855943969864 104.877087 0.000000
1653874855953442800 9.471123 0.000000
1653874856378157924 424.714252 0.000000
1653874856400020781 21.860483 0.000000
1653874856623599681 223.577758 0.000000
1653874857851905923 1228.305250 0.000000
1653874858464051154 612.141905 0.000000
1653874858472762189 8.708360 0.000000
1653874858801819636 329.055513 0.000000
1653874858811080284 9.259286 0.000000
1653874859472302659 661.220311 0.000000
1653874859492793367 20.488955 0.000000
1653874859635728965 142.933874 0.000000
1653874860245618726 609.887707 0.000000
1653874860272244226 26.622855 0.000000
1653874860281412130 9.164848 0.000000
1653874860288740516 7.325501 0.000000
1653874860914516098 625.774560 0.000000
1653874861548952491 634.435030 0.000000
1653874861557910249 8.955024 0.000000
1653874862069412032 511.499258 0.000000
1653874862758713549 689.298131 0.000000
1653874865212864878 2454.148454 0.000000
1653874865679346471 466.479990 0.000000
1653874865734773982 55.424996 0.000000
1653874866134990412 400.213705 0.000000
1653874866747043567 612.049258 0.000000
1653874867359755181 612.709861 0.000000
1653874868045810674 686.052658 0.000000
1653874872234759592 4188.946563 0.000000
1653874872253155993 18.394327 0.000000
1653874873540626021 1287.468094 0.000000
1653874873771022716 230.394100 0.000000
1653874873779361210 8.335589 0.000000
1653874873798875943 19.513691 0.000000
1653874874420794491 621.917636 0.000000
1653874874443491647 22.695322 0.000000
1653874874452431883 8.938963 0.000000
1653874874460311064 7.877398 0.000000
1653874874468713288 8.401362 0.000000
1653874874482752458 14.037979 0.000000
1653874874501868322 19.114421 0.000000
1653874874546619284 44.748898 0.000000
1653874875178247514 631.627018 0.000000
1653874875187329577 9.079578 0.000000
1653874875362615224 175.283233 0.000000
1653874875370539090 7.921441 0.000000
1653874876013691532 643.150679 0.000000
1653874876022618683 8.925477 0.000000
1653874876042171608 19.551542 0.000000
1653874876051175303 9.001140 0.000000
1653874876060327658 9.151102 0.000000
1653874876068832485 8.503815 0.000000
1653874876076939073 8.105496 0.000000
1653874877922638355 1845.698500 0.000000
1653874877931891248 9.249908 0.000000
1653874877939909110 8.015988 0.000000
1653874877948005639 8.095076 0.000000
1653874877968695131 20.688089 0.000000
1653874877978502086 9.805232 0.000000
1653874878199183988 220.680069 0.000000
1653874878208166363 8.979930 0.000000
1653874878217914587 9.747443 0.000000
1653874878225126955 7.210334 0.000000
1653874878234566650 9.437771 0.000000
1653874878243971929 9.403536 0.000000
1653874878252315654 8.342722 0.000000
1653874878261699193 9.382277 0.000000
1653874878866429059 604.729075 0.000000
1653874879580488761 714.058349 0.000000
1653874881427040722 1846.548344 0.000000
1653874881436411005 9.368660 0.000000
1653874881444383071 7.969842 0.000000
1653874881454019796 9.635252 0.000000
1653874881465841488 11.819969 0.000000
1653874881477104490 11.260688 0.000000
1653874882743772168 1266.665955 0.000000
1653874882756442085 12.667121 0.000000
1653874883216382248 459.938950 0.000000
1653874883226920308 10.535515 0.000000
1653874883235098050 8.175959 0.000000
1653874883846595967 611.496454 0.000000
1653874883856484124 9.887125 0.000000
1653874883863860541 7.374483 0.000000
1653874884472278999 608.416384 0.000000
1653874884482021162 9.741181 0.000000
1653874884503861386 21.838031 0.000000
1653874884570405094 66.542275 0.000000
1653874884580391416 9.985170 0.000000
1653874884587965774 7.572916 0.000000
1653874885197337133 609.369646 0.000000
1653874885205652865 8.313528 0.000000
1653874885827445704 621.792007 0.000000
1653874885846858636 19.410738 0.000000
1653874885858212528 11.353071 0.000000
1653874886468132088 609.918668 0.000000
1653874886478582803 10.449693 0.000000
1653874886488959649 10.375493 0.000000
1653874887096934092 607.972179 0.000000
1653874887105796010 8.859434 0.000000
1653874889559205819 2453.408937 0.000000
1653874889571194074 11.985950 0.000000
1653874889600728843 29.533647 0.000000
1653874889609330502 8.598934 0.000000
1653874889619250539 9.917804 0.000000
1653874889629656991 10.404818 0.000000
1653874889641580975 11.923122 0.000000
1653874889651782392 10.199904 0.000000
1653874889662777500 10.993736 0.000000
1653874889674863739 12.084285 0.000000
1653874890905706400 1230.841349 0.000000
1653874891019364422 113.656869 0.000000
1653874891031683879 12.317694 0.000000
1653874891698044694 666.359843 0.000000
1653874891706234459 8.188803 0.000000
1653874891716029020 9.793730 0.000000
1653874891726097356 10.067544 0.000000
1653874892348734450 622.636252 0.000000
1653874892684222962 335.487730 0.000000
1653874892705931298 21.706613 0.000000
1653874892715603189 9.670889 0.000000
1653874892724690441 9.086190 0.000000
1653874892733824591 9.133298 0.000000
1653874892743127268 9.301995 0.000000
1653874892753380331 10.252271 0.000000
1653874892762250856 8.869914 0.000000
1653874892781834168 19.582490 0.000000
1653874892804847899 23.012979 0.000000
1653874892833294862 28.445350 0.000000
1653874892909798471 76.502026 0.000000
1653874893922524282 1012.724849 0.000000
1653874893964615854 42.090059 0.000000
1653874894038842864 74.225627 0.000000
1653874894657824175 618.980379 0.000000
1653874894664728454 6.900612 0.000000
1653874894686066965 21.336938 0.000000
1653874894709015102 22.946003 0.000000
1653874894723770308 14.753633 0.000000
1653874896126063434 1402.291823 0.000000
1653874896136263247 10.196607 0.000000
1653874896145079340 8.814810 0.000000
1653874896152793961 7.713479 0.000000
1653874896227402488 74.607395 0.000000
1653874897029717253 802.313392 0.000000
1653874897195978495 166.258808 0.000000
1653874897204738102 8.758254 0.000000
1653874897815689978 610.950894 0.000000
1653874897827042299 11.350818 0.000000
1653874897839156901 12.111897 0.000000
1653874897848253130 9.090909 0.000000
1653874897857336925 9.082373 0.000000
1653874897869479881 12.141343 0.000000
1653874897878656982 9.175969 0.000000
1653874898491228995 612.570911 0.000000
1653874898500321506 9.091119 0.000000
1653874898584741666 84.419419 0.000000
1653874898932621149 347.877118 0.000000
1653874898942110827 9.488186 0.000000
1653874898951112087 8.998705 0.000000
1653874900182182402 1231.068672 0.000000
1653874900191867888 9.684074 0.000000
1653874900337433197 145.564397 0.000000
1653874900347154921 9.719189 0.000000
1653874900972782915 625.626160 0.000000
1653874901262892533 290.107995 0.000000
1653874901271490996 8.595477 0.000000
1653874901294139570 22.647482 0.000000
1653874901305269592 11.127607 0.000000
1653874901315441302 10.170398 0.000000
1653874901324870016 9.427201 0.000000
1653874901332345739 7.474400 0.000000
1653874901344560590 12.214179 0.000000
1653874901851305562 506.743138 0.000000
1653874901864944309 13.636823 0.000000
1653874901900944922 35.999010 0.000000
1653874902526681349 625.735175 0.000000
1653874902536774041 10.089967 0.000000
1653874904177062006 1640.286903 0.000000
1653874904435142106 258.078296 0.000000
1653874904515559482 80.413739 0.000000
1653874904527707487 12.145781 0.000000
1653874904540647030 12.938481 0.000000
1653874904841362785 300.713350 0.000000
1653874904848988079 7.622930 0.000000
1653874904869234647 20.245085 0.000000
1653874905503915648 634.679237 0.000000
1653874905546882265 42.965134 0.000000
1653874905558227301 11.343854 0.000000
1653874905568255151 10.027079 0.000000
1653874905603199638 34.943676 0.000000
1653874905613707791 10.507341 0.000000
1653874905701507243 87.798630 0.000000
1653874906047095227 345.586882 0.000000
1653874907302605208 1255.509029 0.000000
1653874907849779376 547.171743 0.000000
1653874907859315912 9.534021 0.000000
1653874907870543738 11.225792 0.000000
1653874907881928769 11.383899 0.000000
1653874907890725244 8.793610 0.000000
1653874907901918545 11.191627 0.000000
1653874907911454631 9.534843 0.000000
1653874907920269040 8.812325 0.000000
1653874907940951007 20.680425 0.000000
1653874908035440635 94.488486 0.000000
1653874908057774257 22.332730 0.000000
1653874908066705806 8.930106 0.000000
1653874908073930066 7.222477 0.000000
1653874908081627846 7.696147 0.000000
1653874908101429819 19.800300 0.000000
1653874908113030145 11.598673 0.000000
1653874908122962826 9.930808 0.000000
1653874908131549296 8.585438 0.000000
1653874908140144864 8.593885 0.000000
1653874908769823650 629.676973 0.000000
1653874908778974322 9.149670 0.000000
1653874908804835344 25.859369 0.000000
1653874908823849366 19.011808 0.000000
1653874908836546584 12.695655 0.000000
1653874909141284959 304.736672 0.000000
1653874909193038744 51.751420 0.000000
1653874909812454137 619.413811 0.000000
1653874909822146737 9.691547 0.000000
1653874910214960824 392.812464 0.000000
1653874910226590115 11.627758 0.000000
1653874910240062129 13.470051 0.000000
1653874910249807598 9.744227 0.000000
1653874910259454823 9.646153 0.000000
1653874910332149782 72.691793 0.000000
1653874910355814506 23.662951 0.000000
1653874910366799855 10.984107 0.000000
1653874910375314611 8.513864 0.000000
1653874911007543621 632.226966 0.000000
1653874911020339474 12.794230 0.000000
1653874911030319204 9.978818 0.000000
1653874911042532261 12.212286 0.000000
1653874911064650628 22.117585 0.000000
1653874911074605120 9.953700 0.000000
1653874911084706388 10.100406 0.000000
1653874911093939574 9.232526 0.000000
1653874911103381553 9.441217 0.000000
1653874911113573081 10.190636 0.000000
1653874911124078659 10.504927 0.000000
1653874911135055593 10.976152 0.000000
1653874911144771837 9.715402 0.000000
1653874911153693397 8.920598 0.000000
1653874911162858396 9.164167 0.000000
1653874911184112649 21.251689 0.000000
1653874911194314526 10.200575 0.000000
1653874912168737427 974.422151 0.000000
1653874912790915053 622.174780 0.000000
1653874913239375561 448.457673 0.000000
1653874913249236637 9.858942 0.000000
1653874913261819390 12.581921 0.000000
1653874913272880252 11.060000 0.000000
1653874913280581178 7.700085 0.000000
1653874913901193711 620.611622 0.000000
1653874913911726380 10.530245 0.000000
1653874914439089756 527.362004 0.000000
1653874914448913232 9.821853 0.000000
1653874914555286398 106.372044 0.000000
1653874914564953970 9.665620 0.000000
1653874914573526525 8.571523 0.000000
1653874914583925883 10.397665 0.000000
1653874914592287391 8.360596 0.000000
1653874914655943970 63.654816 0.000000
1653874915276254985 620.309933 0.000000
1653874915379526831 103.268980 0.000000
1653874915388565582 9.037027 0.000000
1653874916007438474 618.871279 0.000000
1653874916640390542 632.950976 0.000000
1653874917260504256 620.111861 0.000000
1653874917270776255 10.270336 0.000000
1653874917892176357 621.398870 0.000000
1653874917901715769 9.538070 0.000000
1653874917910536309 8.819508 0.000000
1653874917918979260 8.441969 0.000000
1653874917928709070 9.729019 0.000000
1653874917939155326 10.445425 0.000000
1653874918559320527 620.164409 0.000000
1653874919181706362 622.384192 0.000000
1653874919189758477 8.050082 0.000000
1653874919385642943 195.883444 0.000000
1653874919393559554 7.915679 0.000000
1653874919404676912 11.116576 0.000000
1653874919414885542 10.207818 0.000000
1653874920037314858 622.428474 0.000000
1653874920049792483 12.476152 0.000000
1653874920071044933 21.250787 0.000000
1653874920081286164 10.240460 0.000000
1653874920090611362 9.323846 0.000000
1653874920100652037 10.039552 0.000000
1653874920109115155 8.462307 0.000000
1653874920728901183 619.785266 0.000000
1653874921047910793 319.007156 0.000000
1653874921660821266 612.908910 0.000000
1653874921699692174 38.868443 0.000000
1653874921709529796 9.836801 0.000000
1653874921810732873 101.202075 0.000000
1653874922080191620 269.457815 0.000000
1653874922088537949 8.343323 0.000000
1653874922100563545 12.023391 0.000000
1653874922214457357 113.892170 0.000000
1653874922305289790 90.829908 0.000000
1653874922313725537 8.433903 0.000000
1653874922417943942 104.216421 0.000000
1653874922426015996 8.070411 0.000000
1653874922434865140 8.847982 0.000000
1653874923657535172 1222.668479 0.000000
1653874923668080394 10.543009 0.000000
1653874923679756543 11.674616 0.000000
1653874923692392185 12.634821 0.000000
1653874923705657731 13.264023 0.000000
1653874923716603186 10.944604 0.000000
1653874923726903698 10.299691 0.000000
1653874923736521116 9.615765 0.000000
1653874923749217552 12.695664 0.000000
1653874923782238875 33.020541 0.000000
1653874923812226263 29.986577 0.000000
1653874923834150506 21.923341 0.000000
1653874923965826394 131.673054 0.000000
1653874925829920806 1864.092157 0.000000
1653874926566274701 736.350749 0.000000
1653874926576991917 10.715623 0.000000
1653874927188370038 611.376769 0.000000
1653874927197895103 9.523973 0.000000
1653874927290325369 92.427922 0.000000
1653874927363709964 73.381299 0.000000
1653874927372927140 9.214792 0.000000
1653874927381071169 8.142737 0.000000
1653874928028424684 647.352483 0.000000
1653874928039031973 10.605076 0.000000
1653874928652340503 613.306877 0.000000
1653874928663364425 11.022480 0.000000
1653874928670441278 7.075982 0.000000
1653874928680882464 10.440144 0.000000
1653874929292261356 611.377860 0.000000
1653874929305611732 13.349454 0.000000
1653874929675499870 369.886696 0.000000
1653874929688174676 12.673553 0.000000
1653874929699998652 11.822804 0.000000
1653874929709242468 9.243025 0.000000
1653874929717898399 8.654889 0.000000
1653874929727344535 9.443422 0.000000
1653874929750989522 23.643704 0.000000
1653874929761968901 10.978156 0.000000
1653874930383578434 621.608802 0.000000
1653874930395937265 12.356307 0.000000
1653874931008430641 612.491843 0.000000
1653874931021833626 13.401141 0.000000
1653874931053351692 31.516433 0.000000
1653874931072239246 18.885921 0.000000
1653874931084479765 12.238856 0.000000
1653874931124529338 40.046798 0.000000
1653874931134319552 9.788711 0.000000
1653874931143916642 9.595437 0.000000
1653874931151806603 7.888940 0.000000
1653874931161652781 9.844515 0.000000
1653874932116478488 954.824144 0.000000
1653874932127984637 11.503985 0.000000
1653874932137785530 9.798409 0.000000
1653874932150613122 12.826189 0.000000
1653874932162289651 11.674625 0.000000
1653874932173604751 11.312645 0.000000
1653874932184063311 10.456616 0.000000
1653874932391405222 207.339828 0.000000
1653874932427547390 36.138812 0.000000
1653874932457112505 29.561429 0.000000
1653874932469406435 12.291034 0.000000
1653874932478359975 8.950895 0.000000
1653874932491131994 12.768312 0.000000
1653874932502513919 11.380553 0.000000
1653874933116069361 613.552276 0.000000
1653874933128234268 12.162342 0.000000
1653874933147912518 19.675304 0.000000
1653874934296515838 1148.601757 0.000000
1653874934337667272 41.148739 0.000000
1653874934362019959 24.350192 0.000000
1653874934463967696 101.945763 0.000000
1653874934476590854 12.620183 0.000000
1653874934486783744 10.191197 0.000000
1653874934495341601 8.555011 0.000000
1653874934504624440 9.280385 0.000000
1653874934660903085 156.276631 0.000000
1653874936332922476 1672.015553 0.000000
1653874936343229130 10.303909 0.000000
1653874938215419230 1872.188758 0.000000
1653874938304025729 88.604074 0.000000
1653874940768720708 2464.693356 0.000000
1653874940788872759 20.151029 0.000000
1653874940799494465 10.619262 0.000000
1653874941094125878 294.630000 0.000000
1653874941165619528 71.491967 0.000000
1653874941240386662 74.765350 0.000000
1653874941279335035 38.946439 0.000000
1653874941290581405 11.244717 0.000000
1653874941300507865 9.925468 0.000000
1653874941311388557 10.879530 0.000000
1653874941320548145 9.158376 0.000000
1653874941331701902 11.152344 0.000000
1653874941342339417 10.636293 0.000000
1653874941354992853 12.650821 0.000000
1653874941365160255 10.166090 0.000000
1653874941977040787 611.878458 0.000000
1653874941988778731 11.736371 0.000000
1653874941998990797 10.210804 0.000000
1653874942007489953 8.497994 0.000000
1653874942017044664 9.553559 0.000000
1653874942028040654 10.995159 0.000000
1653874942067215923 39.174227 0.000000
1653874942183420479 116.203474 0.000000
1653874942193662551 10.241201 0.000000
1653874942203797693 10.134340 0.000000
1653874942214640043 10.841340 0.000000
1653874942805552751 590.911966 0.000000
1653874943301630252 496.074866 0.000000
1653874943475028918 173.397484 0.000000
1653874943485196801 10.166731 0.000000
1653874943518943216 33.745423 0.000000
1653874943530971565 12.026065 0.000000
1653874943540220070 9.247463 0.000000
1653874943549932768 9.710073 0.000000
1653874943831154724 281.220403 0.000000
1653874943841019277 9.862930 0.000000
1653874945326167812 1485.147473 0.000000
1653874945350037992 23.867485 0.000000
1653874945372036163 21.996769 0.000000
1653874945381334261 9.295864 0.000000
1653874945390839549 9.504036 0.000000
1653874946002506327 611.665165 0.000000
1653874946013080164 10.572614 0.000000
1653874946021795696 8.714671 0.000000
1653874946042347739 20.551231 0.000000
1653874946055423418 13.074837 0.000000
1653874946065474692 10.050372 0.000000
1653874946073154949 7.679295 0.000000
1653874946128838400 55.655979 0.000000
1653874946197967365 69.126992 0.000000
1653874946207455349 9.485962 0.000000
1653874946215634855 8.178313 0.000000
1653874946462269455 246.632436 0.000000
1653874946473298097 11.027259 0.000000
1653874946484070226 10.770817 0.000000
1653874946493527172 9.455565 0.000000
1653874946503208040 9.679595 0.000000
1653874946587520105 84.310602 0.000000
1653874946622685828 35.164440 0.000000
1653874946634104221 11.417010 0.000000
1653874946742340789 108.234744 0.000000
1653874946753457946 11.114342 0.000000
1653874946836290400 82.831221 0.000000
1653874946846005002 9.713019 0.000000
1653874946856004728 9.998083 0.000000
1653874946868557685 12.551765 0.000000
1653874946878849601 10.290243 0.000000
1653874946888393872 9.543059 0.000000
1653874946910085156 21.690382 0.000000
1653874946991821259 81.734801 0.000000
1653874947004481848 12.658936 0.000000
1653874947015222468 10.738957 0.000000
1653874947024577653 9.353582 0.000000
1653874947090802639 66.224185 0.000000
1653874947101123470 10.320000 0.000000
1653874947592573261 491.448890 0.000000
1653874947602633762 10.057526 0.000000
1653874948224274138 621.638793 0.000000
1653874948237741974 13.465832 0.000000
1653874948252211273 14.466894 0.000000
1653874948262182747 9.970402 0.000000
1653874948988880394 726.696044 0.000000
1653874950738611423 1749.728524 0.000000
1653874950784160023 45.547327 0.000000
1653874950804636263 20.475318 0.000000
1653874950865038344 60.401229 0.000000
1653874950874408978 9.369863 0.000000
1653874950882640051 8.230081 0.000000
1653874951116173414 233.532462 0.000000
1653874951125845936 9.669286 0.000000
1653874951137235846 11.387155 0.000000
1653874951145658448 8.421370 0.000000
1653874952800935286 1655.274814 0.000000
1653874954038335552 1237.397831 0.000000
1653874954060670276 22.333351 0.000000
1653874954071499412 10.825489 0.000000
1653874954081773154 10.272360 0.000000
1653874954420814184 339.038355 0.000000
1653874954446326301 25.510063 0.000000
1653874954456759372 10.432200 0.000000
1653874954465958554 9.197949 0.000000
1653874954476412655 10.452699 0.000000
1653874954486151321 9.737083 0.000000
1653874954495631071 9.477375 0.000000
1653874955114738164 619.105500 0.000000
1653874955299095388 184.354860 0.000000
1653874955310522779 11.426028 0.000000
1653874955321541992 11.016198 0.000000
1653874955332232577 10.689254 0.000000
1653874955341710663 9.476594 0.000000
1653874955351269302 9.556274 0.000000
1653874955360742318 9.471443 0.000000
1653874955459193882 98.450792 0.000000
1653874955470019762 10.823906 0.000000
1653874956260686763 790.665147 0.000000
1653874956271871227 11.181899 0.000000
1653874956282979969 11.106578 0.000000
1653874956471566132 188.584059 0.000000
1653874956483082019 11.514925 0.000000
1653874956493701531 10.618390 0.000000
1653874956502778153 9.075650 0.000000
1653874956550708329 47.929385 0.000000
1653874957260684272 709.974660 0.000000
1653874958487869193 1227.183519 0.000000
1653874958865754470 377.882501 0.000000
1653874958877341771 11.584947 0.000000
1653874958992741763 115.397988 0.000000
1653874959154934985 162.191749 0.000000
1653874959165773308 10.836640 0.000000
1653874959175633343 9.859093 0.000000
1653874959185595459 9.961174 0.000000
1653874959195352940 9.756390 0.000000
1653874959204914864 9.559228 0.000000
1653874959215336915 10.419827 0.000000
1653874959226586812 11.246821 0.000000
1653874959236521957 9.933572 0.000000
1653874959815640110 579.116059 0.000000
1653874959824324835 8.683893 0.000000
1653874959852236582 27.910805 0.000000
1653874959864421116 12.183732 0.000000
1653874959874060766 9.638798 0.000000
1653874959955993729 81.931971 0.000000
1653874960027205288 71.210106 0.000000
1653874960191102753 163.896413 0.000000
1653874960201133248 10.026758 0.000000
1653874960210960430 9.825880 0.000000
1653874960219839270 8.876475 0.000000
1653874960851994439 632.153456 0.000000
1653874960862734968 10.737944 0.000000
1653874961515729278 652.991294 0.000000
1653874961527636361 11.904648 0.000000
1653874962148002178 620.363853 0.000000
1653874962159863364 11.857830 0.000000
1653874962170393979 10.527760 0.000000
1653874962180442678 10.047026 0.000000
1653874962190940010 10.495499 0.000000
1653874962199279546 8.338224 0.000000
1653874962224057011 24.775140 0.000000
1653874962554572334 330.513279 0.000000
1653874962575322179 20.747400 0.000000
1653874962613737069 38.412075 0.000000
1653874963235224103 621.484470 0.000000
1653874963856357413 621.131476 0.000000
1653874963867136214 10.775875 0.000000
1653874963877392493 10.253193 0.000000
1653874963887171315 9.777599 0.000000
1653874963897355258 10.182541 0.000000
1653874963906620073 9.263633 0.000000
1653874963916983023 10.360466 0.000000
1653874963947500999 30.516583 0.000000
1653874964405837683 458.334880 0.000000
1653874964415776586 9.936298 0.000000
1653874965664616610 1248.838822 0.000000
1653874965799592279 134.972533 0.000000
1653874965809680082 10.084517 0.000000
1653874965824625395 14.943159 0.000000
1653874965990633958 166.007221 0.000000
1653874967226869458 1236.234308 0.000000
1653874967261954689 35.082065 0.000000
1653874967284992494 23.036502 0.000000
1653874967300451002 15.457456 0.000000
1653874968108856834 808.404910 0.000000
1653874968120354687 11.496029 0.000000
1653874968129072274 8.715793 0.000000
1653874968227268187 98.194721 0.000000
1653874968238691550 11.421951 0.000000
1653874968252656169 13.963818 0.000000
1653874968267181263 14.523841 0.000000
1653874968279786267 12.604042 0.000000
1653874968403052255 123.264936 0.000000
1653874968416388193 13.334536 0.000000
1653874968427475764 11.086599 0.000000
1653874968437063267 9.586711 0.000000
1653874968471481664 34.417716 0.000000
1653874968515849985 44.367369 0.000000
1653874968528799226 12.948499 0.000000
1653874968541703032 12.902964 0.000000
1653874968552789342 11.085228 0.000000
1653874969544388919 991.598596 0.000000
1653874969555896120 11.505147 0.000000
1653874970453935879 898.038969 0.000000
1653874970465646211 11.707586 0.000000
1653874970569547880 103.900637 0.000000
1653874970583693890 14.144377 0.000000
1653874970594911266 11.216214 0.000000
1653874970603682413 8.770095 0.000000
1653874970624968025 21.285000 0.000000
1653874970689443231 64.473162 0.000000
1653874970836601530 147.156877 0.000000
1653874971019232298 182.629966 0.000000
1653874971050378165 31.144063 0.000000
1653874971060527462 10.148055 0.000000
1653874971069408046 8.878139 0.000000
1653874971079570869 10.161491 0.000000
1653874971087529208 7.957127 0.000000
1653874971098076034 10.545002 0.000000
1653874971718773512 620.694573 0.000000
1653874971730282296 11.506960 0.000000
1653874971739455088 9.172001 0.000000
1653874972838527215 1099.071315 0.000000
1653874972863191106 24.660826 0.000000
1653874972873985628 10.793560 0.000000
1653874973510344154 636.357765 0.000000
1653874973522388384 12.041254 0.000000
1653874973532583578 10.193390 0.000000
1653874973544530476 11.945976 0.000000
1653874973558452655 13.921318 0.000000
1653874973572025188 13.571130 0.000000
1653874973581289974 9.263914 0.000000
1653874973616424417 35.133742 0.000000
1653874973641975957 25.550558 0.000000
1653874973653121548 11.144619 0.000000
1653874974657579133 1004.456854 0.000000
1653874974680435337 22.855142 0.000000
1653874974692187508 11.750948 0.000000
1653874974718805463 26.615009 0.000000
1653874974754813609 36.005982 0.000000
1653874974824719643 69.904623 0.000000
1653874974837142405 12.421249 0.000000
1653874974849157871 12.012911 0.000000
1653874974858676363 9.517310 0.000000
1653874974868638780 9.960984 0.000000
1653874974878611105 9.970963 0.000000
1653874975019591762 140.978452 0.000000
1653874975123824803 104.231999 0.000000
1653874975226459549 102.633584 0.000000
1653874975848117532 621.656660 0.000000
1653874975859278552 11.158826 0.000000
1653874975868447106 9.167302 0.000000
1653874976525821476 657.372006 0.000000
1653874976798989911 273.165980 0.000000
1653874976809130833 10.136965 0.000000
1653874976819260524 10.128098 0.000000
1653874976829204726 9.941848 0.000000
1653874976891113639 61.907169 0.000000
1653874977515902627 624.787135 0.000000
1653874977526011128 10.107339 0.000000
1653874977536251167 10.238536 0.000000
1653874978159129653 622.877705 0.000000
1653874978185545709 26.414082 0.000000
1653874978798038903 612.492052 0.000000
1653874978809124561 11.083754 0.000000
1653874979364465625 555.338258 0.000000
1653874981302327100 1937.858649 0.000000
1653874981917225285 614.896432 0.000000
1653874982750304943 833.076262 0.000000
1653874984589667844 1839.359114 0.000000
1653874984603012619 13.342040 0.000000
1653874984613015491 10.001690 0.000000
1653874984625712018 12.694052 0.000000
1653874984673859111 48.144458 0.000000
1653874984684066348 10.205594 0.000000
1653874984695565393 11.497763 0.000000
1653874984705379241 9.811954 0.000000
1653874984715559376 10.179043 0.000000
1653874984738870284 23.309907 0.000000
1653874984750295591 11.423563 0.000000
1653874984841350240 91.053146 0.000000
1653874984853954482 12.602689 0.000000
1653874984864269211 10.313076 0.000000
1653874984874739803 10.469219 0.000000
1653874984885837113 11.096298 0.000000
1653874984896523901 10.685165 0.000000
1653874984907289017 10.763603 0.000000
1653874984918919018 11.628177 0.000000
1653874984930412513 11.492092 0.000000
1653874984943724005 13.309548 0.000000
1653874984996365286 52.639969 0.000000
1653874985007599604 11.233556 0.000000
1653874985016825476 9.225291 0.000000
1653874985640153466 623.327389 0.000000
1653874985651068534 10.914227 0.000000
1653874985662233290 11.163815 0.000000
1653874985672475573 10.241592 0.000000
1653874985683027147 10.550892 0.000000
1653874985692470157 9.442289 0.000000
1653874985702111020 9.640091 0.000000
1653874986219557009 517.445258 0.000000
1653874987524665764 1305.107923 0.000000
1653874987619239678 94.571309 0.000000
1653874987631334392 12.091659 0.000000
1653874987640503899 9.168144 0.000000
1653874988283490020 642.984950 0.000000
1653874988297815167 14.322452 0.000000
1653874988308941202 11.125243 0.000000
1653874988319182743 10.240760 0.000000
1653874988955456246 636.272692 0.000000
1653874989079970019 124.513221 0.000000
1653874989090366290 10.393157 0.000000
1653874989378108649 287.741256 0.000000
1653874989389862202 11.751198 0.000000
1653874989401508294 11.643537 0.000000
1653874990021610810 620.100823 0.000000
1653874990055461650 33.848415 0.000000
1653874990070061344 14.597910 0.000000
1653874990959817516 889.755010 0.000000
1653874991143720985 183.900674 0.000000
1653874991154034050 10.311132 0.000000
1653874992218933625 1064.898292 0.000000
1653874992243906767 24.971319 0.000000
1653874992259221064 15.311341 0.000000
1653874992271708988 12.485810 0.000000
1653874992542753949 271.042626 0.000000
1653874992554211316 11.455694 0.000000
1653874992652154182 97.941844 0.000000
1653874992662941269 10.785223 0.000000
1653874993366466797 703.522963 0.000000
1653874993416724037 50.255657 0.000000
1653874994118554588 701.827526 0.000000
1653874996354236505 2235.679993 0.000000
1653874996366569948 12.331670 0.000000
1653874997403561160 1036.989960 0.000000
1653874997413837025 10.273661 0.000000
1653874997570345158 156.505739 0.000000
1653874997743792452 173.446041 0.000000
1653874998364577199 620.783424 0.000000
1653874999003122139 638.542586 0.000000
1653874999014312303 11.187770 0.000000
1653874999024347608 10.034273 0.000000
1653874999035763646 11.415177 0.000000
1653874999057174754 21.409434 0.000000
1653874999080364684 23.188367 0.000000
1653875000308094211 1227.726621 0.000000
1653875000319399572 11.302165 0.000000
1653875001341820705 1022.419269 0.000000
1653875001366654184 24.830955 0.000000
1653875001378418118 11.762731 0.000000
1653875001388249989 9.831060 0.000000
1653875001399065539 10.814769 0.000000
1653875001411589090 12.522719 0.000000
1653875001456157105 44.567184 0.000000
1653875001468366697 12.208820 0.000000
1653875001477815447 9.448050 0.000000
1653875002105432476 627.616257 0.000000
1653875002115988538 10.554769 0.000000
1653875002126625363 10.636013 0.000000
1653875002135890078 9.263683 0.000000
1653875002519204724 383.313874 0.000000
1653875002606904266 87.698299 0.000000
1653875002617946973 11.041395 0.000000
1653875002628462940 10.515175 0.000000
1653875002643367176 14.903314 0.000000
1653875002656921725 13.553157 0.000000
1653875002753068485 96.145918 0.000000
1653875002766472169 13.402804 0.000000
1653875002780875214 14.399858 0.000000
1653875002795646389 14.769893 0.000000
1653875002805505762 9.858341 0.000000
1653875002814621107 9.114373 0.000000
1653875002824214740 9.592631 0.000000
1653875002845608314 21.392803 0.000000
1653875002904697355 59.085895 0.000000
1653875002916770119 12.071481 0.000000
1653875002930429365 13.655780 0.000000
1653875003557151781 626.720793 0.000000
1653875003568327168 11.173183 0.000000
1653875003978907807 410.578936 0.000000
1653875003991083163 12.174565 0.000000
1653875004000325596 9.239147 0.000000
1653875004009687444 9.360354 0.000000
1653875004071040120 61.351263 0.000000
1653875004081151366 10.110394 0.000000
1653875004093370906 12.218708 0.000000
1653875004105219819 11.847991 0.000000
1653875004118047762 12.826751 0.000000
1653875004129307216 11.258583 0.000000
1653875004137903755 8.595687 0.000000
1653875004151208385 13.303898 0.000000
1653875004164213290 13.004013 0.000000
1653875004187900937 23.686585 0.000000
1653875004201224080 13.322131 0.000000
1653875004211473416 10.248654 0.000000
1653875004221558143 10.083565 0.000000
1653875004243595627 22.036562 0.000000
1653875004259232210 15.635721 0.000000
1653875004269647437 10.414326 0.000000
1653875004300182365 30.534016 0.000000
1653875004309499118 9.315691 0.000000
1653875004381481305 71.981395 0.000000
1653875004393389689 11.906040 0.000000
1653875004403577429 10.185786 0.000000
1653875004413149101 9.568636 0.000000
1653875004424857169 11.706605 0.000000
1653875004433216573 8.358602 0.000000
1653875004443870259 10.651172 0.000000
1653875004453483819 9.611817 0.000000
1653875004532361117 78.875514 0.000000
1653875004544170836 11.808737 0.000000
1653875004553179500 9.007401 0.000000
1653875005179617632 626.436609 0.000000
1653875005191486041 11.867197 0.000000
1653875005202357476 10.870633 0.000000
