1653874685008775373 972.484201 0.000000
1653874685013827768 5.044540 0.000000
1653874685016767112 2.938242 0.000000
1653874685019878769 3.110745 0.000000
1653874685023573435 3.692242 0.000000
1653874685027367097 3.792119 0.000000
1653874685031238804 3.868852 0.000000
1653874685035164973 3.924696 0.000000
1653874685039857966 4.691239 0.000000
1653874685041921763 2.062515 0.000000
1653874685049973374 8.048865 0.000000
1653874685068143249 18.168732 0.000000
1653874685073260745 5.116003 0.000000
1653874685077022767 3.760920 0.000000
1653874685081400881 4.377072 0.000000
1653874685543298349 461.896686 0.000000
1653874685547620028 4.319004 0.000000
1653874685552063524 4.442143 0.000000
1653874685555313679 3.249343 0.000000
1653874685559707603 4.391229 0.000000
1653874685569444264 9.735499 0.000000
1653874685573753910 4.308594 0.000000
1653874685577108160 3.352888 0.000000
1653874685585308509 8.199037 0.000000
1653874685684391012 99.081321 0.000000
1653874685762571804 78.179019 0.000000
1653874685883631780 121.057100 0.000000
1653874685886022900 2.388686 0.000000
1653874685989580799 103.556056 0.000000
1653874685993239708 3.656595 0.000000
1653874686000123606 6.882535 0.000000
1653874686171099599 170.974089 0.000000
1653874686214691695 43.589651 0.000000
1653874686219330747 4.637569 0.000000
1653874686454496869 235.162616 0.000000
1653874686460794532 6.294948 0.000000
1653874686474027778 13.230872 0.000000
1653874686480234139 6.203706 0.000000
1653874686834026999 353.791287 0.000000
1653874686838901160 4.871135 0.000000
1653874686842473508 3.569733 0.000000
1653874686845372027 2.897637 0.000000
1653874686848579442 3.206644 0.000000
1653874686870167566 21.587033 0.000000
1653874686901690131 31.521683 0.000000
1653874686904667366 2.976293 0.000000
1653874687097748660 193.080503 0.000000
1653874687112437087 14.685812 0.000000
1653874687116192026 3.751863 0.000000
1653874687120298372 4.104402 0.000000
1653874687124324859 4.024313 0.000000
1653874687442759784 318.433182 0.000000
1653874687598266991 155.504672 0.000000
1653874687602171279 3.901293 0.000000
1653874687667427331 65.254909 0.000000
1653874687696630801 29.200825 0.000000
1653874687851748560 155.116707 0.000000
1653874687874941865 23.191962 0.000000
1653874687987632576 112.689569 0.000000
1653874688004248827 16.615058 0.000000
1653874688026661973 22.412114 0.000000
1653874688031460272 4.797518 0.000000
1653874688041700164 10.236966 0.000000
1653874688046620241 4.918554 0.000000
1653874688050166820 3.545257 0.000000
1653874688051690839 1.522536 0.000000
1653874688347581954 295.890113 0.000000
1653874688542952416 195.367177 0.000000
1653874688547045017 4.088743 0.000000
1653874688551087513 4.039550 0.000000
1653874688555416215 4.327069 0.000000
1653874688573085594 17.668457 0.000000
1653874688579205834 6.119039 0.000000
1653874688583420242 4.211552 0.000000
1653874688675843016 92.420730 0.000000
1653874688871655646 195.809524 0.000000
1653874688879808436 8.149213 0.000000
1653874688884852444 5.042546 0.000000
1653874688887264283 2.409063 0.000000
1653874688893722345 6.456499 0.000000
1653874688934293774 40.569806 0.000000
1653874688938433563 4.137014 0.000000
1653874688939971738 1.535891 0.000000
1653874688944340715 4.367404 0.000000
1653874689019552086 75.210019 0.000000
1653874689026053840 6.499079 0.000000
1653874689030121393 4.064768 0.000000
1653874689034209956 4.087491 0.000000
1653874689305578671 271.367002 0.000000
1653874689441400110 135.819175 0.000000
1653874689445773795 4.371231 0.000000
1653874689448918604 3.142785 0.000000
1653874689452926716 4.007010 0.000000
1653874689457337571 4.409983 0.000000
1653874689461234275 3.895942 0.000000
1653874689464404812 3.169615 0.000000
1653874689468447940 4.041926 0.000000
1653874689473097741 4.648789 0.000000
1653874689478131421 5.032447 0.000000
1653874689568180007 90.047694 0.000000
1653874689632198646 64.017507 0.000000
1653874689780920630 148.721253 0.000000
1653874689786784761 5.862458 0.000000
1653874689859772496 72.986883 0.000000
1653874689930311604 70.538046 0.000000
1653874689950650102 20.337266 0.000000
1653874689957385142 6.733777 0.000000
1653874689962390118 5.004225 0.000000
1653874690101600922 139.210053 0.000000
1653874690105639681 4.036485 0.000000
1653874690435022240 329.381787 0.000000
1653874690495883407 60.859163 0.000000
1653874690503855549 7.971360 0.000000
1653874690511539903 7.683442 0.000000
1653874690516918408 5.377613 0.000000
1653874690521109542 4.190223 0.000000
1653874690523619033 2.508680 0.000000
1653874690555912068 32.292444 0.000000
1653874690647872317 91.959438 0.000000
1653874690650302620 2.428950 0.000000
1653874690655355225 5.051803 0.000000
1653874690920082415 264.726439 0.000000
1653874691009342798 89.259251 0.000000
1653874691136135800 126.791760 0.000000
1653874691144591225 8.454263 0.000000
1653874691241532386 96.940370 0.000000
1653874691264731642 23.198305 0.000000
1653874691270804623 6.072200 0.000000
1653874691275191784 4.386340 0.000000
1653874691369859164 94.666588 0.000000
1653874691375091244 5.231178 0.000000
1653874691380246521 5.154465 0.000000
1653874691384980941 4.733448 0.000000
1653874691389146107 4.164284 0.000000
1653874691477948754 88.801124 0.000000
1653874691482626418 4.676431 0.000000
1653874691486726282 4.099052 0.000000
1653874691490748360 4.021087 0.000000
1653874691494801667 4.052605 0.000000
1653874691497953960 3.151571 0.000000
1653874691501781224 3.826563 0.000000
1653874691601868806 100.086931 0.000000
1653874691606916852 5.047094 0.000000
1653874691708830717 101.913094 0.000000
1653874691722468731 13.635128 0.000000
1653874691738458651 15.988267 0.000000
1653874691747447484 8.987571 0.000000
1653874691753780932 6.330803 0.000000
1653874691765621305 11.838359 0.000000
1653874691878367179 112.744962 0.000000
1653874691883460640 5.092599 0.000000
1653874691908815365 25.353352 0.000000
1653874691917662764 8.846307 0.000000
1653874691924355895 6.692320 0.000000
1653874691931354477 6.997731 0.000000
1653874691935588131 4.232912 0.000000
1653874691939300491 3.711548 0.000000
1653874692064561118 125.259936 0.000000
1653874692072780813 8.218964 0.000000
1653874692290693323 217.911729 0.000000
1653874692297040678 6.346073 0.000000
1653874692304435701 7.393861 0.000000
1653874692309346621 4.909718 0.000000
1653874692539836952 230.489179 0.000000
1653874692588939218 49.100773 0.000000
1653874692734343720 145.403390 0.000000
1653874693007578162 273.233420 0.000000
1653874693012796587 5.217383 0.000000
1653874693096772030 83.974692 0.000000
1653874693239985757 143.212675 0.000000
1653874693289674038 49.686729 0.000000
1653874693297241153 7.564349 0.000000
1653874693302426567 5.183690 0.000000
1653874693434858108 132.431051 0.000000
1653874693441871157 7.010714 0.000000
1653874693449294614 7.421783 0.000000
1653874693455705147 6.408990 0.000000
1653874693459547971 3.842022 0.000000
1653874693465587119 6.038327 0.000000
1653874693470745011 5.156619 0.000000
1653874693529641645 58.895562 0.000000
1653874693534188264 4.545266 0.000000
1653874693996190656 462.001621 0.000000
1653874694004916567 8.723817 0.000000
1653874694007661759 2.742457 0.000000
1653874694020736670 13.073669 0.000000
1653874694026852191 6.114800 0.000000
1653874694096851950 69.998998 0.000000
1653874694102334188 5.480996 0.000000
1653874694116284535 13.949595 0.000000
1653874694151310879 35.025442 0.000000
1653874694461020623 309.708773 0.000000
1653874694489004513 27.982717 0.000000
1653874694503845224 14.839169 0.000000
1653874694506714338 2.868082 0.000000
1653874694519766616 13.049483 0.000000
1653874694531449675 11.681516 0.000000
1653874694625919055 94.467897 0.000000
1653874694860974609 235.054262 0.000000
1653874694866742591 5.766809 0.000000
1653874694869844209 3.098572 0.000000
1653874694878531558 8.685876 0.000000
1653874694896485529 17.951326 0.000000
1653874695005038655 108.551462 0.000000
1653874695078537044 73.497027 0.000000
1653874695083322871 4.785085 0.000000
1653874695088657382 5.333760 0.000000
1653874695093520042 4.861929 0.000000
1653874695104533499 11.012756 0.000000
1653874695256657141 152.122740 0.000000
1653874695326664634 70.006531 0.000000
1653874695336762831 10.097415 0.000000
1653874695347554253 10.790701 0.000000
1653874695351374975 3.819951 0.000000
1653874695360211794 8.836178 0.000000
1653874695366001356 5.788601 0.000000
1653874695497615830 131.613553 0.000000
1653874695644893834 147.276251 0.000000
1653874695741088819 96.193422 0.000000
1653874695746691893 5.601862 0.000000
1653874695749677514 2.984800 0.000000
1653874695837237057 87.558782 0.000000
1653874696003493006 166.254807 0.000000
1653874696247161791 243.665920 0.000000
1653874696254832369 7.668204 0.000000
1653874696325930180 71.096699 0.000000
1653874696329989248 4.058136 0.000000
1653874696757846082 427.856063 0.000000
1653874696950910192 193.062057 0.000000
1653874696962106631 11.194455 0.000000
1653874696967307954 5.200271 0.000000
1653874696974278224 6.969518 0.000000
1653874696979876970 5.595961 0.000000
1653874696988659125 8.780754 0.000000
1653874697443064275 454.403677 0.000000
1653874697447116290 4.049661 0.000000
1653874697451263752 4.146621 0.000000
1653874697633067203 181.802449 0.000000
1653874697696083749 63.015403 0.000000
1653874697704791005 8.705663 0.000000
1653874697839576076 134.783598 0.000000
1653874697853901214 14.323695 0.000000
1653874697858689655 4.785746 0.000000
1653874698154271289 295.579951 0.000000
1653874698419847094 265.574072 0.000000
1653874698871014921 451.166104 0.000000
1653874698876589161 5.571766 0.000000
1653874698880333390 3.741433 0.000000
1653874698884061910 3.727047 0.000000
1653874698892671083 8.607821 0.000000
1653874699192429444 299.757289 0.000000
1653874699264315940 71.884793 0.000000
1653874699273863687 9.546144 0.000000
1653874699484310451 210.445992 0.000000
1653874699490169132 5.857569 0.000000
1653874699700473509 210.303124 0.000000
1653874699966507731 266.032579 0.000000
1653874700574535984 608.026760 0.000000
1653874700594598175 20.059547 0.000000
1653874700601934079 7.334511 0.000000
1653874700607777271 5.842060 0.000000
1653874700991619849 383.839883 0.000000
1653874701052821341 61.199589 0.000000
1653874701058181120 5.358967 0.000000
1653874701062181187 3.999205 0.000000
1653874701066011998 3.829638 0.000000
1653874701361706413 295.693523 0.000000
1653874701367613965 5.906560 0.000000
1653874701388746428 21.131731 0.000000
1653874701394987394 6.240265 0.000000
1653874701400208473 5.220207 0.000000
1653874701404369672 4.160397 0.000000
1653874701410026055 5.655561 0.000000
1653874701469921286 59.894469 0.000000
1653874701568411101 98.488984 0.000000
1653874701590760608 22.348726 0.000000
1653874701595816890 5.055310 0.000000
1653874701599782693 3.964621 0.000000
1653874701604006778 4.222954 0.000000
1653874701608036802 4.028861 0.000000
1653874701612324807 4.287133 0.000000
1653874701616841771 4.516212 0.000000
1653874701622213372 5.370860 0.000000
1653874701781114572 158.900428 0.000000
1653874701860881508 79.765804 0.000000
1653874701867722596 6.840027 0.000000
1653874701874889493 7.165935 0.000000
1653874701881695325 6.804720 0.000000
1653874701887816878 6.120391 0.000000
1653874701897673232 9.853920 0.000000
1653874701902717261 5.042466 0.000000
1653874701906361032 3.642779 0.000000
1653874702014463496 108.099959 0.000000
1653874702135906706 121.441859 0.000000
1653874702141779634 5.871225 0.000000
1653874702415161350 273.380834 0.000000
1653874702716957420 301.794738 0.000000
1653874702722196683 5.236999 0.000000
1653874702727902118 5.704312 0.000000
1653874702774159967 46.256817 0.000000
1653874702781219453 7.056811 0.000000
1653874703110947025 329.726540 0.000000
1653874703130164548 19.214507 0.000000
1653874703607872325 477.706966 0.000000
1653874703613224259 5.349350 0.000000
1653874703618491525 5.266234 0.000000
1653874703639718754 21.226037 0.000000
1653874703644838194 5.118348 0.000000
1653874703647908313 3.069428 0.000000
1653874703845053361 197.144297 0.000000
1653874704033679906 188.623810 0.000000
1653874704048800710 15.117238 0.000000
1653874704072249252 23.445977 0.000000
1653874704180005809 107.753902 0.000000
1653874704358083795 178.076303 0.000000
1653874704361855245 3.770518 0.000000
1653874704557688151 195.832064 0.000000
1653874704563986354 6.296690 0.000000
1653874704569227050 5.238592 0.000000
1653874704574398908 5.170115 0.000000
1653874704972895707 398.495928 0.000000
1653874704977497830 4.599237 0.000000
1653874704982833083 5.333019 0.000000
1653874704987312606 4.476588 0.000000
1653874705329229783 341.916084 0.000000
1653874705820815351 491.583073 0.000000
1653874705939686543 118.868628 0.000000
1653874705943889190 4.200543 0.000000
1653874706073916416 130.025513 0.000000
1653874706090455081 16.537413 0.000000
1653874706095964700 5.506864 0.000000
1653874706101198353 5.232822 0.000000
1653874706113021674 11.822599 0.000000
1653874706118329606 5.307090 0.000000
1653874706123510020 5.179252 0.000000
1653874706163550216 40.039395 0.000000
1653874707728942360 1565.391022 0.000000
1653874707767246230 38.301425 0.000000
1653874707790325953 23.078350 0.000000
1653874707796622002 6.295137 0.000000
1653874708053474719 256.851987 0.000000
1653874708058999997 5.521561 0.000000
1653874708268518554 209.517665 0.000000
1653874708296186453 27.666065 0.000000
1653874708300874366 4.686841 0.000000
1653874708942013129 641.137961 0.000000
1653874708950626690 8.612439 0.000000
1653874709502160736 551.531702 0.000000
1653874709506881331 4.718200 0.000000
1653874709529441532 22.559390 0.000000
1653874709537217637 7.775264 0.000000
1653874709544857158 7.638699 0.000000
1653874710042107643 497.249744 0.000000
1653874710049271304 7.162769 0.000000
1653874710056469509 7.197284 0.000000
1653874710064685458 8.215147 0.000000
1653874710070427571 5.741282 0.000000
1653874711169562772 1099.134149 0.000000
1653874711236126698 66.561371 0.000000
1653874711527497288 291.368707 0.000000
1653874711533248348 5.748756 0.000000
1653874711544130810 10.881660 0.000000
1653874711548740207 4.608605 0.000000
1653874711556334252 7.591220 0.000000
1653874711562758130 6.422516 0.000000
1653874711836699781 273.940870 0.000000
1653874711944984303 108.283231 0.000000
1653874711964345535 19.359999 0.000000
1653874711971256964 6.910136 0.000000
1653874711975956288 4.698563 0.000000
1653874712059220001 83.260567 0.000000
1653874712080566273 21.344699 0.000000
1653874712155760311 75.193016 0.000000
1653874712230229534 74.468532 0.000000
1653874712235963412 5.732456 0.000000
1653874712241485634 5.521430 0.000000
1653874712247193223 5.706817 0.000000
1653874712267612493 20.418468 0.000000
1653874712292071082 24.457557 0.000000
1653874712297247147 5.175104 0.000000
1653874712314222870 16.975021 0.000000
1653874712319710818 5.487208 0.000000
1653874712324440369 4.728619 0.000000
1653874712382557896 58.116415 0.000000
1653874712434506723 51.947875 0.000000
1653874712440410138 5.902343 0.000000
1653874712839141404 398.730354 0.000000
1653874713117939583 278.795414 0.000000
1653874713124561641 6.619563 0.000000
1653874713130262698 5.699163 0.000000
1653874713136906798 6.642928 0.000000
1653874713555174742 418.267073 0.000000
1653874713563631260 8.454414 0.000000
1653874714170001609 606.369698 0.000000
1653874714186170854 16.168343 0.000000
1653874714462697205 276.525330 0.000000
1653874714467992143 5.293284 0.000000
1653874714474571602 6.575872 0.000000
1653874714562742867 88.169612 0.000000
1653874714770914256 208.169475 0.000000
1653874714867589357 96.672376 0.000000
1653874715495063865 627.472664 0.000000
1653874715502430535 7.363955 0.000000
1653874715527928929 25.497432 0.000000
1653874715533572919 5.642668 0.000000
1653874715538192494 4.618473 0.000000
1653874715626824901 88.631636 0.000000
1653874715643809781 16.983727 0.000000
1653874715647965619 4.155007 0.000000
1653874715652168295 4.201904 0.000000
1653874715657128627 4.959350 0.000000
1653874716633574405 976.443043 0.000000
1653874716638886745 5.309935 0.000000
1653874716776571605 137.684038 0.000000
1653874716781592009 5.019614 0.000000
1653874716914276983 132.684342 0.000000
1653874716919266289 4.988474 0.000000
1653874716958563055 39.296034 0.000000
1653874717670924068 712.360271 0.000000
1653874717678089642 7.162720 0.000000
1653874717712973109 34.880341 0.000000
1653874717719266793 6.291119 0.000000
1653874717726244496 6.975269 0.000000
1653874717733443163 7.196793 0.000000
1653874717739080020 5.634683 0.000000
1653874717744621838 5.540146 0.000000
1653874717750881730 6.258820 0.000000
1653874717757601581 6.718669 0.000000
1653874717764565709 6.963046 0.000000
1653874717824958009 60.391198 0.000000
