1653874684775607009 746.951008 0.000000
1653874684890089444 114.472557 0.000000
1653874685307326673 417.235326 0.000000
1653874685314560045 7.230406 0.000000
1653874685318802942 4.241504 0.000000
1653874685321925516 3.120289 0.000000
1653874685338817253 16.890585 0.000000
1653874685343039552 4.221507 0.000000
1653874685346880374 3.840091 0.000000
1653874685499984168 153.102652 0.000000
1653874685507160243 7.174141 0.000000
1653874685517467677 10.306633 0.000000
1653874685525493587 8.024998 0.000000
1653874685528719274 3.224815 0.000000
1653874685531982952 3.262946 0.000000
1653874685536176527 4.192783 0.000000
1653874685539485580 3.308382 0.000000
1653874685690812027 151.325655 0.000000
1653874685785707593 94.893242 0.000000
1653874685789458276 3.749591 0.000000
1653874685793678259 4.219273 0.000000
1653874685797151571 3.472640 0.000000
1653874685915690002 118.537619 0.000000
1653874685919719809 4.028364 0.000000
1653874686240455677 320.735107 0.000000
1653874686731288157 490.829745 0.000000
1653874686752456715 21.166314 0.000000
1653874686834976032 82.518445 0.000000
1653874686908805673 73.827166 0.000000
1653874687064247907 155.439289 0.000000
1653874687124694769 60.444347 0.000000
1653874687269139604 144.442631 0.000000
1653874687300324109 31.181449 0.000000
1653874687304900442 4.574640 0.000000
1653874687313523233 8.621518 0.000000
1653874687319434493 5.910157 0.000000
1653874687443488510 124.052875 0.000000
1653874687537334806 93.844593 0.000000
1653874687544260841 6.922999 0.000000
1653874687663007572 118.745278 0.000000
1653874687668175726 5.164918 0.000000
1653874687674098598 5.921649 0.000000
1653874687696890835 22.790394 0.000000
1653874687700951299 4.059673 0.000000
1653874687844221028 143.268927 0.000000
1653874687941765076 97.543257 0.000000
1653874687945856559 4.089890 0.000000
1653874687949858203 4.000572 0.000000
1653874687953921923 4.062598 0.000000
1653874687959777058 5.853472 0.000000
1653874687964726631 4.948552 0.000000
1653874688032182243 67.454661 0.000000
1653874688318822509 286.638893 0.000000
1653874688326088493 7.263289 0.000000
1653874688342805942 16.714784 0.000000
1653874688409356465 66.549210 0.000000
1653874688598631006 189.272507 0.000000
1653874688690139703 91.506332 0.000000
1653874688827914223 137.771695 0.000000
1653874688833373884 5.456816 0.000000
1653874688838783232 5.408756 0.000000
1653874688916987125 78.203022 0.000000
1653874688922840807 5.852820 0.000000
1653874689357122058 434.280450 0.000000
1653874689560773876 203.649213 0.000000
1653874689593347970 32.571159 0.000000
1653874689684238475 90.888281 0.000000
1653874689911275954 227.036127 0.000000
1653874689922985842 11.707213 0.000000
1653874690000799963 77.812418 0.000000
1653874690765812779 765.010181 0.000000
1653874690779982986 14.167371 0.000000
1653874690812288426 32.302444 0.000000
1653874690816320247 4.029306 0.000000
1653874690820289650 3.966658 0.000000
1653874690824324386 4.031560 0.000000
1653874690828836148 4.510199 0.000000
1653874690832005720 3.168750 0.000000
1653874690834514080 2.506567 0.000000
1653874690956290840 121.775738 0.000000
1653874691098549318 142.256695 0.000000
1653874691105580751 7.029519 0.000000
1653874691996539785 890.957210 0.000000
1653874692002076591 5.533981 0.000000
1653874692004623303 2.544037 0.000000
1653874692012742910 8.118013 0.000000
1653874692019711565 6.966692 0.000000
1653874692026430040 6.716502 0.000000
1653874692050900848 24.469996 0.000000
1653874692084537989 33.636079 0.000000
1653874692199296651 114.756989 0.000000
1653874692203507508 4.209083 0.000000
1653874692214014317 10.505927 0.000000
1653874692218268124 4.252174 0.000000
1653874692512946992 294.676724 0.000000
1653874692824684891 311.736206 0.000000
1653874692831941577 7.255413 0.000000
1653874692837458426 5.515566 0.000000
1653874692842905775 5.443892 0.000000
1653874692848287129 5.379931 0.000000
1653874692852701138 4.412936 0.000000
1653874693172896027 320.194027 0.000000
1653874693383902573 211.004973 0.000000
1653874693392512800 8.608764 0.000000
1653874693478070892 85.557340 0.000000
1653874693480688177 2.616493 0.000000
1653874693483598722 2.909213 0.000000
1653874693487101419 3.499892 0.000000
1653874693489732910 2.630239 0.000000
1653874693493526423 3.790998 0.000000
1653874693807715966 314.188260 0.000000
1653874694237107583 429.390335 0.000000
1653874694334536705 97.427299 0.000000
1653874694340051490 5.513703 0.000000
1653874694350265188 10.212716 0.000000
1653874694353567660 3.301540 0.000000
1653874694390597200 37.028589 0.000000
1653874694551410047 160.812086 0.000000
1653874694562952801 11.539037 0.000000
1653874695205772640 642.817655 0.000000
1653874695210452367 4.677092 0.000000
1653874695215860392 5.405580 0.000000
1653874695220171928 4.310193 0.000000
1653874695225693675 5.521006 0.000000
1653874695231047739 5.353442 0.000000
1653874695294405375 63.356845 0.000000
1653874695301319969 6.912961 0.000000
1653874695412129034 110.808093 0.000000
1653874695416813110 4.682613 0.000000
1653874695579148566 162.334374 0.000000
1653874695583724648 4.575181 0.000000
1653874695589315586 5.588032 0.000000
1653874695600107170 10.789510 0.000000
1653874696102322286 502.213734 0.000000
1653874696122574653 20.249933 0.000000
1653874696129292888 6.716201 0.000000
1653874696135648422 6.353730 0.000000
1653874696143299969 7.649864 0.000000
1653874696155448390 12.146728 0.000000
1653874696364084795 208.635052 0.000000
1653874696421859277 57.773451 0.000000
1653874696426787962 4.927803 0.000000
1653874696635287721 208.499017 0.000000
1653874696698653833 63.363998 0.000000
1653874696704294654 5.639539 0.000000
1653874696707378184 3.081196 0.000000
1653874696714904106 7.523918 0.000000
1653874696717133672 2.228385 0.000000
1653874696751285228 34.150123 0.000000
1653874696762821239 11.534317 0.000000
1653874696768549194 5.726041 0.000000
1653874696851080934 82.530417 0.000000
1653874696854803824 3.720786 0.000000
1653874696859758007 4.953351 0.000000
1653874696864755360 4.996622 0.000000
1653874696922285033 57.527929 0.000000
1653874696927922799 5.636163 0.000000
1653874696930973447 3.049436 0.000000
1653874696942819441 11.844331 0.000000
1653874697014234085 71.413162 0.000000
1653874697076557098 62.321189 0.000000
1653874697083827380 7.269099 0.000000
1653874697162594530 78.765307 0.000000
1653874697166028027 3.431664 0.000000
1653874697247433682 81.403510 0.000000
1653874697315996923 68.560737 0.000000
1653874697549613663 233.614757 0.000000
1653874697558820440 9.205255 0.000000
1653874697621167108 62.345716 0.000000
1653874697628209551 7.041332 0.000000
1653874697633254985 5.043991 0.000000
1653874698072900403 439.644195 0.000000
1653874698078289873 5.387005 0.000000
1653874698309038677 230.747872 0.000000
1653874698710181409 401.140517 0.000000
1653874698949968615 239.783850 0.000000
1653874698956991722 7.021153 0.000000
1653874698964605077 7.611622 0.000000
1653874698978188423 13.581723 0.000000
1653874698983094786 4.905071 0.000000
1653874699117205764 134.109596 0.000000
1653874699123370700 6.163423 0.000000
1653874699128172837 4.800765 0.000000
1653874699133066996 4.893148 0.000000
1653874699230266817 97.198409 0.000000
1653874699241879763 11.609960 0.000000
1653874699248933177 7.051801 0.000000
1653874699256657601 7.723062 0.000000
1653874699261335805 4.676912 0.000000
1653874699832308203 570.971095 0.000000
1653874699855970533 23.659916 0.000000
1653874699869294221 13.322485 0.000000
1653874699880763307 11.467853 0.000000
1653874699883617786 2.853237 0.000000
1653874699989037442 105.418614 0.000000
1653874699994952218 5.911971 0.000000
1653874700212606955 217.651972 0.000000
1653874700237666409 25.057901 0.000000
1653874700243938115 6.269773 0.000000
1653874700248888170 4.948081 0.000000
1653874700252651396 3.761553 0.000000
1653874700257740241 5.087703 0.000000
1653874700263182329 5.440665 0.000000
1653874700290424001 27.240179 0.000000
1653874700331105588 40.680084 0.000000
1653874700459057101 127.950331 0.000000
1653874700511811097 52.752323 0.000000
1653874700518872035 7.059255 0.000000
1653874700773487012 254.613685 0.000000
1653874700781032480 7.543384 0.000000
1653874700788124887 7.091055 0.000000
1653874700943726618 155.600609 0.000000
1653874700967415659 23.686145 0.000000
1653874701036917381 69.499127 0.000000
1653874701150296141 113.376876 0.000000
1653874701160666994 10.369441 0.000000
1653874701167345564 6.676437 0.000000
1653874701173469754 6.122977 0.000000
1653874701176675342 3.203695 0.000000
1653874701262980246 86.303381 0.000000
1653874701430482493 167.501175 0.000000
1653874701449376870 18.893075 0.000000
1653874701455470993 6.092350 0.000000
1653874701629788336 174.315810 0.000000
1653874702058757315 428.967806 0.000000
1653874702062317640 3.558602 0.000000
1653874702305959161 243.640249 0.000000
1653874702437575425 131.613639 0.000000
1653874702708025434 270.448286 0.000000
1653874702714234072 6.207345 0.000000
1653874702719357262 5.120535 0.000000
1653874702724744358 5.385994 0.000000
1653874702731101203 6.355162 0.000000
1653874703086130225 355.027599 0.000000
1653874703092151752 6.019433 0.000000
1653874703097239726 5.084688 0.000000
1653874703134832583 37.590222 0.000000
1653874703139290413 4.456167 0.000000
1653874703144345515 5.054310 0.000000
1653874703336075924 191.728605 0.000000
1653874703342240910 6.163102 0.000000
1653874703347763059 5.519544 0.000000
1653874703812237353 464.473042 0.000000
1653874703817431076 5.191278 0.000000
1653874704149153946 331.721608 0.000000
1653874704155550977 6.395008 0.000000
1653874704172856632 17.302930 0.000000
1653874704178999406 6.141241 0.000000
1653874704205047416 26.045475 0.000000
1653874704354792880 149.743360 0.000000
1653874704360338433 5.543409 0.000000
1653874704370872673 10.532066 0.000000
1653874704377119813 6.246319 0.000000
1653874704384108435 6.987851 0.000000
1653874704390099986 5.990709 0.000000
1653874704395215892 5.115155 0.000000
1653874704401533203 6.316440 0.000000
1653874704406977957 5.443962 0.000000
1653874704411192981 4.214072 0.000000
1653874704423712589 12.518836 0.000000
1653874704806701210 382.987850 0.000000
1653874705228734473 422.030408 0.000000
1653874705235231282 6.494625 0.000000
1653874705331719395 96.486921 0.000000
1653874705588737122 257.014561 0.000000
1653874705662541443 73.801987 0.000000
1653874705736555678 74.011500 0.000000
1653874705948375908 211.818397 0.000000
1653874705953703592 5.324267 0.000000
1653874706156215664 202.510349 0.000000
1653874706162681275 6.462845 0.000000
1653874706480071992 317.386599 0.000000
1653874706495688134 15.613126 0.000000
1653874706508025179 12.334460 0.000000
1653874707000951546 492.924634 0.000000
1653874707106322799 105.368468 0.000000
1653874707112321212 5.995578 0.000000
1653874708237048415 1124.724287 0.000000
1653874708420289012 183.238132 0.000000
1653874711147211971 2726.919673 0.000000
1653874711154833331 7.618825 0.000000
1653874711864949565 710.114831 0.000000
1653874712073197556 208.245396 0.000000
1653874712114318748 41.118617 0.000000
1653874712119547275 5.225771 0.000000
1653874712125985404 6.435474 0.000000
1653874712131429777 5.443150 0.000000
1653874712142907498 11.475867 0.000000
1653874712149098624 6.183070 0.000000
1653874712154673641 5.572153 0.000000
1653874712327474033 172.798438 0.000000
