1653874684841306467 815.813166 0.000000
1653874684904801324 63.486070 0.000000
1653874684908676268 3.872139 0.000000
1653874684998759157 90.080785 0.000000
1653874685028156073 29.395313 0.000000
1653874685081696673 53.537534 0.000000
1653874685396422816 314.723799 0.000000
1653874685409123939 12.697967 0.000000
1653874685412596989 3.470455 0.000000
1653874685417167179 4.569249 0.000000
1653874685421050148 3.881637 0.000000
1653874685425660072 4.609083 0.000000
1653874685429299474 3.638531 0.000000
1653874685433831271 4.530905 0.000000
1653874685869323864 435.489327 0.000000
1653874685874598125 5.272157 0.000000
1653874685878896104 4.297037 0.000000
1653874685882033494 3.134204 0.000000
1653874685891294589 9.259632 0.000000
1653874685898242472 6.947071 0.000000
1653874685914797720 16.554226 0.000000
1653874685918940107 4.141425 0.000000
1653874685922675559 3.734351 0.000000
1653874685926527540 3.850518 0.000000
1653874685930794861 4.266248 0.000000
1653874685934448881 3.651104 0.000000
1653874685938218357 3.767202 0.000000
1653874685941602089 3.382539 0.000000
1653874686199328619 257.725458 0.000000
1653874686323500441 124.169960 0.000000
1653874686326806808 3.303361 0.000000
1653874686657913681 331.104269 0.000000
1653874686669074994 11.158487 0.000000
1653874686673262565 4.185397 0.000000
1653874686677313139 4.049381 0.000000
1653874686696400692 19.084898 0.000000
1653874686818751906 122.348710 0.000000
1653874686917735144 98.980462 0.000000
1653874687001406146 83.668107 0.000000
1653874687011864709 10.455768 0.000000
1653874687016078700 4.211196 0.000000
1653874687019548734 3.467770 0.000000
1653874687023575874 4.024976 0.000000
1653874687028725832 5.148556 0.000000
1653874687032658034 3.931310 0.000000
1653874687036404396 3.745661 0.000000
1653874687039888847 3.483739 0.000000
1653874687043968506 4.078907 0.000000
1653874687047530132 3.560784 0.000000
1653874687051550820 4.019836 0.000000
1653874687054416670 2.864898 0.000000
1653874687058556171 4.138760 0.000000
1653874687062279841 3.722908 0.000000
1653874687065436467 3.155844 0.000000
1653874687424100662 358.663464 0.000000
1653874687426626984 2.523587 0.000000
1653874687432281509 5.651910 0.000000
1653874687534994738 102.712027 0.000000
1653874687831680203 296.682630 0.000000
1653874687931315453 99.632746 0.000000
1653874687935424537 4.106920 0.000000
1653874687969019343 33.591850 0.000000
1653874688089563155 120.542058 0.000000
1653874688094584251 5.018621 0.000000
1653874688181513569 86.927225 0.000000
1653874688234130504 52.614450 0.000000
1653874688240172357 6.040069 0.000000
1653874688244161846 3.988447 0.000000
1653874688334428630 90.265542 0.000000
1653874688412940005 78.508159 0.000000
1653874688458504762 45.562032 0.000000
1653874688533500407 74.992881 0.000000
1653874688538952272 5.448789 0.000000
1653874688543146125 4.191308 0.000000
1653874688546893730 3.745501 0.000000
1653874688817723426 270.827722 0.000000
1653874689315874652 498.148420 0.000000
1653874689320652952 4.775585 0.000000
1653874689324028268 3.372241 0.000000
1653874689330902132 6.872191 0.000000
1653874689338470019 7.566214 0.000000
1653874689350667046 12.195915 0.000000
1653874689355367019 4.696677 0.000000
1653874689357687946 2.319585 0.000000
1653874689427050647 69.361529 0.000000
1653874689771042326 343.989705 0.000000
1653874689781830137 10.785538 0.000000
1653874690008642070 226.810109 0.000000
1653874690287304459 278.660485 0.000000
1653874690292336165 5.029251 0.000000
1653874690366363072 74.024202 0.000000
1653874690370682580 4.317405 0.000000
1653874690382563524 11.879221 0.000000
1653874690386659493 4.093494 0.000000
1653874690390866951 4.205765 0.000000
1653874690396014745 5.146541 0.000000
1653874690400770523 4.754385 0.000000
1653874690529987665 129.215891 0.000000
1653874690590335273 60.345894 0.000000
1653874690595496372 5.158985 0.000000
1653874690599000420 3.502395 0.000000
1653874690602302008 3.298803 0.000000
1653874690607500577 5.196776 0.000000
1653874690611818923 4.316783 0.000000
1653874690615883313 4.062787 0.000000
1653874690619867262 3.982947 0.000000
1653874690622712063 2.843468 0.000000
1653874690631568147 8.854461 0.000000
1653874690639697008 8.127488 0.000000
1653874690644579433 4.880311 0.000000
1653874690743736105 99.155229 0.000000
1653874690749054028 5.316330 0.000000
1653874690751469903 2.414843 0.000000
1653874690759856777 8.385642 0.000000
1653874690765132561 5.274541 0.000000
1653874690768285570 3.151596 0.000000
1653874690785840204 17.552891 0.000000
1653874690938077101 152.235584 0.000000
1653874691087945451 149.865284 0.000000
1653874691187048793 99.101539 0.000000
1653874691192030104 4.979207 0.000000
1653874691294517558 102.485831 0.000000
1653874691298661748 4.142897 0.000000
1653874691307426551 8.763962 0.000000
1653874691314679557 7.251723 0.000000
1653874691394516901 79.834789 0.000000
1653874691606963105 212.444531 0.000000
1653874691698729203 91.764154 0.000000
1653874691707925507 9.194942 0.000000
1653874691824423903 116.496934 0.000000
1653874691838306935 13.880798 0.000000
1653874692120893589 282.584280 0.000000
1653874692132266629 11.370805 0.000000
1653874692137414643 5.146551 0.000000
1653874692141565926 4.149259 0.000000
1653874692146718288 5.150608 0.000000
1653874692311533747 164.814607 0.000000
1653874692510285724 198.750834 0.000000
1653874692629165129 118.877342 0.000000
1653874692634390228 5.223796 0.000000
1653874692790478273 156.085751 0.000000
1653874692874822538 84.342491 0.000000
1653874693065888064 191.062781 0.000000
1653874693071467388 5.576779 0.000000
1653874693076936886 5.468085 0.000000
1653874693080277878 3.339499 0.000000
1653874693085721717 5.441756 0.000000
1653874693172517173 86.794615 0.000000
1653874693175185392 2.666495 0.000000
1653874693187025879 11.839194 0.000000
1653874693692535944 505.508041 0.000000
1653874693698986583 6.448775 0.000000
1653874693869819498 170.830099 0.000000
1653874693875301329 5.480068 0.000000
1653874693881213848 5.910045 0.000000
1653874693886435571 5.219478 0.000000
1653874693889237110 2.800007 0.000000
1653874693898502143 9.263300 0.000000
1653874693906418774 7.914758 0.000000
1653874693910870170 4.450324 0.000000
1653874694073050652 162.179630 0.000000
1653874694077866232 4.814247 0.000000
1653874694082997615 5.129369 0.000000
1653874694085718793 2.719926 0.000000
1653874694103137222 17.417497 0.000000
1653874694109429814 6.291059 0.000000
1653874694271118082 161.686905 0.000000
1653874694283844683 12.725168 0.000000
1653874694286877516 3.030939 0.000000
1653874694314203794 27.325236 0.000000
1653874694326198902 11.993455 0.000000
1653874694331625028 5.424523 0.000000
1653874694335573721 3.946849 0.000000
1653874694339695418 4.119944 0.000000
1653874694344243847 4.546816 0.000000
1653874694571684297 227.438857 0.000000
1653874694668559735 96.873055 0.000000
1653874694885000076 216.438888 0.000000
1653874694888785692 3.784304 0.000000
1653874694901003739 12.217015 0.000000
1653874694915023116 14.016442 0.000000
1653874694949271549 34.246580 0.000000
1653874694995736344 46.463573 0.000000
1653874695380594244 384.855916 0.000000
1653874695549127000 168.530192 0.000000
1653874695603067409 53.938466 0.000000
1653874695607893909 4.825298 0.000000
1653874695615002824 7.107463 0.000000
1653874695620461822 5.457134 0.000000
1653874695627040462 6.577247 0.000000
1653874695781065794 154.023469 0.000000
1653874695787644464 6.577208 0.000000
1653874695793194753 5.549348 0.000000
1653874695897084559 103.888724 0.000000
1653874695916448119 19.362248 0.000000
1653874695922276740 5.827269 0.000000
1653874695925410213 3.132260 0.000000
1653874696054309066 128.897160 0.000000
1653874696448209419 393.898660 0.000000
1653874696456587317 8.376255 0.000000
1653874696461647336 5.057815 0.000000
1653874696663122712 201.474104 0.000000
1653874696782237679 119.113694 0.000000
1653874696804885043 22.645660 0.000000
1653874696810389026 5.502510 0.000000
1653874696820744475 10.352894 0.000000
1653874696833944024 13.198457 0.000000
1653874696863500409 29.555032 0.000000
1653874696978554612 115.052620 0.000000
1653874696981651185 3.094930 0.000000
1653874697094517993 112.865856 0.000000
1653874697099367196 4.848252 0.000000
1653874697240583802 141.215003 0.000000
1653874697247465541 6.880496 0.000000
1653874697256323198 8.856335 0.000000
1653874697343041459 86.717499 0.000000
1653874697356243071 13.199328 0.000000
1653874697360143283 3.898979 0.000000
1653874697522948296 162.803410 0.000000
1653874697528782448 5.832429 0.000000
1653874697538061807 9.277396 0.000000
1653874697543913062 5.847357 0.000000
1653874697548545738 4.631384 0.000000
1653874697555142893 6.595632 0.000000
1653874697561145841 6.002027 0.000000
1653874697565670465 4.523061 0.000000
1653874697578995239 13.323662 0.000000
1653874697599418408 20.422067 0.000000
1653874697815252970 215.833239 0.000000
1653874698195421113 380.166701 0.000000
1653874698202372072 6.949536 0.000000
1653874698282827996 80.454692 0.000000
1653874698293936910 11.107922 0.000000
1653874698334829034 40.891283 0.000000
1653874698339013820 4.182321 0.000000
1653874698342939950 3.923796 0.000000
1653874698346859338 3.918115 0.000000
1653874698351803469 4.943099 0.000000
1653874698356527918 4.723708 0.000000
1653874698362308739 5.779749 0.000000
1653874698512816808 150.507117 0.000000
1653874698528244158 15.425888 0.000000
1653874698535957348 7.711897 0.000000
1653874698949123847 413.164245 0.000000
1653874699287033370 337.908000 0.000000
1653874699706879417 419.843081 0.000000
1653874699898784687 191.903196 0.000000
1653874699904317193 5.529961 0.000000
1653874699907658665 3.340360 0.000000
1653874700010631389 102.971542 0.000000
1653874700016520013 5.887342 0.000000
1653874700053841183 37.319277 0.000000
1653874700059856716 6.013940 0.000000
1653874700063206704 3.348736 0.000000
1653874700117943798 54.735441 0.000000
1653874700124032868 6.087328 0.000000
1653874700129792240 5.757768 0.000000
1653874700267237906 137.444956 0.000000
1653874700336143528 68.904329 0.000000
1653874700342207081 6.062741 0.000000
1653874700347017120 4.808366 0.000000
1653874700760101884 413.083441 0.000000
1653874700931823594 171.719887 0.000000
1653874700968444540 36.619734 0.000000
1653874701075696766 107.249181 0.000000
1653874701125567114 49.866731 0.000000
1653874701334706866 209.137107 0.000000
1653874701434626818 99.917748 0.000000
1653874701448725805 14.097134 0.000000
1653874701454272748 5.545119 0.000000
1653874701458730707 4.456085 0.000000
1653874701597803176 139.071117 0.000000
1653874701620080787 22.276218 0.000000
1653874701625502835 5.419904 0.000000
1653874701671388182 45.883944 0.000000
1653874701931741203 260.351267 0.000000
1653874702020849919 89.107293 0.000000
1653874702075499739 54.647776 0.000000
1653874702499815915 424.314573 0.000000
1653874702505709518 5.891439 0.000000
1653874702509390238 3.679517 0.000000
1653874702519075289 9.682827 0.000000
1653874702525458642 6.382311 0.000000
1653874702643545858 118.083580 0.000000
1653874702650345041 6.797570 0.000000
1653874702656563675 6.217291 0.000000
1653874702661137280 4.572413 0.000000
1653874702666517110 5.377515 0.000000
1653874702670560250 4.041698 0.000000
1653874702675572038 5.010836 0.000000
1653874702680683774 5.110734 0.000000
1653874702684910959 4.226033 0.000000
1653874702689254242 4.342412 0.000000
1653874702694511592 5.255957 0.000000
1653874702699709890 5.197236 0.000000
1653874702705034966 5.324255 0.000000
1653874702800857597 95.821909 0.000000
1653874702806479320 5.620170 0.000000
1653874702815121453 8.641281 0.000000
1653874702820373071 5.249554 0.000000
1653874702825851065 5.476391 0.000000
1653874702971219914 145.367697 0.000000
1653874702976467665 5.246509 0.000000
1653874703075951348 99.482681 0.000000
1653874703088657541 12.705191 0.000000
1653874703094692379 6.033636 0.000000
1653874703101595037 6.901766 0.000000
1653874703106607917 5.009985 0.000000
1653874703126948701 20.338580 0.000000
1653874703147140977 20.191324 0.000000
1653874703153209399 6.067450 0.000000
1653874703692257399 539.046207 0.000000
1653874703766451598 74.192105 0.000000
1653874703820894359 54.440126 0.000000
1653874703825652842 4.756429 0.000000
1653874704235042114 409.386717 0.000000
1653874704241354484 6.309795 0.000000
1653874704351586163 110.230837 0.000000
1653874704509462741 157.875496 0.000000
1653874704517411603 7.945866 0.000000
1653874704522322292 4.909447 0.000000
1653874704938488636 416.165292 0.000000
1653874704944701869 6.211500 0.000000
1653874705425279316 480.574922 0.000000
1653874705435049246 9.768618 0.000000
1653874705470112678 35.062189 0.000000
1653874705484009295 13.894754 0.000000
1653874705490137288 6.126761 0.000000
1653874705788919767 298.779814 0.000000
1653874705794875097 5.953716 0.000000
1653874705800268221 5.389978 0.000000
1653874705889735570 89.465095 0.000000
1653874705894697274 4.960392 0.000000
1653874705905760573 11.061446 0.000000
1653874705912195713 6.433267 0.000000
1653874706233854053 321.657078 0.000000
1653874706240037331 6.182326 0.000000
1653874706515901667 275.863504 0.000000
1653874706712090855 196.188266 0.000000
1653874707090760778 378.666526 0.000000
1653874707097209694 6.447102 0.000000
1653874707101560091 4.347912 0.000000
1653874707106979454 5.418231 0.000000
1653874707113281164 6.299906 0.000000
1653874707168784014 55.501738 0.000000
1653874707173978155 5.192848 0.000000
1653874707534877889 360.898983 0.000000
1653874707541470575 6.589440 0.000000
1653874707547044538 5.572130 0.000000
1653874707554129869 7.083327 0.000000
1653874707611793536 57.661393 0.000000
1653874707618299820 6.505082 0.000000
1653874707623183978 4.882155 0.000000
1653874707627944414 4.759074 0.000000
1653874707633569063 5.623035 0.000000
1653874707639152975 5.581998 0.000000
1653874707647347127 8.192729 0.000000
1653874707663128783 15.780553 0.000000
1653874707809225948 146.095842 0.000000
1653874708065425428 256.197687 0.000000
1653874708070141100 4.714750 0.000000
1653874708081155897 11.013905 0.000000
1653874708086404400 5.246780 0.000000
1653874708444320873 357.914940 0.000000
1653874709368041698 923.719192 0.000000
1653874709502319174 134.276354 0.000000
1653874710211954705 709.633928 0.000000
1653874711170297298 958.341581 0.000000
1653874711336341125 166.042104 0.000000
1653874711342992662 6.650505 0.000000
1653874711348880695 5.887262 0.000000
1653874711444396237 95.514761 0.000000
1653874711733962009 289.563349 0.000000
1653874711740053214 6.088249 0.000000
1653874711746198360 6.143513 0.000000
1653874711751915221 5.715819 0.000000
1653874711829056050 77.138404 0.000000
1653874711834913256 5.855332 0.000000
1653874711840922787 6.006786 0.000000
1653874711846659004 5.733202 0.000000
1653874711853205814 6.537462 0.000000
1653874712137778123 284.571036 0.000000
1653874712221708958 83.927669 0.000000
1653874712227044454 5.332901 0.000000
1653874712233135798 6.090574 0.000000
1653874712239178822 6.040380 0.000000
1653874712245647285 6.467280 0.000000
1653874712252130996 6.482749 0.000000
1653874712286854920 34.716540 0.000000
1653874712964084544 677.227570 0.000000
1653874713135449770 171.362581 0.000000
1653874713181523920 46.072407 0.000000
1653874713459726802 278.200628 0.000000
1653874714160901524 701.172077 0.000000
1653874714191106885 30.203618 0.000000
1653874714256876698 65.767369 0.000000
1653874714267834507 10.956557 0.000000
1653874714277804042 9.968773 0.000000
1653874714286386914 8.582100 0.000000
1653874714291721709 5.333943 0.000000
1653874714295502125 3.779685 0.000000
1653874715360757705 1065.254979 0.000000
1653874715662279299 301.518638 0.000000
1653874716461263104 798.981350 0.000000
1653874716466296652 5.031124 0.000000
1653874716472119283 5.821448 0.000000
1653874716499305897 27.185893 0.000000
1653874716506010523 6.702071 0.000000
1653874716512510204 6.497808 0.000000
1653874716608530492 96.018455 0.000000
1653874716714140252 105.608106 0.000000
1653874716798920681 84.778325 0.000000
1653874716806594266 7.671531 0.000000
1653874716894156917 87.561629 0.000000
1653874717013193391 119.034350 0.000000
1653874717348399937 335.204742 0.000000
1653874717360303391 11.902182 0.000000
1653874717683636448 323.331083 0.000000
1653874717797220677 113.582876 0.000000
1653874717891347962 94.125251 0.000000
1653874717936656043 45.306408 0.000000
1653874717942003411 5.344362 0.000000
1653874717949455160 7.450446 0.000000
1653874717965594596 16.138555 0.000000
1653874718071847923 106.251343 0.000000
1653874718078870055 7.020849 0.000000
1653874718092171585 13.299776 0.000000
1653874718747348262 655.175425 0.000000
1653874718759741216 12.391491 0.000000
1653874718863476757 103.734749 0.000000
1653874719470276942 606.799374 0.000000
1653874719478759045 8.478737 0.000000
1653874719485741472 6.980213 0.000000
1653874719491073671 5.330957 0.000000
1653874720097855020 606.780487 0.000000
1653874720107549439 9.693407 0.000000
1653874720713724028 606.172645 0.000000
1653874721119234744 405.508582 0.000000
1653874721126469635 7.233178 0.000000
1653874721757763116 631.292629 0.000000
1653874721764027525 6.261604 0.000000
1653874721769150131 5.119400 0.000000
1653874721780487784 11.335800 0.000000
1653874721862453659 81.964572 0.000000
1653874721870474635 8.018632 0.000000
1653874722478762960 608.287513 0.000000
1653874722484079660 5.314897 0.000000
1653874722490166486 6.085603 0.000000
1653874722494429959 4.261690 0.000000
1653874722506398386 11.967224 0.000000
1653874723112499775 606.100186 0.000000
1653874723117104028 4.602610 0.000000
1653874723731136213 614.031083 0.000000
1653874724343998842 612.861617 0.000000
1653874724353343423 9.343189 0.000000
1653874724359847582 6.503217 0.000000
1653874724365245595 5.397261 0.000000
1653874725043963595 678.717208 0.000000
1653874725050523920 6.558722 0.000000
1653874725056253786 5.729234 0.000000
1653874725912926586 856.672038 0.000000
1653874725927126512 14.196880 0.000000
1653874725942923415 15.795982 0.000000
1653874725963511863 20.587306 0.000000
1653874726316544715 353.031960 0.000000
1653874726323727959 7.182162 0.000000
1653874726328212968 4.484248 0.000000
1653874726592894500 264.680770 0.000000
1653874726599434616 6.538194 0.000000
1653874726669928766 70.492937 0.000000
1653874727202957660 533.026790 0.000000
1653874727819177416 616.216630 0.000000
1653874728372740333 553.561305 0.000000
1653874728389874958 17.132010 0.000000
1653874728442683539 52.806778 0.000000
1653874729049811687 607.126915 0.000000
1653874729054709300 4.896481 0.000000
1653874729061733215 7.021931 0.000000
1653874729339893196 278.158439 0.000000
1653874729471985295 132.090265 0.000000
1653874730023452507 551.465980 0.000000
1653874730031481378 8.026667 0.000000
1653874730204325333 172.843183 0.000000
1653874730816140688 611.810956 0.000000
1653874730821978066 5.835134 0.000000
1653874732485732512 1663.753515 0.000000
1653874732492632824 6.897738 0.000000
1653874732590482844 97.848847 0.000000
1653874732596951407 6.466309 0.000000
1653874732601265495 4.312986 0.000000
1653874732607509075 6.242638 0.000000
1653874732612840663 5.330556 0.000000
1653874732618107831 5.265965 0.000000
1653874732624129564 6.020180 0.000000
1653874732630190181 6.059475 0.000000
1653874732637871300 7.680027 0.000000
1653874732653050283 15.178102 0.000000
1653874732678093563 25.042368 0.000000
1653874732822046685 143.952230 0.000000
1653874732850450303 28.402436 0.000000
1653874733024297281 173.845796 0.000000
1653874733035784975 11.486432 0.000000
1653874733041649654 5.863767 0.000000
1653874733053136817 11.486352 0.000000
1653874733058163974 5.026445 0.000000
1653874733214645062 156.480327 0.000000
1653874733689875101 475.229137 0.000000
1653874733704691003 14.813898 0.000000
1653874733720941748 16.249853 0.000000
1653874733810111113 89.168563 0.000000
1653874734524176410 714.063965 0.000000
1653874734536285391 12.106737 0.000000
1653874734548470704 12.181877 0.000000
1653874734555450326 6.950757 0.000000
1653874734626500939 71.049351 0.000000
1653874734632386797 5.883193 0.000000
1653874734638463675 6.075155 0.000000
1653874734643945485 5.479396 0.000000
1653874734649017446 5.070428 0.000000
1653874734655297224 6.278676 0.000000
1653874734661748023 6.448946 0.000000
1653874735269684901 607.935045 0.000000
1653874735276957482 7.271068 0.000000
1653874735283197556 6.238400 0.000000
1653874735289692177 6.492667 0.000000
1653874735296073736 6.380087 0.000000
1653874735301596423 5.520763 0.000000
1653874735406214156 104.616139 0.000000
1653874736051472381 645.255460 0.000000
1653874736564793459 513.319235 0.000000
1653874736573640987 8.846425 0.000000
1653874737179519729 605.877790 0.000000
1653874737185067383 5.546562 0.000000
1653874737198153217 13.084261 0.000000
1653874737805616883 607.462064 0.000000
1653874738163958482 358.340857 0.000000
1653874738171469361 7.508816 0.000000
1653874738185356709 13.886497 0.000000
1653874738190596525 5.239075 0.000000
1653874738198312078 7.714781 0.000000
1653874738203557004 5.244134 0.000000
1653874738208921243 5.363468 0.000000
1653874738215085705 6.163671 0.000000
1653874738220368371 5.281965 0.000000
1653874738239285621 18.916509 0.000000
1653874738244740561 5.454108 0.000000
1653874738251407015 6.665472 0.000000
1653874738650310503 398.902827 0.000000
1653874738656130408 5.818312 0.000000
1653874739265259398 609.128149 0.000000
1653874739341396768 76.136549 0.000000
1653874739381156132 39.758582 0.000000
1653874739989024535 607.867621 0.000000
1653874740604803377 615.777820 0.000000
1653874740614171332 9.367104 0.000000
1653874740620910171 6.737988 0.000000
1653874740625816882 4.905879 0.000000
1653874740632208219 6.390515 0.000000
1653874741253055024 620.845903 0.000000
1653874741315597304 62.541469 0.000000
1653874741481101697 165.502400 0.000000
1653874742096947192 615.842260 0.000000
1653874742130736720 33.788065 0.000000
1653874742785667952 654.929270 0.000000
1653874742897973284 112.302737 0.000000
1653874743504470930 606.496023 0.000000
1653874743921960703 417.487008 0.000000
1653874743929537185 7.573377 0.000000
1653874744536207994 606.667613 0.000000
1653874744542222674 6.012176 0.000000
1653874745757167029 1214.943103 0.000000
1653874746132174885 375.005562 0.000000
1653874746140102086 7.925558 0.000000
1653874746163594694 23.491096 0.000000
1653874746170132947 6.537281 0.000000
1653874746176466576 6.332356 0.000000
1653874746182456951 5.989142 0.000000
1653874746187835818 5.377865 0.000000
1653874746193587364 5.749883 0.000000
1653874746200327877 6.738810 0.000000
1653874746459373909 259.044529 0.000000
1653874746465093525 5.717843 0.000000
1653874747171826791 706.730952 0.000000
1653874748548214267 1376.386434 0.000000
1653874748570662064 22.444401 0.000000
1653874748588366607 17.702860 0.000000
1653874748606154948 17.787158 0.000000
1653874748621337879 15.182199 0.000000
1653874748629840930 8.502250 0.000000
1653874748636231736 6.389935 0.000000
1653874748641737180 5.504662 0.000000
1653874748648232864 6.494852 0.000000
1653874748653067439 4.833814 0.000000
1653874748661471645 8.403515 0.000000
1653874748667206379 5.733322 0.000000
1653874748672946514 5.739363 0.000000
1653874748678534794 5.587518 0.000000
1653874749168096690 489.561115 0.000000
1653874749175549921 7.451778 0.000000
1653874749643927320 468.376618 0.000000
1653874750260332775 616.404623 0.000000
1653874750649883847 389.549630 0.000000
1653874750655815362 5.928529 0.000000
1653874750664584873 8.768670 0.000000
1653874750672829830 8.243374 0.000000
1653874750902176480 229.345378 0.000000
1653874752119449920 1217.272649 0.000000
1653874752281446075 161.994191 0.000000
1653874752292867314 11.419806 0.000000
1653874753531437838 1238.566727 0.000000
1653874753540986853 9.546551 0.000000
1653874753550210356 9.222632 0.000000
1653874753559124228 8.913101 0.000000
1653874754174727052 615.602012 0.000000
1653874754181833161 7.105208 0.000000
1653874754196815474 14.981472 0.000000
1653874754203280409 6.464023 0.000000
1653874754222579225 19.297864 0.000000
1653874755324528752 1101.948856 0.000000
1653874755330528444 5.998720 0.000000
1653874755336131452 5.599782 0.000000
1653874755351627168 15.494375 0.000000
1653874755358118904 6.490343 0.000000
1653874755363660416 5.540650 0.000000
1653874755410308359 46.646570 0.000000
1653874755417843584 7.534293 0.000000
1653874755424023093 6.178648 0.000000
1653874755452365785 28.341930 0.000000
1653874755514977414 62.610226 0.000000
1653874756840002845 1325.023688 0.000000
1653874757460181383 620.175653 0.000000
1653874758682622547 1222.438950 0.000000
1653874758689700192 7.074800 0.000000
1653874758694802540 5.100454 0.000000
1653874759920218836 1225.415214 0.000000
1653874759927537513 7.315812 0.000000
1653874759934511134 6.972559 0.000000
1653874759941358236 6.845379 0.000000
1653874759948446842 7.085200 0.000000
1653874759955228442 6.780057 0.000000
1653874759962839519 7.609374 0.000000
1653874759968831115 5.989913 0.000000
1653874760577409034 608.576135 0.000000
1653874760931209240 353.798503 0.000000
1653874760938111076 6.900102 0.000000
1653874762162764985 1224.652727 0.000000
1653874762219036181 56.269483 0.000000
1653874762228575737 9.537532 0.000000
1653874762377619206 149.042006 0.000000
1653874762531575636 153.954106 0.000000
1653874763202870767 671.293528 0.000000
1653874763738714804 535.841071 0.000000
1653874763794493756 55.776507 0.000000
1653874763800254620 5.759381 0.000000
1653874764006521421 206.265870 0.000000
1653874764014274955 7.751510 0.000000
1653874764021232254 6.956297 0.000000
1653874764832270924 811.037808 0.000000
1653874765447075895 614.803027 0.000000
1653874767012170448 1565.093110 0.000000
1653874767020303354 8.131834 0.000000
1653874767026427710 6.121881 0.000000
1653874767343172526 316.743373 0.000000
1653874767956940668 613.766219 0.000000
1653874767971509224 14.566232 0.000000
1653874767986413821 14.902914 0.000000
1653874767995307606 8.891340 0.000000
1653874768005140192 9.831745 0.000000
1653874768613164502 608.023569 0.000000
1653874768619822429 6.655402 0.000000
1653874768627162056 7.338845 0.000000
1653874769242848057 615.684658 0.000000
1653874769251896922 9.046941 0.000000
1653874769259031224 7.133330 0.000000
1653874769278332654 19.299657 0.000000
1653874771116917646 1838.582598 0.000000
1653874771123249020 6.328649 0.000000
1653874771138448211 15.197357 0.000000
1653874771208043326 69.592400 0.000000
1653874771243305625 35.260406 0.000000
1653874771388298578 144.991470 0.000000
1653874771397243608 8.943888 0.000000
1653874771494548556 97.304107 0.000000
1653874772110792691 616.242302 0.000000
1653874772138888058 28.093032 0.000000
1653874772146758411 7.868138 0.000000
1653874772153498113 6.738880 0.000000
1653874772161037354 7.538079 0.000000
1653874772166710753 5.672577 0.000000
1653874772573224699 406.513104 0.000000
1653874772642864668 69.637444 0.000000
1653874772652290601 9.423448 0.000000
1653874772660320924 8.029241 0.000000
1653874773312402277 652.080641 0.000000
1653874773322274948 9.871068 0.000000
1653874773339306117 17.030117 0.000000
1653874773654096440 314.789291 0.000000
1653874774269828821 615.730658 0.000000
1653874774278779111 8.949338 0.000000
1653874774670468238 391.688195 0.000000
1653874774676911442 6.442232 0.000000
1653874774683694965 6.782360 0.000000
1653874774690161093 6.463142 0.000000
1653874774697140704 6.978229 0.000000
1653874774704372599 7.231234 0.000000
1653874775182781354 478.407974 0.000000
1653874775189875399 7.092624 0.000000
1653874775808865344 618.989093 0.000000
1653874775816041914 7.174336 0.000000
1653874775822311463 6.267915 0.000000
1653874775828361960 6.049155 0.000000
1653874775835425608 7.062637 0.000000
1653874775842502583 7.074530 0.000000
1653874775860869088 18.364882 0.000000
1653874775867972932 7.102872 0.000000
1653874775874946011 6.972187 0.000000
1653874775883225753 8.279061 0.000000
1653874775889866337 6.639844 0.000000
1653874775896840759 6.973650 0.000000
1653874775904613469 7.771859 0.000000
1653874775912373215 7.759135 0.000000
1653874775919813170 7.439124 0.000000
1653874778359243750 2439.429789 0.000000
1653874779587848622 1228.602397 0.000000
1653874779594624401 6.772863 0.000000
1653874780212015358 617.390186 0.000000
1653874780829021171 617.004701 0.000000
1653874780834801752 5.779459 0.000000
1653874780853456007 18.651650 0.000000
1653874781460224113 606.766293 0.000000
1653874782317712152 857.486556 0.000000
1653874782628212637 310.497960 0.000000
1653874783149602633 521.388363 0.000000
1653874783156152136 6.548572 0.000000
1653874783163662424 7.509516 0.000000
1653874784481066193 1317.402879 0.000000
1653874785058479005 577.410086 0.000000
1653874785067280555 8.798755 0.000000
1653874785676345738 609.064231 0.000000
1653874785685484001 9.137081 0.000000
1653874785704658672 19.173429 0.000000
1653874786057938103 353.278208 0.000000
1653874787286259904 1228.319807 0.000000
1653874787295218129 8.956431 0.000000
1653874787303787424 8.566049 0.000000
1653874787312002755 8.213417 0.000000
1653874787319450925 7.447188 0.000000
1653874787326655398 7.203532 0.000000
1653874787336694362 10.038172 0.000000
1653874787344070297 7.375184 0.000000
1653874787352082176 8.011118 0.000000
1653874787360148907 8.066040 0.000000
1653874787369336954 9.187225 0.000000
1653874787377339545 8.001529 0.000000
1653874787384524201 7.182953 0.000000
1653874787393675739 9.149174 0.000000
1653874787403987705 10.310794 0.000000
1653874787412207173 8.218116 0.000000
1653874787419024359 6.816044 0.000000
1653874788272873979 853.848297 0.000000
1653874788970006854 697.131402 0.000000
1653874788978359012 8.349182 0.000000
1653874788985996437 7.634110 0.000000
1653874788994218891 8.221672 0.000000
1653874789004082636 9.862592 0.000000
1653874789012129230 8.045322 0.000000
1653874789020110110 7.978245 0.000000
1653874789028066054 7.954120 0.000000
1653874789035311965 7.244318 0.000000
1653874789042972543 7.659026 0.000000
1653874789050949497 7.975661 0.000000
1653874789058945105 7.994336 0.000000
1653874789253415182 194.468895 0.000000
1653874789349116698 95.699973 0.000000
1653874789357232090 8.114141 0.000000
1653874789364483442 7.248646 0.000000
1653874789461782095 97.297591 0.000000
1653874790080195560 618.410229 0.000000
1653874790117330643 37.133170 0.000000
1653874790127129075 9.795957 0.000000
1653874790134311848 7.181961 0.000000
1653874790269595690 135.283041 0.000000
1653874790927661062 658.064520 0.000000
1653874790990105653 62.443399 0.000000
1653874791000135700 10.027252 0.000000
1653874791066555181 66.417918 0.000000
1653874791094588961 28.031807 0.000000
1653874791102500351 7.909376 0.000000
1653874791276198709 173.696093 0.000000
1653874791286318093 10.116659 0.000000
1653874791295817904 9.498097 0.000000
1653874791391035732 95.216495 0.000000
1653874792164348094 773.311120 0.000000
1653874793552132428 1387.776629 0.000000
1653874793559683911 7.549079 0.000000
1653874793566889978 7.205105 0.000000
1653874793574062240 7.171471 0.000000
1653874793582197400 8.134318 0.000000
1653874796717753100 3135.554948 0.000000
1653874796842669841 124.913906 0.000000
1653874796852177808 9.504460 0.000000
1653874796894305102 42.125641 0.000000
1653874796982614400 88.307284 0.000000
1653874796992069889 9.454336 0.000000
1653874797342465639 350.394588 0.000000
1653874797351659506 9.192163 0.000000
1653874797478581401 126.920943 0.000000
1653874798094533096 615.947717 0.000000
1653874798102172004 7.637846 0.000000
1653874798111124298 8.951071 0.000000
1653874800115328326 2004.203097 0.000000
1653874801510342388 1395.012028 0.000000
1653874804575381169 3065.036557 0.000000
1653874804587819767 12.436404 0.000000
1653874804678694560 90.873721 0.000000
1653874804689149674 10.453521 0.000000
1653874804697676178 8.525442 0.000000
1653874804706047471 8.370331 0.000000
1653874804936948665 230.900212 0.000000
1653874805555845508 618.896041 0.000000
1653874805691574512 135.727080 0.000000
1653874805701769338 10.192692 0.000000
1653874805921094473 219.324183 0.000000
1653874806042853565 121.756958 0.000000
1653874806521985898 479.129908 0.000000
1653874806737758935 215.771825 0.000000
1653874806745798536 8.038498 0.000000
1653874806754267462 8.467974 0.000000
1653874806762647672 8.379378 0.000000
1653874806770008598 7.360074 0.000000
1653874806953878733 183.869163 0.000000
1653874806963747457 9.867872 0.000000
1653874807651749739 688.001350 0.000000
1653874807660147963 8.396931 0.000000
1653874807668390945 8.242201 0.000000
1653874807676742711 8.351035 0.000000
1653874807685115327 8.371815 0.000000
1653874807692591559 7.475551 0.000000
1653874807700891859 8.299719 0.000000
1653874807709479909 8.587128 0.000000
1653874808757596896 1048.116015 0.000000
1653874808766172983 8.574815 0.000000
1653874808772636475 6.462500 0.000000
1653874808779159689 6.522462 0.000000
1653874808785456929 6.296499 0.000000
1653874808791920341 6.462170 0.000000
1653874808854282084 62.360982 0.000000
1653874808861305878 7.020939 0.000000
1653874808868281751 6.974390 0.000000
1653874808875924096 7.639900 0.000000
1653874808882585540 6.660622 0.000000
1653874808889350347 6.763876 0.000000
1653874808895885985 6.534676 0.000000
1653874808902381707 6.494720 0.000000
1653874808911021444 8.638485 0.000000
1653874808919483407 8.461162 0.000000
1653874808927364971 7.880703 0.000000
1653874809543321410 615.955527 0.000000
1653874809550887672 7.565480 0.000000
1653874809556766687 5.878194 0.000000
1653874809564337647 7.570159 0.000000
1653874809571874484 7.535965 0.000000
1653874809578838816 6.963380 0.000000
1653874809586787055 7.947397 0.000000
1653874809593373708 6.583787 0.000000
1653874809600018310 6.643059 0.000000
1653874809606844152 6.825130 0.000000
1653874809613676557 6.830681 0.000000
1653874809619915517 6.237509 0.000000
1653874809628350279 8.433931 0.000000
1653874809635783561 7.431769 0.000000
1653874810136422770 500.638317 0.000000
1653874811354835276 1218.411113 0.000000
1653874812571119665 1216.282245 0.000000
1653874813188462383 617.340694 0.000000
1653874813196304663 7.839174 0.000000
1653874813204554889 8.247551 0.000000
1653874813211340034 6.782420 0.000000
1653874813217818324 6.476967 0.000000
1653874814443634028 1225.814672 0.000000
1653874814451554085 7.918023 0.000000
1653874814458235545 6.680539 0.000000
1653874814465733710 7.497193 0.000000
1653874814473978826 8.244235 0.000000
1653874814482466587 8.486730 0.000000
1653874814489871456 7.403897 0.000000
1653874814497519611 7.645851 0.000000
1653874814505966185 8.445452 0.000000
1653874814512916501 6.949204 0.000000
1653874814521286031 8.368408 0.000000
1653874814528842143 7.555361 0.000000
1653874814587514280 58.671365 0.000000
1653874814752009306 164.494044 0.000000
1653874814763094833 11.083574 0.000000
1653874814770994170 7.898285 0.000000
1653874814777777102 6.782270 0.000000
1653874814786294148 8.515564 0.000000
1653874814793185433 6.889301 0.000000
1653874814800185021 6.998496 0.000000
1653874815417523328 617.337586 0.000000
1653874815427194871 9.669790 0.000000
1653874815436015488 8.819775 0.000000
1653874815557732078 121.715829 0.000000
1653874815574195019 16.461448 0.000000
1653874815582305011 8.107337 0.000000
1653874815589821439 7.514394 0.000000
1653874815597330434 7.508133 0.000000
1653874815604873942 7.542316 0.000000
1653874815612942668 8.067413 0.000000
1653874816318148439 705.204980 0.000000
1653874816326185375 8.035583 0.000000
1653874816334793602 8.607105 0.000000
1653874816342307185 7.512761 0.000000
1653874816350719475 8.411468 0.000000
1653874816968456999 617.735130 0.000000
1653874816976937638 8.478795 0.000000
1653874816984834921 7.895690 0.000000
1653874816993792023 8.956371 0.000000
1653874817000641269 6.848475 0.000000
1653874817011283915 10.641835 0.000000
1653874817019843241 8.558565 0.000000
1653874817027407729 7.563296 0.000000
1653874817035314380 7.905819 0.000000
1653874817043739553 8.424322 0.000000
1653874817053512497 9.772132 0.000000
1653874817122310069 68.796760 0.000000
1653874817368936423 246.625091 0.000000
1653874817447132496 78.194360 0.000000
1653874817474165556 27.031728 0.000000
1653874818094980345 620.812175 0.000000
1653874818728608173 633.626204 0.000000
1653874818737486178 8.875991 0.000000
1653874818746175036 8.687927 0.000000
1653874818753899966 7.723056 0.000000
1653874818763294229 9.393442 0.000000
1653874818770988371 7.692940 0.000000
1653874818778245692 7.256280 0.000000
1653874818787734523 9.487388 0.000000
1653874818795507713 7.772319 0.000000
1653874818802942638 7.433522 0.000000
1653874819293887763 490.943913 0.000000
1653874819305173005 11.283378 0.000000
1653874820662587775 1357.413558 0.000000
1653874820673839845 11.250046 0.000000
1653874820682822735 8.980626 0.000000
1653874820689631595 6.807317 0.000000
1653874820697473084 7.840697 0.000000
1653874820995459237 297.985442 0.000000
1653874821146335929 150.874908 0.000000
1653874821154527164 8.189131 0.000000
1653874821164982939 10.454041 0.000000
1653874821189705313 24.721572 0.000000
1653874821199806963 10.099336 0.000000
1653874821216641441 16.833155 0.000000
1653874821225270878 8.627854 0.000000
1653874821231382940 6.111170 0.000000
1653874821238383561 6.999849 0.000000
1653874821244942672 6.558380 0.000000
1653874821252207197 7.263513 0.000000
1653874821260457713 8.249776 0.000000
1653874821268988906 8.530451 0.000000
1653874821277158921 8.169243 0.000000
1653874821285272971 8.113188 0.000000
1653874821292714779 7.441067 0.000000
1653874821909329440 616.613901 0.000000
1653874823727933985 1818.603202 0.000000
1653874823736860239 8.923690 0.000000
1653874824963208620 1226.347720 0.000000
1653874825573949111 610.737275 0.000000
1653874826182646807 608.696323 0.000000
1653874828265322360 2082.674420 0.000000
1653874828274788016 9.463613 0.000000
1653874828282509178 7.719951 0.000000
1653874828289509648 6.999658 0.000000
1653874828397023498 107.511816 0.000000
1653874829014161694 617.136463 0.000000
1653874829020235945 6.071726 0.000000
1653874829244382229 224.144761 0.000000
1653874829251226195 6.842022 0.000000
1653874829890255960 639.026990 0.000000
1653874829898557732 8.298816 0.000000
1653874829950440434 51.881489 0.000000
1653874829960594082 10.151724 0.000000
1653874830116771861 156.176186 0.000000
1653874831183764093 1066.989667 0.000000
1653874831191849810 8.083382 0.000000
1653874831203817693 11.965278 0.000000
1653874831212888770 9.070235 0.000000
1653874831220791292 7.901781 0.000000
1653874831227204469 6.411914 0.000000
1653874831278496252 51.290751 0.000000
1653874831301951146 23.452409 0.000000
1653874831348888675 46.935435 0.000000
1653874832082075758 733.185490 0.000000
1653874832111940963 29.862891 0.000000
1653874832120488466 8.545349 0.000000
1653874832177589132 57.100064 0.000000
1653874832291868259 114.276963 0.000000
1653874832301257031 9.386257 0.000000
1653874832309065748 7.807815 0.000000
1653874832957758706 648.692098 0.000000
1653874832985739164 27.977231 0.000000
1653874833143795519 158.054120 0.000000
1653874833221137937 77.341015 0.000000
1653874833229535419 8.395739 0.000000
1653874834185706769 956.170509 0.000000
1653874834201519840 15.810015 0.000000
1653874834415121721 213.599577 0.000000
1653874834422948271 7.823956 0.000000
1653874834440025404 17.076151 0.000000
1653874834683008061 242.981736 0.000000
1653874834691606019 8.595914 0.000000
1653874834699417250 7.810339 0.000000
1653874834707376639 7.958618 0.000000
1653874834715062716 7.685295 0.000000
1653874834723704736 8.641260 0.000000
1653874834732451955 8.746457 0.000000
1653874834740531289 8.078743 0.000000
1653874834828884163 88.352142 0.000000
1653874834848619295 19.733869 0.000000
1653874834911424898 62.804661 0.000000
1653874836605261807 1693.835877 0.000000
1653874837243319329 638.055448 0.000000
1653874837252305926 8.983872 0.000000
1653874837259832824 7.526086 0.000000
1653874837270074878 10.213170 0.000000
1653874837278397118 8.321028 0.000000
1653874837286898875 8.499102 0.000000
1653874837294715787 7.815369 0.000000
1653874837302667572 7.950562 0.000000
1653874837618482040 315.813676 0.000000
1653874837627295392 8.811319 0.000000
1653874837751735530 124.437774 0.000000
1653874837762243282 10.506159 0.000000
1653874837773913436 11.669332 0.000000
1653874837784517720 10.603182 0.000000
1653874837792622442 8.103810 0.000000
1653874837823451447 30.828213 0.000000
1653874837831046021 7.593733 0.000000
1653874840706310354 2875.263521 0.000000
1653874841373961866 667.649849 0.000000
1653874841385233643 11.269422 0.000000
1653874841396337444 11.102859 0.000000
1653874841690137319 293.798823 0.000000
1653874841699929809 9.790356 0.000000
1653874841897605815 197.674763 0.000000
1653874843285680397 1388.072788 0.000000
1653874843294985322 9.301829 0.000000
1653874843310690970 15.703544 0.000000
1653874843344346068 33.652253 0.000000
1653874844407223011 1062.875139 0.000000
1653874844414955184 7.729417 0.000000
1653874845112645664 697.689308 0.000000
1653874845128543423 15.894744 0.000000
1653874846372379360 1243.834224 0.000000
1653874846472171113 99.789659 0.000000
1653874846566854417 94.679988 0.000000
1653874846733990410 167.133238 0.000000
1653874846745090173 11.098421 0.000000
1653874847108430969 363.339643 0.000000
1653874847121300153 12.866759 0.000000
1653874847388213381 266.911264 0.000000
1653874848449908338 1061.692552 0.000000
1653874849057763809 607.852746 0.000000
1653874849065759206 7.992842 0.000000
1653874849683624334 617.864306 0.000000
1653874851567198181 1883.572765 0.000000
1653874851577788568 10.587943 0.000000
1653874851588781731 10.990488 0.000000
1653874851607414924 18.631200 0.000000
1653874851616933320 9.517003 0.000000
1653874853416972373 1800.037420 0.000000
1653874853650896239 233.921622 0.000000
1653874853660328863 9.430110 0.000000
1653874853669825528 9.495853 0.000000
1653874853678011271 8.184822 0.000000
1653874853688040466 10.028323 0.000000
1653874853695844393 7.802986 0.000000
1653874854450533443 754.688089 0.000000
1653874855421047669 970.511521 0.000000
1653874855445518538 24.468364 0.000000
1653874855455477841 9.956758 0.000000
1653874856334034067 878.554733 0.000000
1653874856810512667 476.475413 0.000000
1653874856821319971 10.803707 0.000000
1653874856832500386 11.176388 0.000000
1653874856844010990 11.508190 0.000000
1653874856873191139 29.177293 0.000000
1653874857493563364 620.369900 0.000000
1653874857888558546 394.991996 0.000000
1653874857928430883 39.869672 0.000000
1653874857983157520 54.724032 0.000000
1653874858651954503 668.793656 0.000000
1653874858672806100 20.848591 0.000000
1653874860127821593 1455.013399 0.000000
1653874861088197711 960.373363 0.000000
1653874861099355543 11.154426 0.000000
1653874861154578471 55.219672 0.000000
1653874861163748382 9.166645 0.000000
1653874861172045866 8.296462 0.000000
1653874861181807808 9.761101 0.000000
1653874861195361457 13.551044 0.000000
1653874861205528991 10.165360 0.000000
1653874861215103260 9.571895 0.000000
1653874861224894487 9.789163 0.000000
1653874861234308156 9.412005 0.000000
1653874862803874825 1569.565757 0.000000
1653874862814068117 10.190547 0.000000
1653874862822944226 8.873044 0.000000
1653874862831317282 8.371833 0.000000
1653874862840838042 9.517604 0.000000
1653874862848709385 7.870071 0.000000
1653874862856641563 7.929793 0.000000
1653874862865820020 9.176874 0.000000
1653874862904369914 38.548312 0.000000
1653874862915342730 10.971022 0.000000
1653874862925487360 10.143107 0.000000
1653874862943845407 18.356334 0.000000
1653874862952517112 8.669341 0.000000
1653874862962462228 9.944334 0.000000
1653874863003133184 40.667489 0.000000
1653874863629009273 625.873695 0.000000
1653874863638797765 9.780497 0.000000
1653874863648813122 10.014436 0.000000
1653874863659605900 10.789421 0.000000
1653874864635797596 976.189923 0.000000
1653874864647008678 11.207997 0.000000
1653874865069110331 422.100040 0.000000
1653874865080149280 11.036294 0.000000
1653874865109712197 29.561614 0.000000
1653874865132119964 22.405643 0.000000
1653874865143541661 11.418371 0.000000
1653874865152806731 9.261693 0.000000
1653874865162829051 10.020667 0.000000
1653874865171492692 8.660616 0.000000
1653874865255479607 83.985121 0.000000
1653874865265755374 10.273352 0.000000
1653874865276724021 10.967254 0.000000
1653874866765643683 1488.918309 0.000000
1653874866774778979 9.132932 0.000000
1653874866785484532 10.704662 0.000000
1653874866796742001 11.256708 0.000000
1653874870346206773 3549.463860 0.000000
1653874870355372586 9.163058 0.000000
1653874870363123564 7.749655 0.000000
1653874870371641341 8.515263 0.000000
1653874871264150633 892.506247 0.000000
1653874871273043414 8.890367 0.000000
1653874871282528887 9.482156 0.000000
1653874871293260740 10.729478 0.000000
1653874871364756179 71.494457 0.000000
1653874871402244009 37.485336 0.000000
1653874873133070337 1730.823844 0.000000
1653874873178090986 45.017352 0.000000
1653874873199813857 21.720076 0.000000
1653874874175932401 976.116470 0.000000
1653874874223821874 47.886678 0.000000
1653874874232773485 8.948635 0.000000
1653874874252754908 19.980320 0.000000
1653874874264291801 11.533937 0.000000
1653874874274284777 9.991783 0.000000
1653874874895506098 621.218806 0.000000
1653874874919576686 24.066771 0.000000
1653874874929848645 10.269424 0.000000
1653874874941605150 11.755003 0.000000
1653874875610723407 669.117245 0.000000
1653874875720976730 110.250707 0.000000
1653874875931337623 210.357757 0.000000
1653874875941500437 10.159528 0.000000
1653874876131846264 190.343302 0.000000
1653874876153037016 21.188038 0.000000
1653874876862331258 709.290565 0.000000
1653874876871633787 9.299494 0.000000
1653874877894869418 1023.232825 0.000000
1653874877979022263 84.148827 0.000000
1653874879137172680 1158.147882 0.000000
1653874879147947292 10.771697 0.000000
1653874879158171131 10.222957 0.000000
1653874879168042288 9.870405 0.000000
1653874879188690142 20.647022 0.000000
1653874879249870690 61.176741 0.000000
1653874879902674041 652.799874 0.000000
1653874879965035746 62.358759 0.000000
1653874879975258383 10.221134 0.000000
1653874880308258433 332.997084 0.000000
1653874880318906127 10.644328 0.000000
1653874880330698750 11.791351 0.000000
1653874880340726121 10.024245 0.000000
1653874880348567668 7.838632 0.000000
1653874880356883977 8.314505 0.000000
1653874880442549159 85.662978 0.000000
1653874881360788089 918.236174 0.000000
1653874881485648215 124.857792 0.000000
1653874882279998229 794.348672 0.000000
1653874882289119018 9.119616 0.000000
1653874882325685288 36.565418 0.000000
1653874882952498637 626.812477 0.000000
1653874882965442971 12.943102 0.000000
1653874883280910854 315.466941 0.000000
1653874884437976745 1157.062545 0.000000
1653874885072476157 634.496777 0.000000
1653874885085171084 12.692713 0.000000
1653874885694069315 608.896698 0.000000
1653874885742484233 48.412944 0.000000
1653874886352591693 610.106688 0.000000
1653874886363838302 11.245597 0.000000
1653874886895229111 531.389567 0.000000
1653874886907597013 12.366630 0.000000
1653874886919863206 12.263457 0.000000
1653874887366473282 446.608503 0.000000
1653874887690296725 323.820497 0.000000
1653874887700030573 9.732235 0.000000
1653874887790689869 90.658404 0.000000
1653874888410135433 619.442429 0.000000
1653874888441627199 31.489372 0.000000
1653874888451109175 9.480984 0.000000
1653874888789232095 338.122169 0.000000
1653874888897617610 108.384853 0.000000
1653874889508299655 610.680502 0.000000
1653874891632421873 2124.121016 0.000000
1653874891720351524 87.926886 0.000000
1653874891730156166 9.802308 0.000000
1653874893775373784 2045.216345 0.000000
1653874893792874750 17.497379 0.000000
1653874893803003040 10.125674 0.000000
1653874893829681411 26.676968 0.000000
1653874895945068971 2115.386568 0.000000
1653874895963385078 18.313572 0.000000
1653874895977173206 13.786415 0.000000
1653874895990233528 13.057859 0.000000
1653874896062230656 71.995505 0.000000
1653874896220368687 158.135226 0.000000
1653874897097124886 876.753745 0.000000
1653874897105267629 8.139737 0.000000
1653874897114389630 9.121059 0.000000
1653874897125041081 10.648726 0.000000
1653874897135733829 10.691115 0.000000
1653874897174367219 38.631726 0.000000
1653874897184018673 9.648669 0.000000
1653874897194086318 10.065802 0.000000
1653874898643310550 1449.221437 0.000000
1653874898664110108 20.797283 0.000000
1653874898676716098 12.602854 0.000000
1653874898686728990 10.009816 0.000000
1653874898696483208 9.752605 0.000000
1653874898704499453 8.014833 0.000000
1653874900204362062 1499.861498 0.000000
1653874900214122351 9.757012 0.000000
1653874900225514853 11.389406 0.000000
1653874900235930702 10.414386 0.000000
1653874900246648107 10.714970 0.000000
1653874900258542771 11.892320 0.000000
1653874900268917963 10.371816 0.000000
1653874900278644960 9.725444 0.000000
1653874900288181268 9.533874 0.000000
1653874900353165583 64.982221 0.000000
1653874900507488012 154.319433 0.000000
1653874900518063771 10.573354 0.000000
1653874900529090677 11.024040 0.000000
1653874900540403750 11.310798 0.000000
1653874900664062067 123.655933 0.000000
1653874900686585550 22.520908 0.000000
1653874900695528565 8.942033 0.000000
1653874900703138377 7.608952 0.000000
1653874900713948717 10.806993 0.000000
1653874900724224463 10.272781 0.000000
1653874900816236034 92.009557 0.000000
1653874900837836244 21.597545 0.000000
1653874900880444333 42.605013 0.000000
1653874900889783982 9.337114 0.000000
1653874900908524645 18.737988 0.000000
1653874900919038738 10.511648 0.000000
1653874900939672474 20.631352 0.000000
1653874900951602786 11.929000 0.000000
1653874903802895116 2851.290787 0.000000
1653874903851129354 48.231252 0.000000
1653874903863189499 12.057500 0.000000
1653874903872027486 8.836504 0.000000
1653874903881740406 9.710064 0.000000
1653874905464655499 1582.914091 0.000000
1653874905477209501 12.551587 0.000000
1653874905488259109 11.046011 0.000000
1653874905498289444 10.025956 0.000000
