1653874685071754813 0.000000 0.000000 0 0 0.000000
1653874685912668819 230.232616 9.513458 8 0 0.000000
1653874686948102932 57.522952 17.384013 18 0 0.000000
1653874687897659749 49.974342 20.009335 19 0 0.000000
1653874688823923089 92.624683 10.796066 10 0 0.000000
1653874689911238454 60.405013 16.554535 18 0 0.000000
1653874691012413557 61.174732 16.346174 18 0 0.000000
1653874691758876420 186.614414 5.358605 4 0 0.000000
1653874692875640950 74.449593 13.431659 15 0 0.000000
1653874694002339911 28.888342 34.614392 39 0 0.000000
1653874695031328944 26.382806 37.901279 39 0 0.000000
1653874695942381383 65.073539 15.366843 14 0 0.000000
1653874696963713559 68.087206 14.686701 15 0 0.000000
1653874697794485191 75.523007 13.240703 11 0 0.000000
1653874698582285120 52.518460 19.040367 15 0 0.000000
1653874699908938258 88.442103 11.306648 15 0 0.000000
1653874700940699234 49.130105 20.353551 21 0 0.000000
1653874701930654768 76.149112 13.131903 13 0 0.000000
1653874702992950503 118.031174 8.472217 9 0 0.000000
1653874704026819384 54.412747 18.377573 19 0 0.000000
1653874704963960897 93.713014 10.670747 10 0 0.000000
1653874705790380280 103.300788 9.680315 8 0 0.000000
1653874707005482856 63.951507 15.636540 19 0 0.000000
1653874707875114147 173.925250 5.749563 5 0 0.000000
1653874709014573916 113.944282 8.776089 10 0 0.000000
1653874709678052180 663.477473 1.507208 1 0 0.000000
1653874710527092372 84.902112 11.778005 10 0 0.000000
1653874711723595502 108.771343 9.193457 11 0 0.000000
1653874712268847020 49.566617 20.174176 11 0 0.000000
1653874714086618052 0.000000 0.000000 0 0 0.000000
1653874714850843795 286.886373 11.776625 9 0 0.000000
1653874715918605286 106.774449 9.365387 10 0 0.000000
1653874717084656731 77.734771 12.863927 15 0 0.000000
1653874718083654578 332.997462 3.003009 3 0 0.000000
1653874718828217804 82.727628 12.087621 9 0 0.000000
1653874720055778514 613.778401 1.629248 2 0 0.000000
1653874720682631728 626.851741 1.595270 1 0 0.000000
1653874721914339917 615.852015 1.623761 2 0 0.000000
1653874722616522097 351.088695 2.848264 2 0 0.000000
1653874723832897189 405.456237 2.466344 3 0 0.000000
1653874725092053520 0.000000 0.000000 0 0 0.000000
1653874725771931000 646.343080 4.412560 3 0 0.000000
1653874726942896171 90.072541 11.101953 13 0 0.000000
1653874727730580310 98.459103 10.156355 8 0 0.000000
1653874729070602952 268.002763 3.731280 5 0 0.000000
1653874730095301744 0.000000 0.000000 0 0 0.000000
1653874730996012589 213.932767 9.992109 9 0 0.000000
1653874731443073073 63.864836 15.657837 7 0 0.000000
1653874733091018315 329.587053 3.034081 5 0 0.000000
1653874733780468083 43.088041 23.206912 16 0 0.000000
1653874734607609831 75.193250 13.298809 11 0 0.000000
1653874735328202873 360.294391 2.775491 2 0 0.000000
1653874737099018421 0.000000 0.000000 0 0 0.000000
1653874737782414364 613.550974 5.853123 4 0 0.000000
1653874738181944083 199.763251 5.005885 2 0 0.000000
1653874740002856269 1820.909300 0.549175 1 0 0.000000
1653874740632217446 314.678530 3.177825 2 0 0.000000
1653874741651040895 254.704284 3.926097 4 0 0.000000
1653874742854059196 401.004150 2.493728 3 0 0.000000
1653874743802812009 189.748639 5.270077 5 0 0.000000
1653874745032374975 307.389181 3.253188 4 0 0.000000
1653874745770720394 82.037000 12.189417 9 0 0.000000
1653874746988545662 135.312415 7.390222 9 0 0.000000
1653874748104595707 0.000000 0.000000 0 0 0.000000
1653874749105520598 0.000000 0.000000 0 0 0.000000
1653874749931392399 980.947226 3.632525 3 0 0.000000
1653874750868982406 117.197539 8.532514 8 0 0.000000
1653874751510983684 320.999787 3.115259 2 0 0.000000
1653874753051520280 192.565081 5.192996 8 0 0.000000
1653874753294610443 34.725305 28.795900 7 0 0.000000
1653874755108934129 0.000000 0.000000 0 0 0.000000
1653874756107296738 2812.684813 1.001640 1 0 0.000000
1653874756538264488 30.781812 32.485028 14 0 0.000000
1653874757647244090 92.413661 10.820758 12 0 0.000000
1653874758931852194 71.365807 14.012056 18 0 0.000000
1653874759237112503 101.752408 9.827678 3 0 0.000000
1653874761111360062 0.000000 0.000000 0 0 0.000000
1653874761752279332 838.387163 4.680777 3 0 0.000000
1653874762758776374 125.810289 7.948359 8 0 0.000000
1653874763965199245 52.451718 19.064625 23 0 0.000000
1653874764605101038 213.299112 4.688219 3 0 0.000000
1653874765991582312 231.078767 4.327502 6 0 0.000000
1653874767062668129 178.512681 5.601792 6 0 0.000000
1653874768117100543 0.000000 0.000000 0 0 0.000000
1653874768948031227 269.336240 8.424289 7 0 0.000000
1653874769555581890 607.549200 1.645953 1 0 0.000000
1653874771112343748 91.572521 10.920103 17 0 0.000000
1653874771139690315 6.835437 146.270645 4 0 0.000000
1653874773015743579 625.349562 1.599102 3 0 0.000000
1653874773851271144 83.551196 11.968486 10 0 0.000000
1653874774874618450 85.277453 11.726224 12 0 0.000000
1653874776067589677 397.655550 2.514730 3 0 0.000000
1653874776901021547 208.356881 4.799432 4 0 0.000000
1653874777603157159 702.133057 1.424226 1 0 0.000000
1653874778972684029 195.645302 5.111254 7 0 0.000000
1653874779633469041 330.389951 3.026703 2 0 0.000000
1653874780865080599 410.535209 2.435833 3 0 0.000000
1653874782075295369 151.274789 6.610397 8 0 0.000000
1653874782541185861 465.889741 2.146427 1 0 0.000000
1653874784077584816 256.064781 3.905236 6 0 0.000000
1653874784933156002 122.222696 8.181668 7 0 0.000000
1653874785550137600 616.980566 1.620794 1 0 0.000000
1653874786958748574 140.859702 7.099192 10 0 0.000000
1653874788127531510 0.000000 0.000000 0 0 0.000000
1653874788547282369 63.539872 59.559142 25 0 0.000000
1653874789651671267 78.883255 12.676694 14 0 0.000000
1653874790268851392 617.178071 1.620273 1 0 0.000000
1653874791751472480 494.203990 2.023443 3 0 0.000000
1653874792371704708 620.231427 1.612299 1 0 0.000000
1653874794131043754 0.000000 0.000000 0 0 0.000000
1653874794903141190 97.361536 33.674508 26 0 0.000000
1653874796100608939 171.064893 5.845669 7 0 0.000000
1653874797049091556 189.694476 5.271578 5 0 0.000000
1653874797362616793 313.522873 3.189536 1 0 0.000000
1653874798567290369 172.094508 5.810703 7 0 0.000000
1653874800119819471 47.044799 21.255641 33 0 0.000000
1653874800905646972 392.911692 2.545088 2 0 0.000000
1653874801526122477 620.474413 1.611667 1 0 0.000000
1653874802597187307 214.211070 4.668252 5 0 0.000000
1653874804111492477 84.126389 11.886639 18 0 0.000000
1653874804975001538 863.507438 1.158065 1 0 0.000000
1653874806024361309 524.677917 1.905924 2 0 0.000000
1653874807000351656 60.997745 16.393605 16 0 0.000000
1653874807710021505 101.380445 9.863742 7 0 0.000000
1653874809140613540 0.000000 0.000000 0 0 0.000000
1653874810138230426 809.401421 3.007166 3 0 0.000000
1653874811141940422 0.000000 0.000000 0 0 0.000000
1653874811836569549 212.291243 11.516937 8 0 0.000000
1653874812699533072 862.961780 1.158798 1 0 0.000000
1653874814021367897 330.457394 3.026097 4 0 0.000000
1653874814726821112 235.149549 4.252585 3 0 0.000000
1653874816146193453 0.000000 0.000000 0 0 0.000000
1653874817147014458 0.000000 0.000000 0 0 0.000000
1653874818000767614 1636.970986 2.342597 2 0 0.000000
1653874819147850248 0.000000 0.000000 0 0 0.000000
1653874819898941259 210.906047 11.982570 9 0 0.000000
1653874821092416438 85.243837 11.730449 14 0 0.000000
1653874821913513384 410.546334 2.435766 2 0 0.000000
1653874823062477767 1148.963592 0.870349 1 0 0.000000
1653874823365237337 302.758317 3.302951 1 0 0.000000
1653874825152319812 0.000000 0.000000 0 0 0.000000
1653874826152634820 0.000000 0.000000 0 0 0.000000
1653874826827004404 692.351736 7.414332 5 0 0.000000
1653874827203831993 376.826748 2.653734 1 0 0.000000
1653874829148774994 149.609952 6.684001 13 0 0.000000
1653874829568507627 52.465631 19.059752 8 0 0.000000
1653874831131248312 195.340839 5.119211 8 0 0.000000
1653874832091563265 240.076760 4.165300 4 0 0.000000
1653874832908038990 816.474232 1.224776 1 0 0.000000
1653874834116605656 402.853622 2.482279 3 0 0.000000
1653874834555292357 73.112737 13.677187 6 0 0.000000
1653874835992506549 179.650374 5.566324 8 0 0.000000
1653874837112302316 124.420631 8.037180 9 0 0.000000
1653874837765919335 108.934694 9.179688 6 0 0.000000
1653874838515163281 83.247424 12.012109 9 0 0.000000
1653874839865600860 270.085550 3.702504 5 0 0.000000
1653874840945555434 63.525270 15.741403 17 0 0.000000
1653874842098251052 88.667405 11.277912 13 0 0.000000
1653874843110600328 168.723393 5.926808 6 0 0.000000
1653874843818906070 708.304439 1.411820 1 0 0.000000
1653874845045508288 408.865539 2.445781 3 0 0.000000
1653874845883865299 55.889024 17.892139 15 0 0.000000
1653874847128284869 414.803918 2.410762 3 0 0.000000
1653874848165905029 0.000000 0.000000 0 0 0.000000
1653874848991726066 372.685688 6.054581 5 0 0.000000
1653874849640617612 129.776145 7.705448 5 0 0.000000
1653874850912746348 318.030476 3.144336 4 0 0.000000
1653874851569139430 109.396551 9.140864 6 0 0.000000
1653874852189109210 309.982927 3.225964 2 0 0.000000
1653874854090681764 380.313070 2.629403 5 0 0.000000
1653874854886365095 72.332896 13.824595 11 0 0.000000
1653874856123051073 618.341386 1.617225 2 0 0.000000
1653874856913142442 197.520718 5.062706 4 0 0.000000
1653874857806011762 111.607261 8.959878 8 0 0.000000
1653874858877711974 178.615265 5.598581 6 0 0.000000
1653874860146889406 79.321928 12.606590 16 0 0.000000
1653874860824972400 169.519541 5.898983 4 0 0.000000
1653874862105615166 256.126634 3.904289 5 0 0.000000
1653874862975505255 434.944123 2.299141 2 0 0.000000
1653874864011897021 69.091386 14.473293 15 0 0.000000
1653874864664526346 130.524452 7.661317 5 0 0.000000
1653874866134447217 163.322482 6.122779 9 0 0.000000
1653874867175816984 0.000000 0.000000 0 0 0.000000
1653874867854723089 573.423955 4.418874 3 0 0.000000
1653874869174858379 132.011597 7.574981 10 0 0.000000
1653874870041850483 61.926685 16.147782 14 0 0.000000
1653874871145426508 91.962829 10.873741 12 0 0.000000
1653874872110507969 56.767681 17.615093 17 0 0.000000
1653874872585492478 52.774565 18.947986 9 0 0.000000
1653874873322271538 245.591744 4.071777 3 0 0.000000
1653874875179972705 0.000000 0.000000 0 0 0.000000
1653874876088272400 921.999055 3.302875 3 0 0.000000
1653874877154206836 46.343491 21.577312 23 0 0.000000
1653874877892764964 82.060857 12.185906 9 0 0.000000
1653874879160670050 181.127436 5.520918 7 0 0.000000
1653874880088828250 103.127134 9.696624 9 0 0.000000
1653874881155008692 118.462689 8.441348 9 0 0.000000
1653874882165493405 77.728074 12.865113 13 0 0.000000
1653874883123416097 87.082568 11.483181 11 0 0.000000
1653874884185060100 0.000000 0.000000 0 0 0.000000
1653874885015476539 315.342085 7.225291 6 0 0.000000
1653874885636792107 621.314436 1.609488 1 0 0.000000
1653874886876637778 413.280233 2.419656 3 0 0.000000
1653874887646860433 110.030312 9.088281 7 0 0.000000
1653874888851159187 133.808785 7.473229 9 0 0.000000
1653874890016638367 129.496579 7.722146 9 0 0.000000
1653874891004704497 988.064958 1.012078 1 0 0.000000
1653874892189223975 0.000000 0.000000 0 0 0.000000
1653874893189969419 0.000000 0.000000 0 0 0.000000
1653874893524979224 630.066638 11.939950 4 0 0.000000
1653874894912240775 231.208146 4.325068 6 0 0.000000
1653874896187476157 159.402633 6.273352 8 0 0.000000
1653874897134968600 94.747796 10.554174 10 0 0.000000
1653874897886554170 250.526359 3.991561 3 0 0.000000
1653874899194190016 0.000000 0.000000 0 0 0.000000
1653874900194987509 0.000000 0.000000 0 0 0.000000
1653874900742184978 203.971720 25.584914 14 0 0.000000
1653874901384108891 320.960454 3.115634 2 0 0.000000
1653874903197445475 0.000000 0.000000 0 0 0.000000
1653874904198069366 0.000000 0.000000 0 0 0.000000
1653874904484511605 1033.465781 10.473316 3 0 0.000000
1653874906135600937 275.148260 3.633965 6 0 0.000000
1653874907061919887 185.262257 5.397709 5 0 0.000000
1653874908175939744 1114.017682 0.897650 1 0 0.000000
1653874909162308851 328.787976 3.041458 3 0 0.000000
1653874909257501122 31.729464 31.515131 3 0 0.000000
1653874910889576211 1632.073707 0.612717 1 0 0.000000
1653874912193139482 144.838765 6.904153 9 0 0.000000
1653874912254556619 15.352273 65.128402 4 0 0.000000
1653874913919713081 416.286928 2.402177 4 0 0.000000
1653874914866741581 105.223260 9.503410 9 0 0.000000
1653874916184786770 219.671910 4.552196 6 0 0.000000
1653874916943592842 126.464915 7.907159 6 0 0.000000
1653874918140436851 149.603462 6.684245 8 0 0.000000
1653874919163044798 85.215123 11.734704 12 0 0.000000
1653874920035968190 109.113059 9.164607 8 0 0.000000
1653874921132845444 64.519647 15.498544 17 0 0.000000
1653874922089295200 956.447221 1.045533 1 0 0.000000
1653874922422036249 41.590575 24.042733 8 0 0.000000
1653874924147829351 101.515502 9.850543 17 0 0.000000
1653874925212646781 0.000000 0.000000 0 0 0.000000
1653874925950516901 150.222536 16.263025 12 0 0.000000
1653874927213847602 0.000000 0.000000 0 0 0.000000
1653874927399992932 362.366971 21.488586 4 0 0.000000
1653874928516027016 279.005458 3.584120 4 0 0.000000
1653874930162676196 126.663755 7.894821 13 0 0.000000
1653874931163945478 500.633103 1.997465 2 0 0.000000
1653874932150748102 140.969727 7.093616 7 0 0.000000
1653874932476567370 46.544363 21.484315 7 0 0.000000
1653874934217449767 0.000000 0.000000 0 0 0.000000
1653874934508255486 338.613641 20.632336 6 0 0.000000
1653874935698741252 297.620207 3.359973 4 0 0.000000
1653874937120968570 79.011718 12.656205 18 0 0.000000
1653874937918212526 49.826063 20.069139 16 0 0.000000
1653874939124159914 133.992935 7.463012 9 0 0.000000
1653874940070299886 86.011030 11.626187 11 0 0.000000
1653874940739520196 167.303349 5.977105 4 0 0.000000
1653874942222471890 0.000000 0.000000 0 0 0.000000
1653874943223401139 0.000000 0.000000 0 0 0.000000
1653874944223435746 0.000000 0.000000 0 0 0.000000
1653874945209367380 297.988442 15.214037 15 0 0.000000
1653874945244348557 34.979353 28.586811 1 0 0.000000
1653874947225476140 0.000000 0.000000 0 0 0.000000
1653874948226404633 0.000000 0.000000 0 0 0.000000
1653874948657266551 142.203447 55.702309 24 0 0.000000
1653874949696862245 69.304922 14.428686 15 0 0.000000
1653874951199947870 75.152770 13.305962 20 0 0.000000
1653874952204596059 41.858965 23.888960 24 0 0.000000
1653874953227160134 51.126764 19.558677 20 0 0.000000
1653874953606388721 16.486709 60.649436 23 0 0.000000
1653874955223176670 161.677300 6.185103 10 0 0.000000
1653874955257385114 11.401926 87.697620 3 0 0.000000
1653874957228391997 281.570348 3.551484 7 0 0.000000
1653874957676628503 49.801713 20.078691 9 0 0.000000
1653874959146232597 1469.603132 0.680455 1 0 0.000000
1653874960092267271 105.112317 9.513393 9 0 0.000000
1653874961020309262 154.670952 6.465225 6 0 0.000000
1653874961970249744 237.482355 4.210790 4 0 0.000000
1653874962710794650 185.133661 5.401428 4 0 0.000000
1653874963863928279 144.139917 6.937617 8 0 0.000000
1653874965164637519 86.711624 11.532170 15 0 0.000000
1653874966217249326 75.184467 13.300249 14 0 0.000000
1653874966969712245 125.407790 7.973816 6 0 0.000000
1653874967806129960 418.206935 2.391150 2 0 0.000000
1653874969054780537 156.079285 6.406916 8 0 0.000000
1653874969707739198 217.650589 4.594471 3 0 0.000000
1653874971128645272 177.611175 5.630211 8 0 0.000000
1653874972177992077 209.867349 4.764869 5 0 0.000000
1653874973029538939 121.643363 8.220334 7 0 0.000000
1653874973654312391 624.771098 1.600580 1 0 0.000000
1653874975228396278 131.171375 7.623482 12 0 0.000000
1653874975627794470 33.281084 30.045204 12 0 0.000000
1653874976836432025 60.429785 16.547558 20 0 0.000000
1653874978232995155 93.102083 10.740652 15 0 0.000000
1653874979153057705 306.685336 3.260648 3 0 0.000000
1653874979498923447 23.055634 43.369428 15 0 0.000000
1653874980618673463 124.414841 8.037508 9 0 0.000000
1653874982231172409 161.247962 6.201554 10 0 0.000000
1653874983139034689 56.739237 17.623817 16 0 0.000000
1653874983634817419 99.154167 10.085065 5 0 0.000000
1653874984630966945 996.148283 1.003865 1 0 0.000000
1653874986222117447 144.648390 6.913237 11 0 0.000000
1653874986792737288 142.652959 7.009921 4 0 0.000000
1653874987791294936 124.817610 8.011554 8 0 0.000000
1653874989237903716 103.327027 9.677807 14 0 0.000000
1653874989963112533 72.517822 13.789134 10 0 0.000000
1653874990775062892 47.759446 20.937239 17 0 0.000000
1653874992077834394 76.631223 13.049104 17 0 0.000000
1653874993187803578 123.327068 8.108333 9 0 0.000000
1653874994139986744 95.215932 10.502181 10 0 0.000000
1653874995247814572 369.273248 2.708002 3 0 0.000000
1653874995339130960 18.261943 54.754684 5 0 0.000000
1653874997251196106 0.000000 0.000000 0 0 0.000000
1653874997662998849 580.965266 9.713387 4 0 0.000000
1653874998845237923 107.473749 9.304379 11 0 0.000000
