1653874684890089444 430.711783 2.322219 2 0 0.000000
1653874685919719809 46.800156 21.366891 22 0 0.000000
1653874686908805673 197.815355 5.055173 5 0 0.000000
1653874687964726631 47.994713 20.834893 22 0 0.000000
1653874688922840807 79.841065 12.524603 12 0 0.000000
1653874690000799963 153.992123 6.493753 7 0 0.000000
1653874690956290840 95.546877 10.465825 10 0 0.000000
1653874692026430040 133.765331 7.475663 8 0 0.000000
1653874692852701138 63.557763 15.733335 13 0 0.000000
1653874693807715966 95.500020 10.471042 10 0 0.000000
1653874694562952801 94.403163 10.592704 8 0 0.000000
1653874695600107170 74.080898 13.498473 14 0 0.000000
1653874697014234085 52.373527 19.093053 27 0 0.000000
1653874697633254985 56.272960 17.769998 11 0 0.000000
1653874698983094786 149.980334 6.667458 9 0 0.000000
1653874699994952218 63.239515 15.812504 16 0 0.000000
1653874701036917381 57.885213 17.275050 18 0 0.000000
1653874701629788336 59.285522 16.867077 10 0 0.000000
1653874702731101203 122.366402 8.172065 9 0 0.000000
1653874703817431076 98.755272 10.125838 11 0 0.000000
1653874704806701210 58.190958 17.184386 17 0 0.000000
1653874705953703592 143.372833 6.974702 8 0 0.000000
1653874707000951546 174.538669 5.729302 6 0 0.000000
1653874707112321212 55.682023 17.958213 2 0 0.000000
1653874708420289012 653.981209 1.529089 2 0 0.000000
1653874710041591689 0.000000 0.000000 0 0 0.000000
1653874711042620312 0.000000 0.000000 0 0 0.000000
1653874711864949565 1148.217776 3.648174 3 0 0.000000
1653874712327474033 51.388660 19.458429 9 0 0.000000
1653874714044731222 0.000000 0.000000 0 0 0.000000
