1653874684969251687 235.227959 4.252188 4 0 0.000000
1653874685838258606 78.999366 12.658127 11 0 0.000000
1653874686995711602 89.032497 11.231558 13 0 0.000000
1653874687962073757 32.210489 31.044262 30 0 0.000000
1653874688981509338 40.776055 24.523374 25 0 0.000000
1653874689979215663 62.355334 16.036783 16 0 0.000000
1653874690996345048 37.670511 26.545295 27 0 0.000000
1653874692002837878 83.872986 11.922589 12 0 0.000000
1653874692984175110 57.724517 17.323301 17 0 0.000000
1653874693985923211 50.086027 19.965099 20 0 0.000000
1653874694439339104 45.340281 22.054807 10 0 0.000000
1653874696032257526 88.494473 11.300014 18 0 0.000000
1653874696906689117 97.157729 10.292400 9 0 0.000000
1653874698009477649 84.828748 11.788298 13 0 0.000000
1653874698989676369 89.108036 11.222214 11 0 0.000000
1653874699708834178 239.718295 4.171546 3 0 0.000000
1653874700759483749 131.330364 7.614337 8 0 0.000000
1653874701847055305 67.971661 14.711676 16 0 0.000000
1653874702924868386 153.971852 6.494633 7 0 0.000000
1653874703779805199 47.495561 21.054188 18 0 0.000000
1653874704754303691 69.605777 14.366364 14 0 0.000000
1653874705977609415 71.957865 13.896771 17 0 0.000000
1653874706769930502 52.820285 18.931719 15 0 0.000000
1653874707570697506 200.190859 4.995211 4 0 0.000000
1653874708236295803 665.597505 1.502408 1 0 0.000000
1653874709474683826 1238.386621 0.807501 1 0 0.000000
1653874710508904600 258.554102 3.867647 4 0 0.000000
1653874711525270460 338.787528 2.951693 3 0 0.000000
1653874712828249328 118.451695 8.442194 11 0 0.000000
1653874713450890363 622.639462 1.606062 1 0 0.000000
1653874714903109036 484.071689 2.065805 3 0 0.000000
1653874715536209211 633.099123 1.579529 1 0 0.000000
1653874716836804897 144.509027 6.919906 9 0 0.000000
1653874718039163407 150.293753 6.653590 8 0 0.000000
1653874718446537979 203.686208 4.909487 2 0 0.000000
1653874719444669038 249.531335 4.007490 4 0 0.000000
1653874721026268304 395.397855 2.529086 4 0 0.000000
1653874721925869127 149.932295 6.669625 6 0 0.000000
1653874722601938172 84.507705 11.833111 8 0 0.000000
1653874723863027951 180.154645 5.550755 7 0 0.000000
1653874724971440652 58.336568 17.141630 19 0 0.000000
1653874725550615437 32.174803 31.078701 18 0 0.000000
1653874726897170069 448.850055 2.227908 3 0 0.000000
1653874727684750167 98.446504 10.157697 8 0 0.000000
1653874728589719740 150.827001 6.630057 6 0 0.000000
1653874729758205712 77.897648 12.837123 15 0 0.000000
1653874730994770095 88.324308 11.321693 14 0 0.000000
1653874731343659095 116.295091 8.598723 3 0 0.000000
1653874733019597608 128.917261 7.756848 13 0 0.000000
1653874733774929074 68.665055 14.563143 11 0 0.000000
1653874735053362509 0.000000 0.000000 0 0 0.000000
1653874735990508013 276.945602 8.536561 8 0 0.000000
1653874736075832172 21.329660 46.880057 4 0 0.000000
1653874737181396653 1105.563610 0.904515 1 0 0.000000
1653874738772018837 795.309293 1.257370 2 0 0.000000
1653874740027352046 418.442412 2.389804 3 0 0.000000
1653874741057173866 0.000000 0.000000 0 0 0.000000
1653874741302432324 182.153079 28.541321 7 0 0.000000
1653874742786265126 296.764643 3.369652 5 0 0.000000
1653874744016055429 614.893934 1.626294 2 0 0.000000
1653874744631923764 615.867483 1.623724 1 0 0.000000
1653874745245685860 306.879324 3.258591 2 0 0.000000
1653874746490480456 622.395014 1.606691 2 0 0.000000
1653874747605144857 222.931085 4.485655 5 0 0.000000
1653874748884455403 75.252442 13.288408 17 0 0.000000
1653874750001298068 159.547808 6.267669 7 0 0.000000
1653874750799860703 266.185698 3.756750 3 0 0.000000
1653874752063587804 0.000000 0.000000 0 0 0.000000
1653874752882552109 520.670945 4.884218 4 0 0.000000
1653874753666128111 195.892328 5.104802 4 0 0.000000
1653874754923011066 104.738838 9.547428 12 0 0.000000
1653874756060374732 162.479081 6.154584 7 0 0.000000
1653874756898051811 167.533536 5.968887 5 0 0.000000
1653874757796225397 299.388978 3.340112 3 0 0.000000
1653874758956220244 77.331869 12.931092 15 0 0.000000
1653874759208851659 252.629943 3.958336 1 0 0.000000
1653874761068537692 0.000000 0.000000 0 0 0.000000
1653874762068580035 0.000000 0.000000 0 0 0.000000
1653874762705211215 582.724661 9.424610 6 0 0.000000
1653874763848027978 285.703117 3.500124 4 0 0.000000
1653874765056018100 80.531672 12.417320 15 0 0.000000
1653874765575574107 74.221229 13.473041 7 0 0.000000
1653874766729720235 57.706212 17.328829 20 0 0.000000
1653874767721834884 165.351281 6.047688 6 0 0.000000
1653874769049950010 332.027945 3.011787 4 0 0.000000
1653874769679205213 314.625101 3.178361 2 0 0.000000
1653874770302277182 311.535033 3.209902 2 0 0.000000
1653874771544271401 620.996188 1.610313 2 0 0.000000
1653874772714925527 167.235271 5.979563 7 0 0.000000
1653874773954941015 155.000940 6.451532 8 0 0.000000
1653874774556939671 200.665033 4.983400 3 0 0.000000
1653874775885229521 166.034750 6.022782 8 0 0.000000
1653874776675930370 790.699616 1.264701 1 0 0.000000
1653874777524064668 77.102258 12.969644 11 0 0.000000
1653874778495710696 121.454738 8.233451 8 0 0.000000
1653874779732287077 412.191061 2.426053 3 0 0.000000
1653874780978352453 311.514731 3.210104 4 0 0.000000
1653874782072594320 156.318890 6.397123 7 0 0.000000
1653874782618736277 60.681406 16.479232 9 0 0.000000
1653874783837092787 121.834741 8.207778 10 0 0.000000
1653874784765930134 103.203171 9.689533 9 0 0.000000
1653874785915744782 164.257830 6.087938 7 0 0.000000
1653874786195959283 280.213580 3.568695 1 0 0.000000
1653874788084106705 0.000000 0.000000 0 0 0.000000
1653874789085086660 0.000000 0.000000 0 0 0.000000
1653874790021704350 546.534019 7.473701 7 0 0.000000
1653874791086012615 0.000000 0.000000 0 0 0.000000
1653874792000531053 152.216270 14.215132 13 0 0.000000
1653874792367254178 45.838883 21.814822 8 0 0.000000
1653874793546903583 589.823095 1.695419 2 0 0.000000
1653874794821617515 212.450774 4.706938 6 0 0.000000
1653874795450760781 209.713333 4.768389 3 0 0.000000
1653874797089314836 0.000000 0.000000 0 0 0.000000
1653874798090283987 0.000000 0.000000 0 0 0.000000
1653874798590485125 348.856518 17.992762 9 0 0.000000
1653874799118953538 528.467361 1.892261 1 0 0.000000
1653874801091953702 0.000000 0.000000 0 0 0.000000
1653874802092016076 0.000000 0.000000 0 0 0.000000
1653874803088111034 396.913990 10.039204 10 0 0.000000
1653874803592255243 31.507956 31.736949 16 0 0.000000
1653874804564277578 108.001447 9.259047 9 0 0.000000
1653874805878444195 657.082066 1.521877 2 0 0.000000
1653874807094759356 0.000000 0.000000 0 0 0.000000
1653874808095718375 0.000000 0.000000 0 0 0.000000
1653874809096549672 0.000000 0.000000 0 0 0.000000
1653874809878856371 1000.101100 5.113084 4 0 0.000000
1653874811057599014 147.341113 6.786893 8 0 0.000000
1653874811952167795 74.546082 13.414284 12 0 0.000000
1653874812970038622 59.873513 16.701530 17 0 0.000000
1653874813731298246 54.374355 18.390572 14 0 0.000000
1653874815099055905 0.000000 0.000000 0 0 0.000000
1653874815798991998 187.970746 15.715721 11 0 0.000000
1653874817090385401 258.276964 3.871787 5 0 0.000000
1653874818083269888 198.575507 5.035833 5 0 0.000000
1653874818818181254 244.968662 4.082125 3 0 0.000000
1653874820094708211 255.303833 3.916878 5 0 0.000000
1653874820305327899 210.617654 4.747894 1 0 0.000000
1653874821116634968 811.304323 1.232579 1 0 0.000000
1653874823102397516 0.000000 0.000000 0 0 0.000000
1653874823350110980 2233.474529 4.036923 1 0 0.000000
1653874824339828331 989.715007 1.010390 1 0 0.000000
1653874826104769361 0.000000 0.000000 0 0 0.000000
1653874827105085414 0.000000 0.000000 0 0 0.000000
1653874827941555190 1800.860780 2.391000 2 0 0.000000
1653874828719602426 778.044621 1.285269 1 0 0.000000
1653874829957375973 618.884163 1.615804 2 0 0.000000
1653874831108055617 0.000000 0.000000 0 0 0.000000
1653874832041808577 260.551930 8.567577 8 0 0.000000
1653874833094447670 526.317342 1.899986 2 0 0.000000
1653874834109043903 0.000000 0.000000 0 0 0.000000
1653874834913431711 64.962344 34.809081 28 0 0.000000
1653874836077285296 232.763656 4.296073 5 0 0.000000
1653874837111464068 0.000000 0.000000 0 0 0.000000
1653874837715291917 409.500401 6.624405 4 0 0.000000
1653874838524021466 101.089088 9.892058 8 0 0.000000
1653874839864364835 335.083928 2.984310 4 0 0.000000
1653874841065490262 133.456684 7.492973 9 0 0.000000
1653874841858471381 396.488415 2.522128 2 0 0.000000
1653874843096942059 1238.469345 0.807447 1 0 0.000000
1653874843754067738 657.124086 1.521779 1 0 0.000000
1653874845009364062 209.214222 4.779748 6 0 0.000000
1653874845933146820 131.967100 7.577539 7 0 0.000000
1653874847074683920 380.511485 2.628035 3 0 0.000000
1653874847707701810 633.016186 1.579734 1 0 0.000000
1653874848124386309 416.682095 2.399897 1 0 0.000000
1653874849619138949 1494.750375 0.669007 1 0 0.000000
1653874850358548612 246.467887 4.057291 3 0 0.000000
1653874851624657649 253.220333 3.949107 5 0 0.000000
1653874852934098639 261.886889 3.818423 5 0 0.000000
1653874853359058923 212.478760 4.706322 2 0 0.000000
1653874855113180607 438.528813 2.280344 4 0 0.000000
1653874855953442800 84.024668 11.901047 10 0 0.000000
1653874856623599681 223.384164 4.476564 3 0 0.000000
1653874857851905923 1228.305250 0.814129 1 0 0.000000
1653874858811080284 239.791266 4.170253 4 0 0.000000
1653874859635728965 274.881047 3.637913 3 0 0.000000
1653874860914516098 255.755094 3.909955 5 0 0.000000
1653874862069412032 384.963104 2.597637 3 0 0.000000
1653874862758713549 689.298131 1.450744 1 0 0.000000
1653874864123897547 0.000000 0.000000 0 0 0.000000
1653874865123957641 0.000000 0.000000 0 0 0.000000
1653874865734773982 992.017813 4.911460 3 0 0.000000
1653874866747043567 506.131481 1.975758 2 0 0.000000
1653874868045810674 649.381260 1.539922 2 0 0.000000
1653874869126723772 0.000000 0.000000 0 0 0.000000
1653874870127328438 0.000000 0.000000 0 0 0.000000
1653874871127838576 0.000000 0.000000 0 0 0.000000
1653874872128480471 0.000000 0.000000 0 0 0.000000
1653874872253155993 2103.670445 16.041650 2 0 0.000000
1653874873798875943 386.427869 2.587791 4 0 0.000000
1653874874546619284 93.466497 10.698858 8 0 0.000000
1653874876076939073 139.118229 7.188040 11 0 0.000000
1653874877131679489 0.000000 0.000000 0 0 0.000000
1653874877978502086 316.925466 7.085309 6 0 0.000000
1653874878866429059 98.657017 10.135969 9 0 0.000000
1653874879580488761 714.058349 1.400443 1 0 0.000000
1653874881134802099 0.000000 0.000000 0 0 0.000000
1653874881477104490 316.100459 17.528362 6 0 0.000000
1653874882756442085 639.666538 1.563309 2 0 0.000000
1653874883863860541 184.568081 5.418006 6 0 0.000000
1653874884587965774 120.682659 8.286089 6 0 0.000000
1653874885858212528 254.047798 3.936243 5 0 0.000000
1653874887105796010 249.515093 4.007748 5 0 0.000000
1653874888138180607 0.000000 0.000000 0 0 0.000000
1653874889138427422 0.000000 0.000000 0 0 0.000000
1653874889674863739 256.905114 18.641542 10 0 0.000000
1653874891031683879 452.271971 2.211052 3 0 0.000000
1653874891726097356 173.602480 5.760257 4 0 0.000000
1653874892909798471 91.052923 10.982502 13 0 0.000000
1653874894038842864 376.346845 2.657114 3 0 0.000000
1653874894723770308 136.983513 7.300043 5 0 0.000000
1653874896136263247 706.244215 1.415936 2 0 0.000000
1653874897029717253 223.362269 4.477007 4 0 0.000000
1653874897878656982 94.324585 10.601459 9 0 0.000000
1653874898951112087 178.740910 5.594640 6 0 0.000000
1653874900145134871 0.000000 0.000000 0 0 0.000000
1653874900972782915 404.332498 6.041215 5 0 0.000000
1653874901900944922 84.376701 11.851379 11 0 0.000000
1653874902536774041 317.912571 3.145499 2 0 0.000000
1653874904147335638 0.000000 0.000000 0 0 0.000000
1653874904869234647 291.555571 11.081883 8 0 0.000000
1653874906047095227 147.231479 6.791975 8 0 0.000000
1653874907149031185 0.000000 0.000000 0 0 0.000000
1653874908140144864 104.650818 20.179320 20 0 0.000000
1653874909141284959 166.855024 5.993167 6 0 0.000000
1653874909822146737 226.952259 4.406181 3 0 0.000000
1653874911144771837 60.118101 16.633588 22 0 0.000000
1653874911194314526 12.384257 80.738452 4 0 0.000000
1653874912790915053 798.298466 1.252661 2 0 0.000000
1653874913911726380 160.114355 6.245476 7 0 0.000000
1653874914655943970 93.025765 10.749544 8 0 0.000000
1653874916007438474 337.871805 2.959686 4 0 0.000000
1653874916640390542 632.950976 1.579898 1 0 0.000000
1653874917939155326 162.344382 6.159699 8 0 0.000000
1653874918559320527 620.164409 1.612474 1 0 0.000000
1653874920109115155 119.213798 8.388208 13 0 0.000000
1653874921047910793 469.396211 2.130389 2 0 0.000000
1653874922100563545 150.377251 6.649866 7 0 0.000000
1653874922434865140 55.715132 17.947864 6 0 0.000000
1653874923965826394 117.764937 8.491397 13 0 0.000000
1653874925157041347 0.000000 0.000000 0 0 0.000000
1653874925829920806 1864.092157 1.486150 1 0 0.000000
1653874926576991917 373.533186 2.677121 2 0 0.000000
1653874928039031973 182.753131 5.471806 8 0 0.000000
1653874928680882464 160.461371 6.231982 4 0 0.000000
1653874929761968901 108.107356 9.249954 10 0 0.000000
1653874931151806603 126.347199 7.914593 11 0 0.000000
1653874932150613122 199.759448 5.005974 5 0 0.000000
1653874933147912518 76.712667 13.035205 13 0 0.000000
1653874934161682184 0.000000 0.000000 0 0 0.000000
1653874934660903085 168.107762 18.028092 9 0 0.000000
1653874936163205099 0.000000 0.000000 0 0 0.000000
1653874936343229130 841.159731 11.109630 2 0 0.000000
1653874938164531764 0.000000 0.000000 0 0 0.000000
1653874938304025729 980.396416 14.337529 2 0 0.000000
1653874940165967543 0.000000 0.000000 0 0 0.000000
1653874941165619528 572.317123 5.001741 5 0 0.000000
1653874942067215923 53.033647 18.855444 17 0 0.000000
1653874942805552751 147.666464 6.771977 5 0 0.000000
1653874943841019277 115.050160 8.691734 9 0 0.000000
1653874945168225249 0.000000 0.000000 0 0 0.000000
1653874946128838400 175.982753 13.533023 13 0 0.000000
1653874947101123470 37.394089 26.741129 26 0 0.000000
1653874947602633762 250.753208 3.987954 2 0 0.000000
1653874948988880394 277.247593 3.606862 5 0 0.000000
1653874950172492634 0.000000 0.000000 0 0 0.000000
1653874951145658448 215.676261 10.275741 10 0 0.000000
1653874952174306404 0.000000 0.000000 0 0 0.000000
1653874952800935286 1655.274814 1.595841 1 0 0.000000
1653874954081773154 320.207258 3.122956 4 0 0.000000
1653874955114738164 129.118903 7.744696 8 0 0.000000
1653874955470019762 39.473928 25.332020 9 0 0.000000
1653874956550708329 135.084504 7.402688 8 0 0.000000
1653874957260684272 709.974660 1.408498 1 0 0.000000
1653874959175633343 273.562348 3.655450 7 0 0.000000
1653874960027205288 65.504029 15.265886 13 0 0.000000
1653874960862734968 139.252821 7.181072 6 0 0.000000
1653874962180442678 219.615402 4.553362 6 0 0.000000
1653874962613737069 72.213603 13.847399 6 0 0.000000
1653874963947500999 148.193982 6.747821 9 0 0.000000
1653874964415776586 234.135589 4.270989 2 0 0.000000
1653874965990633958 314.969250 3.174891 5 0 0.000000
1653874967183752159 0.000000 0.000000 0 0 0.000000
1653874968129072274 305.489580 7.404898 7 0 0.000000
1653874968552789342 30.264495 33.040927 14 0 0.000000
1653874969555896120 501.551872 1.993806 2 0 0.000000
1653874971098076034 96.384798 10.374924 16 0 0.000000
1653874971739455088 213.791178 4.677421 3 0 0.000000
1653874972873985628 378.175234 2.644266 3 0 0.000000
1653874973653121548 77.912367 12.834731 10 0 0.000000
1653874975123824803 113.129417 8.839309 13 0 0.000000
1653874975868447106 186.154093 5.371851 4 0 0.000000
1653874976891113639 170.442011 5.867015 6 0 0.000000
1653874978185545709 258.884959 3.862698 5 0 0.000000
1653874978809124561 311.787903 3.207293 2 0 0.000000
1653874979364465625 555.338258 1.800695 1 0 0.000000
1653874981193364630 0.000000 0.000000 0 0 0.000000
1653874981917225285 1276.377541 2.762963 2 0 0.000000
1653874982750304943 833.076262 1.200365 1 0 0.000000
1653874984194745816 0.000000 0.000000 0 0 0.000000
1653874985016825476 94.436709 29.194252 24 0 0.000000
1653874985702111020 97.897185 10.214720 7 0 0.000000
1653874986219557009 517.445258 1.932569 1 0 0.000000
1653874987640503899 355.234759 2.815024 4 0 0.000000
1653874989090366290 207.121782 4.828044 7 0 0.000000
1653874990070061344 163.280523 6.124355 6 0 0.000000
1653874991154034050 361.322272 2.767597 3 0 0.000000
1653874992200431676 0.000000 0.000000 0 0 0.000000
1653874992662941269 188.611519 17.296936 8 0 0.000000
1653874994118554588 485.202049 2.060987 3 0 0.000000
1653874995202683267 0.000000 0.000000 0 0 0.000000
1653874996203080793 0.000000 0.000000 0 0 0.000000
1653874996366569948 1124.005832 12.233230 2 0 0.000000
1653874997743792452 344.303850 2.904396 4 0 0.000000
1653874999080364684 190.937290 5.237278 7 0 0.000000
1653875000205566918 0.000000 0.000000 0 0 0.000000
1653875000319399572 619.514393 17.569663 2 0 0.000000
1653875002135890078 139.728945 7.156657 13 0 0.000000
1653875002930429365 46.736176 21.396047 17 0 0.000000
1653875004201224080 74.751352 13.377456 17 0 0.000000
1653875005202357476 47.671651 20.976226 21 0 0.000000
