1653874684998759157 243.313040 4.110846 4 0 0.000000
1653874685941602089 39.283396 25.454929 24 0 0.000000
1653874687023575874 72.129213 13.863552 15 0 0.000000
1653874687969019343 49.758755 20.096389 19 0 0.000000
1653874688817723426 60.619486 16.495738 14 0 0.000000
1653874690008642070 99.241142 10.076255 12 0 0.000000
1653874690938077101 30.979480 32.277673 30 0 0.000000
1653874691838306935 69.246661 14.440757 13 0 0.000000
1653874692874822538 94.226939 10.612479 11 0 0.000000
1653874693910870170 57.556339 17.373719 18 0 0.000000
1653874694995736344 47.166534 21.200772 23 0 0.000000
1653874695925410213 66.403732 15.059044 14 0 0.000000
1653874696981651185 81.247676 12.307798 13 0 0.000000
1653874697815252970 43.872285 22.792658 19 0 0.000000
1653874698949123847 75.590005 13.229020 15 0 0.000000
1653874700016520013 152.483355 6.558015 7 0 0.000000
1653874700968444540 73.223534 13.656545 13 0 0.000000
1653874702020849919 80.952219 12.352654 13 0 0.000000
1653874702976467665 36.753057 27.207531 26 0 0.000000
1653874703825652842 70.763790 14.131194 12 0 0.000000
1653874704944701869 139.879369 7.148926 8 0 0.000000
1653874705912195713 80.622579 12.403181 12 0 0.000000
1653874706712090855 199.972793 5.000655 4 0 0.000000
1653874707809225948 54.855000 18.229295 20 0 0.000000
1653874708444320873 127.017612 7.872839 5 0 0.000000
1653874709502319174 528.997773 1.890362 2 0 0.000000
1653874710211954705 709.633928 1.409174 1 0 0.000000
1653874711853205814 117.229881 8.530078 14 0 0.000000
1653874712964084544 123.428522 8.101694 9 0 0.000000
1653874713459726802 165.211872 6.052753 3 0 0.000000
1653874714295502125 104.470515 9.571950 8 0 0.000000
1653874715662279299 683.386809 1.463296 2 0 0.000000
1653874717013193391 112.574341 8.882874 12 0 0.000000
1653874717965594596 105.820656 9.449799 9 0 0.000000
1653874718863476757 149.645605 6.682391 6 0 0.000000
1653874719491073671 156.897320 6.373518 4 0 0.000000
1653874720713724028 407.548846 2.453686 3 0 0.000000
1653874721870474635 144.591800 6.915926 8 0 0.000000
1653874722506398386 127.183385 7.862578 5 0 0.000000
1653874723731136213 408.244626 2.449504 3 0 0.000000
1653874725043963595 262.564498 3.808574 5 0 0.000000
1653874725963511863 153.256694 6.524943 6 0 0.000000
1653874726669928766 117.735045 8.493568 6 0 0.000000
1653874727819177416 574.621710 1.740267 2 0 0.000000
1653874728442683539 207.833364 4.811501 3 0 0.000000
1653874730031481378 226.969525 4.405847 7 0 0.000000
1653874730821978066 263.496424 3.795082 3 0 0.000000
1653874732050694068 0.000000 0.000000 0 0 0.000000
1653874733041649654 123.313854 18.164286 18 0 0.000000
1653874733810111113 109.779225 9.109110 7 0 0.000000
1653874734661748023 77.417135 12.916302 11 0 0.000000
1653874736051472381 173.713704 5.756537 8 0 0.000000
1653874736573640987 261.082830 3.830180 2 0 0.000000
1653874737805616883 307.992669 3.246817 4 0 0.000000
1653874738656130408 60.750035 16.460644 14 0 0.000000
1653874739989024535 333.222725 3.000989 4 0 0.000000
1653874740632208219 128.635861 7.773829 5 0 0.000000
1653874741481101697 282.963257 3.534012 3 0 0.000000
1653874742897973284 354.215583 2.823121 4 0 0.000000
1653874743929537185 343.852136 2.908206 3 0 0.000000
1653874744542222674 306.339895 3.264318 2 0 0.000000
1653874745757167029 1214.943103 0.823083 1 0 0.000000
1653874746465093525 64.355448 15.538336 11 0 0.000000
1653874747171826791 706.730952 1.414961 1 0 0.000000
1653874748678534794 107.620877 9.291780 14 0 0.000000
1653874749643927320 321.796504 3.107544 3 0 0.000000
1653874750902176480 209.706701 4.768531 6 0 0.000000
1653874752063477484 0.000000 0.000000 0 0 0.000000
1653874752292867314 463.562215 13.078174 3 0 0.000000
1653874753559124228 316.562253 3.158917 4 0 0.000000
1653874754222579225 132.690116 7.536306 5 0 0.000000
1653874755514977414 117.489490 8.511309 11 0 0.000000
1653874756840002845 1325.023688 0.754702 1 0 0.000000
1653874757460181383 620.175653 1.612439 1 0 0.000000
1653874758694802540 411.538068 2.429895 3 0 0.000000
1653874759968831115 159.251689 6.279294 8 0 0.000000
1653874760938111076 323.091580 3.095081 3 0 0.000000
1653874762068487007 0.000000 0.000000 0 0 0.000000
1653874762531575636 318.691171 10.797070 5 0 0.000000
1653874764021232254 212.806309 4.699070 7 0 0.000000
1653874764832270924 811.037808 1.232987 1 0 0.000000
1653874765447075895 614.803027 1.626532 1 0 0.000000
1653874767026427710 526.448942 1.899513 3 0 0.000000
1653874768005140192 163.116971 6.130503 6 0 0.000000
1653874768627162056 207.339272 4.822982 3 0 0.000000
1653874769278332654 162.791146 6.142783 4 0 0.000000
1653874771073947358 0.000000 0.000000 0 0 0.000000
1653874771494548556 277.025109 19.020392 8 0 0.000000
1653874772660320924 116.575625 8.578004 10 0 0.000000
1653874773654096440 248.442779 4.025054 4 0 0.000000
1653874774704372599 131.283174 7.617044 8 0 0.000000
1653874775919813170 71.495346 13.986698 17 0 0.000000
1653874777077816304 0.000000 0.000000 0 0 0.000000
1653874778078750257 0.000000 0.000000 0 0 0.000000
1653874778359243750 2439.429789 3.565145 1 0 0.000000
1653874779594624401 617.687630 1.618934 2 0 0.000000
1653874780853456007 314.706499 3.177550 4 0 0.000000
1653874781460224113 606.766293 1.648076 1 0 0.000000
1653874782628212637 583.992258 1.712346 2 0 0.000000
1653874783163662424 178.482150 5.602766 3 0 0.000000
1653874785067280555 634.537240 1.575946 3 0 0.000000
1653874786057938103 247.663237 4.037722 4 0 0.000000
1653874787083198590 0.000000 0.000000 0 0 0.000000
1653874787419024359 80.062516 50.621489 17 0 0.000000
1653874789058945105 126.146022 7.927212 13 0 0.000000
1653874790080195560 170.206579 5.875150 6 0 0.000000
1653874791066555181 123.293402 8.110632 8 0 0.000000
1653874791391035732 54.078088 18.491092 6 0 0.000000
1653874792164348094 773.311120 1.293138 1 0 0.000000
1653874793582197400 283.567320 3.526468 5 0 0.000000
1653874795086753003 0.000000 0.000000 0 0 0.000000
1653874796087624313 0.000000 0.000000 0 0 0.000000
1653874796992069889 568.310096 6.633898 6 0 0.000000
1653874797478581401 162.169231 6.166349 3 0 0.000000
1653874798111124298 210.845545 4.742762 3 0 0.000000
1653874800091029717 0.000000 0.000000 0 0 0.000000
1653874800115328326 2004.203097 41.154670 1 0 0.000000
1653874801510342388 1395.012028 0.716839 1 0 0.000000
1653874803093067032 0.000000 0.000000 0 0 0.000000
1653874804093510214 0.000000 0.000000 0 0 0.000000
1653874804936948665 489.513741 8.299361 7 0 0.000000
1653874806042853565 221.179391 4.521184 5 0 0.000000
1653874806963747457 115.110587 8.687211 8 0 0.000000
1653874807709479909 93.215716 10.727708 8 0 0.000000
1653874808927364971 71.639113 13.958624 17 0 0.000000
1653874809635783561 50.600141 19.762328 14 0 0.000000
1653874810136422770 500.638317 1.997446 1 0 0.000000
1653874811354835276 1218.411113 0.820740 1 0 0.000000
1653874812571119665 1216.282245 0.822176 1 0 0.000000
1653874813217818324 129.337361 7.731576 5 0 0.000000
1653874814800185021 79.117123 12.639295 20 0 0.000000
1653874815612942668 81.274402 12.303791 10 0 0.000000
1653874817053512497 90.034520 11.106716 16 0 0.000000
1653874818094980345 208.292023 4.800916 5 0 0.000000
1653874818802942638 70.794907 14.125046 10 0 0.000000
1653874819305173005 251.113646 3.982236 2 0 0.000000
1653874820995459237 281.712948 3.549695 6 0 0.000000
1653874821909329440 53.755914 18.602204 17 0 0.000000
1653874823104079877 0.000000 0.000000 0 0 0.000000
1653874823736860239 913.763446 3.160654 2 0 0.000000
1653874824963208620 1226.347720 0.815429 1 0 0.000000
1653874825573949111 610.737275 1.637357 1 0 0.000000
1653874826182646807 608.696323 1.642852 1 0 0.000000
1653874828107286091 0.000000 0.000000 0 0 0.000000
1653874829020235945 405.368235 7.667453 7 0 0.000000
1653874829960594082 156.724300 6.380547 6 0 0.000000
1653874830116771861 156.176186 6.402963 1 0 0.000000
1653874832082075758 196.528634 5.088272 10 0 0.000000
1653874832985739164 112.956084 8.852854 8 0 0.000000
1653874833229535419 81.263625 12.305357 3 0 0.000000
1653874834911424898 105.116828 9.513110 16 0 0.000000
1653874836112070753 0.000000 0.000000 0 0 0.000000
1653874836605261807 1693.835877 2.027612 1 0 0.000000
1653874837831046021 72.101873 13.868673 17 0 0.000000
1653874839114108500 0.000000 0.000000 0 0 0.000000
1653874840114193604 0.000000 0.000000 0 0 0.000000
1653874840706310354 2875.263521 1.688856 1 0 0.000000
1653874841897605815 198.547679 5.036534 6 0 0.000000
1653874843115721504 0.000000 0.000000 0 0 0.000000
1653874843344346068 361.682604 17.495934 4 0 0.000000
1653874845112645664 589.431288 1.696545 3 0 0.000000
1653874845128543423 15.894744 62.901908 1 0 0.000000
1653874847108430969 329.979196 3.030475 6 0 0.000000
1653874847388213381 139.889011 7.148411 2 0 0.000000
1653874849065759206 559.179380 1.788327 3 0 0.000000
1653874849683624334 617.864306 1.618476 1 0 0.000000
1653874851119712945 0.000000 0.000000 0 0 0.000000
1653874851616933320 386.659880 10.055905 5 0 0.000000
1653874853120835657 0.000000 0.000000 0 0 0.000000
1653874853695844393 296.985877 12.173729 7 0 0.000000
1653874854450533443 754.688089 1.325049 1 0 0.000000
1653874855455477841 334.978881 2.985240 3 0 0.000000
1653874856873191139 236.282621 4.232167 6 0 0.000000
1653874857983157520 277.488900 3.603712 4 0 0.000000
1653874858672806100 344.821123 2.900028 2 0 0.000000
1653874860123465016 0.000000 0.000000 0 0 0.000000
1653874861099355543 808.847063 3.074115 3 0 0.000000
1653874861234308156 14.992594 66.690081 9 0 0.000000
1653874863003133184 117.919697 8.480206 15 0 0.000000
1653874863659605900 164.114512 6.093170 4 0 0.000000
1653874865109712197 290.019174 3.448023 5 0 0.000000
1653874865276724021 20.874090 47.900806 8 0 0.000000
1653874866796742001 380.003153 2.631548 4 0 0.000000
1653874868128514380 0.000000 0.000000 0 0 0.000000
1653874869128872397 0.000000 0.000000 0 0 0.000000
1653874870129391985 0.000000 0.000000 0 0 0.000000
1653874870371641341 893.722959 16.511912 4 0 0.000000
1653874871402244009 171.764673 5.821836 6 0 0.000000
1653874873129869770 0.000000 0.000000 0 0 0.000000
1653874873199813857 599.187091 42.891371 3 0 0.000000
1653874874941605150 174.176783 5.741216 10 0 0.000000
1653874875941500437 249.971309 4.000419 4 0 0.000000
1653874876871633787 232.530350 4.300459 4 0 0.000000
1653874877979022263 553.690826 1.806051 2 0 0.000000
1653874879133485279 0.000000 0.000000 0 0 0.000000
1653874879975258383 221.801830 10.691717 9 0 0.000000
1653874880442549159 66.753303 14.979966 7 0 0.000000
1653874881485648215 521.546983 1.917363 2 0 0.000000
1653874882965442971 295.957857 3.378847 5 0 0.000000
1653874883280910854 315.466941 3.169895 1 0 0.000000
1653874885085171084 601.417345 1.662731 3 0 0.000000
1653874885742484233 328.654821 3.042690 2 0 0.000000
1653874886919863206 235.474388 4.246721 5 0 0.000000
1653874887790689869 217.704910 4.593337 4 0 0.000000
1653874888897617610 221.383961 4.517006 5 0 0.000000
1653874889508299655 610.680502 1.637514 1 0 0.000000
1653874891139812686 0.000000 0.000000 0 0 0.000000
1653874891730156166 740.616737 5.081787 3 0 0.000000
1653874893141235499 0.000000 0.000000 0 0 0.000000
1653874893829681411 524.879092 5.810188 4 0 0.000000
1653874895142508935 0.000000 0.000000 0 0 0.000000
1653874896062230656 446.507984 5.436427 5 0 0.000000
1653874897135733829 178.914935 5.589178 6 0 0.000000
1653874897194086318 19.448732 51.411680 3 0 0.000000
1653874898704499453 251.733138 3.972423 6 0 0.000000
1653874900145732724 0.000000 0.000000 0 0 0.000000
1653874900951602786 80.251335 34.745051 28 0 0.000000
1653874902146206628 0.000000 0.000000 0 0 0.000000
1653874903146804781 0.000000 0.000000 0 0 0.000000
1653874903881740406 586.025221 6.803317 5 0 0.000000
1653874905147401947 0.000000 0.000000 0 0 0.000000
1653874905498289444 404.134411 11.399665 4 0 0.000000
