1653874685035164973 124.856955 8.011551 8 0 0.000000
1653874686000123606 41.953090 23.835219 23 0 0.000000
1653874686904667366 60.300993 16.582946 15 0 0.000000
1653874688031460272 70.422794 14.199592 16 0 0.000000
1653874689034209956 38.565156 25.928704 26 0 0.000000
1653874689962390118 46.407751 21.547541 20 0 0.000000
1653874691009342798 69.795809 14.327295 15 0 0.000000
1653874691939300491 27.350606 36.560803 34 0 0.000000
1653874693012796587 97.589493 10.246893 11 0 0.000000
1653874694026852191 53.369939 18.736645 19 0 0.000000
1653874695005038655 57.538881 17.379100 17 0 0.000000
1653874696003493006 52.549271 19.029413 19 0 0.000000
1653874696988659125 89.558913 11.165629 11 0 0.000000
1653874697858689655 96.668501 10.344464 9 0 0.000000
1653874698892671083 147.709742 6.769948 7 0 0.000000
1653874699966507731 153.403927 6.518682 7 0 0.000000
1653874700991619849 205.020552 4.877515 5 0 0.000000
1653874702014463496 32.993877 30.307659 31 0 0.000000
1653874702781219453 95.842949 10.433569 8 0 0.000000
1653874704033679906 125.244552 7.984284 10 0 0.000000
1653874704987312606 73.354321 13.632083 13 0 0.000000
1653874705943889190 239.142082 4.181578 4 0 0.000000
1653874706163550216 27.456368 36.419750 8 0 0.000000
1653874707796622002 408.266484 2.449372 4 0 0.000000
1653874708950626690 164.856360 6.065833 7 0 0.000000
1653874710049271304 156.947967 6.371487 7 0 0.000000
1653874710070427571 7.051238 141.801954 3 0 0.000000
1653874711975956288 146.577676 6.822253 13 0 0.000000
1653874712839141404 50.774499 19.694504 17 0 0.000000
1653874713563631260 120.746426 8.281689 6 0 0.000000
1653874714867589357 162.992999 6.135167 8 0 0.000000
1653874715657128627 78.952682 12.665614 10 0 0.000000
1653874716958563055 185.917926 5.378681 7 0 0.000000
1653874717824958009 72.197756 13.850496 12 0 0.000000
