1651818442450689797 417.326376 0.000000
1651818442450693948 417.473989 0.000000
1651818442450775788 416.908654 0.000000
1651818442451606785 418.219478 0.000000
1651818442664742690 204.850851 0.000000
1651818442675680224 204.858534 0.000000
1651818442725645204 204.816080 0.000000
1651818442725661287 204.782758 0.000000
1651818442891722525 205.786396 0.000000
1651818442893692139 205.249457 0.000000
1651818442931697985 204.873013 0.000000
1651818442959681277 203.946860 0.000000
1651818443147613404 205.680761 0.000000
1651818443238696491 206.249437 0.000000
1651818443327711714 204.954814 0.000000
1651818443401704127 205.650505 0.000000
1651818443498596452 204.769413 0.000000
1651818443685586563 204.792587 0.000000
1651818445212721394 1461.894896 0.000000
1651818445404743444 2009.591774 0.000000
1651818445468581525 204.620878 0.000000
1651818445759559994 204.997106 0.000000
1651818445790591939 204.248884 0.000000
1651818446002585143 204.864197 0.000000
1651818446042664548 204.914369 0.000000
1651818446260584895 204.578052 0.000000
1651818446493668164 204.461316 0.000000
1651818446832673049 205.359474 0.000000
1651818447046471989 204.934054 0.000000
1651818447294703356 1218.669084 0.000000
1651818447374536401 205.274957 0.000000
1651818447704675812 203.900946 0.000000
1651818448521617191 1217.691699 0.000000
1651818448726564303 203.775428 0.000000
1651818449054746990 5486.789424 0.000000
1651818449056722102 203.783832 0.000000
1651818449119596078 1219.276710 0.000000
1651818449259671262 202.975025 0.000000
1651818449468662404 202.746934 0.000000
1651818449748677946 205.125806 0.000000
1651818450271740099 7300.827153 0.000000
1651818450275696661 1216.223354 0.000000
1651818450484665109 204.583805 0.000000
1651818450695700591 203.159595 0.000000
1651818451501654088 1217.749562 0.000000
1651818451725647612 204.019173 0.000000
1651818453345675667 2631.280384 0.000000
1651818453567668767 203.627694 0.000000
1651818454791711989 1215.712553 0.000000
1651818455034618337 203.088821 0.000000
1651818456287665690 1215.237894 0.000000
1651818457510691278 1215.726571 0.000000
1651818457738661612 203.723125 0.000000
1651818459278597281 7480.228111 0.000000
1651818459522589308 203.818477 0.000000
1651818459753670046 202.848106 0.000000
1651818460041598469 203.430705 0.000000
1651818464327608780 14560.682466 0.000000
1651818464561546457 202.938105 0.000000
1651818464793481690 204.203753 0.000000
1651818465006567010 203.745873 0.000000
1651818465268615954 203.581301 0.000000
1651818465476512019 204.550008 0.000000
1651818466371600880 6269.257062 0.000000
1651818466598585878 203.627127 0.000000
1651818468644601979 19410.709513 0.000000
1651818468857618873 204.698257 0.000000
1651818469108608320 203.639446 0.000000
1651818469342597445 203.741989 0.000000
1651818469587619291 203.726408 0.000000
1651818469799547384 203.660103 0.000000
1651818469887605774 12127.476961 0.000000
1651818470026518054 203.919241 0.000000
1651818470097554992 204.958908 0.000000
1651818470322613984 203.704342 0.000000
1651818470659586022 203.067336 0.000000
1651818471246486828 1214.451795 0.000000
1651818471500611580 203.944892 0.000000
1651818471938640336 1214.385311 0.000000
1651818472784635979 1214.570813 0.000000
1651818473085611695 203.151526 0.000000
1651818473198641422 1214.051315 0.000000
1651818495737572944 29082.020676 0.000000
1651818495957558027 202.449871 0.000000
1651818496177553690 203.633618 0.000000
1651818499909578894 26657.404080 0.000000
1651818500692600189 35145.715096 0.000000
1651818500965556448 27867.732537 0.000000
1651818501177488834 202.757296 0.000000
1651818502171548681 1212.531872 0.000000
1651818502431536336 203.439011 0.000000
1651818503662534309 1213.654523 0.000000
1651818503979441320 202.792440 0.000000
1651818508332550555 12114.655681 0.000000
1651818509611535366 9692.634432 0.000000
1651818510584541853 2222.645077 0.000000
1651818510958477525 203.610399 0.000000
1651818513302569891 12116.753044 0.000000
1651818513656531568 203.584991 0.000000
1651818513880507864 203.611086 0.000000
1651818514125422306 202.700735 0.000000
1651818525532511890 15744.658742 0.000000
1651818525743339311 203.489920 0.000000
1651818525994506478 202.922270 0.000000
1651818529151505075 18168.780111 0.000000
1651818556269411246 52277.748131 0.000000
1651818561344433678 5047.810522 0.000000
1651818561583443637 202.498772 0.000000
1651818561860408925 32700.686513 0.000000
1651818561889377056 202.730910 0.000000
1651818562125380671 203.699774 0.000000
1651818562411335565 203.602422 0.000000
1651818562436426400 36334.484710 0.000000
1651818562638377052 202.702986 0.000000
1651818562685407060 202.869419 0.000000
1651818562847392863 202.787168 0.000000
1651818562918398083 202.854689 0.000000
1651818563094458402 1212.993197 0.000000
1651818563128379475 202.636620 0.000000
1651818563379406325 203.688202 0.000000
1651818563603438287 202.858532 0.000000
1651818564833436844 1212.681539 0.000000
1651818565050392121 203.616680 0.000000
1651818565339389412 202.787373 0.000000
1651818565553395704 203.700751 0.000000
1651818565759395469 203.634838 0.000000
1651818566126403199 203.577294 0.000000
1651818566344398077 202.669168 0.000000
1651818566492339165 3632.719668 0.000000
1651818566704398091 202.734991 0.000000
1651818567561415229 1212.647564 0.000000
1651818568022349705 1212.636845 0.000000
1651818568232290050 202.655220 0.000000
1651818568456197803 204.395871 0.000000
1651818568671355146 202.945721 0.000000
1651818568794346644 1212.608283 0.000000
1651818568944318861 202.637099 0.000000
1651818569282296980 203.287516 0.000000
1651818569559317095 203.077747 0.000000
1651818569853380628 203.692140 0.000000
1651818572478399059 58335.628365 0.000000
1651818576066390863 7267.701068 0.000000
1651818577369309638 1213.143072 0.000000
1651818577596363043 203.738654 0.000000
1651818578828389216 1212.689153 0.000000
1651818579040296188 202.702340 0.000000
1651818594512540854 22004.044688 0.000000
1651818595838548287 1213.465449 0.000000
1651818596047523810 203.650545 0.000000
1651818596290520110 203.655276 0.000000
1651818601547510063 31691.780645 0.000000
1651818601856489880 202.647634 0.000000
1651818602109391020 202.704936 0.000000
1651818602386512317 203.684494 0.000000
1651818602663530362 202.644366 0.000000
1651818602875478315 202.865655 0.000000
1651818603085398173 203.620285 0.000000
1651818603325475719 202.849698 0.000000
1651818603587475234 202.929569 0.000000
1651818603809502140 202.672215 0.000000
1651818605042462577 1213.608642 0.000000
1651818617603503259 54501.832196 0.000000
1651818624148479530 27856.748384 0.000000
1651818624384480105 203.023615 0.000000
1651818634400427861 9891.907264 0.000000
1651818634623778650 202.996170 0.000000
1651818634976428386 202.795011 0.000000
1651818635210329215 203.168700 0.000000
1651818635964482395 56921.853825 0.000000
1651818636211427255 203.741687 0.000000
1651818636483442372 203.007094 0.000000
1651818636734420422 203.330451 0.000000
1651818636959444802 203.659440 0.000000
1651818637186375704 203.580252 0.000000
1651818638414450041 1212.979073 0.000000
1651818639633466729 1212.657280 0.000000
1651818639873394452 203.410440 0.000000
1651818640216401047 203.583494 0.000000
1651818640443422635 203.377039 0.000000
1651818646428418706 41372.655571 0.000000
1651818647681425727 1213.637028 0.000000
1651818649026413235 1212.992130 0.000000
1651818650255425900 1212.800824 0.000000
1651818650495387502 203.637446 0.000000
1651818653337381318 35588.764838 0.000000
1651818653551319204 202.730116 0.000000
1651818653796381278 203.832233 0.000000
1651818654013386106 203.958852 0.000000
1651818659454322980 24222.783126 0.000000
1651818659687265647 202.791563 0.000000
1651818659893366484 202.802149 0.000000
1651818665302368260 14737.212800 0.000000
1651818665510362238 202.768972 0.000000
1651818665763290282 202.756598 0.000000
1651818665986287184 202.674236 0.000000
1651818666196348983 202.901780 0.000000
1651818683299319334 29267.587748 0.000000
1651818683508313209 203.644890 0.000000
1651818683782348813 202.799569 0.000000
1651818686224338948 2423.341943 0.000000
1651818686559304292 203.873831 0.000000
1651818690303336037 49854.543374 0.000000
1651818690591298933 202.925411 0.000000
1651818690823305169 203.585672 0.000000
1651818691047300513 202.556108 0.000000
1651818692598323302 32696.605601 0.000000
1651818692656266078 6057.603894 0.000000
1651818692889220818 202.813905 0.000000
1651818693878453235 1212.927359 0.000000
1651818694088279140 203.514398 0.000000
1651818694137260172 1213.129416 0.000000
1651818694302224465 202.595171 0.000000
1651818695378376918 1212.913945 0.000000
1651818695564301695 1212.983604 0.000000
1651818695603297414 203.597173 0.000000
1651818695838253037 203.708642 0.000000
1651818696070305745 203.833742 0.000000
1651818697343311117 1212.819145 0.000000
1651818697567212740 202.689803 0.000000
1651818697809192964 203.181145 0.000000
1651818698027198602 202.854746 0.000000
1651818698244208284 202.784995 0.000000
1651818698450272361 202.842493 0.000000
1651818699594321589 8479.634641 0.000000
1651818699898228604 203.456946 0.000000
1651818700126282706 203.830955 0.000000
1651818700131311632 33912.617111 0.000000
1651818700385238808 202.637682 0.000000
1651818700386313982 202.522564 0.000000
1651818700594273976 202.737624 0.000000
1651818700596267316 202.749978 0.000000
1651818700851234067 203.439180 0.000000
1651818701075219015 202.650526 0.000000
1651818701941297612 1214.094141 0.000000
1651818702300302955 1213.853527 0.000000
1651818702524263230 203.637726 0.000000
1651818702740269043 203.550622 0.000000
1651818703174295003 1212.759865 0.000000
1651818703398267922 203.628829 0.000000
1651818704013288624 1211.330486 0.000000
1651818704369265029 203.661426 0.000000
1651818705604288137 1211.899728 0.000000
1651818705671269470 2228.585292 0.000000
1651818705887264859 202.662298 0.000000
1651818706924289801 1212.630751 0.000000
1651818707130157861 202.675338 0.000000
1651818718676172517 23010.980674 0.000000
1651818718903087302 202.618824 0.000000
1651818720187223667 1213.014029 0.000000
1651818721459209593 1212.587146 0.000000
1651818721671160648 202.743474 0.000000
1651818721879189605 202.809529 0.000000
1651818722136213361 203.195336 0.000000
1651818723435249500 1212.340421 0.000000
1651818723703236357 202.735055 0.000000
1651818724932087621 1215.744668 0.000000
1651818726338134636 1213.134547 0.000000
1651818726881149984 203.277701 0.000000
1651818727087105014 203.022171 0.000000
1651818727315217244 202.895020 0.000000
1651818727741243692 20587.881948 0.000000
1651818727970167919 203.714337 0.000000
1651818728188208991 203.696580 0.000000
1651818728637234419 1212.822885 0.000000
1651818728877553656 204.283259 0.000000
1651818730118236686 1213.209422 0.000000
1651818731348228101 1212.684972 0.000000
1651818732648222993 1212.725471 0.000000
1651818733934222313 1212.865365 0.000000
1651818734223201275 203.634254 0.000000
1651818735451220803 1212.615443 0.000000
1651818746591164251 18362.617596 0.000000
1651818746827171382 203.657528 0.000000
1651818747049168619 203.633026 0.000000
1651818747312164265 203.650697 0.000000
1651818747521167254 203.663647 0.000000
1651818747747158195 203.638383 0.000000
1651818748068176611 202.682956 0.000000
1651818748279172363 203.643931 0.000000
1651818749440199748 50898.475116 0.000000
1651818749708167972 203.736581 0.000000
1651818749767191499 1213.227424 0.000000
1651818749952175080 203.623858 0.000000
1651818751191185781 1212.744089 0.000000
1651818751252151087 1213.201326 0.000000
1651818751399090665 202.562460 0.000000
1651818751521100733 203.083052 0.000000
1651818751647111987 203.176309 0.000000
1651818751755076727 202.755219 0.000000
1651818753286150369 1212.505287 0.000000
1651818753494095729 203.607976 0.000000
1651818753755118413 202.892599 0.000000
1651818754013082647 203.645088 0.000000
1651818754226136683 203.032975 0.000000
1651818755594113017 1212.655906 0.000000
