1651818442624877523 301.116893 10.303446 10 0 0.000000
1651818443601428808 206.157600 8.192094 8 0 0.000000
1651818444608415419 893.249445 2.979186 3 0 0.000000
1651818445433455680 807.164706 8.484434 7 0 0.000000
1651818446559424727 1226.808323 0.888124 1 0 0.000000
1651818447656466167 375.814035 5.469256 6 0 0.000000
1651818448658540777 0.000000 0.000000 0 0 0.000000
1651818449565432215 1125.510110 4.410671 4 0 0.000000
1651818450554393681 1022.005304 3.033485 3 0 0.000000
1651818451005450692 205.371545 4.434029 2 0 0.000000
1651818452660289645 0.000000 0.000000 0 0 0.000000
1651818453503477082 6115.127642 2.371952 2 0 0.000000
1651818454151383412 204.749918 6.173732 4 0 0.000000
1651818455604447621 713.624907 1.376402 2 0 0.000000
1651818455822428850 204.616963 4.587551 1 0 0.000000
1651818457121312218 1226.719978 0.769892 1 0 0.000000
1651818458565450397 714.159439 1.384909 2 0 0.000000
1651818459016388342 204.184566 4.435200 2 0 0.000000
1651818460663085810 0.000000 0.000000 0 0 0.000000
1651818461663142606 0.000000 0.000000 0 0 0.000000
1651818462664113897 0.000000 0.000000 0 0 0.000000
1651818463543420037 3295.009931 5.686302 5 0 0.000000
1651818464445408275 2615.515109 7.760633 7 0 0.000000
1651818465431451003 457.990113 4.056619 4 0 0.000000
1651818466072277754 543.099182 4.681453 3 0 0.000000
1651818467584273324 763.152981 2.645510 4 0 0.000000
1651818468668818781 0.000000 0.000000 0 0 0.000000
1651818469668912540 0.000000 0.000000 0 0 0.000000
1651818470541461678 1420.165436 2.292135 2 0 0.000000
1651818471641355971 4417.269498 3.636713 4 0 0.000000
1651818472283273285 1217.954518 1.557833 1 0 0.000000
1651818472891325598 1221.830881 1.644595 1 0 0.000000
1651818474671779437 0.000000 0.000000 0 0 0.000000
1651818475672116519 0.000000 0.000000 0 0 0.000000
1651818476672654086 0.000000 0.000000 0 0 0.000000
1651818477663384953 1758.268394 3.028068 3 0 0.000000
1651818478443396178 203.749101 3.846099 3 0 0.000000
1651818478675355190 202.794400 4.311107 1 0 0.000000
1651818480138450697 710.890589 1.366965 2 0 0.000000
1651818481585299509 711.752256 1.382314 2 0 0.000000
1651818482288404204 203.410126 4.266790 3 0 0.000000
1651818483675978778 0.000000 0.000000 0 0 0.000000
1651818484677037248 0.000000 0.000000 0 0 0.000000
1651818485677426231 0.000000 0.000000 0 0 0.000000
1651818486678492454 0.000000 0.000000 0 0 0.000000
1651818487679572151 0.000000 0.000000 0 0 0.000000
1651818488680276013 0.000000 0.000000 0 0 0.000000
1651818489680902950 0.000000 0.000000 0 0 0.000000
1651818490681477227 0.000000 0.000000 0 0 0.000000
1651818491681963689 0.000000 0.000000 0 0 0.000000
1651818492682693617 0.000000 0.000000 0 0 0.000000
1651818493683079589 0.000000 0.000000 0 0 0.000000
1651818494683140000 0.000000 0.000000 0 0 0.000000
1651818495683669340 0.000000 0.000000 0 0 0.000000
1651818496591280699 30600.900188 1.101793 1 0 0.000000
1651818497306214152 203.726374 4.196195 3 0 0.000000
1651818498540292422 1216.923293 0.810321 1 0 0.000000
1651818499475348093 8355.951270 4.277820 4 0 0.000000
1651818500117280153 456.142358 6.231189 4 0 0.000000
1651818501615228744 709.519781 2.670319 4 0 0.000000
1651818501860239201 203.591288 8.162917 2 0 0.000000
1651818503124341852 1216.216283 0.791075 1 0 0.000000
1651818504612170712 5919.637795 2.688481 4 0 0.000000
1651818504889172913 203.726426 7.220159 2 0 0.000000
1651818506661287770 4529.855985 4.514380 8 0 0.000000
1651818507609351984 877.159281 3.164343 3 0 0.000000
1651818508642235241 203.835435 3.872655 4 0 0.000000
1651818509091351514 708.753878 4.453190 2 0 0.000000
1651818510647344213 1114.113042 3.856059 6 0 0.000000
1651818511673222204 1787.983649 5.848649 6 0 0.000000
1651818512542177356 405.275630 11.508074 10 0 0.000000
1651818513646335711 540.813829 5.434003 6 0 0.000000
1651818514386267439 877.217840 4.054428 3 0 0.000000
1651818515337322821 877.840976 3.154390 3 0 0.000000
1651818516578325220 1214.555799 1.611600 2 0 0.000000
1651818516733344146 203.886665 6.450825 1 0 0.000000
1651818518689272724 540.882580 3.067597 6 0 0.000000
1651818519696348372 0.000000 0.000000 0 0 0.000000
1651818520389274092 540.297550 4.329469 3 0 0.000000
1651818521662254316 1215.213017 0.785558 1 0 0.000000
1651818522698404815 0.000000 0.000000 0 0 0.000000
1651818522879468037 1214.080111 5.522934 1 0 0.000000
1651818524219312944 1215.287937 0.746355 1 0 0.000000
1651818525512302468 1216.358964 0.773401 1 0 0.000000
1651818525757305468 203.334258 4.081583 1 0 0.000000
1651818527015316291 1215.824031 0.794906 1 0 0.000000
1651818528571288907 709.192879 1.285370 2 0 0.000000
1651818529030239888 202.792351 4.357764 2 0 0.000000
1651818530529280002 708.790759 1.334187 2 0 0.000000
1651818531704252822 0.000000 0.000000 0 0 0.000000
1651818531812297771 1214.160616 9.255407 1 0 0.000000
1651818533306296875 708.893586 1.338689 2 0 0.000000
1651818534544293122 1214.600921 0.807757 1 0 0.000000
1651818535540254068 203.061670 4.016222 4 0 0.000000
1651818535772310875 203.003856 4.309289 1 0 0.000000
1651818536990304038 1214.818667 0.821023 1 0 0.000000
1651818538297210044 1214.296697 0.765166 1 0 0.000000
1651818539586203441 1213.114288 0.775799 1 0 0.000000
1651818540708928636 0.000000 0.000000 0 0 0.000000
1651818541438269252 540.274190 4.113304 3 0 0.000000
1651818542443253725 203.584319 2.985121 3 0 0.000000
1651818542717216107 202.733359 3.650136 1 0 0.000000
1651818543966286815 1214.721932 0.800595 1 0 0.000000
1651818545711706236 0.000000 0.000000 0 0 0.000000
1651818546712314005 0.000000 0.000000 0 0 0.000000
1651818547712348988 0.000000 0.000000 0 0 0.000000
1651818548712656042 0.000000 0.000000 0 0 0.000000
1651818549713346514 0.000000 0.000000 0 0 0.000000
1651818550713822473 0.000000 0.000000 0 0 0.000000
1651818551713992739 0.000000 0.000000 0 0 0.000000
1651818552715064745 0.000000 0.000000 0 0 0.000000
1651818553715479959 0.000000 0.000000 0 0 0.000000
1651818554585178797 36396.808879 1.149823 1 0 0.000000
1651818555715809065 0.000000 0.000000 0 0 0.000000
1651818556361291788 540.031337 4.647684 3 0 0.000000
1651818557646316116 1214.594124 0.778195 1 0 0.000000
1651818558341168267 203.915452 4.317465 3 0 0.000000
1651818559634232268 23052.601613 1.546714 2 0 0.000000
1651818560027267868 1214.933589 2.544299 1 0 0.000000
1651818561719626170 0.000000 0.000000 0 0 0.000000
1651818562689238506 2652.314801 1.031340 1 0 0.000000
1651818563721000309 0.000000 0.000000 0 0 0.000000
1651818564137161197 709.108508 4.805834 2 0 0.000000
1651818565650114489 709.275957 1.321918 2 0 0.000000
1651818566723568454 0.000000 0.000000 0 0 0.000000
1651818567224214886 709.104994 3.994835 2 0 0.000000
1651818568455165062 1213.774620 0.812381 1 0 0.000000
1651818569724907430 0.000000 0.000000 0 0 0.000000
1651818570725550243 0.000000 0.000000 0 0 0.000000
1651818571725975978 0.000000 0.000000 0 0 0.000000
1651818572193201343 12364.303415 2.140295 1 0 0.000000
1651818573657211701 59269.870648 0.683055 1 0 0.000000
1651818574362136997 203.039774 4.255770 3 0 0.000000
1651818575727960752 0.000000 0.000000 0 0 0.000000
1651818576728634170 0.000000 0.000000 0 0 0.000000
1651818577729536948 0.000000 0.000000 0 0 0.000000
1651818578730140112 0.000000 0.000000 0 0 0.000000
1651818579730864915 0.000000 0.000000 0 0 0.000000
1651818580731769735 0.000000 0.000000 0 0 0.000000
1651818581732589254 0.000000 0.000000 0 0 0.000000
1651818582732983035 0.000000 0.000000 0 0 0.000000
1651818583733520233 0.000000 0.000000 0 0 0.000000
1651818584734173700 0.000000 0.000000 0 0 0.000000
1651818585699110463 20829.892810 2.072675 2 0 0.000000
1651818586550107940 203.116998 3.525275 3 0 0.000000
1651818587736752778 0.000000 0.000000 0 0 0.000000
1651818588736883121 0.000000 0.000000 0 0 0.000000
1651818589737502883 0.000000 0.000000 0 0 0.000000
1651818590738432615 0.000000 0.000000 0 0 0.000000
1651818591738615215 0.000000 0.000000 0 0 0.000000
1651818592739151518 0.000000 0.000000 0 0 0.000000
1651818593739771489 0.000000 0.000000 0 0 0.000000
1651818594740423508 0.000000 0.000000 0 0 0.000000
1651818595740938019 0.000000 0.000000 0 0 0.000000
1651818596741189166 0.000000 0.000000 0 0 0.000000
1651818597742111461 0.000000 0.000000 0 0 0.000000
1651818598742538457 0.000000 0.000000 0 0 0.000000
1651818599743133748 0.000000 0.000000 0 0 0.000000
1651818600743743716 0.000000 0.000000 0 0 0.000000
1651818601744152607 0.000000 0.000000 0 0 0.000000
1651818602745034434 0.000000 0.000000 0 0 0.000000
1651818603745955866 0.000000 0.000000 0 0 0.000000
1651818604746487826 0.000000 0.000000 0 0 0.000000
1651818605551300864 4701.664543 4.970098 4 0 0.000000
1651818605826286538 202.513400 3.636553 1 0 0.000000
1651818607747188635 0.000000 0.000000 0 0 0.000000
1651818608748040264 0.000000 0.000000 0 0 0.000000
1651818609749005835 0.000000 0.000000 0 0 0.000000
1651818610749494462 0.000000 0.000000 0 0 0.000000
1651818611750106449 0.000000 0.000000 0 0 0.000000
1651818612750891652 0.000000 0.000000 0 0 0.000000
1651818613751922975 0.000000 0.000000 0 0 0.000000
1651818614752900418 0.000000 0.000000 0 0 0.000000
1651818615753091674 0.000000 0.000000 0 0 0.000000
1651818616753703881 0.000000 0.000000 0 0 0.000000
1651818617754699996 0.000000 0.000000 0 0 0.000000
1651818618755194582 0.000000 0.000000 0 0 0.000000
1651818619755954333 0.000000 0.000000 0 0 0.000000
1651818620756289177 0.000000 0.000000 0 0 0.000000
1651818621756586661 0.000000 0.000000 0 0 0.000000
1651818622757092796 0.000000 0.000000 0 0 0.000000
1651818623593291946 26539.725431 4.783550 4 0 0.000000
1651818624757662344 0.000000 0.000000 0 0 0.000000
1651818624766241751 1215.851598 116.558444 1 0 0.000000
1651818626759058511 0.000000 0.000000 0 0 0.000000
1651818627759323301 0.000000 0.000000 0 0 0.000000
1651818628760056219 0.000000 0.000000 0 0 0.000000
1651818629626295308 29723.580433 2.308831 2 0 0.000000
1651818630671302303 203.105051 2.870794 3 0 0.000000
1651818631754282543 202.902007 3.693511 4 0 0.000000
1651818632447290092 202.998067 4.328957 3 0 0.000000
1651818633764144910 0.000000 0.000000 0 0 0.000000
1651818634765128826 0.000000 0.000000 0 0 0.000000
1651818635765655756 0.000000 0.000000 0 0 0.000000
1651818636766006304 0.000000 0.000000 0 0 0.000000
1651818637428218132 31539.297318 1.510091 1 0 0.000000
1651818638766561084 0.000000 0.000000 0 0 0.000000
1651818639570252446 455.740562 4.977035 4 0 0.000000
1651818640070252481 202.917927 3.999999 2 0 0.000000
1651818641767757835 0.000000 0.000000 0 0 0.000000
1651818642768816860 0.000000 0.000000 0 0 0.000000
1651818643769619764 0.000000 0.000000 0 0 0.000000
1651818644769832291 0.000000 0.000000 0 0 0.000000
1651818645770300676 0.000000 0.000000 0 0 0.000000
1651818645831278854 13375.804857 16.399307 1 0 0.000000
1651818647771107493 0.000000 0.000000 0 0 0.000000
1651818648594214431 2624.877041 1.214909 1 0 0.000000
1651818648800195093 202.840811 4.854824 1 0 0.000000
1651818650772885465 0.000000 0.000000 0 0 0.000000
1651818651773139667 0.000000 0.000000 0 0 0.000000
1651818652773488406 0.000000 0.000000 0 0 0.000000
1651818653774153689 0.000000 0.000000 0 0 0.000000
1651818654774723011 0.000000 0.000000 0 0 0.000000
1651818655738233643 26685.262353 1.037871 1 0 0.000000
1651818656353214723 3316.830694 8.130331 5 0 0.000000
1651818657571228594 1214.844945 0.821009 1 0 0.000000
1651818658501280480 203.409390 3.225626 3 0 0.000000
1651818659757181365 1215.485237 0.796241 1 0 0.000000
1651818660185303127 202.911768 4.671568 2 0 0.000000
1651818661778877404 0.000000 0.000000 0 0 0.000000
1651818662519570834 6267.782658 1.350086 1 0 0.000000
1651818663637221762 40023.175517 0.894734 1 0 0.000000
1651818664780976165 0.000000 0.000000 0 0 0.000000
1651818665134200705 708.977334 5.662121 2 0 0.000000
1651818666782709938 0.000000 0.000000 0 0 0.000000
1651818667783296769 0.000000 0.000000 0 0 0.000000
1651818668784275084 0.000000 0.000000 0 0 0.000000
1651818669784833081 0.000000 0.000000 0 0 0.000000
1651818670785597644 0.000000 0.000000 0 0 0.000000
1651818671786332852 0.000000 0.000000 0 0 0.000000
1651818672786804745 0.000000 0.000000 0 0 0.000000
1651818673787150903 0.000000 0.000000 0 0 0.000000
1651818674787694951 0.000000 0.000000 0 0 0.000000
1651818675788134844 0.000000 0.000000 0 0 0.000000
1651818676789194729 0.000000 0.000000 0 0 0.000000
1651818677789816833 0.000000 0.000000 0 0 0.000000
1651818678790060897 0.000000 0.000000 0 0 0.000000
1651818679790203531 0.000000 0.000000 0 0 0.000000
1651818680790874787 0.000000 0.000000 0 0 0.000000
1651818681791602698 0.000000 0.000000 0 0 0.000000
1651818682792164868 0.000000 0.000000 0 0 0.000000
1651818683792198325 0.000000 0.000000 0 0 0.000000
1651818684604242819 24260.095388 1.231460 1 0 0.000000
1651818684947179495 203.335657 2.915990 1 0 0.000000
1651818686673146224 540.357409 1.738156 3 0 0.000000
1651818687794741043 0.000000 0.000000 0 0 0.000000
1651818688795675510 0.000000 0.000000 0 0 0.000000
1651818689796252155 0.000000 0.000000 0 0 0.000000
1651818690796843838 0.000000 0.000000 0 0 0.000000
1651818691797879032 0.000000 0.000000 0 0 0.000000
1651818692798413848 0.000000 0.000000 0 0 0.000000
1651818693798524428 0.000000 0.000000 0 0 0.000000
1651818694798846083 0.000000 0.000000 0 0 0.000000
1651818694901149514 46090.754113 9.774846 1 0 0.000000
1651818696799716679 0.000000 0.000000 0 0 0.000000
1651818697800612250 0.000000 0.000000 0 0 0.000000
1651818698800886245 0.000000 0.000000 0 0 0.000000
1651818699801203821 0.000000 0.000000 0 0 0.000000
1651818700473128149 37804.128096 1.488263 1 0 0.000000
1651818701801816581 0.000000 0.000000 0 0 0.000000
1651818702802722881 0.000000 0.000000 0 0 0.000000
1651818703803781105 0.000000 0.000000 0 0 0.000000
1651818704803943850 0.000000 0.000000 0 0 0.000000
1651818705804224826 0.000000 0.000000 0 0 0.000000
1651818706554178129 9905.542170 2.666833 2 0 0.000000
1651818707804818546 0.000000 0.000000 0 0 0.000000
1651818708805073652 0.000000 0.000000 0 0 0.000000
1651818709805719582 0.000000 0.000000 0 0 0.000000
1651818710806421687 0.000000 0.000000 0 0 0.000000
1651818711806751693 0.000000 0.000000 0 0 0.000000
1651818712807143255 0.000000 0.000000 0 0 0.000000
1651818713807449687 0.000000 0.000000 0 0 0.000000
1651818714808296592 0.000000 0.000000 0 0 0.000000
1651818715808594386 0.000000 0.000000 0 0 0.000000
1651818716809009000 0.000000 0.000000 0 0 0.000000
1651818717809945563 0.000000 0.000000 0 0 0.000000
1651818718810778752 0.000000 0.000000 0 0 0.000000
1651818719811590690 0.000000 0.000000 0 0 0.000000
1651818720812594197 0.000000 0.000000 0 0 0.000000
1651818721812627063 0.000000 0.000000 0 0 0.000000
1651818722812958690 0.000000 0.000000 0 0 0.000000
1651818723813600599 0.000000 0.000000 0 0 0.000000
1651818724814658337 0.000000 0.000000 0 0 0.000000
1651818725815028414 0.000000 0.000000 0 0 0.000000
1651818726574047784 15315.127605 5.269958 4 0 0.000000
1651818727076047247 202.830066 3.984068 2 0 0.000000
1651818728362062797 1214.946752 0.777596 1 0 0.000000
1651818729817124549 0.000000 0.000000 0 0 0.000000
1651818730817979175 0.000000 0.000000 0 0 0.000000
1651818731818576578 0.000000 0.000000 0 0 0.000000
1651818732818732692 0.000000 0.000000 0 0 0.000000
1651818733819407149 0.000000 0.000000 0 0 0.000000
1651818734819450402 0.000000 0.000000 0 0 0.000000
1651818735819795450 0.000000 0.000000 0 0 0.000000
1651818736820203487 0.000000 0.000000 0 0 0.000000
1651818737820671315 0.000000 0.000000 0 0 0.000000
1651818738821655562 0.000000 0.000000 0 0 0.000000
1651818739821807577 0.000000 0.000000 0 0 0.000000
1651818740822643977 0.000000 0.000000 0 0 0.000000
1651818741822900146 0.000000 0.000000 0 0 0.000000
1651818742823130929 0.000000 0.000000 0 0 0.000000
1651818743823670631 0.000000 0.000000 0 0 0.000000
1651818744824076551 0.000000 0.000000 0 0 0.000000
1651818745824762717 0.000000 0.000000 0 0 0.000000
1651818746825097765 0.000000 0.000000 0 0 0.000000
1651818747825356538 0.000000 0.000000 0 0 0.000000
1651818748825793617 0.000000 0.000000 0 0 0.000000
1651818749825828440 0.000000 0.000000 0 0 0.000000
1651818750758944882 14690.914211 3.215033 3 0 0.000000
1651818751264030061 203.311799 3.959728 2 0 0.000000
1651818752827625844 0.000000 0.000000 0 0 0.000000
1651818753828116281 0.000000 0.000000 0 0 0.000000
1651818754828668233 0.000000 0.000000 0 0 0.000000
1651818755503010478 13546.161146 2.965853 2 0 0.000000
