1651818442959681277 275.757704 12.946226 12 0 0.000000
1651818443685586563 205.349586 8.265541 6 0 0.000000
1651818445035269121 0.000000 0.000000 0 0 0.000000
1651818446002585143 715.036289 6.202730 6 0 0.000000
1651818446832673049 204.828303 4.818766 4 0 0.000000
1651818447704675812 458.194760 4.587142 4 0 0.000000
1651818448726564303 710.733563 1.957161 2 0 0.000000
1651818449748677946 1253.449622 5.870189 6 0 0.000000
1651818450695700591 2231.198477 4.223764 4 0 0.000000
1651818451725647612 710.884367 1.941847 2 0 0.000000
1651818453040017206 0.000000 0.000000 0 0 0.000000
1651818453567668767 1417.454039 3.790381 2 0 0.000000
1651818455034618337 709.400687 1.363373 2 0 0.000000
1651818456042072717 0.000000 0.000000 0 0 0.000000
1651818456287665690 1215.237894 4.071778 1 0 0.000000
1651818457738661612 709.724848 1.378364 2 0 0.000000
1651818459044408498 0.000000 0.000000 0 0 0.000000
1651818460041598469 2022.581350 4.011272 4 0 0.000000
1651818461046008951 0.000000 0.000000 0 0 0.000000
1651818462046092729 0.000000 0.000000 0 0 0.000000
1651818463046255331 0.000000 0.000000 0 0 0.000000
1651818464047258726 0.000000 0.000000 0 0 0.000000
1651818465006567010 3792.892549 4.169671 4 0 0.000000
1651818465476512019 204.065654 4.255817 2 0 0.000000
1651818466598585878 3236.442095 1.782414 2 0 0.000000
1651818468049490170 0.000000 0.000000 0 0 0.000000
1651818468857618873 9807.703885 2.474853 2 0 0.000000
1651818470026518054 2191.027358 5.133035 6 0 0.000000
1651818470659586022 203.910195 4.738828 3 0 0.000000
1651818471938640336 877.593999 2.345483 3 0 0.000000
1651818472784635979 1214.570813 1.182039 1 0 0.000000
1651818473198641422 708.601421 4.830854 2 0 0.000000
1651818475055031573 0.000000 0.000000 0 0 0.000000
1651818476055108844 0.000000 0.000000 0 0 0.000000
1651818477055263159 0.000000 0.000000 0 0 0.000000
1651818478055393593 0.000000 0.000000 0 0 0.000000
1651818479055937349 0.000000 0.000000 0 0 0.000000
1651818480056431104 0.000000 0.000000 0 0 0.000000
1651818481057530340 0.000000 0.000000 0 0 0.000000
1651818482058030569 0.000000 0.000000 0 0 0.000000
1651818483058847109 0.000000 0.000000 0 0 0.000000
1651818484059959893 0.000000 0.000000 0 0 0.000000
1651818485061020641 0.000000 0.000000 0 0 0.000000
1651818486061855565 0.000000 0.000000 0 0 0.000000
1651818487062855466 0.000000 0.000000 0 0 0.000000
1651818488062947904 0.000000 0.000000 0 0 0.000000
1651818489064023462 0.000000 0.000000 0 0 0.000000
1651818490065116721 0.000000 0.000000 0 0 0.000000
1651818491065817909 0.000000 0.000000 0 0 0.000000
1651818492066740762 0.000000 0.000000 0 0 0.000000
1651818493067827928 0.000000 0.000000 0 0 0.000000
1651818494068946085 0.000000 0.000000 0 0 0.000000
1651818495068991790 0.000000 0.000000 0 0 0.000000
1651818495957558027 14642.235274 2.250817 2 0 0.000000
1651818496177553690 203.633618 4.545544 1 0 0.000000
1651818498071875786 0.000000 0.000000 0 0 0.000000
1651818499072859181 0.000000 0.000000 0 0 0.000000
1651818499909578894 26657.404080 1.195143 1 0 0.000000
1651818500965556448 31506.723817 1.893980 2 0 0.000000
1651818501177488834 202.757296 4.718487 1 0 0.000000
1651818502431536336 707.985441 1.594836 2 0 0.000000
1651818503979441320 708.223481 1.292069 2 0 0.000000
1651818505077463491 0.000000 0.000000 0 0 0.000000
1651818506077564385 0.000000 0.000000 0 0 0.000000
1651818507077959513 0.000000 0.000000 0 0 0.000000
1651818508078743095 0.000000 0.000000 0 0 0.000000
1651818508332550555 12114.655681 3.939994 1 0 0.000000
1651818509611535366 9692.634432 0.781870 1 0 0.000000
1651818510958477525 1213.127738 1.484845 2 0 0.000000
1651818512081742384 0.000000 0.000000 0 0 0.000000
1651818513082792506 0.000000 0.000000 0 0 0.000000
1651818513880507864 4174.649707 3.760740 3 0 0.000000
1651818514125422306 202.700735 4.083059 1 0 0.000000
1651818516083810751 0.000000 0.000000 0 0 0.000000
1651818517084471233 0.000000 0.000000 0 0 0.000000
1651818518085227883 0.000000 0.000000 0 0 0.000000
1651818519085965379 0.000000 0.000000 0 0 0.000000
1651818520086285710 0.000000 0.000000 0 0 0.000000
1651818521087390154 0.000000 0.000000 0 0 0.000000
1651818522087611095 0.000000 0.000000 0 0 0.000000
1651818523088757071 0.000000 0.000000 0 0 0.000000
1651818524089794018 0.000000 0.000000 0 0 0.000000
1651818525090661617 0.000000 0.000000 0 0 0.000000
1651818525994506478 5383.690311 3.319154 3 0 0.000000
1651818527091771181 0.000000 0.000000 0 0 0.000000
1651818528092688962 0.000000 0.000000 0 0 0.000000
1651818529093526762 0.000000 0.000000 0 0 0.000000
1651818529151505075 18168.780111 17.247848 1 0 0.000000
1651818531095347350 0.000000 0.000000 0 0 0.000000
1651818532096150234 0.000000 0.000000 0 0 0.000000
1651818533097123444 0.000000 0.000000 0 0 0.000000
1651818534097525878 0.000000 0.000000 0 0 0.000000
1651818535098644872 0.000000 0.000000 0 0 0.000000
1651818536099677425 0.000000 0.000000 0 0 0.000000
1651818537100177803 0.000000 0.000000 0 0 0.000000
1651818538101206132 0.000000 0.000000 0 0 0.000000
1651818539101565566 0.000000 0.000000 0 0 0.000000
1651818540102443055 0.000000 0.000000 0 0 0.000000
1651818541102796340 0.000000 0.000000 0 0 0.000000
1651818542103822440 0.000000 0.000000 0 0 0.000000
1651818543104469853 0.000000 0.000000 0 0 0.000000
1651818544105388623 0.000000 0.000000 0 0 0.000000
1651818545105504572 0.000000 0.000000 0 0 0.000000
1651818546106614733 0.000000 0.000000 0 0 0.000000
1651818547107270456 0.000000 0.000000 0 0 0.000000
1651818548107354752 0.000000 0.000000 0 0 0.000000
1651818549107655567 0.000000 0.000000 0 0 0.000000
1651818550108658031 0.000000 0.000000 0 0 0.000000
1651818551109782084 0.000000 0.000000 0 0 0.000000
1651818552110151128 0.000000 0.000000 0 0 0.000000
1651818553110409473 0.000000 0.000000 0 0 0.000000
1651818554110934820 0.000000 0.000000 0 0 0.000000
1651818555111148943 0.000000 0.000000 0 0 0.000000
1651818556111972333 0.000000 0.000000 0 0 0.000000
1651818556269411246 52277.748131 6.351673 1 0 0.000000
1651818558113569163 0.000000 0.000000 0 0 0.000000
1651818559114465851 0.000000 0.000000 0 0 0.000000
1651818560114667245 0.000000 0.000000 0 0 0.000000
1651818561115579632 0.000000 0.000000 0 0 0.000000
1651818561889377056 9538.431679 5.169312 4 0 0.000000
1651818563094458402 4845.749296 6.638556 8 0 0.000000
1651818563603438287 203.061118 5.894143 3 0 0.000000
1651818565050392121 708.149110 1.382214 2 0 0.000000
1651818565759395469 203.374321 4.231292 3 0 0.000000
1651818566704398091 1060.425280 4.232793 4 0 0.000000
1651818568022349705 1212.642204 1.517506 2 0 0.000000
1651818568944318861 405.048439 5.423175 5 0 0.000000
1651818569853380628 203.352468 3.300106 3 0 0.000000
1651818571122667338 0.000000 0.000000 0 0 0.000000
1651818572123522203 0.000000 0.000000 0 0 0.000000
1651818572478399059 58335.628365 2.817879 1 0 0.000000
1651818574124942503 0.000000 0.000000 0 0 0.000000
1651818575125273165 0.000000 0.000000 0 0 0.000000
1651818576066390863 7267.701068 1.062566 1 0 0.000000
1651818577127204865 0.000000 0.000000 0 0 0.000000
1651818577596363043 708.440863 4.262955 2 0 0.000000
1651818579040296188 707.695746 1.385106 2 0 0.000000
1651818580129058347 0.000000 0.000000 0 0 0.000000
1651818581129533429 0.000000 0.000000 0 0 0.000000
1651818582130420189 0.000000 0.000000 0 0 0.000000
1651818583130938353 0.000000 0.000000 0 0 0.000000
1651818584131994555 0.000000 0.000000 0 0 0.000000
1651818585133053294 0.000000 0.000000 0 0 0.000000
1651818586134064844 0.000000 0.000000 0 0 0.000000
1651818587134692797 0.000000 0.000000 0 0 0.000000
1651818588135205873 0.000000 0.000000 0 0 0.000000
1651818589135715156 0.000000 0.000000 0 0 0.000000
1651818590136194499 0.000000 0.000000 0 0 0.000000
1651818591136308984 0.000000 0.000000 0 0 0.000000
1651818592137477705 0.000000 0.000000 0 0 0.000000
1651818593138096974 0.000000 0.000000 0 0 0.000000
1651818594138450664 0.000000 0.000000 0 0 0.000000
1651818594512540854 22004.044688 2.673153 1 0 0.000000
1651818596047523810 708.557997 1.302946 2 0 0.000000
1651818596290520110 203.655276 4.115289 1 0 0.000000
1651818598141516920 0.000000 0.000000 0 0 0.000000
1651818599142056674 0.000000 0.000000 0 0 0.000000
1651818600142430843 0.000000 0.000000 0 0 0.000000
1651818601142808371 0.000000 0.000000 0 0 0.000000
1651818602109391020 10699.044405 3.103718 3 0 0.000000
1651818603085398173 203.203700 4.098330 4 0 0.000000
1651818603809502140 202.817161 4.143053 3 0 0.000000
1651818605042462577 1213.608642 0.811056 1 0 0.000000
1651818606147983646 0.000000 0.000000 0 0 0.000000
1651818607148517136 0.000000 0.000000 0 0 0.000000
1651818608149381385 0.000000 0.000000 0 0 0.000000
1651818609150478276 0.000000 0.000000 0 0 0.000000
1651818610150609957 0.000000 0.000000 0 0 0.000000
1651818611150739173 0.000000 0.000000 0 0 0.000000
1651818612150880422 0.000000 0.000000 0 0 0.000000
1651818613151586624 0.000000 0.000000 0 0 0.000000
1651818614152175709 0.000000 0.000000 0 0 0.000000
1651818615153008862 0.000000 0.000000 0 0 0.000000
1651818616153676295 0.000000 0.000000 0 0 0.000000
1651818617153811330 0.000000 0.000000 0 0 0.000000
1651818617603503259 54501.832196 2.223745 1 0 0.000000
1651818619154727065 0.000000 0.000000 0 0 0.000000
1651818620155686592 0.000000 0.000000 0 0 0.000000
1651818621156481722 0.000000 0.000000 0 0 0.000000
1651818622157203311 0.000000 0.000000 0 0 0.000000
1651818623157387992 0.000000 0.000000 0 0 0.000000
1651818624148479530 27856.748384 1.008989 1 0 0.000000
1651818624384480105 203.023615 4.237278 1 0 0.000000
1651818626158725491 0.000000 0.000000 0 0 0.000000
1651818627159405964 0.000000 0.000000 0 0 0.000000
1651818628159911722 0.000000 0.000000 0 0 0.000000
1651818629160658404 0.000000 0.000000 0 0 0.000000
1651818630161255885 0.000000 0.000000 0 0 0.000000
1651818631162425882 0.000000 0.000000 0 0 0.000000
1651818632163486099 0.000000 0.000000 0 0 0.000000
1651818633164374271 0.000000 0.000000 0 0 0.000000
1651818634165026679 0.000000 0.000000 0 0 0.000000
1651818634976428386 3432.566148 3.697306 3 0 0.000000
1651818635964482395 28562.511263 2.024181 2 0 0.000000
1651818636959444802 203.434668 4.020252 4 0 0.000000
1651818637186375704 203.580252 4.406628 1 0 0.000000
1651818638414450041 1212.979073 0.814283 1 0 0.000000
1651818639873394452 708.033860 1.370854 2 0 0.000000
1651818640443422635 203.480266 3.508599 2 0 0.000000
1651818642170608702 0.000000 0.000000 0 0 0.000000
1651818643171422882 0.000000 0.000000 0 0 0.000000
1651818644172153835 0.000000 0.000000 0 0 0.000000
1651818645172772666 0.000000 0.000000 0 0 0.000000
1651818646173856003 0.000000 0.000000 0 0 0.000000
1651818646428418706 41372.655571 3.928305 1 0 0.000000
1651818647681425727 1213.637028 0.798080 1 0 0.000000
1651818649026413235 1212.992130 0.743501 1 0 0.000000
1651818650176967083 0.000000 0.000000 0 0 0.000000
1651818650495387502 708.219135 6.281006 2 0 0.000000
1651818652178434046 0.000000 0.000000 0 0 0.000000
1651818653179102769 0.000000 0.000000 0 0 0.000000
1651818654013386106 9049.821510 4.794535 4 0 0.000000
1651818655180614626 0.000000 0.000000 0 0 0.000000
1651818656180741284 0.000000 0.000000 0 0 0.000000
1651818657181653584 0.000000 0.000000 0 0 0.000000
1651818658182697860 0.000000 0.000000 0 0 0.000000
1651818659183787327 0.000000 0.000000 0 0 0.000000
1651818659893366484 8209.458946 4.227859 3 0 0.000000
1651818661185183937 0.000000 0.000000 0 0 0.000000
1651818662185601131 0.000000 0.000000 0 0 0.000000
1651818663186426714 0.000000 0.000000 0 0 0.000000
1651818664187390079 0.000000 0.000000 0 0 0.000000
1651818665188567725 0.000000 0.000000 0 0 0.000000
1651818665986287184 3836.353151 5.014294 4 0 0.000000
1651818666196348983 202.901780 4.760505 1 0 0.000000
1651818668189379201 0.000000 0.000000 0 0 0.000000
1651818669190269558 0.000000 0.000000 0 0 0.000000
1651818670191056772 0.000000 0.000000 0 0 0.000000
1651818671191415754 0.000000 0.000000 0 0 0.000000
1651818672192398474 0.000000 0.000000 0 0 0.000000
1651818673192905768 0.000000 0.000000 0 0 0.000000
1651818674193052881 0.000000 0.000000 0 0 0.000000
1651818675193484388 0.000000 0.000000 0 0 0.000000
1651818676194257265 0.000000 0.000000 0 0 0.000000
1651818677195048169 0.000000 0.000000 0 0 0.000000
1651818678195426041 0.000000 0.000000 0 0 0.000000
1651818679196189882 0.000000 0.000000 0 0 0.000000
1651818680197288094 0.000000 0.000000 0 0 0.000000
1651818681198211379 0.000000 0.000000 0 0 0.000000
1651818682199037353 0.000000 0.000000 0 0 0.000000
1651818683199865540 0.000000 0.000000 0 0 0.000000
1651818683782348813 9891.344069 5.150363 3 0 0.000000
1651818685201597710 0.000000 0.000000 0 0 0.000000
1651818686202632066 0.000000 0.000000 0 0 0.000000
1651818686559304292 1313.607887 5.607390 2 0 0.000000
1651818688204126881 0.000000 0.000000 0 0 0.000000
1651818689205173448 0.000000 0.000000 0 0 0.000000
1651818690206036613 0.000000 0.000000 0 0 0.000000
1651818691047300513 12615.902641 4.754751 4 0 0.000000
1651818692207391353 0.000000 0.000000 0 0 0.000000
1651818692889220818 12985.674467 4.399928 3 0 0.000000
1651818694137260172 876.523724 2.403770 3 0 0.000000
1651818694302224465 202.595171 6.061917 1 0 0.000000
1651818696070305745 607.407421 2.827924 5 0 0.000000
1651818697210608676 0.000000 0.000000 0 0 0.000000
1651818698027198602 455.386210 4.898420 4 0 0.000000
1651818698450272361 202.813744 4.727308 2 0 0.000000
1651818700131311632 10699.884913 2.379480 4 0 0.000000
1651818701075219015 202.789592 6.356556 6 0 0.000000
1651818701941297612 1214.094141 1.154630 1 0 0.000000
1651818703174295003 708.450435 3.244127 4 0 0.000000
1651818704013288624 707.479658 2.383808 2 0 0.000000
1651818704369265029 203.661426 2.809175 1 0 0.000000
1651818705887264859 1214.382439 1.976285 3 0 0.000000
1651818707130157861 707.653045 1.609149 2 0 0.000000
1651818708217219760 0.000000 0.000000 0 0 0.000000
1651818709218266922 0.000000 0.000000 0 0 0.000000
1651818710219243119 0.000000 0.000000 0 0 0.000000
1651818711219325623 0.000000 0.000000 0 0 0.000000
1651818712220222349 0.000000 0.000000 0 0 0.000000
1651818713221372966 0.000000 0.000000 0 0 0.000000
1651818714222478997 0.000000 0.000000 0 0 0.000000
1651818715223202409 0.000000 0.000000 0 0 0.000000
1651818716224036362 0.000000 0.000000 0 0 0.000000
1651818717225136229 0.000000 0.000000 0 0 0.000000
1651818718225972997 0.000000 0.000000 0 0 0.000000
1651818718903087302 11606.799749 2.953712 2 0 0.000000
1651818720187223667 1213.014029 0.778733 1 0 0.000000
1651818721227362335 0.000000 0.000000 0 0 0.000000
1651818722136213361 455.333871 4.401162 4 0 0.000000
1651818723227723226 0.000000 0.000000 0 0 0.000000
1651818723703236357 707.537738 4.205983 2 0 0.000000
1651818724932087621 1215.744668 0.813768 1 0 0.000000
1651818726229329476 0.000000 0.000000 0 0 0.000000
1651818727087105014 539.811473 3.497419 3 0 0.000000
1651818728188208991 5299.546971 3.632718 4 0 0.000000
1651818728877553656 708.553072 2.901306 2 0 0.000000
1651818730118236686 1213.209422 0.806008 1 0 0.000000
1651818731233048472 0.000000 0.000000 0 0 0.000000
1651818731348228101 1212.684972 8.682096 1 0 0.000000
1651818732648222993 1212.725471 0.769234 1 0 0.000000
1651818734223201275 708.249810 1.269859 2 0 0.000000
1651818735235003797 0.000000 0.000000 0 0 0.000000
1651818735451220803 1212.615443 4.624985 1 0 0.000000
1651818737236531739 0.000000 0.000000 0 0 0.000000
1651818738237508342 0.000000 0.000000 0 0 0.000000
1651818739238630856 0.000000 0.000000 0 0 0.000000
1651818740239693629 0.000000 0.000000 0 0 0.000000
1651818741240179777 0.000000 0.000000 0 0 0.000000
1651818742240635448 0.000000 0.000000 0 0 0.000000
1651818743241014402 0.000000 0.000000 0 0 0.000000
1651818744241352227 0.000000 0.000000 0 0 0.000000
1651818745242049780 0.000000 0.000000 0 0 0.000000
1651818746242193855 0.000000 0.000000 0 0 0.000000
1651818747049168619 6256.636050 3.717589 3 0 0.000000
1651818748068176611 203.408921 3.925386 4 0 0.000000
1651818748279172363 203.643931 4.739432 1 0 0.000000
1651818749952175080 13129.765745 2.390911 4 0 0.000000
1651818751191185781 1212.744089 0.807096 1 0 0.000000
1651818751755076727 404.955673 8.866963 5 0 0.000000
1651818753245532941 0.000000 0.000000 0 0 0.000000
1651818754226136683 405.136785 5.098900 5 0 0.000000
1651818755247173093 0.000000 0.000000 0 0 0.000000
1651818755594113017 1212.655906 2.882343 1 0 0.000000
