1652157521244505522 787.358928 0.000000
1652157521603965071 359.445185 0.000000
1652157521891294946 287.325012 0.000000
1652157522884923775 993.624398 0.000000
1652157523312000874 427.072364 0.000000
1652157523524146181 212.140194 0.000000
1652157523738933754 214.782206 0.000000
1652157524740995046 1002.055724 0.000000
1652157526324788070 1583.789709 0.000000
1652157527267062927 942.268331 0.000000
1652157528665025366 1397.956295 0.000000
1652157529232613950 567.583652 0.000000
1652157529447189304 214.570138 0.000000
1652157529659916571 212.722841 0.000000
1652157530665903546 1005.982545 0.000000
1652157531238436103 572.527947 0.000000
1652157531452477048 214.035407 0.000000
1652157531880988589 428.505828 0.000000
1652157531952903591 71.909981 0.000000
1652157534806968087 2854.060612 0.000000
1652157536435718955 1628.745610 0.000000
1652157536649555941 213.831393 0.000000
1652157537644387865 994.827319 0.000000
1652157537858992904 214.599345 0.000000
1652157538463673401 604.676518 0.000000
1652157538677752910 214.074622 0.000000
1652157538890339179 212.561105 0.000000
1652157539103864164 213.520424 0.000000
1652157539752883383 649.014635 0.000000
1652157541824960029 2072.071535 0.000000
1652157542113268967 288.303756 0.000000
1652157543011737133 898.462567 0.000000
1652157543226135531 214.392905 0.000000
1652157543731183843 505.043461 0.000000
1652157544604287474 873.099046 0.000000
1652157545033432668 429.139984 0.000000
1652157547387869323 2354.431784 0.000000
1652157547601957884 214.083132 0.000000
1652157549416776759 1814.814033 0.000000
1652157549777311899 360.529707 0.000000
1652157552365423296 2588.106966 0.000000
1652157552437872393 72.443781 0.000000
1652157557010365470 4572.489282 0.000000
1652157558192039868 1181.669241 0.000000
1652157558478897414 286.852264 0.000000
1652157559634403689 1155.502729 0.000000
1652157561370015912 1735.607472 0.000000
1652157562109021893 739.001260 0.000000
1652157563273243264 1164.215397 0.000000
1652157563347197545 73.948920 0.000000
1652157563786619846 439.418472 0.000000
1652157564511596636 724.971840 0.000000
1652157564727260898 215.658769 0.000000
1652157564944148789 216.881551 0.000000
1652157565525724687 581.571538 0.000000
1652157566170408457 644.678963 0.000000
1652157567463376973 1292.963665 0.000000
1652157568108353098 644.971209 0.000000
1652157568324339330 215.981321 0.000000
1652157568653815871 329.472325 0.000000
1652157569519868561 866.048955 0.000000
1652157574545112521 5025.237806 0.000000
1652157575148840105 603.722943 0.000000
1652157575364912287 216.066589 0.000000
1652157575580464374 215.547927 0.000000
1652157576010165265 429.696175 0.000000
1652157576227022531 216.852405 0.000000
1652157576806696396 579.669630 0.000000
1652157577097592912 290.892125 0.000000
1652157577463841819 366.244845 0.000000
1652157577680173145 216.325492 0.000000
1652157578541749452 861.572357 0.000000
1652157578835950724 294.196059 0.000000
1652157579050605513 214.650555 0.000000
1652157579285205757 234.594500 0.000000
1652157580581782985 1296.571985 0.000000
1652157581163193350 581.385602 0.000000
1652157581379277656 216.079154 0.000000
1652157583143689276 1764.406729 0.000000
1652157583359024033 215.329554 0.000000
1652157583997015153 637.986660 0.000000
1652157584211540729 214.520745 0.000000
1652157584501854373 290.309765 0.000000
1652157584935720639 433.861380 0.000000
1652157585738192871 802.467271 0.000000
1652157587134158058 1395.960622 0.000000
1652157589029082160 1894.918639 0.000000
1652157591119410262 2090.322599 0.000000
1652157591552009809 432.594350 0.000000
1652157593804333638 2252.319063 0.000000
1652157594454150034 649.811375 0.000000
1652157594746224569 292.068536 0.000000
1652157594962997459 216.766635 0.000000
1652157597358797836 2395.795450 0.000000
1652157598012604990 653.800058 0.000000
1652157599461620740 1449.011345 0.000000
1652157599753327967 291.701022 0.000000
1652157600338478713 585.146786 0.000000
1652157600555121014 216.636247 0.000000
1652157601653568117 1098.442111 0.000000
1652157602193715456 540.142826 0.000000
1652157604155774055 1962.053638 0.000000
1652157604890151561 734.372347 0.000000
1652157606760472021 1870.314877 0.000000
1652157606978023971 217.547280 0.000000
1652157607204851915 226.823719 0.000000
1652157607430402364 225.545713 0.000000
1652157608164648757 734.242308 0.000000
1652157608381918094 217.264651 0.000000
1652157609243739717 861.815875 0.000000
1652157610110641349 866.896716 0.000000
1652157610329189093 218.542251 0.000000
1652157612720470477 2391.276718 0.000000
1652157612946713604 226.237835 0.000000
1652157614042198763 1095.480424 0.000000
1652157615568415254 1526.211539 0.000000
1652157617958164540 2389.745068 0.000000
1652157618614033095 655.864236 0.000000
1652157618906459687 292.421053 0.000000
1652157619596936277 690.471899 0.000000
1652157620182461640 585.520501 0.000000
1652157620398547577 216.080684 0.000000
1652157620614859645 216.307063 0.000000
1652157621268703494 653.839284 0.000000
1652157622262034081 993.325580 0.000000
1652157622479784659 217.745251 0.000000
1652157622697152982 217.361458 0.000000
1652157623580919005 883.761287 0.000000
1652157623799119040 218.194467 0.000000
1652157624015438892 216.314991 0.000000
1652157624449112043 433.668359 0.000000
1652157625101235305 652.118807 0.000000
1652157627231532569 2130.292563 0.000000
1652157627448703091 217.165812 0.000000
1652157628920449958 1471.742737 0.000000
1652157630015447546 1094.992712 0.000000
1652157630232821283 217.369256 0.000000
1652157630713264299 480.438206 0.000000
1652157631295009730 581.739838 0.000000
1652157633921929094 2626.914636 0.000000
1652157634139706631 217.773167 0.000000
1652157635944511249 1804.799761 0.000000
1652157636163914090 219.398784 0.000000
1652157638362788332 2198.868142 0.000000
1652157639894687833 1531.894406 0.000000
1652157640921623423 1026.932566 0.000000
1652157640997911310 76.282249 0.000000
1652157641890900934 892.984662 0.000000
1652157643589425645 1698.519849 0.000000
1652157645726864120 2137.433939 0.000000
1652157645943606385 216.737154 0.000000
1652157646161147951 217.537277 0.000000
1652157647493381615 1332.228688 0.000000
1652157647960560970 467.173186 0.000000
1652157648178004320 217.437687 0.000000
1652157648615722993 437.713927 0.000000
1652157649280470153 664.741828 0.000000
1652157649427704210 147.228995 0.000000
1652157649690591673 262.882687 0.000000
1652157651978918237 2288.321597 0.000000
1652157652567628061 588.704306 0.000000
1652157654032605077 1464.972036 0.000000
1652157654332774678 300.164347 0.000000
1652157654930525827 597.746858 0.000000
1652157655148000160 217.468515 0.000000
1652157655667463986 519.459081 0.000000
1652157656256649168 589.180553 0.000000
1652157656553315132 296.661365 0.000000
1652157657141539310 588.219838 0.000000
1652157657567341728 425.797621 0.000000
1652157657863120152 295.773994 0.000000
1652157658891911246 1028.786298 0.000000
1652157659110855952 218.940020 0.000000
1652157659331259134 220.398206 0.000000
1652157660868104465 1536.841432 0.000000
1652157661127706755 259.597304 0.000000
1652157661734445157 606.733416 0.000000
1652157662328527401 594.077263 0.000000
1652157662545755470 217.222756 0.000000
1652157662782725848 236.966024 0.000000
1652157665307724955 2524.994978 0.000000
1652157665606089576 298.359427 0.000000
1652157666482503796 876.409128 0.000000
1652157669517453955 3034.944365 0.000000
1652157669736619865 219.160488 0.000000
1652157670107687523 371.062139 0.000000
1652157670328912424 221.220150 0.000000
1652157672102220982 1773.304012 0.000000
1652157672323138262 220.911051 0.000000
1652157673134273143 811.130360 0.000000
1652157673354235148 219.957520 0.000000
1652157673791825265 437.585282 0.000000
1652157674011074896 219.245222 0.000000
1652157674975633999 964.554186 0.000000
1652157675788952495 813.313458 0.000000
1652157677206430812 1417.473156 0.000000
1652157678091421188 884.985808 0.000000
1652157678311325606 219.899115 0.000000
1652157678531436793 220.105936 0.000000
1652157679655931570 1124.489529 0.000000
1652157680400847078 744.909779 0.000000
1652157681211590681 810.738591 0.000000
1652157681583762735 372.166025 0.000000
1652157682182431025 598.663619 0.000000
1652157682992542158 810.106081 0.000000
1652157684567487251 1574.940215 0.000000
1652157684785520649 218.028347 0.000000
1652157685155761222 370.235762 0.000000
1652157685376550448 220.783894 0.000000
1652157685816460503 439.903906 0.000000
1652157686780890007 964.423164 0.000000
1652157687001267460 220.372817 0.000000
1652157687223557958 222.285447 0.000000
1652157687443616785 220.054000 0.000000
1652157687664957110 221.335564 0.000000
1652157688322769456 657.808271 0.000000
1652157688542634967 219.860379 0.000000
1652157688778206710 235.566200 0.000000
1652157689990282286 1212.070339 0.000000
1652157690068814931 78.528019 0.000000
1652157692113895437 2045.075544 0.000000
1652157692772048611 658.147832 0.000000
1652157692992352503 220.299031 0.000000
1652157693211999374 219.641943 0.000000
