1652157522260977100 1650.580298 0.000000
1652157522333376947 72.384646 0.000000
1652157524723788098 2390.408222 0.000000
1652157525089478928 365.685622 0.000000
1652157525949416955 859.933458 0.000000
1652157526884483580 935.055073 0.000000
1652157527602569285 718.080658 0.000000
1652157528246098434 643.524414 0.000000
1652157531677757323 3431.654007 0.000000
1652157534266876238 2589.113674 0.000000
1652157535424250193 1157.368883 0.000000
1652157535638768371 214.512991 0.000000
1652157536581580811 942.807143 0.000000
1652157538859918530 2278.332903 0.000000
1652157540809292444 1949.368180 0.000000
1652157541956931234 1147.633132 0.000000
1652157544724894945 2767.958674 0.000000
1652157545302484210 577.584153 0.000000
1652157546495816448 1193.326940 0.000000
1652157546717563032 221.741292 0.000000
1652157547078926462 361.358373 0.000000
1652157547293844211 214.912974 0.000000
1652157547367007962 73.160220 0.000000
1652157548016152703 649.140110 0.000000
1652157548089836764 73.680938 0.000000
1652157548450321391 360.480993 0.000000
1652157549057886430 607.560598 0.000000
1652157551758759967 2700.868570 0.000000
1652157556591461315 4832.692031 0.000000
1652157557528816789 937.349214 0.000000
1652157558801770688 1272.948607 0.000000
1652157558876274642 74.499299 0.000000
1652157560854122000 1977.843634 0.000000
1652157561661752607 807.624794 0.000000
1652157562971666238 1309.908875 0.000000
1652157563333585367 361.913351 0.000000
1652157565591674702 2258.084795 0.000000
1652157566459878388 868.198894 0.000000
1652157566896987287 437.104102 0.000000
1652157566971005409 74.014930 0.000000
1652157568487034990 1516.025266 0.000000
1652157569144294787 657.251889 0.000000
1652157576399419812 7255.120049 0.000000
1652157577702935807 1303.511164 0.000000
1652157578866944134 1164.003245 0.000000
1652157580978976168 2112.026426 0.000000
1652157582047193612 1068.211806 0.000000
1652157584680215443 2632.996356 0.000000
1652157589336028029 4655.805916 0.000000
1652157589776092939 440.059937 0.000000
1652157590512509090 736.411579 0.000000
1652157590909964601 397.449968 0.000000
1652157591928023771 1018.054280 0.000000
1652157592290172356 362.143302 0.000000
1652157593748916863 1458.739636 0.000000
1652157593974429641 225.507911 0.000000
1652157595081532732 1107.099589 0.000000
1652157595593386441 511.849126 0.000000
1652157596696033167 1102.641205 0.000000
1652157596771808505 75.770138 0.000000
1652157600145156411 3373.344314 0.000000
1652157604427426742 4282.264507 0.000000
1652157604644006322 216.574377 0.000000
1652157607844025752 3200.014854 0.000000
1652157608138242402 294.211418 0.000000
1652157609814443207 1676.196159 0.000000
1652157612425748139 2611.299705 0.000000
1652157616310739207 3884.985956 0.000000
1652157616860781179 550.037016 0.000000
1652157619262044689 2401.258367 0.000000
1652157619557978825 295.929684 0.000000
1652157621478239579 1920.255538 0.000000
1652157622063885714 585.641585 0.000000
1652157622872025521 808.134880 0.000000
1652157623095568949 223.538747 0.000000
1652157623537934615 442.361207 0.000000
1652157624806234305 1268.295395 0.000000
1652157626949913465 2143.673668 0.000000
1652157628055566614 1105.647470 0.000000
1652157630510351801 2454.780135 0.000000
1652157631907601644 1397.244073 0.000000
1652157636112364873 4204.757209 0.000000
1652157636188629271 76.259015 0.000000
1652157636412073096 223.439642 0.000000
1652157637027243142 615.165994 0.000000
1652157638336197991 1308.949879 0.000000
1652157639829385603 1493.182956 0.000000
1652157640582418901 753.028292 0.000000
1652157642203631162 1621.207239 0.000000
1652157642500300704 296.664004 0.000000
1652157642719138917 218.833367 0.000000
1652157644188005733 1468.862556 0.000000
1652157644785604282 597.593734 0.000000
1652157645423833920 638.224526 0.000000
1652157645729327723 305.487825 0.000000
1652157645955507086 226.171224 0.000000
1652157646472222986 516.710432 0.000000
1652157651435103279 4962.874705 0.000000
1652157651653323074 218.187000 0.000000
1652157653571738832 1918.411016 0.000000
1652157654605851921 1034.107480 0.000000
1652157660754628168 6148.771369 0.000000
1652157661423168956 668.535554 0.000000
1652157662013902305 590.729241 0.000000
1652157662309816381 295.908177 0.000000
1652157663374661422 1064.840641 0.000000
1652157666160721834 2786.055851 0.000000
1652157666750816358 590.089539 0.000000
1652157666972584207 221.762792 0.000000
1652157667194862817 222.274065 0.000000
1652157668221412606 1026.544452 0.000000
1652157668879625948 658.206527 0.000000
1652157669178283693 298.652775 0.000000
1652157670490061301 1311.772486 0.000000
1652157671230246068 740.179033 0.000000
1652157673522595072 2292.344508 0.000000
1652157673741907690 219.307411 0.000000
1652157674329982674 588.070799 0.000000
1652157676273590451 1943.603071 0.000000
1652157676571286436 297.689560 0.000000
1652157677402405709 831.114117 0.000000
1652157677632548294 230.136946 0.000000
1652157678675238142 1042.684706 0.000000
1652157682417788022 3742.544051 0.000000
1652157683160925478 743.131928 0.000000
1652157683460765938 299.835527 0.000000
1652157684202579932 741.808374 0.000000
1652157687954084391 3751.498560 0.000000
1652157690770010271 2815.919796 0.000000
1652157691749581742 979.566772 0.000000
1652157693583878603 1834.290527 0.000000
