1652157521942858545 1295.638570 0.000000
1652157522155990243 213.117901 0.000000
1652157522369871986 213.876500 0.000000
1652157522583369146 213.493277 0.000000
1652157524229442553 1646.069006 0.000000
1652157525536165504 1306.716396 0.000000
1652157526339344151 803.173837 0.000000
1652157526753708884 414.360286 0.000000
1652157527114788096 361.075047 0.000000
1652157527328162464 213.369085 0.000000
1652157528544533520 1216.366987 0.000000
1652157528831425663 286.887026 0.000000
1652157530368775382 1537.345714 0.000000
1652157530944971764 576.190476 0.000000
1652157532466332216 1521.356353 0.000000
1652157533968753542 1502.416293 0.000000
1652157535132026841 1163.267660 0.000000
1652157536930202185 1798.170657 0.000000
1652157537143617779 213.411275 0.000000
1652157537432608203 288.985592 0.000000
1652157537647894918 215.282133 0.000000
1652157538221707758 573.809130 0.000000
1652157539401110229 1179.397795 0.000000
1652157540475339144 1074.224415 0.000000
1652157540689448937 214.104906 0.000000
1652157542276879979 1587.426701 0.000000
1652157542642084105 365.199450 0.000000
1652157543046071782 403.982991 0.000000
1652157543769560291 723.484053 0.000000
1652157543982038561 212.473279 0.000000
1652157545274689004 1292.646917 0.000000
1652157545489791721 215.097546 0.000000
1652157545706460457 216.663934 0.000000
1652157547639384741 1932.920500 0.000000
1652157547852754871 213.365341 0.000000
1652157548068293229 215.512573 0.000000
1652157548283561882 215.264241 0.000000
1652157548711422560 427.856554 0.000000
1652157548925124922 213.697751 0.000000
1652157552306463348 3381.334041 0.000000
1652157552735442715 428.973944 0.000000
1652157556617778511 3882.330675 0.000000
1652157556833124305 215.341053 0.000000
1652157557046067788 212.939368 0.000000
1652157557261220990 215.147052 0.000000
1652157557839876285 578.651131 0.000000
1652157558494462870 654.581666 0.000000
1652157561016407234 2521.939998 0.000000
1652157561818832686 802.420245 0.000000
1652157562178346645 359.508930 0.000000
1652157563622752985 1444.401158 0.000000
1652157565216982396 1594.224140 0.000000
1652157565865458287 648.470628 0.000000
1652157566446590465 581.127452 0.000000
1652157566661932063 215.336311 0.000000
1652157568106379926 1444.444133 0.000000
1652157574828200638 6721.816531 0.000000
1652157575119380383 291.174477 0.000000
1652157577299163601 2179.777955 0.000000
1652157578243688797 944.520084 0.000000
1652157580058045551 1814.350834 0.000000
1652157580280962760 222.912503 0.000000
1652157582845447718 2564.480066 0.000000
1652157583660303867 814.851213 0.000000
1652157583875893019 215.583518 0.000000
1652157585402416026 1526.517108 0.000000
1652157586053395705 650.974647 0.000000
1652157586636229986 582.829270 0.000000
1652157586852576710 216.341046 0.000000
1652157587501657223 649.076383 0.000000
1652157587718871971 217.210318 0.000000
1652157589184306128 1465.430078 0.000000
1652157589621833068 437.522138 0.000000
1652157589982300118 360.461789 0.000000
1652157590708779977 726.475147 0.000000
1652157591747695741 1038.908838 0.000000
1652157592629285688 881.585176 0.000000
1652157593062207705 432.916765 0.000000
1652157593279141956 216.929289 0.000000
1652157594773780006 1494.632941 0.000000
1652157595896817639 1123.033995 0.000000
1652157597713261998 1816.439502 0.000000
1652157599586732106 1873.465352 0.000000
1652157600096335424 509.598176 0.000000
1652157600171797088 75.456620 0.000000
1652157600314824161 143.023633 0.000000
1652157600829314880 514.486759 0.000000
1652157601991074337 1161.753424 0.000000
1652157602787897388 796.817843 0.000000
1652157603775512885 987.609859 0.000000
1652157604612805977 837.288235 0.000000
1652157605779709087 1166.897833 0.000000
1652157606004254641 224.540627 0.000000
1652157606450734997 446.475540 0.000000
1652157607252352726 801.611449 0.000000
1652157607468622122 216.264533 0.000000
1652157607903321815 434.695237 0.000000
1652157609079460893 1176.134287 0.000000
1652157613213702561 4134.235719 0.000000
1652157613884451072 670.743565 0.000000
1652157614101990217 217.532741 0.000000
1652157615934226675 1832.231797 0.000000
1652157616152965485 218.733613 0.000000
1652157616589041237 436.070278 0.000000
1652157620348994150 3759.947514 0.000000
1652157620790134555 441.133855 0.000000
1652157621015973899 225.834643 0.000000
1652157623278295925 2262.316745 0.000000
1652157625169093699 1890.791208 0.000000
1652157627936263638 2767.165308 0.000000
1652157628592442137 656.173342 0.000000
1652157629718733033 1126.285703 0.000000
1652157629961547030 242.808755 0.000000
1652157630050179465 88.628133 0.000000
1652157630891321516 841.138617 0.000000
1652157631785096169 893.770077 0.000000
1652157632875448058 1090.346982 0.000000
1652157633244209784 368.756333 0.000000
1652157635167826170 1923.610923 0.000000
1652157636422821138 1254.990142 0.000000
1652157636640878593 218.052098 0.000000
1652157637446668079 805.784857 0.000000
1652157641261600231 3814.927090 0.000000
1652157642690787031 1429.181397 0.000000
1652157642907782876 216.990425 0.000000
1652157643202560018 294.774412 0.000000
1652157644665181467 1462.616960 0.000000
1652157646706091822 2040.905281 0.000000
1652157647951914916 1245.817763 0.000000
1652157648329071057 377.151325 0.000000
1652157649946603743 1617.527950 0.000000
1652157650030119936 83.510730 0.000000
1652157650548947727 518.823937 0.000000
1652157651282131947 733.178177 0.000000
1652157652193004135 910.866750 0.000000
1652157652629784980 436.775648 0.000000
1652157653067188514 437.397580 0.000000
1652157653363457953 296.263777 0.000000
1652157655976767453 2613.304623 0.000000
1652157657305715491 1328.941178 0.000000
1652157657684077831 378.356320 0.000000
1652157658442697637 758.614654 0.000000
1652157659695539322 1252.836723 0.000000
1652157663134744544 3439.200030 0.000000
1652157664255616290 1120.866589 0.000000
1652157664484203292 228.581910 0.000000
1652157665002479447 518.270306 0.000000
1652157665868377613 865.893224 0.000000
1652157666714614545 846.232475 0.000000
1652157666940479180 225.859208 0.000000
1652157667693929789 753.445593 0.000000
1652157667915603073 221.668562 0.000000
1652157668365291594 449.683739 0.000000
1652157668594118690 228.822616 0.000000
1652157669185962863 591.839893 0.000000
1652157670712104172 1526.135627 0.000000
1652157671619689246 907.580799 0.000000
1652157671839802392 220.107738 0.000000
1652157674658904544 2819.096910 0.000000
1652157675194839059 535.929283 0.000000
1652157677503680318 2308.836172 0.000000
1652157677876766382 373.080752 0.000000
1652157678562887871 686.115560 0.000000
1652157679675720892 1112.827668 0.000000
1652157679895808453 220.082168 0.000000
1652157680116640646 220.827643 0.000000
1652157680901221037 784.576580 0.000000
1652157682680744738 1779.518831 0.000000
1652157684782065193 2101.314723 0.000000
1652157689082473664 4300.403479 0.000000
1652157689822987777 740.509141 0.000000
1652157690561768258 738.775388 0.000000
1652157691000735825 438.962100 0.000000
1652157691221904071 221.162578 0.000000
1652157691441310885 219.401141 0.000000
1652157692473028838 1031.713440 0.000000
