1652157520948460830 359.255200 0.000000
1652157522097877849 1149.407232 0.000000
1652157523686955406 1589.072379 0.000000
1652157523975249459 288.287608 0.000000
1652157524192333560 217.079069 0.000000
1652157525509961073 1317.622832 0.000000
1652157526731399601 1221.433262 0.000000
1652157527095746950 364.342750 0.000000
1652157527671207733 575.456159 0.000000
1652157529943617285 2272.404720 0.000000
1652157533892681285 3949.058582 0.000000
1652157533965300680 72.613506 0.000000
1652157534688111904 722.806654 0.000000
1652157535811308690 1123.192069 0.000000
1652157536126573856 315.256441 0.000000
1652157538453279733 2326.700524 0.000000
1652157539389453529 936.169270 0.000000
1652157540831964613 1442.505972 0.000000
1652157543231571701 2399.602362 0.000000
1652157544131368040 899.790680 0.000000
1652157545436991677 1305.617968 0.000000
1652157545869766368 432.769188 0.000000
1652157546088886644 219.115525 0.000000
1652157546308877143 219.986094 0.000000
1652157548879509792 2570.628549 0.000000
1652157549541324726 661.810193 0.000000
1652157552143656492 2602.327070 0.000000
1652157552789391541 645.729691 0.000000
1652157558669088454 5879.692042 0.000000
1652157558742517693 73.424517 0.000000
1652157559989887428 1247.366131 0.000000
1652157560204789157 214.898241 0.000000
1652157560742945815 538.152588 0.000000
1652157562630686732 1887.736167 0.000000
1652157562848183686 217.491811 0.000000
1652157564006889735 1158.701714 0.000000
1652157564226772497 219.876903 0.000000
1652157565189105487 962.329472 0.000000
1652157567149701223 1960.590849 0.000000
1652157567803699052 653.992384 0.000000
1652157568093879929 290.176865 0.000000
1652157568921558039 827.672853 0.000000
1652157574353445379 5431.882178 0.000000
1652157575376344945 1022.894008 0.000000
1652157575746305688 369.955015 0.000000
1652157578055150925 2308.840355 0.000000
1652157578492764412 437.608270 0.000000
1652157579008389678 515.620460 0.000000
1652157580864299353 1855.904663 0.000000
1652157581155452558 291.148054 0.000000
1652157581588986925 433.529209 0.000000
1652157581879672712 290.680575 0.000000
1652157584336507701 2456.830468 0.000000
1652157586303338057 1966.825284 0.000000
1652157587977147687 1673.804793 0.000000
1652157589646607602 1669.454036 0.000000
1652157590154953623 508.339405 0.000000
1652157590736175500 581.216951 0.000000
1652157592271582877 1535.402236 0.000000
1652157593414190620 1142.602488 0.000000
1652157595269777281 1855.581233 0.000000
1652157595562311466 292.529163 0.000000
1652157595831878068 269.562051 0.000000
1652157596145104685 313.221927 0.000000
1652157596419061649 273.952689 0.000000
1652157597518437796 1099.372188 0.000000
1652157598990308640 1471.865210 0.000000
1652157601176547278 2186.233335 0.000000
1652157601394227763 217.674786 0.000000
1652157604108887835 2714.655581 0.000000
1652157604184366960 75.473256 0.000000
1652157606145213130 1960.842386 0.000000
1652157609123498476 2978.280030 0.000000
1652157614228961534 5105.457930 0.000000
1652157615908812204 1679.844320 0.000000
1652157617655735926 1746.918691 0.000000
1652157618100504382 444.763139 0.000000
1652157618322253956 221.744441 0.000000
1652157619724059496 1401.800913 0.000000
1652157620548694253 824.630232 0.000000
1652157620625191705 76.492621 0.000000
1652157621287078178 661.881973 0.000000
1652157622899544257 1612.461303 0.000000
1652157623966446981 1066.897347 0.000000
1652157624411343999 444.891650 0.000000
1652157625217678980 806.330000 0.000000
1652157625511135263 293.451533 0.000000
1652157626101852679 590.712435 0.000000
1652157627673901905 1572.043944 0.000000
1652157629076518096 1402.611109 0.000000
1652157629303204837 226.682010 0.000000
1652157629527096801 223.887744 0.000000
1652157632164018250 2636.917344 0.000000
1652157632240669442 76.646000 0.000000
1652157632465278019 224.604371 0.000000
1652157632908741885 443.458188 0.000000
1652157633407544005 498.797018 0.000000
1652157635561802726 2154.253228 0.000000
1652157637052546567 1490.738413 0.000000
1652157640767981311 3715.429367 0.000000
1652157642510030634 1742.044357 0.000000
1652157643032481430 522.445153 0.000000
1652157643251149139 218.661878 0.000000
1652157646869433639 3618.280276 0.000000
1652157647311616014 442.176356 0.000000
1652157647682931830 371.310428 0.000000
1652157648787819725 1104.883591 0.000000
1652157649015307957 227.483396 0.000000
1652157650202736991 1187.424448 0.000000
1652157652359992667 2157.247713 0.000000
1652157653409970787 1049.973160 0.000000
1652157654589926885 1179.950151 0.000000
1652157656577738317 1987.806169 0.000000
1652157656796475257 218.730722 0.000000
1652157658864757505 2068.278054 0.000000
1652157659464380822 599.617991 0.000000
1652157660569335014 1104.948534 0.000000
1652157663404224185 2834.885397 0.000000
1652157663623196964 218.967146 0.000000
1652157664311877364 688.674270 0.000000
1652157664780158623 468.275821 0.000000
1652157666728403896 1948.239377 0.000000
1652157668196582153 1468.173247 0.000000
1652157668930652007 734.064482 0.000000
1652157670887618709 1956.961514 0.000000
1652157671256161237 368.537292 0.000000
1652157671478075468 221.909171 0.000000
1652157672440926282 962.846157 0.000000
1652157672811210522 370.279153 0.000000
1652157673109122981 297.907328 0.000000
1652157673709842541 600.714247 0.000000
1652157675366591150 1656.743312 0.000000
1652157676056920111 690.323897 0.000000
1652157677025440918 968.513608 0.000000
1652157678286734395 1261.288099 0.000000
1652157679030390312 743.648906 0.000000
1652157680569512331 1539.116657 0.000000
1652157684577710255 4008.192731 0.000000
1652157684955223313 377.507409 0.000000
1652157685341013864 385.785790 0.000000
1652157686086753646 745.734869 0.000000
1652157686750939488 664.180974 0.000000
1652157686982179712 231.236342 0.000000
1652157689419187067 2437.002982 0.000000
1652157689641908143 222.715894 0.000000
1652157689787426846 145.514197 0.000000
1652157690765082190 977.651365 0.000000
