1652157521610493949 0.000000 0.000000 0 0 0.000000
1652157522333376947 861.482472 2.766700 2 0 0.000000
1652157523612253876 0.000000 0.000000 0 0 0.000000
1652157524613300511 0.000000 0.000000 0 0 0.000000
1652157525089478928 1378.046922 4.200107 2 0 0.000000
1652157525949416955 859.933458 1.162874 1 0 0.000000
1652157527602569285 826.567865 1.209810 2 0 0.000000
1652157528246098434 643.524414 1.553931 1 0 0.000000
1652157529615400477 0.000000 0.000000 0 0 0.000000
1652157530616411971 0.000000 0.000000 0 0 0.000000
1652157531616865732 0.000000 0.000000 0 0 0.000000
1652157531677757323 3431.654007 16.422649 1 0 0.000000
1652157533618078305 0.000000 0.000000 0 0 0.000000
1652157534266876238 2589.113674 1.541312 1 0 0.000000
1652157535424250193 1157.368883 0.864025 1 0 0.000000
1652157536581580811 578.660067 1.728115 2 0 0.000000
1652157537621371523 0.000000 0.000000 0 0 0.000000
1652157538622337506 0.000000 0.000000 0 0 0.000000
1652157538859918530 2278.332903 4.209092 1 0 0.000000
1652157540623578578 0.000000 0.000000 0 0 0.000000
1652157540809292444 1949.368180 5.384630 1 0 0.000000
1652157541956931234 1147.633132 0.871354 1 0 0.000000
1652157543624783139 0.000000 0.000000 0 0 0.000000
1652157544625404629 0.000000 0.000000 0 0 0.000000
1652157545302484210 1672.771414 2.953863 2 0 0.000000
1652157546495816448 1193.326940 0.837990 1 0 0.000000
1652157547367007962 217.793215 4.591413 4 0 0.000000
1652157548450321391 361.100680 2.769282 3 0 0.000000
1652157549057886430 607.560598 1.645914 1 0 0.000000
1652157550628775583 0.000000 0.000000 0 0 0.000000
1652157551629575824 0.000000 0.000000 0 0 0.000000
1652157551758759967 2700.868570 7.740893 1 0 0.000000
1652157553630839989 0.000000 0.000000 0 0 0.000000
1652157554631371876 0.000000 0.000000 0 0 0.000000
1652157555632015935 0.000000 0.000000 0 0 0.000000
1652157556591461315 4832.692031 1.042269 1 0 0.000000
1652157557528816789 937.349214 1.066831 1 0 0.000000
1652157558634699819 0.000000 0.000000 0 0 0.000000
1652157558876274642 673.723953 8.279012 2 0 0.000000
1652157560635578131 0.000000 0.000000 0 0 0.000000
1652157560854122000 1977.843634 4.575739 1 0 0.000000
1652157561661752607 807.624794 1.238190 1 0 0.000000
1652157563333585367 835.911113 1.196292 2 0 0.000000
1652157564637962780 0.000000 0.000000 0 0 0.000000
1652157565591674702 2258.084795 1.048535 1 0 0.000000
1652157566459878388 868.198894 1.151803 1 0 0.000000
1652157566971005409 255.559516 3.912922 2 0 0.000000
1652157568487034990 1516.025266 0.659618 1 0 0.000000
1652157569144294787 657.251889 1.521468 1 0 0.000000
1652157570642163356 0.000000 0.000000 0 0 0.000000
1652157571642720410 0.000000 0.000000 0 0 0.000000
1652157572643835752 0.000000 0.000000 0 0 0.000000
1652157573644845573 0.000000 0.000000 0 0 0.000000
1652157574645532836 0.000000 0.000000 0 0 0.000000
1652157575646315010 0.000000 0.000000 0 0 0.000000
1652157576399419812 7255.120049 1.327836 1 0 0.000000
1652157577647354230 0.000000 0.000000 0 0 0.000000
1652157577702935807 1303.511164 17.991597 1 0 0.000000
1652157578866944134 1164.003245 0.859100 1 0 0.000000
1652157580648619326 0.000000 0.000000 0 0 0.000000
1652157580978976168 2112.026426 3.027030 1 0 0.000000
1652157582047193612 1068.211806 0.936139 1 0 0.000000
1652157583650722648 0.000000 0.000000 0 0 0.000000
1652157584651286570 0.000000 0.000000 0 0 0.000000
1652157584680215443 2632.996356 34.567607 1 0 0.000000
1652157586653095598 0.000000 0.000000 0 0 0.000000
1652157587653770839 0.000000 0.000000 0 0 0.000000
1652157588654632459 0.000000 0.000000 0 0 0.000000
1652157589336028029 4655.805916 1.467576 1 0 0.000000
1652157590512509090 588.235758 1.699985 2 0 0.000000
1652157590909964601 397.449968 2.516005 1 0 0.000000
1652157592290172356 690.098791 1.449057 2 0 0.000000
1652157593657436333 0.000000 0.000000 0 0 0.000000
1652157593974429641 842.123773 6.309283 2 0 0.000000
1652157595593386441 809.474357 1.235363 2 0 0.000000
1652157596660006622 0.000000 0.000000 0 0 0.000000
1652157596771808505 589.205672 17.888799 2 0 0.000000
1652157598661916735 0.000000 0.000000 0 0 0.000000
1652157599662759082 0.000000 0.000000 0 0 0.000000
1652157600145156411 3373.344314 2.072980 1 0 0.000000
1652157601663304442 0.000000 0.000000 0 0 0.000000
1652157602664379455 0.000000 0.000000 0 0 0.000000
1652157603664839519 0.000000 0.000000 0 0 0.000000
1652157604644006322 2249.419442 2.042553 2 0 0.000000
1652157605665989620 0.000000 0.000000 0 0 0.000000
1652157606666762127 0.000000 0.000000 0 0 0.000000
1652157607667605999 0.000000 0.000000 0 0 0.000000
1652157608138242402 1747.113136 4.249566 2 0 0.000000
1652157609668329255 0.000000 0.000000 0 0 0.000000
1652157609814443207 1676.196159 6.843973 1 0 0.000000
1652157611668996140 0.000000 0.000000 0 0 0.000000
1652157612425748139 2611.299705 1.321437 1 0 0.000000
1652157613670700810 0.000000 0.000000 0 0 0.000000
1652157614671778737 0.000000 0.000000 0 0 0.000000
1652157615672267790 0.000000 0.000000 0 0 0.000000
1652157616310739207 3884.985956 1.566241 1 0 0.000000
1652157616860781179 550.037016 1.818043 1 0 0.000000
1652157618673726566 0.000000 0.000000 0 0 0.000000
1652157619557978825 1348.594026 2.261798 2 0 0.000000
1652157620673982694 0.000000 0.000000 0 0 0.000000
1652157621478239579 1920.255538 1.243384 1 0 0.000000
1652157622063885714 585.641585 1.707516 1 0 0.000000
1652157623537934615 491.344945 2.035211 3 0 0.000000
1652157624676953224 0.000000 0.000000 0 0 0.000000
1652157624806234305 1268.295395 7.735088 1 0 0.000000
1652157626678104065 0.000000 0.000000 0 0 0.000000
1652157626949913465 2143.673668 3.679050 1 0 0.000000
1652157628055566614 1105.647470 0.904443 1 0 0.000000
1652157629679770318 0.000000 0.000000 0 0 0.000000
1652157630510351801 2454.780135 1.203976 1 0 0.000000
1652157631682015005 0.000000 0.000000 0 0 0.000000
1652157631907601644 1397.244073 4.432887 1 0 0.000000
1652157633682900366 0.000000 0.000000 0 0 0.000000
1652157634683700144 0.000000 0.000000 0 0 0.000000
1652157635684064375 0.000000 0.000000 0 0 0.000000
1652157636412073096 1501.485289 4.120830 3 0 0.000000
1652157637027243142 615.165994 1.625567 1 0 0.000000
1652157638336197991 1308.949879 0.763968 1 0 0.000000
1652157639686787580 0.000000 0.000000 0 0 0.000000
1652157640582418901 1123.105624 2.233062 2 0 0.000000
1652157641688976841 0.000000 0.000000 0 0 0.000000
1652157642500300704 958.935621 2.465107 2 0 0.000000
1652157642719138917 218.833367 4.569586 1 0 0.000000
1652157644188005733 1468.862556 0.680797 1 0 0.000000
1652157645423833920 617.909130 1.618348 2 0 0.000000
1652157646472222986 349.456494 2.861533 3 0 0.000000
1652157647692558309 0.000000 0.000000 0 0 0.000000
1652157648693621456 0.000000 0.000000 0 0 0.000000
1652157649694101573 0.000000 0.000000 0 0 0.000000
1652157650694887495 0.000000 0.000000 0 0 0.000000
1652157651653323074 2590.530853 2.086734 2 0 0.000000
1652157652696375586 0.000000 0.000000 0 0 0.000000
1652157653571738832 1918.411016 1.142383 1 0 0.000000
1652157654605851921 1034.107480 0.967012 1 0 0.000000
1652157655698403382 0.000000 0.000000 0 0 0.000000
1652157656698899874 0.000000 0.000000 0 0 0.000000
1652157657699041240 0.000000 0.000000 0 0 0.000000
1652157658700026985 0.000000 0.000000 0 0 0.000000
1652157659700432069 0.000000 0.000000 0 0 0.000000
1652157660700509467 0.000000 0.000000 0 0 0.000000
1652157661423168956 3408.653462 2.767556 2 0 0.000000
1652157662309816381 443.318709 2.255688 2 0 0.000000
1652157663374661422 1064.840641 0.939104 1 0 0.000000
1652157664703594155 0.000000 0.000000 0 0 0.000000
1652157665703759096 0.000000 0.000000 0 0 0.000000
1652157666160721834 2786.055851 2.188363 1 0 0.000000
1652157667194862817 344.708799 2.900958 3 0 0.000000
1652157668221412606 1026.544452 0.974137 1 0 0.000000
1652157669178283693 478.429651 2.090146 2 0 0.000000
1652157670490061301 1311.772486 0.762324 1 0 0.000000
1652157671230246068 740.179033 1.351014 1 0 0.000000
1652157672707962641 0.000000 0.000000 0 0 0.000000
1652157673522595072 2292.344508 1.227548 1 0 0.000000
1652157674329982674 403.689105 2.477125 2 0 0.000000
1652157675709831202 0.000000 0.000000 0 0 0.000000
1652157676571286436 1120.646316 2.321653 2 0 0.000000
1652157677632548294 530.625532 1.884549 2 0 0.000000
1652157678675238142 1042.684706 0.959058 1 0 0.000000
1652157679713113056 0.000000 0.000000 0 0 0.000000
1652157680713951316 0.000000 0.000000 0 0 0.000000
1652157681714699442 0.000000 0.000000 0 0 0.000000
1652157682417788022 3742.544051 1.422296 1 0 0.000000
1652157683460765938 521.483727 1.917586 2 0 0.000000
1652157684202579932 741.808374 1.348047 1 0 0.000000
1652157685717004178 0.000000 0.000000 0 0 0.000000
1652157686717679284 0.000000 0.000000 0 0 0.000000
1652157687718139692 0.000000 0.000000 0 0 0.000000
1652157687954084391 3751.498560 4.238281 1 0 0.000000
1652157689718683832 0.000000 0.000000 0 0 0.000000
1652157690719108845 0.000000 0.000000 0 0 0.000000
1652157690770010271 2815.919796 19.645823 1 0 0.000000
1652157691749581742 979.566772 1.020855 1 0 0.000000
1652157693583878603 1834.290527 0.545168 1 0 0.000000
