1652157521647149223 0.000000 0.000000 0 0 0.000000
1652157522583369146 484.031562 4.272501 4 0 0.000000
1652157523647991949 0.000000 0.000000 0 0 0.000000
1652157524229442553 1646.069006 1.719837 1 0 0.000000
1652157525536165504 1306.716396 0.765273 1 0 0.000000
1652157526339344151 803.173837 1.245053 1 0 0.000000
1652157527328162464 329.601473 3.033924 3 0 0.000000
1652157528544533520 1216.366987 0.822118 1 0 0.000000
1652157528831425663 286.887026 3.485631 1 0 0.000000
1652157530368775382 1537.345714 0.650470 1 0 0.000000
1652157530944971764 576.190476 1.735520 1 0 0.000000
1652157532466332216 1521.356353 0.657306 1 0 0.000000
1652157533654400710 0.000000 0.000000 0 0 0.000000
1652157533968753542 1502.416293 3.181140 1 0 0.000000
1652157535132026841 1163.267660 0.859643 1 0 0.000000
1652157536655613320 0.000000 0.000000 0 0 0.000000
1652157537647894918 628.962414 4.031114 4 0 0.000000
1652157538221707758 573.809130 1.742728 1 0 0.000000
1652157539401110229 1179.397795 0.847887 1 0 0.000000
1652157540475339144 1074.224415 0.930900 1 0 0.000000
1652157540689448937 214.104906 4.670501 1 0 0.000000
1652157542642084105 976.313075 1.024257 2 0 0.000000
1652157543046071782 403.982991 2.475323 1 0 0.000000
1652157543982038561 467.978666 2.136828 2 0 0.000000
1652157545489791721 753.872231 1.326477 2 0 0.000000
1652157545706460457 216.663934 4.615340 1 0 0.000000
1652157547639384741 1932.920500 0.517351 1 0 0.000000
1652157548283561882 214.714052 4.657104 3 0 0.000000
1652157548925124922 320.777152 3.117387 2 0 0.000000
1652157550666316287 0.000000 0.000000 0 0 0.000000
1652157551667264496 0.000000 0.000000 0 0 0.000000
1652157552306463348 3381.334041 1.564459 1 0 0.000000
1652157552735442715 428.973944 2.331114 1 0 0.000000
1652157554668627811 0.000000 0.000000 0 0 0.000000
1652157555669447815 0.000000 0.000000 0 0 0.000000
1652157556617778511 3882.330675 1.054485 1 0 0.000000
1652157557261220990 214.475824 4.662421 3 0 0.000000
1652157558494462870 616.616399 1.621742 2 0 0.000000
1652157559671547441 0.000000 0.000000 0 0 0.000000
1652157560672123042 0.000000 0.000000 0 0 0.000000
1652157561016407234 2521.939998 2.904577 1 0 0.000000
1652157562178346645 580.964587 1.721260 2 0 0.000000
1652157563622752985 1444.401158 0.692326 1 0 0.000000
1652157564675087090 0.000000 0.000000 0 0 0.000000
1652157565216982396 1594.224140 1.845375 1 0 0.000000
1652157566661932063 481.644797 2.076197 3 0 0.000000
1652157567676883944 0.000000 0.000000 0 0 0.000000
1652157568106379926 1444.444133 2.328311 1 0 0.000000
1652157569678829079 0.000000 0.000000 0 0 0.000000
1652157570679296569 0.000000 0.000000 0 0 0.000000
1652157571680355262 0.000000 0.000000 0 0 0.000000
1652157572681082962 0.000000 0.000000 0 0 0.000000
1652157573682068181 0.000000 0.000000 0 0 0.000000
1652157574682661494 0.000000 0.000000 0 0 0.000000
1652157575119380383 3506.495504 4.579606 2 0 0.000000
1652157576683704817 0.000000 0.000000 0 0 0.000000
1652157577299163601 2179.777955 1.624804 1 0 0.000000
1652157578243688797 944.520084 1.058733 1 0 0.000000
1652157579685003130 0.000000 0.000000 0 0 0.000000
1652157580280962760 1018.631668 3.355933 2 0 0.000000
1652157581685866289 0.000000 0.000000 0 0 0.000000
1652157582686283917 0.000000 0.000000 0 0 0.000000
1652157583660303867 1689.665639 2.053346 2 0 0.000000
1652157583875893019 215.583518 4.638453 1 0 0.000000
1652157585402416026 1526.517108 0.655083 1 0 0.000000
1652157586636229986 616.901958 1.620990 2 0 0.000000
1652157587501657223 432.708715 2.310997 2 0 0.000000
1652157587718871971 217.210318 4.603739 1 0 0.000000
1652157589621833068 951.476108 1.050994 2 0 0.000000
1652157589982300118 360.461789 2.774179 1 0 0.000000
1652157590708779977 726.475147 1.376501 1 0 0.000000
1652157592629285688 960.247007 1.041392 2 0 0.000000
1652157593279141956 324.923027 3.077604 2 0 0.000000
1652157594692474104 0.000000 0.000000 0 0 0.000000
1652157594773780006 1494.632941 12.299246 1 0 0.000000
1652157595896817639 1123.033995 0.890442 1 0 0.000000
1652157597694069698 0.000000 0.000000 0 0 0.000000
1652157597713261998 1816.439502 52.104256 1 0 0.000000
1652157599586732106 1873.465352 0.533769 1 0 0.000000
1652157600314824161 242.692810 4.120358 3 0 0.000000
1652157600829314880 514.486759 1.943669 1 0 0.000000
1652157601991074337 1161.753424 0.860763 1 0 0.000000
1652157602787897388 796.817843 1.254984 1 0 0.000000
1652157604612805977 912.449047 1.095945 2 0 0.000000
1652157605697641742 0.000000 0.000000 0 0 0.000000
1652157606450734997 612.638000 3.983570 3 0 0.000000
1652157607468622122 508.937991 1.964854 2 0 0.000000
1652157607903321815 434.695237 2.300439 1 0 0.000000
1652157609079460893 1176.134287 0.850240 1 0 0.000000
1652157610700974474 0.000000 0.000000 0 0 0.000000
1652157611701543089 0.000000 0.000000 0 0 0.000000
1652157612702471239 0.000000 0.000000 0 0 0.000000
1652157613213702561 4134.235719 1.956062 1 0 0.000000
1652157614101990217 444.138153 2.251523 2 0 0.000000
1652157615704238924 0.000000 0.000000 0 0 0.000000
1652157616589041237 829.011896 3.390588 3 0 0.000000
1652157617706332580 0.000000 0.000000 0 0 0.000000
1652157618707283184 0.000000 0.000000 0 0 0.000000
1652157619707856668 0.000000 0.000000 0 0 0.000000
1652157620348994150 3759.947514 1.559728 1 0 0.000000
1652157621015973899 333.484249 2.998592 2 0 0.000000
1652157622710034023 0.000000 0.000000 0 0 0.000000
1652157623278295925 2262.316745 1.759752 1 0 0.000000
1652157624711194278 0.000000 0.000000 0 0 0.000000
1652157625169093699 1890.791208 2.183886 1 0 0.000000
1652157626712912302 0.000000 0.000000 0 0 0.000000
1652157627713994316 0.000000 0.000000 0 0 0.000000
1652157628592442137 1711.669325 2.276743 2 0 0.000000
1652157629715283926 0.000000 0.000000 0 0 0.000000
1652157630050179465 485.907530 8.958020 3 0 0.000000
1652157630891321516 841.138617 1.188860 1 0 0.000000
1652157631785096169 893.770077 1.118850 1 0 0.000000
1652157633244209784 729.551658 1.370695 2 0 0.000000
1652157634719604786 0.000000 0.000000 0 0 0.000000
1652157635167826170 1923.610923 2.231041 1 0 0.000000
1652157636640878593 736.521120 1.357725 2 0 0.000000
1652157637446668079 805.784857 1.241019 1 0 0.000000
1652157638721302898 0.000000 0.000000 0 0 0.000000
1652157639722238596 0.000000 0.000000 0 0 0.000000
1652157640722653396 0.000000 0.000000 0 0 0.000000
1652157641261600231 3814.927090 1.855471 1 0 0.000000
1652157642690787031 1429.181397 0.699699 1 0 0.000000
1652157643202560018 255.882418 3.907983 2 0 0.000000
1652157644665181467 1462.616960 0.683704 1 0 0.000000
1652157645726207879 0.000000 0.000000 0 0 0.000000
1652157646706091822 2040.905281 1.020529 1 0 0.000000
1652157647726404905 0.000000 0.000000 0 0 0.000000
1652157648329071057 811.484544 3.318588 2 0 0.000000
1652157649727020322 0.000000 0.000000 0 0 0.000000
1652157650548947727 739.954206 3.649958 3 0 0.000000
1652157651282131947 733.178177 1.363914 1 0 0.000000
1652157652629784980 673.821199 1.484062 2 0 0.000000
1652157653363457953 366.830678 2.726010 2 0 0.000000
1652157654730187167 0.000000 0.000000 0 0 0.000000
1652157655730991616 0.000000 0.000000 0 0 0.000000
1652157655976767453 2613.304623 4.068749 1 0 0.000000
1652157657684077831 853.648749 1.171433 2 0 0.000000
1652157658442697637 758.614654 1.318183 1 0 0.000000
1652157659695539322 1252.836723 0.798185 1 0 0.000000
1652157660733864792 0.000000 0.000000 0 0 0.000000
1652157661733956696 0.000000 0.000000 0 0 0.000000
1652157662735050856 0.000000 0.000000 0 0 0.000000
1652157663134744544 3439.200030 2.501916 1 0 0.000000
1652157664484203292 674.724250 1.482076 2 0 0.000000
1652157665002479447 518.270306 1.929473 1 0 0.000000
1652157666714614545 856.062850 1.168132 2 0 0.000000
1652157667693929789 489.652400 2.042243 2 0 0.000000
1652157668594118690 300.058306 3.332634 3 0 0.000000
1652157669185962863 591.839893 1.689634 1 0 0.000000
1652157670712104172 1526.135627 0.655247 1 0 0.000000
1652157671619689246 907.580799 1.101825 1 0 0.000000
1652157671839802392 220.107738 4.543118 1 0 0.000000
1652157673741811947 0.000000 0.000000 0 0 0.000000
1652157674658904544 2819.096910 1.090403 1 0 0.000000
1652157675194839059 535.929283 1.865900 1 0 0.000000
1652157676744292696 0.000000 0.000000 0 0 0.000000
1652157677503680318 2308.836172 1.316851 1 0 0.000000
1652157678562887871 529.598156 1.888204 2 0 0.000000
1652157679675720892 1112.827668 0.898607 1 0 0.000000
1652157680116640646 220.454905 4.535973 2 0 0.000000
1652157680901221037 784.576580 1.274567 1 0 0.000000
1652157682680744738 1779.518831 0.561948 1 0 0.000000
1652157683749433750 0.000000 0.000000 0 0 0.000000
1652157684750540140 0.000000 0.000000 0 0 0.000000
1652157684782065193 2101.314723 31.720935 1 0 0.000000
1652157686751796583 0.000000 0.000000 0 0 0.000000
1652157687752135574 0.000000 0.000000 0 0 0.000000
1652157688752572510 0.000000 0.000000 0 0 0.000000
1652157689082473664 4300.403479 3.031212 1 0 0.000000
1652157690561768258 739.642265 1.351996 2 0 0.000000
1652157691441310885 293.175273 3.410864 3 0 0.000000
1652157692473028838 1031.713440 0.969257 1 0 0.000000
1652157693756538370 0.000000 0.000000 0 0 0.000000
