1652157521244505522 787.358928 1.269950 1 0 0.000000
1652157521891294946 323.385099 3.092196 2 0 0.000000
1652157523312000874 710.348381 1.407751 2 0 0.000000
1652157523738933754 213.461200 4.684577 2 0 0.000000
1652157524740995046 1002.055724 0.997943 1 0 0.000000
1652157526324788070 1583.789709 0.631396 1 0 0.000000
1652157527267062927 942.268331 1.061261 1 0 0.000000
1652157528460702779 0.000000 0.000000 0 0 0.000000
1652157529447189304 726.703362 3.041096 3 0 0.000000
1652157529659916571 212.722841 4.700855 1 0 0.000000
1652157531452477048 597.515300 1.673584 3 0 0.000000
1652157531952903591 250.207904 3.996591 2 0 0.000000
1652157533463956609 0.000000 0.000000 0 0 0.000000
1652157534464793454 0.000000 0.000000 0 0 0.000000
1652157534806968087 2854.060612 2.922485 1 0 0.000000
1652157536435718955 1628.745610 0.613967 1 0 0.000000
1652157536649555941 213.831393 4.676460 1 0 0.000000
1652157538463673401 604.701061 1.653697 3 0 0.000000
1652157539103864164 213.385384 4.686103 3 0 0.000000
1652157539752883383 649.014635 1.540787 1 0 0.000000
1652157541469322127 0.000000 0.000000 0 0 0.000000
1652157542113268967 1180.187646 3.105846 2 0 0.000000
1652157543226135531 556.427736 1.797161 2 0 0.000000
1652157543731183843 505.043461 1.980009 1 0 0.000000
1652157545033432668 651.119515 1.535805 2 0 0.000000
1652157546472840372 0.000000 0.000000 0 0 0.000000
1652157547387869323 2354.431784 1.092862 1 0 0.000000
1652157547601957884 214.083132 4.670964 1 0 0.000000
1652157549416776759 1814.814033 0.551019 1 0 0.000000
1652157549777311899 360.529707 2.773655 1 0 0.000000
1652157551476323461 0.000000 0.000000 0 0 0.000000
1652157552437872393 1330.275373 2.079978 2 0 0.000000
1652157553477236996 0.000000 0.000000 0 0 0.000000
1652157554477604645 0.000000 0.000000 0 0 0.000000
1652157555477667719 0.000000 0.000000 0 0 0.000000
1652157556477767494 0.000000 0.000000 0 0 0.000000
1652157557010365470 4572.489282 1.877589 1 0 0.000000
1652157558478897414 734.260753 1.361904 2 0 0.000000
1652157559479566499 0.000000 0.000000 0 0 0.000000
1652157559634403689 1155.502729 6.458400 1 0 0.000000
1652157561370015912 1735.607472 0.576166 1 0 0.000000
1652157562109021893 739.001260 1.353169 1 0 0.000000
1652157563347197545 619.082158 1.615280 2 0 0.000000
1652157563786619846 439.418472 2.275715 1 0 0.000000
1652157564944148789 385.837387 2.591728 3 0 0.000000
1652157566170408457 613.125250 1.630976 2 0 0.000000
1652157567463376973 1292.963665 0.773414 1 0 0.000000
1652157568324339330 430.476265 2.322982 2 0 0.000000
1652157568653815871 329.472325 3.035117 1 0 0.000000
1652157569519868561 866.048955 1.154664 1 0 0.000000
1652157571486711440 0.000000 0.000000 0 0 0.000000
1652157572487599652 0.000000 0.000000 0 0 0.000000
1652157573488181750 0.000000 0.000000 0 0 0.000000
1652157574488964477 0.000000 0.000000 0 0 0.000000
1652157575364912287 1948.342446 3.424862 3 0 0.000000
1652157576227022531 287.365502 3.479833 3 0 0.000000
1652157577463841819 412.268867 2.425577 3 0 0.000000
1652157577680173145 216.325492 4.622539 1 0 0.000000
1652157579285205757 401.253368 2.492161 4 0 0.000000
1652157580494241331 0.000000 0.000000 0 0 0.000000
1652157581379277656 698.012247 3.389691 3 0 0.000000
1652157582495769063 0.000000 0.000000 0 0 0.000000
1652157583359024033 989.868141 2.316813 2 0 0.000000
1652157584211540729 426.253703 2.345995 2 0 0.000000
1652157584935720639 362.085573 2.761745 2 0 0.000000
1652157585738192871 802.467271 1.246149 1 0 0.000000
1652157587134158058 1395.960622 0.716350 1 0 0.000000
1652157588499333725 0.000000 0.000000 0 0 0.000000
1652157589029082160 1894.918639 1.887708 1 0 0.000000
1652157590500466607 0.000000 0.000000 0 0 0.000000
1652157591119410262 2090.322599 1.615656 1 0 0.000000
1652157591552009809 432.594350 2.311607 1 0 0.000000
1652157593501142775 0.000000 0.000000 0 0 0.000000
1652157594454150034 1451.065219 2.098620 2 0 0.000000
1652157594962997459 254.417586 3.930452 2 0 0.000000
1652157596503194383 0.000000 0.000000 0 0 0.000000
1652157597358797836 2395.795450 1.168766 1 0 0.000000
1652157598012604990 653.800058 1.529503 1 0 0.000000
1652157599461620740 1449.011345 0.690124 1 0 0.000000
1652157600338478713 438.423904 2.280871 2 0 0.000000
1652157600555121014 216.636247 4.615904 1 0 0.000000
1652157602193715456 819.292469 1.220558 2 0 0.000000
1652157603507523509 0.000000 0.000000 0 0 0.000000
1652157604155774055 1962.053638 1.542613 1 0 0.000000
1652157604890151561 734.372347 1.361697 1 0 0.000000
1652157606509661857 0.000000 0.000000 0 0 0.000000
1652157607430402364 635.057897 4.344330 4 0 0.000000
1652157608381918094 475.753480 2.101909 2 0 0.000000
1652157609243739717 861.815875 1.160333 1 0 0.000000
1652157610329189093 542.719484 1.842555 2 0 0.000000
1652157611511981967 0.000000 0.000000 0 0 0.000000
1652157612513038646 0.000000 0.000000 0 0 0.000000
1652157612946713604 1308.757276 4.611750 2 0 0.000000
1652157614042198763 1095.480424 0.912838 1 0 0.000000
1652157615515314024 0.000000 0.000000 0 0 0.000000
1652157615568415254 1526.211539 18.831980 1 0 0.000000
1652157617517020588 0.000000 0.000000 0 0 0.000000
1652157617958164540 2389.745068 2.266834 1 0 0.000000
1652157618906459687 474.142644 2.109048 2 0 0.000000
1652157620398547577 497.357695 2.010605 3 0 0.000000
1652157621268703494 435.073173 2.298439 2 0 0.000000
1652157622479784659 605.535415 1.651417 2 0 0.000000
1652157622697152982 217.361458 4.600487 1 0 0.000000
1652157624449112043 437.984776 2.283158 4 0 0.000000
1652157625101235305 652.118807 1.533453 1 0 0.000000
1652157626522809482 0.000000 0.000000 0 0 0.000000
1652157627448703091 1173.729188 2.160076 2 0 0.000000
1652157628523747857 0.000000 0.000000 0 0 0.000000
1652157628920449958 1471.742737 2.520784 1 0 0.000000
1652157630232821283 656.180984 1.523959 2 0 0.000000
1652157631295009730 531.089022 1.882905 2 0 0.000000
1652157632526602406 0.000000 0.000000 0 0 0.000000
1652157633527530877 0.000000 0.000000 0 0 0.000000
1652157634139706631 1422.343901 3.267036 2 0 0.000000
1652157635528926786 0.000000 0.000000 0 0 0.000000
1652157636163914090 1012.099272 3.149669 2 0 0.000000
1652157637529935109 0.000000 0.000000 0 0 0.000000
1652157638362788332 2198.868142 1.200692 1 0 0.000000
1652157639531395202 0.000000 0.000000 0 0 0.000000
1652157639894687833 1531.894406 2.752603 1 0 0.000000
1652157640997911310 551.607408 1.812869 2 0 0.000000
1652157641890900934 892.984662 1.119834 1 0 0.000000
1652157643533917437 0.000000 0.000000 0 0 0.000000
1652157643589425645 1698.519849 18.015378 1 0 0.000000
1652157645535553991 0.000000 0.000000 0 0 0.000000
1652157646161147951 857.236123 4.795443 3 0 0.000000
1652157647493381615 1332.228688 0.750619 1 0 0.000000
1652157648178004320 342.305437 2.921317 2 0 0.000000
1652157649427704210 416.561583 2.400576 3 0 0.000000
1652157649690591673 262.882687 3.803909 1 0 0.000000
1652157651538027548 0.000000 0.000000 0 0 0.000000
1652157651978918237 2288.321597 2.268136 1 0 0.000000
1652157652567628061 588.704306 1.698630 1 0 0.000000
1652157654332774678 882.568192 1.133050 2 0 0.000000
1652157655148000160 407.607687 2.453309 2 0 0.000000
1652157656256649168 554.319817 1.803997 2 0 0.000000
1652157657141539310 442.440601 2.260168 2 0 0.000000
1652157657863120152 360.785807 2.771692 2 0 0.000000
1652157659331259134 489.374841 2.043403 3 0 0.000000
1652157660544513020 0.000000 0.000000 0 0 0.000000
1652157661127706755 898.219368 3.429393 2 0 0.000000
1652157662328527401 600.405339 1.665528 2 0 0.000000
1652157662782725848 227.094390 4.403362 2 0 0.000000
1652157664547695486 0.000000 0.000000 0 0 0.000000
1652157665307724955 2524.994978 1.315739 1 0 0.000000
1652157666482503796 587.384278 1.702448 2 0 0.000000
1652157667548826833 0.000000 0.000000 0 0 0.000000
1652157668549419892 0.000000 0.000000 0 0 0.000000
1652157669517453955 3034.944365 1.033022 1 0 0.000000
1652157670328912424 270.480926 3.697047 3 0 0.000000
1652157671550938148 0.000000 0.000000 0 0 0.000000
1652157672323138262 997.107532 2.590002 2 0 0.000000
1652157673354235148 515.543940 1.939682 2 0 0.000000
1652157674011074896 328.415252 3.044883 2 0 0.000000
1652157674975633999 964.554186 1.036743 1 0 0.000000
1652157675788952495 813.313458 1.229531 1 0 0.000000
1652157677206430812 1417.473156 0.705478 1 0 0.000000
1652157678531436793 441.663620 2.264141 3 0 0.000000
1652157679557603858 0.000000 0.000000 0 0 0.000000
1652157680400847078 934.699654 2.371795 2 0 0.000000
1652157681211590681 810.738591 1.233436 1 0 0.000000
1652157682182431025 485.414822 2.060071 2 0 0.000000
1652157682992542158 810.106081 1.234399 1 0 0.000000
1652157684561404689 0.000000 0.000000 0 0 0.000000
1652157685376550448 595.997055 4.907098 4 0 0.000000
1652157685816460503 439.903906 2.273192 1 0 0.000000
1652157687443616785 406.783857 2.458277 4 0 0.000000
1652157688542634967 366.334738 2.729709 3 0 0.000000
1652157688778206710 235.566200 4.244992 1 0 0.000000
1652157690068814931 645.299179 1.549657 2 0 0.000000
1652157691565626703 0.000000 0.000000 0 0 0.000000
1652157692113895437 2045.075544 1.823923 1 0 0.000000
1652157693211999374 366.029602 2.731982 3 0 0.000000
