1652157520948460830 359.255200 2.783012 1 0 0.000000
1652157522097877849 1149.407232 0.870006 1 0 0.000000
1652157523590677395 0.000000 0.000000 0 0 0.000000
1652157524192333560 698.146352 4.986237 3 0 0.000000
1652157525509961073 1317.622832 0.758940 1 0 0.000000
1652157526592372181 0.000000 0.000000 0 0 0.000000
1652157527095746950 792.888006 3.973183 2 0 0.000000
1652157527671207733 575.456159 1.737738 1 0 0.000000
1652157529594402088 0.000000 0.000000 0 0 0.000000
1652157529943617285 2272.404720 2.863564 1 0 0.000000
1652157531595942463 0.000000 0.000000 0 0 0.000000
1652157532596066750 0.000000 0.000000 0 0 0.000000
1652157533596405992 0.000000 0.000000 0 0 0.000000
1652157533965300680 2010.836044 5.421603 2 0 0.000000
1652157534688111904 722.806654 1.383487 1 0 0.000000
1652157536126573856 719.224255 1.390374 2 0 0.000000
1652157537600546136 0.000000 0.000000 0 0 0.000000
1652157538453279733 2326.700524 1.172699 1 0 0.000000
1652157539389453529 936.169270 1.068178 1 0 0.000000
1652157540602936445 0.000000 0.000000 0 0 0.000000
1652157540831964613 1442.505972 4.366277 1 0 0.000000
1652157542604053088 0.000000 0.000000 0 0 0.000000
1652157543231571701 2399.602362 1.593578 1 0 0.000000
1652157544131368040 899.790680 1.111363 1 0 0.000000
1652157545436991677 1305.617968 0.765918 1 0 0.000000
1652157546308877143 290.623602 3.440819 3 0 0.000000
1652157547607568912 0.000000 0.000000 0 0 0.000000
1652157548607996037 0.000000 0.000000 0 0 0.000000
1652157549541324726 1616.219371 2.142868 2 0 0.000000
1652157550609954312 0.000000 0.000000 0 0 0.000000
1652157551610454737 0.000000 0.000000 0 0 0.000000
1652157552143656492 2602.327070 1.875463 1 0 0.000000
1652157552789391541 645.729691 1.548623 1 0 0.000000
1652157554612284353 0.000000 0.000000 0 0 0.000000
1652157555612943301 0.000000 0.000000 0 0 0.000000
1652157556613833399 0.000000 0.000000 0 0 0.000000
1652157557614903568 0.000000 0.000000 0 0 0.000000
1652157558616031863 0.000000 0.000000 0 0 0.000000
1652157558742517693 2976.558280 15.812058 2 0 0.000000
1652157560204789157 731.132186 1.367735 2 0 0.000000
1652157560742945815 538.152588 1.858195 1 0 0.000000
1652157562617395088 0.000000 0.000000 0 0 0.000000
1652157562848183686 1052.613989 8.665942 2 0 0.000000
1652157564226772497 689.289309 1.450759 2 0 0.000000
1652157565189105487 962.329472 1.039141 1 0 0.000000
1652157566619982708 0.000000 0.000000 0 0 0.000000
1652157567149701223 1960.590849 1.887795 1 0 0.000000
1652157568093879929 472.084625 2.118243 2 0 0.000000
1652157568921558039 827.672853 1.208199 1 0 0.000000
1652157570622424899 0.000000 0.000000 0 0 0.000000
1652157571623302270 0.000000 0.000000 0 0 0.000000
1652157572623940617 0.000000 0.000000 0 0 0.000000
1652157573625124940 0.000000 0.000000 0 0 0.000000
1652157574353445379 5431.882178 1.373022 1 0 0.000000
1652157575376344945 1022.894008 0.977613 1 0 0.000000
1652157575746305688 369.955015 2.702989 1 0 0.000000
1652157577626479819 0.000000 0.000000 0 0 0.000000
1652157578492764412 1373.224313 2.308710 2 0 0.000000
1652157579008389678 515.620460 1.939393 1 0 0.000000
1652157580628196122 0.000000 0.000000 0 0 0.000000
1652157581588986925 860.193975 3.122428 3 0 0.000000
1652157581879672712 290.680575 3.440141 1 0 0.000000
1652157583629464146 0.000000 0.000000 0 0 0.000000
1652157584336507701 2456.830468 1.414340 1 0 0.000000
1652157585630276825 0.000000 0.000000 0 0 0.000000
1652157586303338057 1966.825284 1.485749 1 0 0.000000
1652157587630892829 0.000000 0.000000 0 0 0.000000
1652157587977147687 1673.804793 2.888047 1 0 0.000000
1652157589632021849 0.000000 0.000000 0 0 0.000000
1652157590154953623 1088.896720 3.824591 2 0 0.000000
1652157590736175500 581.216951 1.720513 1 0 0.000000
1652157592271582877 1535.402236 0.651293 1 0 0.000000
1652157593414190620 1142.602488 0.875191 1 0 0.000000
1652157594635323453 0.000000 0.000000 0 0 0.000000
1652157595562311466 1074.055198 2.157525 2 0 0.000000
1652157596419061649 285.578889 3.501604 3 0 0.000000
1652157597518437796 1099.372188 0.909607 1 0 0.000000
1652157598638087110 0.000000 0.000000 0 0 0.000000
1652157598990308640 1471.865210 2.839123 1 0 0.000000
1652157600639907116 0.000000 0.000000 0 0 0.000000
1652157601394227763 1201.954060 2.651393 2 0 0.000000
1652157602641123675 0.000000 0.000000 0 0 0.000000
1652157603641418063 0.000000 0.000000 0 0 0.000000
1652157604184366960 1395.064419 3.683588 2 0 0.000000
1652157605642369391 0.000000 0.000000 0 0 0.000000
1652157606145213130 1960.842386 1.988689 1 0 0.000000
1652157607643685017 0.000000 0.000000 0 0 0.000000
1652157608644439986 0.000000 0.000000 0 0 0.000000
1652157609123498476 2978.280030 2.087428 1 0 0.000000
1652157610645463552 0.000000 0.000000 0 0 0.000000
1652157611646085432 0.000000 0.000000 0 0 0.000000
1652157612646658720 0.000000 0.000000 0 0 0.000000
1652157613646979165 0.000000 0.000000 0 0 0.000000
1652157614228961534 5105.457930 1.718265 1 0 0.000000
1652157615648617847 0.000000 0.000000 0 0 0.000000
1652157615908812204 1679.844320 3.843282 1 0 0.000000
1652157617650025932 0.000000 0.000000 0 0 0.000000
1652157618322253956 804.475424 4.462772 3 0 0.000000
1652157619651078279 0.000000 0.000000 0 0 0.000000
1652157620625191705 767.641255 3.079724 3 0 0.000000
1652157621287078178 661.881973 1.510833 1 0 0.000000
1652157622653328098 0.000000 0.000000 0 0 0.000000
1652157622899544257 1612.461303 4.061472 1 0 0.000000
1652157624411343999 755.894499 1.322927 2 0 0.000000
1652157625511135263 549.890767 1.818527 2 0 0.000000
1652157626101852679 590.712435 1.692857 1 0 0.000000
1652157627655164650 0.000000 0.000000 0 0 0.000000
1652157627673901905 1572.043944 53.369810 1 0 0.000000
1652157629527096801 617.726954 1.618826 3 0 0.000000
1652157630657745923 0.000000 0.000000 0 0 0.000000
1652157631657817164 0.000000 0.000000 0 0 0.000000
1652157632465278019 979.389238 3.715351 3 0 0.000000
1652157633407544005 471.127603 2.122543 2 0 0.000000
1652157634660738432 0.000000 0.000000 0 0 0.000000
1652157635561802726 2154.253228 1.109799 1 0 0.000000
1652157636662214003 0.000000 0.000000 0 0 0.000000
1652157637052546567 1490.738413 2.561918 1 0 0.000000
1652157638663764023 0.000000 0.000000 0 0 0.000000
1652157639664132926 0.000000 0.000000 0 0 0.000000
1652157640664696619 0.000000 0.000000 0 0 0.000000
1652157640767981311 3715.429367 9.681985 1 0 0.000000
1652157642510030634 1742.044357 0.574037 1 0 0.000000
1652157643251149139 370.553516 2.698624 2 0 0.000000
1652157644666930317 0.000000 0.000000 0 0 0.000000
1652157645667869274 0.000000 0.000000 0 0 0.000000
1652157646668232597 0.000000 0.000000 0 0 0.000000
1652157647311616014 2030.228316 3.108567 2 0 0.000000
1652157647682931830 371.310428 2.693125 1 0 0.000000
1652157649015307957 666.183494 1.501078 2 0 0.000000
1652157650202736991 1187.424448 0.842156 1 0 0.000000
1652157651671299957 0.000000 0.000000 0 0 0.000000
1652157652359992667 2157.247713 1.452027 1 0 0.000000
1652157653409970787 1049.973160 0.952401 1 0 0.000000
1652157654589926885 1179.950151 0.847489 1 0 0.000000
1652157655674851088 0.000000 0.000000 0 0 0.000000
1652157656577738317 1987.806169 1.107558 1 0 0.000000
1652157656796475257 218.730722 4.571702 1 0 0.000000
1652157658677312467 0.000000 0.000000 0 0 0.000000
1652157659464380822 1333.948022 2.541076 2 0 0.000000
1652157660569335014 1104.948534 0.905015 1 0 0.000000
1652157661679779445 0.000000 0.000000 0 0 0.000000
1652157662680520375 0.000000 0.000000 0 0 0.000000
1652157663623196964 1526.926271 2.121618 2 0 0.000000
1652157664311877364 688.674270 1.452053 1 0 0.000000
1652157664780158623 468.275821 2.135469 1 0 0.000000
1652157666683987935 0.000000 0.000000 0 0 0.000000
1652157666728403896 1948.239377 22.514522 1 0 0.000000
1652157668196582153 1468.173247 0.681116 1 0 0.000000
1652157668930652007 734.064482 1.362268 1 0 0.000000
1652157670687097048 0.000000 0.000000 0 0 0.000000
1652157671478075468 849.135992 3.792771 3 0 0.000000
1652157672440926282 962.846157 1.038582 1 0 0.000000
1652157673109122981 334.093240 2.993131 2 0 0.000000
1652157673709842541 600.714247 1.664670 1 0 0.000000
1652157675366591150 1656.743312 0.603592 1 0 0.000000
1652157676056920111 690.323897 1.448585 1 0 0.000000
1652157677025440918 968.513608 1.032502 1 0 0.000000
1652157678286734395 1261.288099 0.792837 1 0 0.000000
1652157679030390312 743.648906 1.344708 1 0 0.000000
1652157680569512331 1539.116657 0.649721 1 0 0.000000
1652157681695043106 0.000000 0.000000 0 0 0.000000
1652157682695653870 0.000000 0.000000 0 0 0.000000
1652157683696607674 0.000000 0.000000 0 0 0.000000
1652157684577710255 4008.192731 1.134942 1 0 0.000000
1652157685341013864 381.646599 2.620189 2 0 0.000000
1652157686086753646 745.734869 1.340950 1 0 0.000000
1652157686982179712 447.708658 2.233574 2 0 0.000000
1652157688700241084 0.000000 0.000000 0 0 0.000000
1652157689641908143 1329.859438 2.123893 2 0 0.000000
1652157689787426846 145.514197 6.871968 1 0 0.000000
1652157690765082190 977.651365 1.022855 1 0 0.000000
1652157692703077056 0.000000 0.000000 0 0 0.000000
1652157693703798560 0.000000 0.000000 0 0 0.000000
