1652157520570338191 145.528778 0.000000
1652157521570865836 1000.518849 0.000000
1652157522935573631 1364.702613 0.000000
1652157523008271523 72.692484 0.000000
1652157523298050430 289.774426 0.000000
1652157524379745984 1081.691054 0.000000
1652157524885665931 505.914580 0.000000
1652157526483276514 1597.605411 0.000000
1652157529246433044 2763.152139 0.000000
1652157529462671286 216.233451 0.000000
1652157529962338223 499.662777 0.000000
1652157532191264148 2228.920808 0.000000
1652157532409048411 217.778811 0.000000
1652157533707329709 1298.277034 0.000000
1652157535298110280 1590.775755 0.000000
1652157538192601165 2894.484390 0.000000
1652157539569800207 1377.194501 0.000000
1652157539997511837 427.706974 0.000000
1652157540218394490 220.878548 0.000000
1652157541806683567 1588.284813 0.000000
1652157542526480648 719.792565 0.000000
1652157543394447544 867.961649 0.000000
1652157544335644478 941.191551 0.000000
1652157545665405707 1329.755977 0.000000
1652157548294947907 2629.536285 0.000000
1652157551693206562 3398.253444 0.000000
1652157551913309265 220.098102 0.000000
1652157552128755507 215.441230 0.000000
1652157556363326784 4234.567243 0.000000
1652157556815124586 451.793272 0.000000
1652157560532845828 3717.716622 0.000000
1652157562491048390 1958.197244 0.000000
1652157566982677134 4491.623803 0.000000
1652157568291539146 1308.857172 0.000000
1652157569308092690 1016.546947 0.000000
1652157575563019480 6254.921582 0.000000
1652157575997938351 434.914264 0.000000
1652157576217157436 219.214053 0.000000
1652157576947560647 730.398856 0.000000
1652157577847707368 900.141805 0.000000
1652157579264194557 1416.481621 0.000000
1652157580529244417 1265.044428 0.000000
1652157581335715936 806.466853 0.000000
1652157581917512814 581.791821 0.000000
1652157582576274787 658.756726 0.000000
1652157583600555631 1024.275401 0.000000
1652157584150591403 550.031308 0.000000
1652157585067801637 917.205086 0.000000
1652157585142624374 74.817935 0.000000
1652157590343462884 5200.834418 0.000000
1652157593217802878 2874.334582 0.000000
1652157594188159056 970.350661 0.000000
1652157594927125770 738.961662 0.000000
1652157595948431097 1021.301111 0.000000
1652157597334316493 1385.880205 0.000000
1652157598173978504 839.656859 0.000000
1652157598622702777 448.719301 0.000000
1652157598838542839 215.835571 0.000000
1652157599425459718 586.912414 0.000000
1652157602250004852 2824.540147 0.000000
1652157602544314111 294.304157 0.000000
1652157604399307875 1854.989569 0.000000
1652157606391886315 1992.572533 0.000000
1652157607647038552 1255.147646 0.000000
1652157608598168261 951.124442 0.000000
1652157608673670189 75.495522 0.000000
1652157610498603232 1824.928852 0.000000
1652157613471523716 2972.915917 0.000000
1652157616532394342 3060.864837 0.000000
1652157617928062816 1395.662820 0.000000
1652157619874705886 1946.638510 0.000000
1652157621306161368 1431.448987 0.000000
1652157621676821211 370.654166 0.000000
1652157622050188584 373.361246 0.000000
1652157622656530830 606.336709 0.000000
1652157624171171331 1514.636585 0.000000
1652157624614668512 443.492620 0.000000
1652157625940347828 1325.674212 0.000000
1652157628216371588 2276.018656 0.000000
1652157636598408135 8382.031858 0.000000
1652157636824837250 226.423187 0.000000
1652157638645191302 1820.349866 0.000000
1652157639598071846 952.874895 0.000000
1652157640215052246 616.975659 0.000000
1652157640583219505 368.160202 0.000000
1652157641562831272 979.607011 0.000000
1652157641859966944 297.130335 0.000000
1652157641936523786 76.551344 0.000000
1652157643850677302 1914.149552 0.000000
1652157644385552418 534.870149 0.000000
1652157645125652948 740.096120 0.000000
1652157649867087368 4741.429164 0.000000
1652157651931425470 2064.332288 0.000000
1652157652009555551 78.125220 0.000000
1652157653111420283 1101.860923 0.000000
1652157653839920634 728.495759 0.000000
1652157654065240639 225.315027 0.000000
1652157655311603158 1246.357838 0.000000
1652157658225400480 2913.792010 0.000000
1652157658605036521 379.631375 0.000000
1652157659052689392 447.646882 0.000000
1652157663946080532 4893.386539 0.000000
1652157667855767270 3909.681766 0.000000
1652157672235791166 4380.019105 0.000000
1652157675770209292 3534.413523 0.000000
1652157675990729447 220.515699 0.000000
1652157676725581752 734.847609 0.000000
1652157679007256171 2281.669709 0.000000
1652157679227680027 220.418970 0.000000
1652157681911575646 2683.891491 0.000000
1652157683847802662 1936.222626 0.000000
1652157685504612466 1656.805048 0.000000
1652157685731728063 227.110776 0.000000
1652157686200392772 468.659697 0.000000
1652157686498043336 297.645202 0.000000
1652157689235117288 2737.069214 0.000000
1652157689855342717 620.220206 0.000000
1652157690394123912 538.775642 0.000000
1652157692086171567 1692.042032 0.000000
