1653847451769022471 455.298385 0.000000
1653847452619329332 850.290808 0.000000
1653847452830151384 210.817090 0.000000
1653847453037458469 207.301657 0.000000
1653847453246066655 208.603395 0.000000
1653847453453272532 207.202357 0.000000
1653847453659378718 206.101552 0.000000
1653847453867984026 208.599624 0.000000
1653847454073981019 205.991821 0.000000
1653847454280044539 206.056042 0.000000
1653847454486188771 206.138544 0.000000
1653847454693458723 207.264947 0.000000
1653847454899360109 205.896079 0.000000
1653847455105807755 206.442715 0.000000
1653847455311877809 206.065452 0.000000
1653847455517347793 205.464952 0.000000
1653847455722224294 204.870279 0.000000
1653847456537750451 815.521314 0.000000
1653847456744069099 206.314366 0.000000
1653847456949529624 205.454906 0.000000
1653847457562813269 613.278633 0.000000
1653847457768804656 205.985834 0.000000
1653847457975105436 206.295016 0.000000
1653847458179884997 204.772555 0.000000
1653847458386043478 206.153718 0.000000
1653847458590578173 204.529923 0.000000
1653847458795185373 204.603324 0.000000
1653847459000315625 205.125127 0.000000
1653847459205816556 205.496745 0.000000
1653847459410452850 204.631195 0.000000
1653847459617102640 206.643421 0.000000
1653847459822620657 205.512734 0.000000
1653847460028386383 205.723297 0.000000
1653847460233670695 205.278770 0.000000
1653847460438260984 204.584746 0.000000
1653847460643649439 205.382807 0.000000
1653847460847943191 204.288545 0.000000
1653847461053230828 205.282194 0.000000
1653847461258547812 205.311913 0.000000
1653847461463485678 204.932828 0.000000
1653847461667616701 204.125151 0.000000
1653847461871934350 204.313896 0.000000
1653847462077048382 205.108744 0.000000
1653847462282171991 205.118059 0.000000
1653847462486648778 204.470396 0.000000
1653847463105574008 618.919446 0.000000
1653847463309252293 203.670943 0.000000
1653847463513826769 204.570117 0.000000
1653847463718383571 204.553208 0.000000
1653847463922285590 203.897069 0.000000
1653847464126372877 204.081558 0.000000
1653847464331082581 204.704983 0.000000
1653847464535749586 204.661891 0.000000
1653847464740576487 204.821038 0.000000
1653847464945479239 204.897714 0.000000
1653847465150236723 204.750899 0.000000
1653847465354918474 204.676041 0.000000
1653847465559536351 204.601223 0.000000
1653847465764032328 204.490613 0.000000
1653847465967889140 203.851562 0.000000
1653847466172212497 204.316060 0.000000
1653847466376797506 204.580243 0.000000
1653847466580315496 203.512289 0.000000
1653847466784607138 204.286885 0.000000
1653847467394508223 609.888340 0.000000
1653847467598178200 203.664815 0.000000
1653847467802567805 204.384453 0.000000
1653847468006390814 203.817531 0.000000
1653847468210556774 204.160357 0.000000
1653847468416533816 205.972246 0.000000
1653847468620503058 203.963207 0.000000
1653847468824860354 204.351903 0.000000
1653847469028936068 204.070260 0.000000
1653847469233175777 204.234612 0.000000
1653847469437257504 204.075465 0.000000
1653847470047412973 610.139328 0.000000
1653847470251215108 203.795941 0.000000
1653847470455655987 204.435432 0.000000
1653847470660151359 204.489441 0.000000
1653847470864682528 204.525250 0.000000
1653847471068467891 203.780331 0.000000
1653847471273154238 204.680369 0.000000
1653847471477271793 204.111253 0.000000
1653847471682100521 204.823141 0.000000
1653847471885748789 203.642219 0.000000
1653847472090407498 204.654138 0.000000
1653847472294679657 204.266647 0.000000
1653847472499162052 204.476651 0.000000
1653847472703304604 204.136749 0.000000
1653847472909395874 206.086122 0.000000
1653847473113503308 204.101685 0.000000
1653847473318283033 204.774695 0.000000
1653847473522914481 204.627671 0.000000
1653847473727397153 204.478463 0.000000
1653847473932015366 204.611988 0.000000
1653847474136542082 204.522576 0.000000
1653847474752557563 616.010079 0.000000
1653847474956884188 204.319363 0.000000
1653847475161453293 204.563196 0.000000
1653847475365501947 204.043532 0.000000
1653847475569981713 204.474330 0.000000
1653847475774197465 204.211314 0.000000
1653847475978702091 204.498848 0.000000
1653847476182292521 203.584747 0.000000
1653847476386635659 204.338692 0.000000
1653847476590995150 204.328800 0.000000
1653847476795467884 204.468364 0.000000
1653847476999211388 203.736983 0.000000
1653847477202683969 203.467646 0.000000
1653847477406412987 203.723816 0.000000
1653847477609751691 203.333057 0.000000
1653847477814366328 204.611453 0.000000
1653847478018880088 204.508553 0.000000
1653847478223287527 204.402362 0.000000
1653847478427895924 204.593794 0.000000
1653847478632557664 204.656087 0.000000
1653847478836378061 203.814970 0.000000
1653847479041143300 204.760938 0.000000
1653847479244686524 203.537350 0.000000
1653847479449269371 204.578387 0.000000
1653847479653677301 204.401995 0.000000
1653847479858082073 204.400302 0.000000
1653847480062664585 204.577639 0.000000
1653847480267289279 204.619530 0.000000
1653847480471936222 204.642227 0.000000
1653847480675428135 203.487042 0.000000
1653847480879853010 204.421204 0.000000
1653847481084185861 204.328175 0.000000
1653847481287856246 203.665399 0.000000
1653847481494376423 206.514640 0.000000
1653847481698889708 204.507541 0.000000
1653847481903398937 204.503627 0.000000
1653847482107299944 203.896225 0.000000
1653847482311750009 204.445890 0.000000
1653847482516333260 204.577490 0.000000
1653847482720642144 204.304766 0.000000
1653847482925032521 204.385077 0.000000
1653847483129559328 204.522273 0.000000
1653847483333234672 203.670343 0.000000
1653847483537518130 204.275024 0.000000
1653847483741917594 204.393996 0.000000
1653847483946116044 204.193594 0.000000
1653847484150759492 204.638512 0.000000
1653847484766086005 615.322223 0.000000
1653847484970121473 204.030246 0.000000
1653847485586209178 616.082648 0.000000
1653847485790112336 203.897580 0.000000
1653847485996348599 206.231840 0.000000
1653847486200550455 204.196992 0.000000
1653847486404752526 204.197628 0.000000
1653847486608896452 204.140013 0.000000
1653847486812248888 203.348155 0.000000
1653847487016548976 204.294324 0.000000
1653847487220477695 203.925808 0.000000
1653847487424506935 204.024063 0.000000
1653847487628819506 204.307359 0.000000
1653847487832188593 203.365279 0.000000
1653847488035361963 203.168514 0.000000
1653847488238294180 202.928610 0.000000
1653847488441484426 203.185418 0.000000
1653847488645562897 204.073922 0.000000
1653847488848615028 203.047353 0.000000
1653847489052434735 203.815467 0.000000
1653847489255553936 203.114339 0.000000
1653847489459767762 204.209255 0.000000
1653847489662902465 203.129842 0.000000
1653847489867504128 204.596945 0.000000
1653847490070570532 203.061586 0.000000
1653847490680163413 609.587813 0.000000
1653847490883925255 203.755647 0.000000
1653847491087704127 203.774361 0.000000
1653847491292035617 204.325230 0.000000
1653847491496286239 204.245791 0.000000
1653847492105712867 609.422238 0.000000
1653847492309750882 204.031025 0.000000
1653847492513347435 203.592369 0.000000
1653847492717605603 204.254623 0.000000
1653847492921432228 203.821895 0.000000
1653847493125956385 204.518237 0.000000
1653847493330350048 204.388420 0.000000
1653847493945264440 614.909470 0.000000
1653847494149650896 204.381159 0.000000
1653847494352826318 203.169554 0.000000
1653847494556329009 203.496764 0.000000
1653847494760100976 203.766404 0.000000
1653847494963368600 203.262194 0.000000
1653847495168212203 204.839088 0.000000
1653847495372434120 204.216689 0.000000
1653847495575805310 203.365647 0.000000
1653847496188048290 612.237938 0.000000
1653847496391491966 203.436660 0.000000
1653847496595829139 204.331946 0.000000
1653847496799878226 204.043820 0.000000
1653847497003598864 203.715856 0.000000
1653847497817570264 813.967044 0.000000
1653847498021708250 204.131732 0.000000
1653847498224819438 203.104703 0.000000
1653847498838999843 614.176140 0.000000
1653847499043089248 204.083893 0.000000
1653847499246354312 203.260171 0.000000
1653847499450068319 203.709680 0.000000
1653847500064071447 613.999616 0.000000
1653847500268098756 204.022061 0.000000
1653847500473787690 205.683527 0.000000
1653847500677629271 203.836269 0.000000
1653847500880927361 203.293464 0.000000
1653847501084983431 204.051499 0.000000
1653847501288092800 203.105319 0.000000
1653847501492068830 203.970443 0.000000
1653847501695905851 203.833464 0.000000
1653847502306044807 610.132887 0.000000
1653847502510051800 204.001846 0.000000
1653847502713114378 203.056754 0.000000
1653847503323265999 610.146595 0.000000
1653847503527307896 204.036239 0.000000
1653847503731300498 203.987304 0.000000
1653847503934596273 203.291284 0.000000
1653847504138075672 203.474910 0.000000
1653847504341795147 203.714593 0.000000
1653847504545790925 203.989809 0.000000
1653847504749295058 203.498850 0.000000
1653847504953518852 204.219318 0.000000
1653847505156829024 203.305712 0.000000
1653847505360878525 204.044029 0.000000
1653847505564719175 203.836355 0.000000
1653847505767845407 203.121706 0.000000
1653847505970839355 202.989582 0.000000
1653847506173935502 203.092022 0.000000
1653847506377149092 203.209145 0.000000
1653847506581183795 204.031373 0.000000
1653847506784800740 203.612670 0.000000
1653847506988897247 204.091786 0.000000
1653847507192354027 203.452279 0.000000
1653847507395667972 203.309451 0.000000
1653847507599666617 203.995056 0.000000
1653847507802804092 203.133724 0.000000
1653847508006081903 203.272780 0.000000
1653847508209197566 203.111463 0.000000
1653847508412275986 203.073409 0.000000
1653847508616237784 203.957854 0.000000
1653847508819558113 203.316169 0.000000
1653847509022669417 203.106649 0.000000
1653847509225645008 202.971995 0.000000
1653847509429312710 203.663071 0.000000
1653847509633603558 204.286277 0.000000
1653847509836473205 202.865319 0.000000
1653847510039655854 203.177627 0.000000
1653847510244116501 204.455976 0.000000
1653847510447830073 203.708736 0.000000
1653847510651743104 203.908125 0.000000
1653847510855383224 203.634436 0.000000
1653847511058981395 203.594296 0.000000
1653847511263056979 204.070873 0.000000
1653847511467124408 204.049151 0.000000
1653847511671185588 204.056966 0.000000
1653847512486627824 815.436668 0.000000
1653847512689851302 203.218285 0.000000
1653847512894023183 204.167655 0.000000
1653847513097097589 203.069895 0.000000
1653847513301008371 203.906417 0.000000
1653847513504996903 203.983267 0.000000
1653847514114630322 609.618650 0.000000
1653847514318503620 203.868261 0.000000
1653847514522462568 203.954193 0.000000
1653847514726631521 204.164983 0.000000
1653847514930999506 204.363540 0.000000
1653847515135111425 204.107729 0.000000
1653847515339256033 204.139979 0.000000
1653847515542330746 203.070399 0.000000
1653847515746414789 204.079918 0.000000
1653847515950167170 203.747921 0.000000
1653847516153393695 203.222774 0.000000
1653847516357320676 203.922391 0.000000
1653847516561519310 204.194148 0.000000
1653847516765665116 204.140353 0.000000
1653847516970010883 204.340580 0.000000
1653847517173509422 203.492977 0.000000
1653847517377641235 204.127437 0.000000
1653847517581430699 203.784208 0.000000
1653847517784802698 203.367378 0.000000
1653847517987921486 203.113661 0.000000
1653847518603322248 615.396641 0.000000
1653847518807456955 204.129947 0.000000
1653847519011869625 204.407597 0.000000
1653847519215408196 203.534405 0.000000
1653847519419311348 203.898792 0.000000
1653847519623636623 204.321411 0.000000
1653847519826814467 203.173078 0.000000
1653847520030694971 203.876294 0.000000
1653847520234083936 203.384013 0.000000
1653847520438121125 204.032494 0.000000
1653847520641251157 203.125581 0.000000
1653847520844405911 203.150409 0.000000
1653847521047783241 203.371778 0.000000
1653847521251993217 204.205550 0.000000
1653847521456249405 204.251442 0.000000
1653847521660283595 204.029615 0.000000
1653847521864308044 204.021439 0.000000
1653847522068077962 203.765472 0.000000
1653847522271613306 203.530788 0.000000
1653847522475779678 204.161031 0.000000
1653847522679756139 203.972126 0.000000
1653847522884074161 204.312173 0.000000
1653847523087129905 203.051583 0.000000
1653847523291052431 203.917863 0.000000
1653847523495140151 204.082823 0.000000
1653847523698403350 203.257125 0.000000
1653847523902380918 203.973012 0.000000
1653847524106674987 204.290100 0.000000
1653847524310718316 204.038378 0.000000
1653847524514498388 203.776062 0.000000
1653847524717636210 203.133391 0.000000
1653847524921404820 203.764059 0.000000
1653847525125548454 204.139494 0.000000
1653847525329342968 203.790252 0.000000
1653847525532492210 203.144661 0.000000
1653847525735489264 202.992368 0.000000
1653847525938756446 203.262792 0.000000
1653847526142813820 204.052984 0.000000
1653847526346189259 203.370958 0.000000
1653847526550981881 204.787583 0.000000
1653847526755520659 204.534013 0.000000
1653847526958817419 203.292074 0.000000
1653847527161806020 202.983950 0.000000
1653847527364992090 203.181666 0.000000
1653847527569092851 204.096967 0.000000
1653847527772246057 203.149347 0.000000
1653847527975980159 203.729732 0.000000
1653847528180035943 204.051614 0.000000
1653847528383619804 203.579121 0.000000
1653847528587771344 204.146603 0.000000
1653847528791592183 203.816888 0.000000
1653847528996021754 204.424098 0.000000
1653847529199072486 203.046467 0.000000
1653847529403175056 204.098425 0.000000
1653847529606790965 203.611553 0.000000
1653847529810871665 204.076213 0.000000
1653847530014603382 203.727517 0.000000
1653847530218500848 203.893307 0.000000
1653847530421728996 203.223693 0.000000
1653847530625193411 203.460454 0.000000
1653847530830233721 205.036649 0.000000
1653847531034300280 204.062036 0.000000
1653847531238087083 203.761950 0.000000
1653847531442266410 204.175438 0.000000
1653847531646305004 204.034219 0.000000
1653847531849386130 203.076420 0.000000
1653847532053191654 203.800287 0.000000
1653847532256920782 203.724021 0.000000
1653847532460918251 203.993048 0.000000
1653847532665122004 204.198786 0.000000
1653847532868855122 203.728692 0.000000
1653847533072917278 204.057911 0.000000
1653847533276108977 203.186656 0.000000
1653847533480327615 204.214543 0.000000
1653847533684459132 204.128279 0.000000
1653847533888764080 204.300968 0.000000
1653847534092687672 203.918559 0.000000
1653847534296818340 204.126159 0.000000
1653847534501351434 204.528128 0.000000
1653847534705842446 204.485148 0.000000
1653847534910366609 204.519137 0.000000
1653847535114805779 204.434744 0.000000
1653847535318337978 203.527643 0.000000
1653847535521749782 203.406366 0.000000
1653847535725230972 203.476248 0.000000
1653847535929528463 204.292874 0.000000
1653847536132797590 203.263579 0.000000
1653847536336768488 203.966175 0.000000
1653847536541144646 204.370680 0.000000
1653847536745409711 204.259989 0.000000
1653847536949746552 204.332353 0.000000
1653847537153978203 204.226902 0.000000
1653847537358079693 204.096679 0.000000
1653847537562184572 204.100130 0.000000
1653847537766567787 204.378298 0.000000
1653847537970956383 204.384046 0.000000
1653847538175409933 204.449190 0.000000
1653847538379263394 203.848800 0.000000
1653847538582479892 203.212118 0.000000
1653847538786610719 204.126713 0.000000
1653847538990327633 203.713292 0.000000
1653847539193657131 203.325274 0.000000
1653847539396938033 203.275956 0.000000
1653847539600351136 203.405222 0.000000
1653847539804271547 203.914925 0.000000
1653847540418322737 614.046519 0.000000
1653847540622421058 204.092703 0.000000
1653847540826561687 204.135582 0.000000
1653847541030086290 203.504592 0.000000
1653847541234259098 204.168387 0.000000
1653847541438310957 204.047417 0.000000
1653847541641644449 203.326749 0.000000
1653847541845946763 204.297025 0.000000
1653847542049472499 203.520619 0.000000
1653847542253816872 204.338645 0.000000
1653847542457762783 203.940119 0.000000
1653847542662058227 204.291516 0.000000
1653847542866171313 204.107843 0.000000
1653847543070358106 204.181902 0.000000
1653847543273374133 203.010905 0.000000
1653847543478430237 205.051465 0.000000
1653847543682417104 203.983575 0.000000
1653847543886508297 204.086773 0.000000
1653847544089797842 203.284999 0.000000
1653847544293716803 203.914434 0.000000
1653847544497411041 203.690418 0.000000
1653847544700697197 203.281349 0.000000
1653847544903862456 203.160333 0.000000
1653847545108265821 204.398784 0.000000
1653847545312472614 204.202504 0.000000
1653847545515954651 203.477546 0.000000
1653847545720168761 204.209600 0.000000
1653847545924247807 204.073848 0.000000
1653847546128435544 204.183051 0.000000
1653847546332491513 204.051105 0.000000
1653847546536221232 203.725372 0.000000
1653847546740235154 204.008027 0.000000
1653847546944346479 204.107172 0.000000
1653847547148293526 203.943238 0.000000
1653847547351612844 203.314246 0.000000
1653847547555945551 204.328507 0.000000
1653847547759940518 203.989587 0.000000
1653847547963286271 203.341461 0.000000
1653847548166727340 203.436308 0.000000
1653847548370601352 203.868843 0.000000
1653847548980021353 609.415302 0.000000
1653847549183632562 203.604794 0.000000
1653847549387060395 203.423578 0.000000
1653847549591077906 204.012198 0.000000
1653847549794342728 203.259950 0.000000
1653847549997357057 203.010059 0.000000
1653847550201799960 204.438990 0.000000
1653847550406171232 204.367102 0.000000
1653847550609738528 203.563141 0.000000
1653847550813755725 204.013041 0.000000
1653847551018149042 204.389062 0.000000
1653847551221326852 203.173766 0.000000
1653847551424838459 203.506951 0.000000
1653847551629225924 204.383534 0.000000
1653847551833496451 204.266513 0.000000
1653847552039924126 206.423536 0.000000
1653847552244249687 204.320810 0.000000
1653847552447530542 203.276104 0.000000
1653847552650856993 203.321920 0.000000
1653847552854698909 203.836744 0.000000
1653847553468844931 614.141131 0.000000
1653847553672774771 203.925014 0.000000
1653847553876495927 203.716910 0.000000
1653847554080573898 204.073606 0.000000
1653847554284577952 204.000100 0.000000
1653847554488682743 204.100685 0.000000
1653847554692968569 204.281181 0.000000
1653847554895941584 202.968765 0.000000
1653847555099965494 204.019640 0.000000
1653847555709518760 609.549527 0.000000
1653847555913627252 204.102284 0.000000
1653847556118583460 204.951642 0.000000
1653847556321900316 203.312160 0.000000
1653847556525104690 203.198585 0.000000
1653847556728615707 203.506717 0.000000
1653847556932593385 203.971012 0.000000
1653847557136668474 204.070538 0.000000
1653847557340760228 204.086735 0.000000
1653847557544917114 204.136187 0.000000
1653847557748667283 203.745857 0.000000
1653847557951619746 202.948729 0.000000
1653847558154984238 203.360043 0.000000
1653847558358655881 203.667137 0.000000
1653847558562645762 203.984838 0.000000
1653847558766842902 204.192204 0.000000
1653847558971052195 204.204722 0.000000
1653847559175048211 203.991727 0.000000
1653847559379110586 204.058215 0.000000
1653847559583352338 204.237333 0.000000
1653847560196618337 613.260945 0.000000
1653847560400541139 203.917556 0.000000
1653847560604595614 204.049647 0.000000
1653847560808373935 203.774306 0.000000
1653847561012384501 204.005619 0.000000
1653847561215707013 203.318182 0.000000
1653847561419700606 203.988391 0.000000
1653847561623931731 204.226083 0.000000
1653847561828288870 204.352554 0.000000
1653847562032498926 204.205511 0.000000
1653847562236408835 203.905674 0.000000
1653847562440709779 204.296358 0.000000
1653847562643790850 203.076425 0.000000
1653847562848032511 204.237371 0.000000
1653847563051977790 203.940412 0.000000
1653847563256217232 204.235043 0.000000
1653847563460481371 204.260600 0.000000
1653847563664663168 204.177482 0.000000
1653847563868849370 204.182393 0.000000
1653847564072001784 203.148103 0.000000
1653847564276449087 204.443738 0.000000
1653847564479746898 203.293952 0.000000
1653847564682953714 203.202917 0.000000
1653847564887095829 204.137179 0.000000
1653847565091456469 204.355589 0.000000
1653847565295417079 203.956079 0.000000
1653847565499633017 204.211177 0.000000
1653847565703188920 203.551964 0.000000
1653847565907689606 204.495343 0.000000
1653847566111751404 204.057649 0.000000
1653847566315636695 203.881537 0.000000
1653847566520085651 204.445082 0.000000
1653847566724365539 204.275618 0.000000
1653847566928661324 204.291314 0.000000
1653847567539151228 610.486190 0.000000
1653847567743073224 203.917149 0.000000
1653847567946505722 203.428043 0.000000
1653847568150610402 204.099137 0.000000
1653847568354153679 203.500201 0.000000
1653847568558402170 204.243402 0.000000
1653847568762633306 204.226651 0.000000
1653847568967059747 204.422341 0.000000
1653847569171575393 204.511271 0.000000
1653847569376257334 204.677821 0.000000
1653847569581060777 204.798597 0.000000
1653847569784296193 203.231471 0.000000
1653847569988270162 203.969448 0.000000
1653847570191993215 203.718532 0.000000
1653847570396195676 204.196522 0.000000
1653847570600248726 204.048675 0.000000
1653847570803305413 203.052008 0.000000
1653847571418338344 615.029075 0.000000
1653847571622329289 203.985407 0.000000
1653847571826262075 203.928664 0.000000
1653847572030219518 203.951858 0.000000
1653847572234354613 204.130652 0.000000
1653847572438059674 203.700926 0.000000
1653847572642210725 204.147086 0.000000
1653847572846356050 204.141830 0.000000
1653847573050445994 204.086020 0.000000
1653847573253842279 203.391900 0.000000
1653847573457789390 203.943162 0.000000
1653847573664274073 206.480619 0.000000
1653847573868317431 204.038978 0.000000
1653847574072329421 204.007274 0.000000
1653847574276290477 203.956650 0.000000
1653847574480270323 203.976078 0.000000
1653847574683330808 203.056315 0.000000
1653847574887376781 204.041973 0.000000
1653847575091090445 203.709314 0.000000
1653847575294999861 203.905196 0.000000
1653847575910286067 615.281164 0.000000
1653847576114102726 203.811538 0.000000
1653847576318402945 204.295793 0.000000
1653847576521946042 203.538513 0.000000
1653847576724966451 203.015964 0.000000
1653847576929066195 204.095619 0.000000
1653847577133024118 203.952300 0.000000
1653847577336830847 203.802550 0.000000
1653847577540982072 204.147005 0.000000
1653847577744267384 203.281072 0.000000
1653847577948786373 204.514249 0.000000
1653847578152093856 203.302992 0.000000
1653847578356452971 204.354504 0.000000
1653847578560584657 204.127667 0.000000
1653847578764473503 203.884511 0.000000
1653847579380925860 616.447767 0.000000
1653847579584705093 203.772602 0.000000
1653847579788790664 204.079777 0.000000
1653847579992923990 204.128725 0.000000
1653847580196523361 203.594962 0.000000
1653847580400659705 204.132449 0.000000
1653847580604921101 204.255677 0.000000
1653847581220115277 615.190152 0.000000
1653847581423572799 203.451984 0.000000
1653847582038485151 614.908243 0.000000
1653847582242511874 204.021841 0.000000
1653847582446562717 204.046458 0.000000
1653847582650460494 203.893613 0.000000
1653847582854433432 203.968793 0.000000
1653847583468500328 614.061594 0.000000
1653847583672176392 203.670957 0.000000
1653847583875444306 203.262787 0.000000
1653847584078579829 203.131208 0.000000
1653847584282619174 204.034689 0.000000
1653847584486573726 203.949315 0.000000
1653847584690811827 204.232554 0.000000
1653847584895030560 204.213510 0.000000
1653847585099246576 204.212282 0.000000
1653847585303414397 204.163716 0.000000
1653847585917922722 614.504321 0.000000
1653847586526646848 608.719279 0.000000
1653847586730382203 203.730113 0.000000
1653847586934408235 204.021582 0.000000
1653847587542663619 608.250247 0.000000
1653847587746348535 203.679959 0.000000
1653847587950594283 204.241198 0.000000
1653847588154683912 204.085273 0.000000
1653847588357825470 203.137028 0.000000
1653847588561759045 203.929527 0.000000
1653847588765961616 204.197824 0.000000
1653847588969924659 203.959024 0.000000
1653847589174151975 204.223427 0.000000
1653847589378115240 203.959020 0.000000
1653847589582059862 203.940813 0.000000
1653847589785950514 203.885951 0.000000
1653847589988920298 202.965590 0.000000
1653847590192878671 203.956037 0.000000
1653847590396223150 203.340299 0.000000
1653847590600506395 204.279161 0.000000
1653847591215331925 614.821816 0.000000
1653847591419634052 204.297025 0.000000
1653847591625851903 206.212826 0.000000
1653847591829269753 203.413611 0.000000
1653847592032608218 203.333739 0.000000
1653847592641587643 608.973947 0.000000
1653847592845252074 203.658437 0.000000
1653847593048814025 203.557911 0.000000
1653847593252766137 203.948203 0.000000
1653847593456380313 203.609780 0.000000
1653847593660559537 204.173686 0.000000
1653847593864116540 203.551320 0.000000
1653847594068043209 203.922344 0.000000
1653847594272055822 204.008383 0.000000
1653847594476042085 203.981647 0.000000
1653847594680183664 204.135961 0.000000
1653847594883699939 203.511870 0.000000
1653847595087733624 204.029522 0.000000
1653847595697421799 609.684171 0.000000
1653847595900658114 203.230396 0.000000
1653847596103787316 203.124251 0.000000
1653847596310196734 206.405259 0.000000
1653847596513877091 203.676508 0.000000
1653847596718089111 204.208176 0.000000
1653847596921198049 203.104753 0.000000
1653847597530956386 609.753240 0.000000
1653847597734758404 203.797176 0.000000
1653847597939002906 204.239380 0.000000
1653847598142615861 203.607994 0.000000
1653847598346262114 203.641567 0.000000
1653847598550386585 204.120386 0.000000
1653847598754113741 203.710607 0.000000
1653847598957705326 203.587254 0.000000
1653847599161285498 203.575306 0.000000
1653847599364674754 203.384751 0.000000
1653847599568117400 203.438130 0.000000
1653847599772442206 204.320547 0.000000
1653847599976606486 204.160426 0.000000
1653847600180820005 204.208908 0.000000
1653847600384030062 203.205842 0.000000
1653847600590066775 206.032328 0.000000
1653847600794230555 204.159605 0.000000
1653847600998192528 203.957878 0.000000
1653847601201626596 203.429703 0.000000
1653847601406051675 204.420396 0.000000
1653847601609986552 203.930848 0.000000
1653847601812829225 202.838698 0.000000
1653847602016456753 203.623089 0.000000
1653847602220878406 204.417295 0.000000
1653847602424918584 204.035895 0.000000
1653847602629006744 204.083709 0.000000
1653847602832325161 203.314202 0.000000
1653847603036595423 204.266203 0.000000
1653847603241178922 204.579709 0.000000
1653847603444851364 203.668167 0.000000
1653847603649096637 204.240547 0.000000
1653847603853327982 204.227281 0.000000
1653847604057285255 203.953280 0.000000
1653847604260919220 203.629230 0.000000
1653847604464962914 204.039783 0.000000
1653847604670550435 205.582885 0.000000
1653847604874655450 204.100991 0.000000
1653847605078584851 203.924971 0.000000
1653847605282532995 203.944085 0.000000
1653847605486021744 203.484604 0.000000
1653847605689461593 203.436095 0.000000
1653847606503085302 813.619805 0.000000
1653847606706680446 203.589807 0.000000
1653847607322752213 616.067111 0.000000
1653847607526261813 203.504398 0.000000
1653847607730312925 204.047152 0.000000
1653847607934544449 204.227385 0.000000
1653847608544040267 609.492069 0.000000
1653847608747762081 203.716863 0.000000
1653847608952107677 204.341821 0.000000
1653847609156195773 204.083395 0.000000
1653847609360565042 204.364558 0.000000
1653847609564311303 203.728620 0.000000
1653847609768585805 204.269526 0.000000
1653847609972608402 204.018127 0.000000
1653847610176606987 203.994306 0.000000
1653847610380630659 204.018946 0.000000
1653847610584865043 204.230004 0.000000
1653847610789190998 204.321764 0.000000
1653847610993358481 204.160547 0.000000
1653847611197123004 203.759732 0.000000
1653847611401426035 204.298987 0.000000
1653847611605347798 203.917077 0.000000
1653847611809073049 203.720873 0.000000
1653847612013245839 204.168065 0.000000
1653847612216722354 203.472450 0.000000
1653847612421173584 204.446309 0.000000
1653847612625323128 204.144707 0.000000
1653847612829430167 204.103210 0.000000
1653847613033421273 203.986821 0.000000
1653847613237174957 203.749269 0.000000
1653847613441515520 204.335957 0.000000
1653847613645829951 204.310216 0.000000
1653847614260996404 615.162293 0.000000
1653847614464532044 203.530755 0.000000
1653847614668834915 204.298731 0.000000
1653847614872168136 203.328957 0.000000
1653847615076218073 204.045055 0.000000
1653847615279377717 203.155614 0.000000
1653847615483242228 203.860217 0.000000
1653847615686952624 203.705830 0.000000
1653847615891186801 204.230112 0.000000
1653847616094840119 203.648683 0.000000
1653847616298692537 203.848812 0.000000
1653847616502727153 204.030376 0.000000
1653847616706912307 204.181360 0.000000
1653847616911242204 204.326098 0.000000
1653847617114900370 203.654277 0.000000
1653847617319250532 204.346518 0.000000
1653847617525100402 205.844236 0.000000
1653847617728551877 203.446984 0.000000
1653847617932736731 204.179387 0.000000
1653847618136869257 204.128641 0.000000
1653847618340519577 203.617108 0.000000
1653847618544235412 203.711875 0.000000
1653847618748359161 204.119599 0.000000
1653847618952309468 203.946238 0.000000
1653847619156702595 204.385509 0.000000
1653847619361054519 204.347679 0.000000
1653847619565263565 204.205152 0.000000
1653847619769483872 204.216364 0.000000
1653847619973926458 204.438883 0.000000
1653847620178126466 204.195974 0.000000
1653847620382424386 204.293384 0.000000
1653847620585867958 203.438124 0.000000
1653847620789503809 203.632082 0.000000
1653847620993743268 204.235088 0.000000
1653847621197924378 204.176559 0.000000
1653847621402315884 204.387211 0.000000
1653847621605412331 203.091045 0.000000
1653847622214448683 609.032076 0.000000
1653847622418448635 203.994369 0.000000
1653847622621808330 203.354152 0.000000
1653847622825614594 203.801814 0.000000
1653847623030246276 204.597708 0.000000
1653847623234406952 204.156601 0.000000
1653847623438640754 204.229241 0.000000
1653847623642817011 204.172027 0.000000
1653847623847272761 204.451511 0.000000
1653847624051402642 204.124378 0.000000
1653847624255991050 204.584053 0.000000
1653847624459475091 203.479565 0.000000
1653847624663848190 204.368889 0.000000
1653847624868072181 204.219009 0.000000
1653847625071954152 203.877786 0.000000
1653847625276140629 204.182248 0.000000
1653847625479813197 203.667225 0.000000
1653847625685690195 205.872348 0.000000
1653847625889907007 204.212702 0.000000
1653847626093961492 204.049787 0.000000
1653847626298026249 204.060280 0.000000
1653847626501952584 203.921568 0.000000
1653847626705307327 203.350242 0.000000
1653847626909479216 204.152703 0.000000
1653847627113621572 204.138188 0.000000
1653847627317540352 203.914801 0.000000
1653847627521688688 204.143735 0.000000
1653847627725426179 203.732153 0.000000
1653847627928452070 203.021205 0.000000
1653847628132606735 204.150095 0.000000
1653847628336816708 204.205819 0.000000
1653847628539977900 203.157247 0.000000
1653847628743288019 203.305714 0.000000
1653847628947165464 203.873346 0.000000
1653847629150828249 203.658114 0.000000
1653847629355029379 204.196754 0.000000
1653847629559203737 204.168499 0.000000
1653847629763231356 204.023554 0.000000
1653847629967275604 204.039508 0.000000
1653847630170969615 203.689580 0.000000
1653847630375350458 204.357744 0.000000
1653847630579183269 203.828642 0.000000
1653847630783467417 204.280238 0.000000
1653847630987772758 204.300951 0.000000
1653847631191858975 204.081281 0.000000
1653847631395530848 203.667908 0.000000
1653847631599117557 203.582214 0.000000
1653847631802408154 203.286677 0.000000
1653847632006643279 204.230550 0.000000
1653847632210841753 204.194454 0.000000
1653847632821270607 610.424559 0.000000
1653847633025218136 203.942042 0.000000
1653847633229544230 204.321052 0.000000
1653847633433966599 204.418024 0.000000
1653847633638306780 204.335199 0.000000
1653847633844033689 205.722954 0.000000
1653847634047377066 203.339267 0.000000
1653847634251694251 204.312890 0.000000
1653847634455355944 203.657524 0.000000
1653847634659773670 204.413686 0.000000
1653847634864713456 204.935682 0.000000
1653847635068501600 203.783688 0.000000
1653847635272291561 203.785852 0.000000
1653847635476034356 203.736781 0.000000
1653847635680599259 204.558123 0.000000
1653847635884521660 203.918030 0.000000
1653847636087992168 203.465397 0.000000
1653847636291535425 203.537543 0.000000
1653847636495762772 204.223342 0.000000
1653847636700219646 204.444891 0.000000
1653847636904531520 204.308000 0.000000
1653847637108995190 204.460006 0.000000
1653847637312874807 203.875727 0.000000
1653847637517305713 204.426851 0.000000
1653847637721129173 203.819982 0.000000
1653847637925242095 204.108307 0.000000
1653847638128953479 203.706307 0.000000
1653847638333305113 204.347009 0.000000
1653847638537742803 204.431411 0.000000
1653847638741290779 203.543099 0.000000
1653847638945698764 204.403680 0.000000
1653847639149977311 204.273094 0.000000
1653847639764518109 614.536834 0.000000
1653847639968594388 204.071327 0.000000
1653847640172355194 203.755154 0.000000
1653847640376361687 204.000260 0.000000
1653847640580229773 203.863627 0.000000
1653847641195986825 615.752175 0.000000
1653847641399249353 203.257636 0.000000
1653847641603451517 204.196856 0.000000
1653847641807162534 203.706547 0.000000
1653847642423573116 616.405234 0.000000
1653847642627953189 204.374731 0.000000
1653847642831926172 203.969004 0.000000
1653847643036649003 204.718140 0.000000
1653847643241561469 204.908121 0.000000
1653847643444926084 203.360510 0.000000
1653847643648890926 203.960591 0.000000
1653847644257316929 608.422067 0.000000
1653847644867695789 610.373728 0.000000
1653847645071352489 203.652250 0.000000
1653847645275589289 204.232715 0.000000
