1653847451902910095 423.853539 0.000000
1653847452113162197 210.239743 0.000000
1653847452321336083 208.169013 0.000000
1653847452529793642 208.451208 0.000000
1653847452737963517 208.165655 0.000000
1653847452944128227 206.159147 0.000000
1653847453150002779 205.868740 0.000000
1653847453355898911 205.891358 0.000000
1653847453562630343 206.726260 0.000000
1653847453768486334 205.850637 0.000000
1653847453973737825 205.247803 0.000000
1653847454180618682 206.877085 0.000000
1653847455205000107 1024.375920 0.000000
1653847455410963429 205.958719 0.000000
1653847455616668974 205.699696 0.000000
1653847455824376493 207.702265 0.000000
1653847456442190824 617.810245 0.000000
1653847456647290503 205.094386 0.000000
1653847456853051554 205.755117 0.000000
1653847457058392821 205.336777 0.000000
1653847457263657641 205.259425 0.000000
1653847457468662809 205.000062 0.000000
1653847457673998447 205.331146 0.000000
1653847457879612752 205.608689 0.000000
1653847458083776722 204.160500 0.000000
1653847458289274612 205.492855 0.000000
1653847458495354026 206.074795 0.000000
1653847458699562994 204.205626 0.000000
1653847458904071744 204.503513 0.000000
1653847459108854383 204.778097 0.000000
1653847459312780877 203.899865 0.000000
1653847459518114526 205.329808 0.000000
1653847460133466366 615.346839 0.000000
1653847460338747669 205.275765 0.000000
1653847460544071693 205.318318 0.000000
1653847460748977688 204.901976 0.000000
1653847460953686521 204.703521 0.000000
1653847461158304639 204.612148 0.000000
1653847461363584423 205.274475 0.000000
1653847461568772348 205.183196 0.000000
1653847461773963198 205.186407 0.000000
1653847461979060836 205.093096 0.000000
1653847462183892353 204.826269 0.000000
1653847462388963719 205.066313 0.000000
1653847462594230218 205.262172 0.000000
1653847462799004570 204.770363 0.000000
1653847463003567432 204.558068 0.000000
1653847463207905645 204.331477 0.000000
1653847463412061292 204.150114 0.000000
1653847463617367699 205.301735 0.000000
1653847463821974500 204.602435 0.000000
1653847464432652202 610.672006 0.000000
1653847464637431574 204.773750 0.000000
1653847464841795619 204.359158 0.000000
1653847465046081009 204.279091 0.000000
1653847465250202691 204.117324 0.000000
1653847465454267674 204.058012 0.000000
1653847465658786604 204.513988 0.000000
1653847465863631596 204.838717 0.000000
1653847466067544192 203.908290 0.000000
1653847466271827731 204.278782 0.000000
1653847466475563486 203.730563 0.000000
1653847466679922995 204.352793 0.000000
1653847466884505911 204.577553 0.000000
1653847467088559381 204.046966 0.000000
1653847467292393987 203.828467 0.000000
1653847467497827243 205.427603 0.000000
1653847467702621481 204.789430 0.000000
1653847467907467294 204.840555 0.000000
1653847468112357619 204.885015 0.000000
1653847468317084825 204.722818 0.000000
1653847468928441936 611.351738 0.000000
1653847469132991519 204.543789 0.000000
1653847469743717445 610.720594 0.000000
1653847469948237252 204.513808 0.000000
1653847470151973815 203.731075 0.000000
1653847470356488626 204.497225 0.000000
1653847470560028455 203.535269 0.000000
1653847470764430919 204.397823 0.000000
1653847471381861665 617.425749 0.000000
1653847471585723005 203.855985 0.000000
1653847471789548410 203.820233 0.000000
1653847471994739486 205.186466 0.000000
1653847472198436467 203.690014 0.000000
1653847472403050811 204.608982 0.000000
1653847472607570923 204.514849 0.000000
1653847472811490783 203.914282 0.000000
1653847473015988463 204.492624 0.000000
1653847473220610424 204.616643 0.000000
1653847473425822880 205.207594 0.000000
1653847473630360299 204.532708 0.000000
1653847473835281823 204.917023 0.000000
1653847474039814756 204.528292 0.000000
1653847474243776943 203.957367 0.000000
1653847474448025497 204.244363 0.000000
1653847474652314834 204.284977 0.000000
1653847474856177866 203.858160 0.000000
1653847475060603519 204.421178 0.000000
1653847475265516839 204.908879 0.000000
1653847475470181098 204.659679 0.000000
1653847475675570306 205.382730 0.000000
1653847475880014738 204.440812 0.000000
1653847476084173799 204.153934 0.000000
1653847476287922330 203.743484 0.000000
1653847476492006757 204.079902 0.000000
1653847476695526215 203.512972 0.000000
1653847476899332364 203.799604 0.000000
1653847477102956549 203.618498 0.000000
1653847477307714266 204.750981 0.000000
1653847477511673246 203.952424 0.000000
1653847477716010223 204.331815 0.000000
1653847477919612688 203.597253 0.000000
1653847478123617119 203.999164 0.000000
1653847478327907327 204.285968 0.000000
1653847478531671799 203.759295 0.000000
1653847478736354441 204.678367 0.000000
1653847478940767920 204.408583 0.000000
1653847479145217238 204.444436 0.000000
1653847479350991699 205.769266 0.000000
1653847479555428212 204.432373 0.000000
1653847479759663486 204.229967 0.000000
1653847479963380789 203.711464 0.000000
1653847480168317768 204.931426 0.000000
1653847480373085645 204.761202 0.000000
1653847480577340142 204.249236 0.000000
1653847480780964089 203.618617 0.000000
1653847480984622823 203.653604 0.000000
1653847481189040111 204.411815 0.000000
1653847481393726576 204.680577 0.000000
1653847481598119042 204.387008 0.000000
1653847481801800185 203.675586 0.000000
1653847482006265345 204.459943 0.000000
1653847482210346119 204.075381 0.000000
1653847482414178714 203.825717 0.000000
1653847482618109008 203.926234 0.000000
1653847482821565702 203.451969 0.000000
1653847483027810423 206.238640 0.000000
1653847483231657189 203.839931 0.000000
1653847483435329531 203.666639 0.000000
1653847483639506741 204.172514 0.000000
1653847483843965312 204.453255 0.000000
1653847484048118974 204.149048 0.000000
1653847484251868476 203.743323 0.000000
1653847484455744081 203.870323 0.000000
1653847484660158764 204.409305 0.000000
1653847484863648029 203.484655 0.000000
1653847485068330987 204.650508 0.000000
1653847485272671751 204.335693 0.000000
1653847485477284936 204.608418 0.000000
1653847485681334763 204.044979 0.000000
1653847485885683201 204.343254 0.000000
1653847486090138612 204.450010 0.000000
1653847486293908583 203.763614 0.000000
1653847486498206839 204.292843 0.000000
1653847486704115698 205.903351 0.000000
1653847486908296316 204.175041 0.000000
1653847487112157652 203.856619 0.000000
1653847487316272851 204.109576 0.000000
1653847487520055415 203.776320 0.000000
1653847488129531627 609.472565 0.000000
1653847488333236375 203.694860 0.000000
1653847488536892805 203.649689 0.000000
1653847488741184285 204.286369 0.000000
1653847488944605106 203.414275 0.000000
1653847489554621366 610.011433 0.000000
1653847489758204210 203.577321 0.000000
1653847489962468470 204.259740 0.000000
1653847490166469274 203.995792 0.000000
1653847490369951633 203.475654 0.000000
1653847490574306356 204.349450 0.000000
1653847490778667883 204.356225 0.000000
1653847490985165023 206.492363 0.000000
1653847491593467334 608.297650 0.000000
1653847491797718224 204.245718 0.000000
1653847492002172082 204.448652 0.000000
1653847492618537827 616.361214 0.000000
1653847493232687111 614.143722 0.000000
1653847493436205905 203.511742 0.000000
1653847493640390115 204.178206 0.000000
1653847493844635668 204.240090 0.000000
1653847494048822389 204.181228 0.000000
1653847494253285554 204.457958 0.000000
1653847494457616801 204.326085 0.000000
1653847494660986182 203.363603 0.000000
1653847494865056477 204.065163 0.000000
1653847495069794381 204.733169 0.000000
1653847495275383434 205.583720 0.000000
1653847495478587335 203.199786 0.000000
1653847495682775137 204.183030 0.000000
1653847495887133889 204.352893 0.000000
1653847496090535731 203.396675 0.000000
1653847496294023799 203.482951 0.000000
1653847496497977687 203.949749 0.000000
1653847496701725394 203.743473 0.000000
1653847496905325157 203.594174 0.000000
1653847497109317821 203.986865 0.000000
1653847497312766006 203.443765 0.000000
1653847497517087289 204.315771 0.000000
1653847497720497541 203.405851 0.000000
1653847497924352763 203.850748 0.000000
1653847498128403157 204.045858 0.000000
1653847498332570071 204.162223 0.000000
1653847499554048703 1221.474829 0.000000
1653847499758039312 203.984414 0.000000
1653847499962047200 204.003384 0.000000
1653847500165817901 203.765569 0.000000
1653847500368685373 202.861893 0.000000
1653847500571844309 203.153057 0.000000
1653847500775837998 203.988152 0.000000
1653847500979910012 204.067037 0.000000
1653847501184052640 204.137636 0.000000
1653847501387284530 203.226854 0.000000
1653847501591259623 203.970542 0.000000
1653847501794616440 203.352211 0.000000
1653847501998527974 203.906803 0.000000
1653847502202585533 204.052789 0.000000
1653847502406830730 204.226583 0.000000
1653847502610850321 204.015567 0.000000
1653847502815081880 204.227645 0.000000
1653847503018457105 203.370844 0.000000
1653847503223365948 204.901521 0.000000
1653847503427087940 203.717281 0.000000
1653847503630575497 203.482049 0.000000
1653847503834727671 204.147819 0.000000
1653847504038317791 203.585429 0.000000
1653847504241779958 203.457752 0.000000
1653847504444913825 203.127658 0.000000
1653847504649270727 204.352868 0.000000
1653847504852618237 203.340935 0.000000
1653847505056717268 204.094851 0.000000
1653847505259877356 203.155714 0.000000
1653847505463457328 203.575506 0.000000
1653847506078829074 615.365247 0.000000
1653847506282212027 203.377039 0.000000
1653847506486419922 204.202131 0.000000
1653847506689529437 203.105060 0.000000
1653847506893656674 204.121549 0.000000
1653847507097019994 203.357953 0.000000
1653847507301248663 204.221627 0.000000
1653847507505403834 204.150279 0.000000
1653847507708544667 203.136082 0.000000
1653847507911811935 203.262779 0.000000
1653847508115053378 203.237413 0.000000
1653847508319165304 204.107761 0.000000
1653847508522578326 203.408097 0.000000
1653847508726782512 204.183212 0.000000
1653847508930276629 203.485495 0.000000
1653847509134599506 204.319191 0.000000
1653847509338045349 203.440461 0.000000
1653847509541328063 203.278183 0.000000
1653847509744593597 203.261559 0.000000
1653847509948943111 204.344197 0.000000
1653847510563657907 614.710446 0.000000
1653847510766612782 202.949818 0.000000
1653847510969759889 203.141364 0.000000
1653847511174046527 204.282283 0.000000
1653847511379517723 205.465926 0.000000
1653847511583480142 203.959760 0.000000
1653847512193446910 609.962098 0.000000
1653847512397051834 203.598940 0.000000
1653847513422079314 1025.023245 0.000000
1653847513625455139 203.370518 0.000000
1653847513829418679 203.958433 0.000000
1653847514033460230 204.035236 0.000000
1653847514237558529 204.093422 0.000000
1653847514440957193 203.393672 0.000000
1653847514645068171 204.106452 0.000000
1653847514848501927 203.429641 0.000000
1653847515457501470 608.995269 0.000000
1653847515660546870 203.040770 0.000000
1653847515864655795 204.104258 0.000000
1653847516068985758 204.325408 0.000000
1653847516272105747 203.115655 0.000000
1653847516475198469 203.088071 0.000000
1653847516678438347 203.235754 0.000000
1653847516881875190 203.432528 0.000000
1653847517086132273 204.252858 0.000000
1653847517289902247 203.765704 0.000000
1653847517899847358 609.939804 0.000000
1653847518103637765 203.784117 0.000000
1653847518306910480 203.268290 0.000000
1653847518510046206 203.131090 0.000000
1653847518713510337 203.459079 0.000000
1653847518917606472 204.091905 0.000000
1653847519121752987 204.142972 0.000000
1653847519325065906 203.308353 0.000000
1653847519528309152 203.238470 0.000000
1653847519731414908 203.101250 0.000000
1653847519937678878 206.259615 0.000000
1653847520141863528 204.180239 0.000000
1653847520345725551 203.857698 0.000000
1653847520548941910 203.211447 0.000000
1653847520753051398 204.105379 0.000000
1653847520956365511 203.309032 0.000000
1653847521160363797 203.993900 0.000000
1653847521364595431 204.226291 0.000000
1653847521567772258 203.172301 0.000000
1653847521771815443 204.038879 0.000000
1653847521976008252 204.187422 0.000000
1653847522180292579 204.279842 0.000000
1653847522384362101 204.064555 0.000000
1653847522588574585 204.208199 0.000000
1653847522792592953 204.013667 0.000000
1653847522996694660 204.097282 0.000000
1653847523200012068 203.312628 0.000000
1653847523404121934 204.105621 0.000000
1653847523608274939 204.148379 0.000000
1653847523811517801 203.238046 0.000000
1653847524015255684 203.733584 0.000000
1653847524218719669 203.460095 0.000000
1653847524422844330 204.120095 0.000000
1653847524627797350 204.947357 0.000000
1653847524831629774 203.827965 0.000000
1653847525035385139 203.751064 0.000000
1653847525239289129 203.899230 0.000000
1653847525442598425 203.303542 0.000000
1653847525645901646 203.299272 0.000000
1653847525849051308 203.145518 0.000000
1653847526053073600 204.018374 0.000000
1653847526257135754 204.057603 0.000000
1653847526461410028 204.269909 0.000000
1653847527076119455 614.705617 0.000000
1653847527280199290 204.073134 0.000000
1653847527483566074 203.361993 0.000000
1653847527689144056 205.573120 0.000000
1653847527893046633 203.898087 0.000000
1653847528096992010 203.940460 0.000000
1653847528300087041 203.090465 0.000000
1653847528503422156 203.330304 0.000000
1653847528707355614 203.928581 0.000000
1653847529315550312 608.191181 0.000000
1653847529518779085 203.223656 0.000000
1653847529722049173 203.265624 0.000000
1653847529925987579 203.935070 0.000000
1653847530129968865 203.976279 0.000000
1653847530333789070 203.814677 0.000000
1653847530537048254 203.254563 0.000000
1653847530741502936 204.450272 0.000000
1653847530944736475 203.228833 0.000000
1653847531149204505 204.462271 0.000000
1653847531352752923 203.543893 0.000000
1653847531556976390 204.218350 0.000000
1653847531761120267 204.138288 0.000000
1653847531965478724 204.353651 0.000000
1653847532169624760 204.141355 0.000000
1653847532373009232 203.379169 0.000000
1653847532577024894 204.010440 0.000000
1653847532780787361 203.757576 0.000000
1653847532984100331 203.308083 0.000000
1653847533187982502 203.877375 0.000000
1653847533802024257 614.037401 0.000000
1653847534006186852 204.157227 0.000000
1653847534210196133 204.004832 0.000000
1653847534820769870 610.569226 0.000000
1653847535024918011 204.142898 0.000000
1653847535229704419 204.780892 0.000000
1653847535433906760 204.198562 0.000000
1653847535638339083 204.426649 0.000000
1653847535842244407 203.899450 0.000000
1653847536046646960 204.397882 0.000000
1653847536251375798 204.723861 0.000000
1653847536864890126 613.509331 0.000000
1653847537890017513 1025.122019 0.000000
1653847538093427405 203.404665 0.000000
1653847538297361133 203.929015 0.000000
1653847538500895605 203.530964 0.000000
1653847538704536287 203.635595 0.000000
1653847539319386436 614.845398 0.000000
1653847539523366107 203.974263 0.000000
1653847540138185754 614.815542 0.000000
1653847540341467203 203.276388 0.000000
1653847540545455715 203.984612 0.000000
1653847540751401448 205.941223 0.000000
1653847540955551421 204.145362 0.000000
1653847541158821924 203.264339 0.000000
1653847541362051762 203.225323 0.000000
1653847541566214924 204.158950 0.000000
1653847541775505337 209.286857 0.000000
1653847541978945988 203.433790 0.000000
1653847542182185287 203.233592 0.000000
1653847542385095240 202.904530 0.000000
1653847542589197147 204.096740 0.000000
1653847542792325051 203.123343 0.000000
1653847542996066490 203.736720 0.000000
1653847543200112401 204.041719 0.000000
1653847543404144238 204.027597 0.000000
1653847543607040533 202.892206 0.000000
1653847543810326226 203.281192 0.000000
1653847544013278751 202.947356 0.000000
1653847544216655893 203.372886 0.000000
1653847544420160135 203.478747 0.000000
1653847544624602253 204.437437 0.000000
1653847544827909776 203.303063 0.000000
1653847545031967668 204.052875 0.000000
1653847545235242405 203.269875 0.000000
1653847545438367533 203.117501 0.000000
1653847545641676725 203.305449 0.000000
1653847545845739664 204.058724 0.000000
1653847546049069309 203.325310 0.000000
1653847546252994296 203.920371 0.000000
1653847546867256527 614.258007 0.000000
1653847547070453624 203.192331 0.000000
1653847547274473038 204.014992 0.000000
1653847547479785180 205.308285 0.000000
1653847547683017461 203.228163 0.000000
1653847548300784825 617.760984 0.000000
1653847548504886278 204.095770 0.000000
1653847548709090068 204.199641 0.000000
1653847548912610582 203.516992 0.000000
1653847549116857143 204.242010 0.000000
1653847549320687383 203.822319 0.000000
1653847549524706734 204.015335 0.000000
1653847549728936004 204.224501 0.000000
1653847550342427856 613.487240 0.000000
1653847550546411563 203.979293 0.000000
1653847550750365958 203.950605 0.000000
1653847550954305584 203.936492 0.000000
1653847551157882604 203.572234 0.000000
1653847551361603474 203.716730 0.000000
1653847551565609618 204.001478 0.000000
1653847551769011374 203.381293 0.000000
1653847551974370562 205.355108 0.000000
1653847552178494801 204.119591 0.000000
1653847552382155407 203.655426 0.000000
1653847552585134165 202.974374 0.000000
1653847552789534984 204.396518 0.000000
1653847552993727799 204.188008 0.000000
1653847553197795857 204.062540 0.000000
1653847553401942581 204.142301 0.000000
1653847553605499937 203.553756 0.000000
1653847553809444520 203.939812 0.000000
1653847554013445351 203.996958 0.000000
1653847554216932039 203.482893 0.000000
1653847554421130445 204.176442 0.000000
1653847554624702350 203.567729 0.000000
1653847554827822321 203.115703 0.000000
1653847555437022170 609.196690 0.000000
1653847555640454975 203.427657 0.000000
1653847555844688807 204.229035 0.000000
1653847556047819951 203.127305 0.000000
1653847556252125442 204.300955 0.000000
1653847556455565060 203.435754 0.000000
1653847556658758547 203.189408 0.000000
1653847556862920445 204.158433 0.000000
1653847557472810679 609.886239 0.000000
1653847557676449261 203.633029 0.000000
1653847557880582399 204.129194 0.000000
1653847558084607306 204.019274 0.000000
1653847558288435729 203.824317 0.000000
1653847558492216431 203.776542 0.000000
1653847558696356827 204.136301 0.000000
1653847558899745650 203.384117 0.000000
1653847559103086308 203.336022 0.000000
1653847559306417812 203.326397 0.000000
1653847559509890109 203.467888 0.000000
1653847559713911824 204.018310 0.000000
1653847559918062929 204.146689 0.000000
1653847560122205278 204.138571 0.000000
1653847560737901831 615.692699 0.000000
1653847560941430520 203.524535 0.000000
1653847561145901992 204.465808 0.000000
1653847561350219745 204.312862 0.000000
1653847561554040715 203.814791 0.000000
1653847561757270823 203.226169 0.000000
1653847561961083554 203.808346 0.000000
1653847562164782003 203.694360 0.000000
1653847562369082698 204.296183 0.000000
1653847562572399007 203.311634 0.000000
1653847562776599319 204.194031 0.000000
1653847563390986182 614.382553 0.000000
1653847563595117887 204.126282 0.000000
1653847563798811719 203.690029 0.000000
1653847564002281265 203.465186 0.000000
1653847564206365972 204.080192 0.000000
1653847564412069846 205.699518 0.000000
1653847564616357563 204.283763 0.000000
1653847564820345005 203.982912 0.000000
1653847565024271922 203.922155 0.000000
1653847565228161506 203.885280 0.000000
1653847565432430017 204.263520 0.000000
1653847566043603599 611.169607 0.000000
1653847566247689977 204.080597 0.000000
1653847566857740007 610.046296 0.000000
1653847567061704390 203.959105 0.000000
1653847567264903619 203.194067 0.000000
1653847567469145624 204.237871 0.000000
1653847567673232387 204.082975 0.000000
1653847567877394265 204.157828 0.000000
1653847568081395018 203.996127 0.000000
1653847568284561007 203.160968 0.000000
1653847568489059273 204.494158 0.000000
1653847568693377648 204.314800 0.000000
1653847568896532929 203.151402 0.000000
1653847569100314780 203.778335 0.000000
1653847569304461487 204.128608 0.000000
1653847569507826967 203.361683 0.000000
1653847569711922273 204.091598 0.000000
1653847569915845965 203.918751 0.000000
1653847570119079856 203.228438 0.000000
1653847570322845209 203.761816 0.000000
1653847570526837395 203.988594 0.000000
1653847570730774899 203.933691 0.000000
1653847570933733012 202.953351 0.000000
1653847571137185951 203.448826 0.000000
1653847571340943566 203.753520 0.000000
1653847571544024082 203.076571 0.000000
1653847571747258739 203.230117 0.000000
1653847571952503084 205.240150 0.000000
1653847572155416025 202.908666 0.000000
1653847572764236839 608.817010 0.000000
1653847572967654236 203.412973 0.000000
1653847573171619990 203.962036 0.000000
1653847573375985411 204.361565 0.000000
1653847573580046462 204.035437 0.000000
1653847573784150731 204.099478 0.000000
1653847573987397168 203.242764 0.000000
1653847574190569277 203.167649 0.000000
1653847574394438551 203.864212 0.000000
1653847574597804653 203.360749 0.000000
1653847574801432174 203.622870 0.000000
1653847575005470382 204.033226 0.000000
1653847575209328696 203.854410 0.000000
1653847575412767912 203.435107 0.000000
1653847575615854051 203.082010 0.000000
1653847575821043379 205.184180 0.000000
1653847576024475266 203.427775 0.000000
1653847576228407236 203.926377 0.000000
1653847576432529023 204.117711 0.000000
1653847576636662225 204.129999 0.000000
1653847576840611183 203.944835 0.000000
1653847577044512569 203.898377 0.000000
1653847577248438325 203.921671 0.000000
1653847577451889790 203.446915 0.000000
1653847577655053248 203.159073 0.000000
1653847577858192054 203.134521 0.000000
1653847578062270014 204.073725 0.000000
1653847578265886959 203.596557 0.000000
1653847579080645693 814.754469 0.000000
1653847579284697150 204.046581 0.000000
1653847579488593457 203.891941 0.000000
1653847579691926765 203.328978 0.000000
1653847579894940533 203.009364 0.000000
1653847580101875213 206.930134 0.000000
1653847580305797407 203.918130 0.000000
1653847580509078243 203.276425 0.000000
1653847580712956056 203.873615 0.000000
1653847581327882257 614.922447 0.000000
1653847581531897639 204.010607 0.000000
1653847581735119112 203.216766 0.000000
1653847581939234744 204.111161 0.000000
1653847582143443973 204.204924 0.000000
1653847582347362139 203.914181 0.000000
1653847582551242998 203.876675 0.000000
1653847582755549826 204.302502 0.000000
1653847582959465235 203.908293 0.000000
1653847583163646344 204.177130 0.000000
1653847583367155637 203.504372 0.000000
1653847583571533875 204.372905 0.000000
1653847583775758860 204.219838 0.000000
1653847583979286677 203.522975 0.000000
1653847584183446065 204.154519 0.000000
1653847584387722204 204.271248 0.000000
1653847584591362232 203.633980 0.000000
1653847584795295883 203.929924 0.000000
1653847585409412870 614.089518 0.000000
1653847585613619613 204.201601 0.000000
1653847585817834780 204.210357 0.000000
1653847586021961968 204.122877 0.000000
1653847586226071375 204.104600 0.000000
1653847586429208909 203.132829 0.000000
1653847586633340231 204.127022 0.000000
1653847587246919719 613.575619 0.000000
1653847587450963563 204.038845 0.000000
1653847587654035409 203.067612 0.000000
1653847587858020458 203.981128 0.000000
1653847588061343753 203.319207 0.000000
1653847588265232890 203.885178 0.000000
1653847588469339329 204.102149 0.000000
1653847588673125435 203.781992 0.000000
1653847588877243065 204.113799 0.000000
1653847589081370001 204.123081 0.000000
1653847589284588154 203.214159 0.000000
1653847589488805366 204.212997 0.000000
1653847589692740609 203.931541 0.000000
1653847589896476208 203.730617 0.000000
1653847590099898512 203.417878 0.000000
1653847590303227358 203.324296 0.000000
1653847590507198019 203.966742 0.000000
1653847590710444563 203.242369 0.000000
1653847590914152146 203.703178 0.000000
1653847591118693342 204.537072 0.000000
1653847591322869547 204.171123 0.000000
1653847591526792044 203.918141 0.000000
1653847591732251402 205.454610 0.000000
1653847591936586046 204.329562 0.000000
1653847592140945333 204.354446 0.000000
1653847592345092034 204.141968 0.000000
1653847592960180850 615.085024 0.000000
1653847593164175907 203.982629 0.000000
1653847593367981318 203.800940 0.000000
1653847593572128215 204.142331 0.000000
1653847593776330024 204.197895 0.000000
1653847593979417542 203.083253 0.000000
1653847594183425293 204.003862 0.000000
1653847594386622938 203.193488 0.000000
1653847594589867570 203.240301 0.000000
1653847594794136727 204.263943 0.000000
1653847594998442438 204.301651 0.000000
1653847595202728629 204.281825 0.000000
1653847595406776108 204.043480 0.000000
1653847595610671924 203.891811 0.000000
1653847595816137633 205.460001 0.000000
1653847596019083154 202.941713 0.000000
1653847596222698692 203.610566 0.000000
1653847596426805153 204.102201 0.000000
1653847596630068044 203.258741 0.000000
1653847596834207857 204.136206 0.000000
1653847597038048213 203.836052 0.000000
1653847597649253404 611.201775 0.000000
1653847597852863212 203.605542 0.000000
1653847598056312574 203.434020 0.000000
1653847598666413767 610.096571 0.000000
1653847598870027791 203.609794 0.000000
1653847599074113219 204.080223 0.000000
1653847599278074325 203.957132 0.000000
1653847599482062636 203.984271 0.000000
1653847599685670941 203.604371 0.000000
1653847599889540289 203.865058 0.000000
1653847600094512481 204.967973 0.000000
1653847600298869986 204.354151 0.000000
1653847600502394782 203.520594 0.000000
1653847600706450380 204.052405 0.000000
1653847600909791070 203.336325 0.000000
1653847601113806979 204.011513 0.000000
1653847601316806205 202.995138 0.000000
1653847601520575873 203.764289 0.000000
1653847601724102051 203.522231 0.000000
1653847601928081883 203.976108 0.000000
1653847602542633890 614.547528 0.000000
1653847603155717707 613.079467 0.000000
1653847603359773333 204.050580 0.000000
1653847603563006718 203.228849 0.000000
1653847603766914661 203.902991 0.000000
1653847603971532206 204.612544 0.000000
1653847604175785172 204.248376 0.000000
1653847604379352701 203.563238 0.000000
1653847604583079295 203.721704 0.000000
1653847604787418497 204.335242 0.000000
1653847604991332646 203.909849 0.000000
1653847605194571556 203.235276 0.000000
1653847605398333205 203.757924 0.000000
1653847606012346369 614.009495 0.000000
1653847606216476286 204.125870 0.000000
1653847606419943584 203.463315 0.000000
1653847606624343091 204.396185 0.000000
1653847606828253822 203.906674 0.000000
1653847607438062440 609.803941 0.000000
1653847607641986173 203.917964 0.000000
1653847607845902299 203.911760 0.000000
1653847608050340145 204.433852 0.000000
1653847608254264809 203.918699 0.000000
1653847608457454611 203.185112 0.000000
1653847608662018541 204.559397 0.000000
1653847608866923336 204.900605 0.000000
1653847609070365035 203.437279 0.000000
1653847609274364834 203.995505 0.000000
1653847609478017351 203.648537 0.000000
1653847609681708756 203.687144 0.000000
1653847609885603973 203.891068 0.000000
1653847610089086651 203.478625 0.000000
1653847610293160438 204.068048 0.000000
1653847610496405213 203.240811 0.000000
1653847610699813204 203.402653 0.000000
1653847610904079535 204.262271 0.000000
1653847611107470941 203.386034 0.000000
1653847611310747334 203.272494 0.000000
1653847611515140937 204.389096 0.000000
1653847611718556228 203.410754 0.000000
1653847612328662450 610.101765 0.000000
1653847612532233990 203.566810 0.000000
1653847612735645309 203.407064 0.000000
1653847613345708769 610.059250 0.000000
1653847613549726545 204.012689 0.000000
1653847613753311578 203.580423 0.000000
1653847613957441149 204.125762 0.000000
1653847614161794748 204.349400 0.000000
1653847614770914242 609.116529 0.000000
1653847614974132589 203.213707 0.000000
1653847615178171383 204.034163 0.000000
1653847615382489689 204.314072 0.000000
1653847615586940002 204.445110 0.000000
1653847615791193672 204.249891 0.000000
1653847615995045561 203.848130 0.000000
1653847616199148454 204.098913 0.000000
1653847616403000986 203.848724 0.000000
1653847616606406160 203.401386 0.000000
1653847616810328831 203.918700 0.000000
1653847617014857301 204.523599 0.000000
1653847617218079356 203.216868 0.000000
1653847617422386947 204.302885 0.000000
1653847617627856349 205.465558 0.000000
1653847617831831248 203.970850 0.000000
1653847618035758383 203.923997 0.000000
1653847618238950479 203.187380 0.000000
1653847618855682661 616.727777 0.000000
1653847619058695834 203.008177 0.000000
1653847619262353865 203.653466 0.000000
1653847619467095722 204.737937 0.000000
1653847619671020149 203.920218 0.000000
1653847619874359527 203.335198 0.000000
1653847620078103264 203.739542 0.000000
1653847620281382702 203.275093 0.000000
1653847620484680524 203.292089 0.000000
1653847620688085889 203.399327 0.000000
1653847620892083252 203.992388 0.000000
1653847621096413369 204.325759 0.000000
1653847621299617552 203.199808 0.000000
1653847621503065683 203.444702 0.000000
1653847621707146475 204.076582 0.000000
1653847621910563293 203.412478 0.000000
1653847622114755078 204.187719 0.000000
1653847622317705137 202.946532 0.000000
1653847622521678268 203.968369 0.000000
1653847622725918745 204.235617 0.000000
1653847622929487738 203.564322 0.000000
1653847623132474722 202.982769 0.000000
1653847623336274646 203.796409 0.000000
1653847623539902293 203.623512 0.000000
1653847623743961741 204.055650 0.000000
1653847623947669770 203.703868 0.000000
1653847624150776718 203.103258 0.000000
1653847624354380227 203.599579 0.000000
1653847624558784866 204.400299 0.000000
1653847625169341789 610.553390 0.000000
1653847625373616651 204.269746 0.000000
1653847625577941120 204.319948 0.000000
1653847625781838306 203.893530 0.000000
1653847625985430648 203.587891 0.000000
1653847626189666336 204.231382 0.000000
1653847626393953013 204.282549 0.000000
1653847626598443953 204.486370 0.000000
1653847626801751071 203.301950 0.000000
1653847627005451028 203.695777 0.000000
1653847627209697809 204.242030 0.000000
1653847627413263558 203.561053 0.000000
1653847627616983525 203.715376 0.000000
1653847627820410513 203.423192 0.000000
1653847628024042462 203.627358 0.000000
1653847628228060058 204.013684 0.000000
1653847628844703928 616.641299 0.000000
1653847629051086031 206.377211 0.000000
1653847629255416241 204.325534 0.000000
1653847629459124888 203.703951 0.000000
1653847629662754911 203.625689 0.000000
1653847629867256191 204.496614 0.000000
1653847630070802822 203.542683 0.000000
1653847630275197455 204.389679 0.000000
1653847630479085746 203.883871 0.000000
1653847630683193828 204.104379 0.000000
1653847630887422747 204.223917 0.000000
1653847631091699959 204.272786 0.000000
1653847631295879808 204.175975 0.000000
1653847631499915181 204.030938 0.000000
1653847631703139884 203.220600 0.000000
1653847631907506671 204.362543 0.000000
1653847632110919081 203.406867 0.000000
1653847632315175584 204.252193 0.000000
1653847632519399153 204.218927 0.000000
1653847632723609781 204.206513 0.000000
1653847632930202682 206.588632 0.000000
1653847633134831438 204.625286 0.000000
1653847633339054889 204.219511 0.000000
1653847633542761170 203.702236 0.000000
1653847633747388211 204.622951 0.000000
1653847633951327269 203.934743 0.000000
1653847634155559616 204.226959 0.000000
1653847634360200910 204.636132 0.000000
1653847634564004738 203.799262 0.000000
1653847634767566822 203.556807 0.000000
1653847634971272852 203.700021 0.000000
1653847635175520603 204.243787 0.000000
1653847635380140447 204.615969 0.000000
1653847635583818908 203.674632 0.000000
1653847635788417006 204.593998 0.000000
1653847635993001322 204.579761 0.000000
1653847636197490106 204.483381 0.000000
1653847636401903303 204.408997 0.000000
1653847636606035541 204.128204 0.000000
1653847636811745695 205.706315 0.000000
1653847637015339653 203.589708 0.000000
1653847637218900915 203.557273 0.000000
1653847637422960328 204.055005 0.000000
1653847637627399890 204.434759 0.000000
1653847637831536388 204.132231 0.000000
1653847638035759072 204.217672 0.000000
1653847638239830336 204.067175 0.000000
1653847638443429286 203.594529 0.000000
1653847638646593477 203.159545 0.000000
1653847638850448498 203.850791 0.000000
1653847639054528193 204.074252 0.000000
1653847639258841481 204.308167 0.000000
1653847639462381383 203.535947 0.000000
1653847639665913271 203.526932 0.000000
1653847639870190220 204.271992 0.000000
1653847640074526547 204.332228 0.000000
1653847640278216739 203.685537 0.000000
1653847640481675922 203.455019 0.000000
1653847640686166269 204.485781 0.000000
1653847640893922816 207.751616 0.000000
1653847641097164813 203.237271 0.000000
1653847641301459488 204.290365 0.000000
1653847641504895278 203.431483 0.000000
