1653847451966447687 429.547088 0.000000
1653847452177338549 210.878511 0.000000
1653847452385084295 207.742751 0.000000
1653847452592795729 207.707349 0.000000
1653847452802166272 209.366178 0.000000
1653847453011860766 209.689257 0.000000
1653847453218771267 206.905654 0.000000
1653847453427135414 208.358402 0.000000
1653847453634344082 207.204433 0.000000
1653847453841399400 207.047906 0.000000
1653847454048510813 207.106303 0.000000
1653847454254705319 206.189444 0.000000
1653847454461570112 206.858972 0.000000
1653847454668858616 207.283328 0.000000
1653847454875366407 206.503294 0.000000
1653847455081275230 205.903400 0.000000
1653847455287788172 206.505204 0.000000
1653847455492904767 205.111166 0.000000
1653847455698701387 205.791475 0.000000
1653847455905036651 206.330142 0.000000
1653847456110642263 205.600054 0.000000
1653847456317323386 206.675750 0.000000
1653847456522773763 205.444860 0.000000
1653847456729152201 206.372687 0.000000
1653847456934350326 205.192777 0.000000
1653847457139306262 204.947249 0.000000
1653847457344385957 205.074588 0.000000
1653847458173325623 828.935142 0.000000
1653847458788549221 615.218335 0.000000
1653847458993558746 205.003964 0.000000
1653847459198266438 204.702393 0.000000
1653847459403083250 204.812411 0.000000
1653847459608461823 205.373431 0.000000
1653847460222516509 614.049697 0.000000
1653847460427674276 205.151843 0.000000
1653847460633486528 205.805843 0.000000
1653847460838049637 204.557856 0.000000
1653847461043105275 205.049926 0.000000
1653847461248193359 205.082336 0.000000
1653847461453876382 205.677169 0.000000
1653847461659291105 205.409054 0.000000
1653847461864465670 205.169885 0.000000
1653847462069229743 204.758410 0.000000
1653847462274707983 205.473721 0.000000
1653847462479279496 204.566635 0.000000
1653847462683908025 204.622532 0.000000
1653847462888846522 204.934549 0.000000
1653847463093069826 204.217160 0.000000
1653847463297353055 204.277595 0.000000
1653847463502681823 205.321437 0.000000
1653847463707412476 204.726679 0.000000
1653847463911689946 204.272322 0.000000
1653847464115894990 204.199350 0.000000
1653847464319936628 204.036577 0.000000
1653847464525829489 205.886987 0.000000
1653847464729742135 203.906797 0.000000
1653847464934284080 204.536388 0.000000
1653847465138323791 204.034663 0.000000
1653847465343460529 205.131364 0.000000
1653847465548126001 204.658641 0.000000
1653847465752067458 203.935464 0.000000
1653847465956033385 203.960417 0.000000
1653847466161015668 204.977079 0.000000
1653847466365463249 204.443262 0.000000
1653847466570442224 204.973908 0.000000
1653847466775376100 204.928715 0.000000
1653847466979994417 204.612663 0.000000
1653847467185017255 205.017246 0.000000
1653847467389118124 204.096027 0.000000
1653847467593613220 204.489128 0.000000
1653847467797868427 204.250276 0.000000
1653847468002617500 204.744978 0.000000
1653847468208086560 205.464987 0.000000
1653847468411924773 203.833715 0.000000
1653847468615818155 203.888416 0.000000
1653847468820488757 204.665117 0.000000
1653847469025452679 204.958582 0.000000
1653847469229611700 204.154355 0.000000
1653847469433116950 203.500454 0.000000
1653847469637612772 204.491106 0.000000
1653847469841294772 203.675981 0.000000
1653847470452970763 611.671064 0.000000
1653847470656725152 203.747483 0.000000
1653847470861443407 204.713233 0.000000
1653847471065308270 203.846362 0.000000
1653847471270125275 204.811147 0.000000
1653847471473868941 203.739269 0.000000
1653847471678571985 204.698284 0.000000
1653847471883012209 204.433959 0.000000
1653847472086809451 203.792090 0.000000
1653847472291320432 204.504747 0.000000
1653847472496080107 204.754975 0.000000
1653847472703336774 207.251450 0.000000
1653847472907172890 203.830198 0.000000
1653847473111255160 204.078672 0.000000
1653847473316092792 204.832286 0.000000
1653847473520578923 204.480843 0.000000
1653847473724885561 204.301000 0.000000
1653847473929489029 204.598015 0.000000
1653847474134107202 204.613768 0.000000
1653847474338576704 204.464540 0.000000
1653847474543368490 204.785927 0.000000
1653847474747873635 204.499472 0.000000
1653847474951780979 203.902924 0.000000
1653847475155068626 203.282335 0.000000
1653847475359561028 204.488539 0.000000
1653847475563669786 204.103441 0.000000
1653847475767431593 203.757111 0.000000
1653847475971401985 203.964935 0.000000
1653847476176092109 204.685632 0.000000
1653847476380576034 204.479314 0.000000
1653847476584720681 204.139480 0.000000
1653847476789709706 204.984610 0.000000
1653847476993701041 203.986654 0.000000
1653847477198728129 205.022322 0.000000
1653847477403575805 204.842874 0.000000
1653847477607470742 203.889349 0.000000
1653847477812249578 204.774436 0.000000
1653847478016254899 204.000230 0.000000
1653847478220646336 204.387944 0.000000
1653847478425383210 204.731571 0.000000
1653847478629871841 204.483850 0.000000
1653847478833751121 203.874665 0.000000
1653847479037207653 203.450813 0.000000
1653847479241255830 204.043085 0.000000
1653847479445166268 203.903682 0.000000
1653847479649085345 203.914146 0.000000
1653847479853298230 204.208166 0.000000
1653847480057674566 204.371581 0.000000
1653847480261661456 203.981723 0.000000
1653847480466168390 204.501276 0.000000
1653847480670831262 204.655299 0.000000
1653847480875269095 204.433057 0.000000
1653847481081148551 205.874314 0.000000
1653847481286052836 204.898245 0.000000
1653847481490531302 204.473855 0.000000
1653847481695325890 204.789040 0.000000
1653847481900007676 204.676108 0.000000
1653847482103958036 203.945098 0.000000
1653847482308684606 204.721582 0.000000
1653847482512618649 203.928931 0.000000
1653847482717251906 204.628130 0.000000
1653847482920918392 203.661810 0.000000
1653847483125503874 204.580339 0.000000
1653847483329685070 204.176275 0.000000
1653847483534537268 204.846775 0.000000
1653847484147291266 612.730826 0.000000
1653847484351363176 204.066440 0.000000
1653847484555446491 204.077962 0.000000
1653847484759955846 204.505541 0.000000
1653847484964476562 204.516118 0.000000
1653847485169193140 204.709994 0.000000
1653847485373241242 204.043665 0.000000
1653847485579772092 206.525362 0.000000
1653847485783279974 203.503042 0.000000
1653847485987051879 203.767209 0.000000
1653847486190999826 203.942249 0.000000
1653847486395152046 204.148013 0.000000
1653847486598372361 203.215951 0.000000
1653847486801843426 203.450091 0.000000
1653847487006221772 204.374282 0.000000
1653847487620960445 614.734035 0.000000
1653847487825303449 204.336514 0.000000
1653847488029360646 204.051655 0.000000
1653847488232773774 203.408411 0.000000
1653847488437079526 204.299666 0.000000
1653847488641493219 204.409484 0.000000
1653847489255684021 614.185976 0.000000
1653847489459711091 204.021961 0.000000
1653847489663691605 203.977125 0.000000
1653847489867656274 203.959441 0.000000
1653847490483382051 615.720224 0.000000
1653847490687269430 203.882713 0.000000
1653847490890474648 203.200477 0.000000
1653847491499998069 609.519256 0.000000
1653847491702994276 202.989885 0.000000
1653847491907008656 204.009667 0.000000
1653847492110554586 203.540964 0.000000
1653847492314877683 204.317660 0.000000
1653847492518406770 203.523149 0.000000
1653847492722682648 204.254964 0.000000
1653847492925869939 203.182779 0.000000
1653847493129663686 203.788144 0.000000
1653847493332879835 203.211163 0.000000
1653847493536396968 203.511801 0.000000
1653847493740766865 204.365347 0.000000
1653847493945595403 204.823015 0.000000
1653847494149905324 204.304444 0.000000
1653847494354145415 204.234958 0.000000
1653847494558584938 204.434381 0.000000
1653847494764966216 206.376247 0.000000
1653847494969310869 204.339103 0.000000
1653847495172301796 202.985930 0.000000
1653847495375824451 203.518059 0.000000
1653847495986076596 610.247205 0.000000
1653847496189461357 203.379373 0.000000
1653847496393729563 204.263114 0.000000
1653847496597567853 203.833349 0.000000
1653847496800835111 203.259691 0.000000
1653847497004285580 203.445342 0.000000
1653847497208558881 204.268010 0.000000
1653847497411906341 203.342097 0.000000
1653847497615968659 204.057514 0.000000
1653847497819178928 203.205125 0.000000
1653847498433573612 614.389929 0.000000
1653847498637881624 204.303279 0.000000
1653847499246875038 608.988939 0.000000
1653847499449725958 202.844189 0.000000
1653847499655660377 205.929453 0.000000
1653847499859425454 203.760149 0.000000
1653847500062793661 203.363427 0.000000
1653847500265850615 203.052338 0.000000
1653847500470051736 204.195559 0.000000
1653847500674049866 203.993040 0.000000
1653847500878035800 203.981073 0.000000
1653847501081713182 203.671628 0.000000
1653847501284836220 203.118096 0.000000
1653847501489042341 204.201511 0.000000
1653847501692201378 203.154541 0.000000
1653847501896445542 204.240279 0.000000
1653847502100546744 204.094737 0.000000
1653847502304821069 204.270070 0.000000
1653847502508112355 203.286910 0.000000
1653847502712189850 204.072866 0.000000
1653847502915566526 203.372612 0.000000
1653847503118816076 203.246166 0.000000
1653847503323131939 204.311673 0.000000
1653847503527313896 204.178014 0.000000
1653847503730517557 203.181905 0.000000
1653847503936592358 206.070368 0.000000
1653847504140955213 204.359219 0.000000
1653847504345078457 204.118693 0.000000
1653847504548370768 203.287540 0.000000
1653847504752203212 203.827678 0.000000
1653847504955833980 203.626192 0.000000
1653847505159232323 203.394048 0.000000
1653847505363276811 204.039606 0.000000
1653847505567202638 203.922038 0.000000
1653847505771551697 204.344212 0.000000
1653847505974844650 203.288021 0.000000
1653847506177867811 203.018074 0.000000
1653847506382286271 204.413906 0.000000
1653847506585884637 203.594090 0.000000
1653847506789445225 203.556673 0.000000
1653847506992714730 203.265295 0.000000
1653847507196844081 204.124782 0.000000
1653847507401108837 204.259874 0.000000
1653847507604576884 203.463647 0.000000
1653847507807556379 202.974217 0.000000
1653847508011583279 204.021583 0.000000
1653847508214837550 203.248688 0.000000
1653847508418983975 204.141386 0.000000
1653847508623255935 204.267691 0.000000
1653847508827510649 204.250244 0.000000
1653847509031816362 204.300786 0.000000
1653847509236023486 204.202673 0.000000
1653847509439506768 203.479220 0.000000
1653847509643416464 203.907523 0.000000
1653847509847635200 204.214692 0.000000
1653847510051795300 204.155774 0.000000
1653847510255036669 203.236974 0.000000
1653847510458316747 203.275267 0.000000
1653847510661344123 203.020540 0.000000
1653847510864500810 203.153033 0.000000
1653847511067603855 203.098982 0.000000
1653847511271694655 204.087629 0.000000
1653847511887628543 615.929744 0.000000
1653847512091816944 204.183325 0.000000
1653847512295191583 203.368534 0.000000
1653847512499246262 204.049938 0.000000
1653847512703115120 203.864021 0.000000
1653847512907211777 204.091023 0.000000
1653847513111302696 204.086353 0.000000
1653847513314609609 203.302842 0.000000
1653847513929441479 614.828499 0.000000
1653847514133405158 203.959363 0.000000
1653847514336690880 203.280705 0.000000
1653847514540913326 204.216937 0.000000
1653847514745287236 204.370421 0.000000
1653847515359105582 613.814522 0.000000
1653847515562514337 203.403281 0.000000
1653847515766625531 204.107242 0.000000
1653847515970430708 203.800203 0.000000
1653847516173660857 203.224844 0.000000
1653847516377478297 203.813902 0.000000
1653847516580730330 203.245830 0.000000
1653847516784717779 203.982602 0.000000
1653847517400315864 615.593930 0.000000
1653847517604368007 204.047057 0.000000
1653847517807503029 203.129659 0.000000
1653847518011496587 203.988626 0.000000
1653847518215298389 203.797717 0.000000
1653847518418623563 203.321069 0.000000
1653847518621794350 203.166426 0.000000
1653847518825894847 204.096817 0.000000
1653847519029080228 203.180524 0.000000
1653847519232207422 203.123325 0.000000
1653847519436130290 203.917977 0.000000
1653847519639340392 203.206308 0.000000
1653847519842589594 203.244617 0.000000
1653847520045883632 203.290024 0.000000
1653847520249699028 203.811028 0.000000
1653847520452640731 202.937683 0.000000
1653847520656092313 203.447388 0.000000
1653847520860555984 204.457768 0.000000
1653847521064506789 203.946239 0.000000
1653847521268953044 204.442106 0.000000
1653847521472116708 203.158792 0.000000
1653847521676120104 203.999567 0.000000
1653847522286214552 610.090073 0.000000
1653847522489720275 203.500271 0.000000
1653847522692954018 203.229002 0.000000
1653847522896360445 203.402459 0.000000
1653847523099394071 203.029306 0.000000
1653847523302522158 203.124253 0.000000
1653847523505615222 203.088101 0.000000
1653847523708898949 203.278750 0.000000
1653847523912884398 203.980868 0.000000
1653847524116378175 203.489777 0.000000
1653847524319685974 203.302908 0.000000
1653847524522938113 203.247619 0.000000
1653847524727082882 204.140414 0.000000
1653847524930482605 203.395919 0.000000
1653847525134621556 204.135276 0.000000
1653847525337782819 203.157429 0.000000
1653847525541720959 203.933878 0.000000
1653847525747619281 205.896189 0.000000
1653847525951539694 203.916118 0.000000
1653847526155771702 204.227823 0.000000
1653847526358934824 203.159022 0.000000
1653847526562079188 203.139838 0.000000
1653847526765352366 203.269143 0.000000
1653847526968452067 203.082937 0.000000
1653847527172508060 204.051824 0.000000
1653847527375776181 203.240386 0.000000
1653847527579691383 203.911147 0.000000
1653847527783154969 203.459206 0.000000
1653847527986949435 203.788252 0.000000
1653847528190998351 204.044482 0.000000
1653847528394893209 203.890386 0.000000
1653847528598289074 203.391056 0.000000
1653847528802433669 204.140320 0.000000
1653847529412028832 609.590186 0.000000
1653847529615664945 203.630455 0.000000
1653847529819468126 203.798224 0.000000
1653847530023156420 203.683192 0.000000
1653847530226467797 203.305774 0.000000
1653847530430414808 203.943061 0.000000
1653847530634425375 204.006603 0.000000
1653847530837222427 202.792391 0.000000
1653847531451100063 613.873348 0.000000
1653847531654079809 202.974435 0.000000
1653847531858110130 204.026006 0.000000
1653847532062464511 204.350117 0.000000
1653847532266599318 204.130046 0.000000
1653847532470859572 204.254916 0.000000
1653847532674978993 204.115061 0.000000
1653847533284233892 609.250358 0.000000
1653847533487349057 203.109328 0.000000
1653847533690400604 203.046538 0.000000
1653847533893848645 203.444426 0.000000
1653847534097124326 203.270295 0.000000
1653847534300708578 203.578789 0.000000
1653847534504581401 203.867301 0.000000
1653847534710010363 205.423729 0.000000
1653847534914061274 204.046095 0.000000
1653847535117637638 203.571207 0.000000
1653847535321499454 203.856565 0.000000
1653847535524886679 203.373769 0.000000
1653847535728351614 203.460389 0.000000
1653847535931814359 203.457753 0.000000
1653847536135000826 203.181345 0.000000
1653847536338097775 203.092669 0.000000
1653847536542352832 204.250115 0.000000
1653847536745625550 203.267401 0.000000
1653847536948943327 203.312977 0.000000
1653847537152360932 203.413249 0.000000
1653847537356004026 203.638864 0.000000
1653847537559838766 203.830390 0.000000
1653847537764042102 204.198906 0.000000
1653847537968309855 204.262751 0.000000
1653847538172046717 203.731600 0.000000
1653847538376172568 204.121847 0.000000
1653847538580160956 203.984377 0.000000
1653847538784371759 204.206892 0.000000
1653847538987579431 203.203166 0.000000
1653847539191155724 203.571858 0.000000
1653847539394508528 203.349035 0.000000
1653847539598166477 203.652942 0.000000
1653847539801391445 203.220102 0.000000
1653847540004676060 203.280185 0.000000
1653847540208841168 204.161175 0.000000
1653847540412401465 203.556306 0.000000
1653847540616336618 203.930723 0.000000
1653847540820270598 203.930041 0.000000
1653847541024709162 204.433722 0.000000
1653847541228727795 204.013717 0.000000
1653847541433033057 204.301183 0.000000
1653847541637189942 204.153250 0.000000
1653847541840985351 203.791375 0.000000
1653847542045241204 204.252436 0.000000
1653847542249595297 204.346641 0.000000
1653847542453946939 204.346725 0.000000
1653847542657721773 203.769405 0.000000
1653847542861670946 203.945463 0.000000
1653847543065751983 204.076617 0.000000
1653847543270387652 204.631028 0.000000
1653847543474409485 204.018271 0.000000
1653847543678723209 204.309699 0.000000
1653847543882579890 203.852878 0.000000
1653847544085661469 203.077238 0.000000
1653847544289873762 204.208088 0.000000
1653847544493849161 203.970316 0.000000
1653847544698061521 204.208478 0.000000
1653847544902321034 204.254917 0.000000
1653847545105422409 203.096558 0.000000
1653847545308747690 203.320470 0.000000
1653847545513189626 204.437080 0.000000
1653847545716295871 203.101241 0.000000
1653847545920775958 204.475405 0.000000
1653847546123803767 203.023208 0.000000
1653847546327291801 203.483583 0.000000
1653847546531553654 204.257941 0.000000
1653847546735807009 204.250083 0.000000
1653847546939832817 204.022410 0.000000
1653847547146289029 206.451930 0.000000
1653847547349421164 203.128132 0.000000
1653847547553528888 204.101598 0.000000
1653847547757708761 204.176216 0.000000
1653847547960970810 203.256145 0.000000
1653847548164943627 203.968106 0.000000
1653847548368798749 203.851433 0.000000
1653847548573143185 204.340502 0.000000
1653847548777432882 204.285868 0.000000
1653847548982031534 204.594171 0.000000
1653847549185852116 203.815866 0.000000
1653847549390272433 204.415967 0.000000
1653847549594214460 203.937256 0.000000
1653847549798293686 204.075034 0.000000
1653847550821612146 1023.313368 0.000000
1653847551025716973 204.099490 0.000000
1653847551229823295 204.101069 0.000000
1653847551433942387 204.114225 0.000000
1653847551639374000 205.426772 0.000000
1653847551842821064 203.442318 0.000000
1653847552046155662 203.330147 0.000000
1653847552250127787 203.966712 0.000000
1653847552454124648 203.991630 0.000000
1653847552657456239 203.326844 0.000000
1653847552860982307 203.521337 0.000000
1653847553065077483 204.089860 0.000000
1653847553679925614 614.844481 0.000000
1653847553883292537 203.360999 0.000000
1653847554086596764 203.299445 0.000000
1653847554289987713 203.386343 0.000000
1653847554494077792 204.085894 0.000000
1653847554697513745 203.432095 0.000000
1653847555312853555 615.336051 0.000000
1653847555516366121 203.507224 0.000000
1653847555720462641 204.092660 0.000000
1653847555924329363 203.862327 0.000000
1653847556129080276 204.746719 0.000000
1653847556332287758 203.203278 0.000000
1653847556535457302 203.164582 0.000000
1653847556739379511 203.918024 0.000000
1653847556942174795 202.790994 0.000000
1653847557145513609 203.335066 0.000000
1653847557349754568 204.236992 0.000000
1653847557553254539 203.495937 0.000000
1653847557757456665 204.197955 0.000000
1653847557960724703 203.263928 0.000000
1653847558164927491 204.197365 0.000000
1653847558368952566 204.021057 0.000000
1653847558572913743 203.957600 0.000000
1653847558777130021 204.211712 0.000000
1653847558980513342 203.378535 0.000000
1653847559183904351 203.384644 0.000000
1653847559387077182 203.168041 0.000000
1653847559590326953 203.244402 0.000000
1653847559793770288 203.439004 0.000000
1653847559998114679 204.339880 0.000000
1653847560203480105 205.361206 0.000000
1653847560406530517 203.045300 0.000000
1653847560609915178 203.379893 0.000000
1653847560813835891 203.916864 0.000000
1653847561017871014 204.031094 0.000000
1653847561221047814 203.171974 0.000000
1653847561425126368 204.074558 0.000000
1653847561629287110 204.157354 0.000000
1653847561833620784 204.329455 0.000000
1653847562037760710 204.136239 0.000000
1653847562241164616 203.400122 0.000000
1653847562445563670 204.394533 0.000000
1653847562649173337 203.601639 0.000000
1653847562853175252 203.997304 0.000000
1653847563057375853 204.195900 0.000000
1653847563261391229 204.011261 0.000000
1653847563465923738 204.528485 0.000000
1653847564081690651 615.759372 0.000000
1653847564285261369 203.566012 0.000000
1653847564490656422 205.390904 0.000000
1653847564695087205 204.426678 0.000000
1653847564898284097 203.192287 0.000000
1653847565101495139 203.206361 0.000000
1653847565305984140 204.484918 0.000000
1653847565509361418 203.369429 0.000000
1653847565713387474 204.021505 0.000000
1653847565916982418 203.590303 0.000000
1653847566121082781 204.095968 0.000000
1653847566324154102 203.054873 0.000000
1653847566528336406 204.178265 0.000000
1653847566732326584 203.986243 0.000000
1653847566936318952 203.987997 0.000000
1653847567551304780 614.944490 0.000000
1653847567754699794 203.389626 0.000000
1653847567957983008 203.278623 0.000000
1653847568161865459 203.877986 0.000000
1653847568365990025 204.119418 0.000000
1653847568570719967 204.724529 0.000000
1653847568775156503 204.431800 0.000000
1653847568979501160 204.339966 0.000000
1653847569183624938 204.118881 0.000000
1653847569387687684 204.058036 0.000000
1653847569590862141 203.170176 0.000000
1653847569794677731 203.810929 0.000000
1653847569998428854 203.747487 0.000000
1653847570202738299 204.303581 0.000000
1653847570406777039 204.033217 0.000000
1653847570610746830 203.965957 0.000000
1653847570814193741 203.443151 0.000000
1653847571018286691 204.088622 0.000000
1653847571221450743 203.159847 0.000000
1653847571425731845 204.277274 0.000000
1653847571629863674 204.128342 0.000000
1653847571832820990 202.951944 0.000000
1653847572036606921 203.780258 0.000000
1653847572649003477 612.393002 0.000000
1653847573257093347 608.085259 0.000000
1653847573460422633 203.324155 0.000000
1653847573663596169 203.168860 0.000000
1653847573867444350 203.844033 0.000000
1653847574071444501 203.994924 0.000000
1653847574275507381 204.057930 0.000000
1653847574889305110 613.782492 0.000000
1653847575504115512 614.805285 0.000000
1653847575708196381 204.075476 0.000000
1653847575912227921 204.027224 0.000000
1653847576116578661 204.347045 0.000000
1653847576320727704 204.144647 0.000000
1653847576524914714 204.181528 0.000000
1653847576728059060 203.139726 0.000000
1653847576932048246 203.984765 0.000000
1653847577136022948 203.956535 0.000000
1653847577752528487 616.501585 0.000000
1653847577956571668 204.038355 0.000000
1653847578160757115 204.181457 0.000000
1653847578363891137 203.129682 0.000000
1653847578567032903 203.137756 0.000000
1653847578771034589 203.997487 0.000000
1653847578974221814 203.183502 0.000000
1653847579177647699 203.422022 0.000000
1653847579380971283 203.319103 0.000000
1653847579585296219 204.320751 0.000000
1653847579789422273 204.122510 0.000000
1653847579993619589 204.193131 0.000000
1653847580197695441 204.071055 0.000000
1653847580400872202 203.172161 0.000000
1653847580605147604 204.270625 0.000000
1653847580809305061 204.153202 0.000000
1653847581013252163 203.942658 0.000000
1653847581216747522 203.490808 0.000000
1653847581419950078 203.198613 0.000000
1653847581624291423 204.337445 0.000000
1653847581828360986 204.065448 0.000000
1653847582034321842 205.956220 0.000000
1653847582238307273 203.981403 0.000000
1653847582441435086 203.123402 0.000000
1653847582645152401 203.712113 0.000000
1653847582848082910 202.925929 0.000000
1653847583052161483 204.074734 0.000000
1653847583256192982 204.008735 0.000000
1653847583460220142 204.023229 0.000000
1653847583664023902 203.799575 0.000000
1653847583867198228 203.169957 0.000000
1653847584071024159 203.821591 0.000000
1653847584275251480 204.220203 0.000000
1653847584478397826 203.141694 0.000000
1653847584682597203 204.195222 0.000000
1653847584886473334 203.872208 0.000000
1653847585090220893 203.743550 0.000000
1653847585294622247 204.396975 0.000000
1653847585498929623 204.303035 0.000000
1653847585701936275 203.002903 0.000000
1653847585906265621 204.324716 0.000000
1653847586111562243 205.290753 0.000000
1653847586316050615 204.483175 0.000000
1653847586519967507 203.912508 0.000000
1653847586724355085 204.382656 0.000000
1653847586928618940 204.260046 0.000000
1653847587132686789 204.063213 0.000000
1653847587336464343 203.773720 0.000000
1653847587540603673 204.135481 0.000000
1653847587743971158 203.363876 0.000000
1653847587947172533 203.197556 0.000000
1653847588150532631 203.355673 0.000000
1653847588354668720 204.131563 0.000000
1653847588558621531 203.949063 0.000000
1653847588761963001 203.337496 0.000000
1653847588965632611 203.665450 0.000000
1653847589169298403 203.661957 0.000000
1653847589372764258 203.461815 0.000000
1653847589576828699 204.060667 0.000000
1653847589780807346 203.974046 0.000000
1653847589985065973 204.253961 0.000000
1653847590190389066 205.319374 0.000000
1653847590394607656 204.214423 0.000000
1653847590598736552 204.123923 0.000000
1653847590801840104 203.098506 0.000000
1653847591004929213 203.085198 0.000000
1653847591209185335 204.251707 0.000000
1653847591413046548 203.856953 0.000000
1653847591616332324 203.280649 0.000000
1653847591820648701 204.312563 0.000000
1653847592024732132 204.078795 0.000000
1653847592228017330 203.280777 0.000000
1653847592432151811 204.130127 0.000000
1653847592635256141 203.100317 0.000000
1653847592839363555 204.103775 0.000000
1653847593043559519 204.192130 0.000000
1653847593247375115 203.811830 0.000000
1653847593450679504 203.300340 0.000000
1653847593653962924 203.279296 0.000000
1653847593858192010 204.225779 0.000000
1653847594062039787 203.843080 0.000000
1653847594267880251 205.835922 0.000000
1653847594470974048 203.089784 0.000000
1653847594675023639 204.046337 0.000000
1653847595290145107 615.117278 0.000000
1653847595494218924 204.069037 0.000000
1653847595698652600 204.430183 0.000000
1653847595903150705 204.493724 0.000000
1653847596513015060 609.860215 0.000000
1653847596717200122 204.179865 0.000000
1653847597325710186 608.505450 0.000000
1653847597529693390 203.977040 0.000000
1653847597733754453 204.057589 0.000000
1653847597937985106 204.226768 0.000000
1653847598142200290 204.211189 0.000000
1653847598346151827 203.947598 0.000000
1653847598550446179 204.289786 0.000000
1653847598753707142 203.256222 0.000000
1653847598957648196 203.936038 0.000000
1653847599161810370 204.157568 0.000000
1653847599366073328 204.258538 0.000000
1653847599570700449 204.622329 0.000000
1653847599775051502 204.346854 0.000000
1653847599979459577 204.403796 0.000000
1653847600183482493 204.018174 0.000000
1653847600387194079 203.707837 0.000000
1653847600590818257 203.620359 0.000000
1653847600794737105 203.914739 0.000000
1653847600999080976 204.339902 0.000000
1653847601203089306 204.004217 0.000000
1653847601407184421 204.091931 0.000000
1653847601611142806 203.954200 0.000000
1653847601814623871 203.477306 0.000000
1653847602019012059 204.383837 0.000000
1653847602223177654 204.161935 0.000000
1653847602427279681 204.098610 0.000000
1653847602631049588 203.765797 0.000000
1653847602835166623 204.112915 0.000000
1653847603038970895 203.800122 0.000000
1653847603243032525 204.057631 0.000000
1653847603447437934 204.401300 0.000000
1653847603651128377 203.686659 0.000000
1653847603855572741 204.440281 0.000000
1653847604059914729 204.337266 0.000000
1653847604264492700 204.573460 0.000000
1653847604468735922 204.238762 0.000000
1653847604673290624 204.550577 0.000000
1653847604877242970 203.948717 0.000000
1653847605080604999 203.357769 0.000000
1653847605695014307 614.404141 0.000000
1653847605899200285 204.180589 0.000000
1653847606103225051 204.018630 0.000000
1653847606307114822 203.886067 0.000000
1653847606510315079 203.196082 0.000000
1653847606713774720 203.455883 0.000000
1653847606916766632 202.988048 0.000000
1653847607122877063 206.106872 0.000000
1653847607326425966 203.544904 0.000000
1653847607530533423 204.103904 0.000000
1653847607733885082 203.347651 0.000000
1653847607938002894 204.113885 0.000000
1653847608142008850 204.002844 0.000000
1653847608346374146 204.361517 0.000000
1653847608550482485 204.087880 0.000000
1653847609164288185 613.801312 0.000000
1653847609779649066 615.355588 0.000000
1653847609983704894 204.049578 0.000000
1653847610188117976 204.408907 0.000000
1653847610391354874 203.232623 0.000000
1653847610595859379 204.498772 0.000000
1653847610799936456 204.073012 0.000000
1653847611004154931 204.213483 0.000000
1653847611208293084 204.133769 0.000000
1653847611412094430 203.797141 0.000000
1653847611616309377 204.210892 0.000000
1653847611820441461 204.128005 0.000000
1653847612023881492 203.435269 0.000000
1653847612228250257 204.364490 0.000000
1653847612431735051 203.456579 0.000000
1653847612635732076 203.992945 0.000000
1653847612840074334 204.335537 0.000000
1653847613043741533 203.663169 0.000000
1653847613247866546 204.120588 0.000000
1653847613452062494 204.191883 0.000000
1653847613656347634 204.281230 0.000000
1653847614265906766 609.555097 0.000000
1653847614469759587 203.847734 0.000000
1653847614673836538 204.072887 0.000000
1653847614877945283 204.102671 0.000000
1653847615081929002 203.979079 0.000000
1653847615286374687 204.440653 0.000000
1653847615490539782 204.161056 0.000000
1653847615694280332 203.736485 0.000000
1653847615897846420 203.561418 0.000000
1653847616102318681 204.466091 0.000000
1653847616305312047 202.988715 0.000000
1653847616508824586 203.508270 0.000000
1653847616713091565 204.262688 0.000000
1653847616916516255 203.420144 0.000000
1653847617120808271 204.288103 0.000000
1653847617325520379 204.707597 0.000000
1653847617529416851 203.892137 0.000000
1653847617732898017 203.459321 0.000000
1653847617936048685 203.145541 0.000000
1653847618140042468 203.989944 0.000000
1653847618343435168 203.388656 0.000000
1653847618548034505 204.594655 0.000000
1653847619158454008 610.415571 0.000000
1653847619362124579 203.666154 0.000000
1653847619565708113 203.578708 0.000000
1653847619769731530 204.018792 0.000000
1653847619973661470 203.925609 0.000000
1653847620177903210 204.236588 0.000000
1653847620382098913 204.191092 0.000000
1653847620585444704 203.341261 0.000000
1653847620790646892 205.198203 0.000000
1653847620994950385 204.296497 0.000000
1653847621199254505 204.298822 0.000000
1653847621403444795 204.186456 0.000000
1653847621607869335 204.419849 0.000000
1653847621811963492 204.089306 0.000000
1653847622016103149 204.135377 0.000000
1653847622219155293 203.047137 0.000000
1653847622422707099 203.547747 0.000000
1653847622626825561 204.114699 0.000000
1653847622830638199 203.808919 0.000000
1653847623034853067 204.210547 0.000000
1653847623238861919 204.004931 0.000000
1653847623442841770 203.973751 0.000000
1653847623646939510 204.093174 0.000000
1653847623851388808 204.443494 0.000000
1653847624462079607 610.686103 0.000000
1653847624666071466 203.986196 0.000000
1653847624870466638 204.390576 0.000000
1653847625074353674 203.882701 0.000000
1653847625278727570 204.369737 0.000000
1653847625482594453 203.862989 0.000000
1653847625686045255 203.445784 0.000000
1653847625890323318 204.274485 0.000000
1653847626094721672 204.393643 0.000000
1653847626298776305 204.050631 0.000000
1653847626503102316 204.322022 0.000000
1653847626706489987 203.383664 0.000000
1653847626910889820 204.395337 0.000000
1653847627115347321 204.453282 0.000000
1653847627318972458 203.620882 0.000000
1653847627523315919 204.339261 0.000000
1653847627727340146 204.020016 0.000000
1653847628341975012 614.630900 0.000000
1653847628546192186 204.212723 0.000000
1653847628750422054 204.225497 0.000000
1653847628954835519 204.408413 0.000000
1653847629158477529 203.637484 0.000000
1653847629362810737 204.328161 0.000000
1653847629972651089 609.835747 0.000000
1653847630176618887 203.962385 0.000000
1653847630379980592 203.356808 0.000000
1653847630583394196 203.409019 0.000000
1653847630787547812 204.149358 0.000000
1653847630991915965 204.363888 0.000000
1653847631195991634 204.070998 0.000000
1653847631399909902 203.914013 0.000000
1653847631603816929 203.902852 0.000000
1653847631807104701 203.282976 0.000000
1653847632011279981 204.170369 0.000000
1653847632214619308 203.334831 0.000000
1653847632418852725 204.228550 0.000000
1653847632622404345 203.546163 0.000000
1653847632829722157 207.312690 0.000000
1653847633033838035 204.111252 0.000000
1653847633238046633 204.203662 0.000000
1653847633442235535 204.184697 0.000000
1653847633646463513 204.223367 0.000000
1653847633850022095 203.553645 0.000000
1653847634053966394 203.939974 0.000000
1653847634257668238 203.697530 0.000000
1653847634872936081 615.263352 0.000000
1653847635076977276 204.036353 0.000000
1653847635280626698 203.644982 0.000000
1653847635484682131 204.049163 0.000000
1653847635687901132 203.214261 0.000000
1653847635892043156 204.138119 0.000000
1653847636095451474 203.403677 0.000000
1653847636299894402 204.438257 0.000000
1653847636504215767 204.316534 0.000000
1653847637114453023 610.233036 0.000000
1653847637318149365 203.690924 0.000000
1653847637521975630 203.821549 0.000000
1653847637725984073 204.003707 0.000000
1653847637930294864 204.304882 0.000000
1653847638133502870 203.204047 0.000000
1653847638337822728 204.315272 0.000000
1653847638541615529 203.788898 0.000000
1653847639152222705 610.603443 0.000000
1653847639805970726 653.743130 0.000000
1653847640009811996 203.836003 0.000000
1653847640213456086 203.639264 0.000000
1653847640417176986 203.717066 0.000000
1653847640620705603 203.514069 0.000000
1653847640825065173 204.354974 0.000000
1653847641029482206 204.412202 0.000000
1653847641233723409 204.236468 0.000000
1653847641438010175 204.280832 0.000000
1653847641641263142 203.249063 0.000000
1653847641847699199 206.415846 0.000000
1653847642052217558 204.513783 0.000000
1653847642255652219 203.430170 0.000000
1653847642458817776 203.161560 0.000000
1653847642662713325 203.891450 0.000000
1653847642867215752 204.498086 0.000000
1653847643071526002 204.291105 0.000000
1653847643275134576 203.604249 0.000000
1653847643479893829 204.754782 0.000000
1653847643684108653 204.210769 0.000000
1653847643887313552 203.200523 0.000000
1653847644090639554 203.321376 0.000000
1653847644701339045 610.695096 0.000000
1653847645310847638 609.503461 0.000000
1653847645514702845 203.849724 0.000000
1653847645719307424 204.601001 0.000000
1653847645923665661 204.353997 0.000000
1653847646127444765 203.774613 0.000000
1653847646333459413 206.010859 0.000000
1653847646537352639 203.889317 0.000000
