1653847452385084295 282.722783 3.535419 3 0 0.000000
1653847453427135414 208.405368 4.798229 5 0 0.000000
1653847454461570112 206.881412 4.833558 5 0 0.000000
1653847455492904767 206.261278 4.848087 5 0 0.000000
1653847456522773763 205.968456 4.854986 5 0 0.000000
1653847457344385957 205.396825 4.868477 4 0 0.000000
1653847458173325623 828.935142 1.206360 1 0 0.000000
1653847459403083250 307.434276 3.252673 4 0 0.000000
1653847460427674276 341.524990 2.927998 3 0 0.000000
1653847461453876382 205.234626 4.872335 5 0 0.000000
1653847462479279496 205.075541 4.876131 5 0 0.000000
1653847463502681823 204.674655 4.885664 5 0 0.000000
1653847464525829489 204.624383 4.886880 5 0 0.000000
1653847465343460529 204.402303 4.892182 4 0 0.000000
1653847466365463249 204.394973 4.892355 5 0 0.000000
1653847467389118124 204.725712 4.884459 5 0 0.000000
1653847468411924773 204.556617 4.888510 5 0 0.000000
1653847469433116950 204.233385 4.896238 5 0 0.000000
1653847470452970763 339.946050 2.941598 3 0 0.000000
1653847471473868941 204.171499 4.897648 5 0 0.000000
1653847472496080107 204.436811 4.891357 5 0 0.000000
1653847473520578923 204.894690 4.880435 5 0 0.000000
1653847474543368490 204.552650 4.888591 5 0 0.000000
1653847475359561028 204.043318 4.900805 4 0 0.000000
1653847476380576034 204.198087 4.897088 5 0 0.000000
1653847477403575805 204.595188 4.887587 5 0 0.000000
1653847478425383210 204.356706 4.893290 5 0 0.000000
1653847479445166268 203.951219 4.903004 5 0 0.000000
1653847480466168390 204.195378 4.897149 5 0 0.000000
1653847481490531302 204.866954 4.881082 5 0 0.000000
1653847482512618649 204.412152 4.891950 5 0 0.000000
1653847483534537268 204.378666 4.892758 5 0 0.000000
1653847484555446491 340.291743 2.938557 3 0 0.000000
1653847485373241242 204.443830 4.891203 4 0 0.000000
1653847486395152046 204.377175 4.892795 5 0 0.000000
1653847487006221772 203.680108 4.909423 3 0 0.000000
1653847488437079526 286.166056 3.494407 5 0 0.000000
1653847489459711091 340.872474 2.933608 3 0 0.000000
1653847490483382051 341.218930 2.930629 3 0 0.000000
1653847491499998069 338.867482 2.950967 3 0 0.000000
1653847492518406770 203.676265 4.909620 5 0 0.000000
1653847493536396968 203.589770 4.911639 5 0 0.000000
1653847494558584938 204.432429 4.891468 5 0 0.000000
1653847495375824451 204.304835 4.894526 4 0 0.000000
1653847496393729563 339.296564 2.947230 3 0 0.000000
1653847497411906341 203.629698 4.910739 5 0 0.000000
1653847498433573612 340.550856 2.936377 3 0 0.000000
1653847499449725958 338.712136 2.952313 3 0 0.000000
1653847500470051736 204.060185 4.900396 5 0 0.000000
1653847501489042341 203.793070 4.906817 5 0 0.000000
1653847502508112355 203.809307 4.906434 5 0 0.000000
1653847503527313896 203.836266 4.905801 5 0 0.000000
1653847504548370768 204.203545 4.896887 5 0 0.000000
1653847505567202638 203.761912 4.907581 5 0 0.000000
1653847506382286271 203.766053 4.907472 4 0 0.000000
1653847507401108837 203.760143 4.907626 5 0 0.000000
1653847508418983975 203.569904 4.912194 5 0 0.000000
1653847509439506768 204.100123 4.899450 5 0 0.000000
1653847510458316747 203.758046 4.907686 5 0 0.000000
1653847511271694655 203.340046 4.917764 4 0 0.000000
1653847512499246262 306.882885 3.258519 4 0 0.000000
1653847513314609609 203.836060 4.905788 4 0 0.000000
1653847514540913326 306.571376 3.261835 4 0 0.000000
1653847515562514337 340.529408 2.936567 3 0 0.000000
1653847516377478297 203.736548 4.908192 4 0 0.000000
1653847517400315864 340.940787 2.933017 3 0 0.000000
1653847518418623563 203.656826 4.910107 5 0 0.000000
1653847519436130290 203.497014 4.913972 5 0 0.000000
1653847520452640731 203.297932 4.918789 5 0 0.000000
1653847521472116708 203.890459 4.904480 5 0 0.000000
1653847522489720275 339.196637 2.948103 3 0 0.000000
1653847523505615222 203.174624 4.921769 5 0 0.000000
1653847524522938113 203.459984 4.914860 5 0 0.000000
1653847525541720959 203.752583 4.907817 5 0 0.000000
1653847526562079188 204.067798 4.900240 5 0 0.000000
1653847527579691383 203.511087 4.913463 5 0 0.000000
1653847528394893209 203.795581 4.906760 4 0 0.000000
1653847529412028832 339.040521 2.949459 3 0 0.000000
1653847530430414808 203.672141 4.909730 5 0 0.000000
1653847531451100063 340.224114 2.939202 3 0 0.000000
1653847532470859572 203.947104 4.903117 5 0 0.000000
1653847533487349057 338.824916 2.951334 3 0 0.000000
1653847534504581401 203.441470 4.915298 5 0 0.000000
1653847535524886679 204.054273 4.900494 5 0 0.000000
1653847536542352832 203.488454 4.914168 5 0 0.000000
1653847537559838766 203.492576 4.914073 5 0 0.000000
1653847538580160956 204.059896 4.900413 5 0 0.000000
1653847539394508528 203.582738 4.911908 4 0 0.000000
1653847540412401465 203.574142 4.912108 5 0 0.000000
1653847541433033057 204.121877 4.898927 5 0 0.000000
1653847542453946939 204.178085 4.897572 5 0 0.000000
1653847543474409485 204.088157 4.899739 5 0 0.000000
1653847544493849161 203.883644 4.904655 5 0 0.000000
1653847545513189626 203.863501 4.905132 5 0 0.000000
1653847546531553654 203.668276 4.909836 5 0 0.000000
1653847547553528888 204.390831 4.892487 5 0 0.000000
1653847548573143185 203.918480 4.903815 5 0 0.000000
1653847549594214460 204.209826 4.896818 5 0 0.000000
1653847549798293686 204.075034 4.900058 1 0 0.000000
1653847551433942387 408.907038 2.445513 4 0 0.000000
1653847552454124648 204.031516 4.901085 5 0 0.000000
1653847553065077483 203.646014 4.910363 3 0 0.000000
1653847554494077792 285.795432 3.498950 5 0 0.000000
1653847555516366121 340.758457 2.934593 3 0 0.000000
1653847556535457302 203.813913 4.906332 5 0 0.000000
1653847557553254539 203.555403 4.912570 5 0 0.000000
1653847558572913743 203.927581 4.903599 5 0 0.000000
1653847559590326953 203.477467 4.914424 5 0 0.000000
1653847560406530517 204.046347 4.900738 4 0 0.000000
1653847561425126368 203.714877 4.908718 5 0 0.000000
1653847562445563670 204.083541 4.899860 5 0 0.000000
1653847563465923738 204.066918 4.900231 5 0 0.000000
1653847564490656422 341.572096 2.927593 3 0 0.000000
1653847565509361418 203.735935 4.908192 5 0 0.000000
1653847566528336406 203.788183 4.906892 5 0 0.000000
1653847567551304780 340.972910 2.932642 3 0 0.000000
1653847568570719967 203.878036 4.904773 5 0 0.000000
1653847569590862141 204.023772 4.901278 5 0 0.000000
1653847570610746830 203.972234 4.902515 5 0 0.000000
1653847571425731845 203.742224 4.908066 4 0 0.000000
1653847572036606921 203.620181 4.910988 3 0 0.000000
1653847573460422633 474.600805 2.107014 3 0 0.000000
1653847574275507381 203.766437 4.907465 4 0 0.000000
1653847575504115512 614.293889 1.627858 2 0 0.000000
1653847576524914714 204.155184 4.898123 5 0 0.000000
1653847577136022948 203.693675 4.909114 3 0 0.000000
1653847578567032903 286.197767 3.494036 5 0 0.000000
1653847579585296219 203.648573 4.910321 5 0 0.000000
1653847580605147604 203.965896 4.902675 5 0 0.000000
1653847581419950078 203.696320 4.909165 4 0 0.000000
1653847582441435086 204.292784 4.894834 5 0 0.000000
1653847583460220142 203.748948 4.907807 5 0 0.000000
1653847584478397826 203.630604 4.910734 5 0 0.000000
1653847585498929623 204.102198 4.899406 5 0 0.000000
1653847586519967507 204.202811 4.896978 5 0 0.000000
1653847587540603673 204.123023 4.898905 5 0 0.000000
1653847588558621531 203.599546 4.911505 5 0 0.000000
1653847589576828699 203.637477 4.910592 5 0 0.000000
1653847590598736552 204.377145 4.892809 5 0 0.000000
1653847591616332324 203.514603 4.913543 5 0 0.000000
1653847592432151811 203.950566 4.903045 4 0 0.000000
1653847593450679504 203.701678 4.909047 5 0 0.000000
1653847594470974048 204.054772 4.900546 5 0 0.000000
1653847595494218924 341.077551 2.931850 3 0 0.000000
1653847596513015060 339.594707 2.944652 3 0 0.000000
1653847597529693390 338.887452 2.950786 3 0 0.000000
1653847598550446179 204.146586 4.898346 5 0 0.000000
1653847599570700449 204.046139 4.900739 5 0 0.000000
1653847600590818257 204.019404 4.901395 5 0 0.000000
1653847601611142806 204.060998 4.900402 5 0 0.000000
1653847602631049588 203.977497 4.902409 5 0 0.000000
1653847603447437934 204.092992 4.899629 4 0 0.000000
1653847604468735922 204.255286 4.895731 5 0 0.000000
1653847605080604999 203.952354 4.903010 3 0 0.000000
1653847606510315079 285.937102 3.497213 5 0 0.000000
1653847607530533423 204.039922 4.900912 5 0 0.000000
1653847608550482485 203.982755 4.902206 5 0 0.000000
1653847609164288185 613.801312 1.629180 1 0 0.000000
1653847610595859379 286.309094 3.492666 5 0 0.000000
1653847611616309377 204.085659 4.899799 5 0 0.000000
1653847612635732076 203.875458 4.904737 5 0 0.000000
1653847613452062494 204.077794 4.899977 4 0 0.000000
1653847614469759587 339.228020 2.947832 3 0 0.000000
1653847615490539782 204.151269 4.898214 5 0 0.000000
1653847616508824586 203.652196 4.910218 5 0 0.000000
1653847617529416851 204.114134 4.899116 5 0 0.000000
1653847618548034505 203.715623 4.908613 5 0 0.000000
1653847619565708113 339.220144 2.947900 3 0 0.000000
1653847620585444704 203.942668 4.903227 5 0 0.000000
1653847621607869335 204.479965 4.890336 5 0 0.000000
1653847622626825561 203.786853 4.906982 5 0 0.000000
1653847623646939510 204.018264 4.901413 5 0 0.000000
1653847624462079607 407.564798 2.453566 2 0 0.000000
1653847625482594453 204.098440 4.899488 5 0 0.000000
1653847626503102316 204.097313 4.899521 5 0 0.000000
1653847627523315919 204.038485 4.900934 5 0 0.000000
1653847628546192186 340.954546 2.932906 3 0 0.000000
1653847629362810737 204.149889 4.898248 4 0 0.000000
1653847630583394196 305.140990 3.277121 4 0 0.000000
1653847631603816929 204.080222 4.899930 5 0 0.000000
1653847632622404345 203.712578 4.908759 5 0 0.000000
1653847633646463513 204.807134 4.882530 5 0 0.000000
1653847634257668238 203.730383 4.908339 3 0 0.000000
1653847635484682131 306.748463 3.259947 4 0 0.000000
1653847636504215767 203.902170 4.904203 5 0 0.000000
1653847637521975630 339.248503 2.947650 3 0 0.000000
1653847638541615529 203.923361 4.903692 5 0 0.000000
1653847639152222705 610.603443 1.637714 1 0 0.000000
1653847640620705603 293.689906 3.404875 5 0 0.000000
1653847641641263142 204.106708 4.899283 5 0 0.000000
1653847642458817776 204.380340 4.892639 4 0 0.000000
1653847643479893829 204.207934 4.896795 5 0 0.000000
1653847644090639554 203.577556 4.912028 3 0 0.000000
1653847645514702845 474.682760 2.106648 3 0 0.000000
1653847646537352639 204.525957 4.889259 5 0 0.000000
