1653847451769022471 455.298385 2.194840 1 0 0.000000
1653847453246066655 369.253238 2.708111 4 0 0.000000
1653847454280044539 206.790279 4.835693 5 0 0.000000
1653847455311877809 206.361547 4.845744 5 0 0.000000
1653847455722224294 205.167616 4.873930 2 0 0.000000
1653847456949529624 409.096862 2.444379 3 0 0.000000
1653847458179884997 307.583010 3.251093 4 0 0.000000
1653847459205816556 205.181767 4.873620 5 0 0.000000
1653847460233670695 205.557883 4.864503 5 0 0.000000
1653847461258547812 204.970041 4.878634 5 0 0.000000
1653847462282171991 204.719736 4.884605 5 0 0.000000
1653847463309252293 342.353595 2.920901 3 0 0.000000
1653847464126372877 204.275488 4.895238 4 0 0.000000
1653847465150236723 204.767305 4.883461 5 0 0.000000
1653847466172212497 204.387100 4.892484 5 0 0.000000
1653847466784607138 204.126472 4.898802 3 0 0.000000
1653847468210556774 285.183099 3.506435 5 0 0.000000
1653847469233175777 204.518446 4.889406 5 0 0.000000
1653847470251215108 339.336911 2.946841 3 0 0.000000
1653847471273154238 204.382165 4.892659 5 0 0.000000
1653847472294679657 204.299480 4.894641 5 0 0.000000
1653847473318283033 204.715180 4.884705 5 0 0.000000
1653847474136542082 204.560175 4.888427 4 0 0.000000
1653847475161453293 341.630879 2.927083 3 0 0.000000
1653847476182292521 204.162554 4.897931 5 0 0.000000
1653847477202683969 204.068097 4.900080 5 0 0.000000
1653847478223287527 204.115848 4.899062 5 0 0.000000
1653847479244686524 204.272628 4.895247 5 0 0.000000
1653847480267289279 204.515571 4.889484 5 0 0.000000
1653847481287856246 204.108809 4.899238 5 0 0.000000
1653847482311750009 204.773585 4.883319 5 0 0.000000
1653847483333234672 204.291990 4.894836 5 0 0.000000
1653847484150759492 204.375281 4.892818 4 0 0.000000
1653847484970121473 409.676234 2.440924 2 0 0.000000
1653847486200550455 307.602265 3.250899 4 0 0.000000
1653847487220477695 203.981186 4.902311 5 0 0.000000
1653847488238294180 203.558765 4.912477 5 0 0.000000
1653847489255553936 203.447300 4.915165 5 0 0.000000
1653847490070570532 203.749407 4.907876 4 0 0.000000
1653847491292035617 305.360763 3.274756 4 0 0.000000
1653847492309750882 339.233018 2.947779 3 0 0.000000
1653847493330350048 204.115109 4.899083 5 0 0.000000
1653847494149650896 409.645314 2.441106 2 0 0.000000
1653847495168212203 203.706801 4.908884 5 0 0.000000
1653847496188048290 339.940091 2.941649 3 0 0.000000
1653847497003598864 203.882070 4.904662 4 0 0.000000
1653847498224819438 407.067826 2.456559 3 0 0.000000
1653847499246354312 340.506735 2.936757 3 0 0.000000
1653847500268098756 340.577119 2.936155 3 0 0.000000
1653847501288092800 203.994016 4.901989 5 0 0.000000
1653847502306044807 339.312265 2.947094 3 0 0.000000
1653847503323265999 339.068398 2.949211 3 0 0.000000
1653847504341795147 203.700866 4.909040 5 0 0.000000
1653847505156829024 203.753422 4.907771 4 0 0.000000
1653847506173935502 203.416739 4.915906 5 0 0.000000
1653847507192354027 203.679451 4.909573 5 0 0.000000
1653847508209197566 203.364495 4.917177 5 0 0.000000
1653847509225645008 203.285215 4.919093 5 0 0.000000
1653847510244116501 203.689654 4.909317 5 0 0.000000
1653847511263056979 203.783293 4.907058 5 0 0.000000
1653847511671185588 204.053059 4.900417 2 0 0.000000
1653847513301008371 325.959784 3.067818 5 0 0.000000
1653847514318503620 339.156726 2.948417 3 0 0.000000
1653847515339256033 204.146085 4.898347 5 0 0.000000
1653847516357320676 203.608681 4.911280 5 0 0.000000
1653847517173509422 204.042014 4.900827 4 0 0.000000
1653847517987921486 203.598171 4.911519 4 0 0.000000
1653847519215408196 306.867147 3.258691 4 0 0.000000
1653847520234083936 203.730718 4.908333 5 0 0.000000
1653847521251993217 203.577162 4.912029 5 0 0.000000
1653847522271613306 203.919751 4.903787 5 0 0.000000
1653847523291052431 203.882955 4.904658 5 0 0.000000
1653847524310718316 203.928288 4.903567 5 0 0.000000
1653847525329342968 203.720652 4.908579 5 0 0.000000
1653847526346189259 203.364753 4.917164 5 0 0.000000
1653847527364992090 203.755857 4.907721 5 0 0.000000
1653847528180035943 203.756915 4.907711 4 0 0.000000
1653847529199072486 203.802635 4.906595 5 0 0.000000
1653847530218500848 203.881403 4.904710 5 0 0.000000
1653847531238087083 203.908956 4.903950 5 0 0.000000
1653847532256920782 203.762077 4.907572 5 0 0.000000
1653847533276108977 203.833019 4.905865 5 0 0.000000
1653847534296818340 204.137702 4.898554 5 0 0.000000
1653847535318337978 204.298960 4.894669 5 0 0.000000
1653847536336768488 203.681048 4.909515 5 0 0.000000
1653847537358079693 204.257321 4.895667 5 0 0.000000
1653847538175409933 204.327916 4.893982 4 0 0.000000
1653847539193657131 203.645239 4.910399 5 0 0.000000
1653847539804271547 203.532034 4.913085 3 0 0.000000
1653847541234259098 285.989557 3.496534 5 0 0.000000
1653847542253816872 203.906091 4.904087 5 0 0.000000
1653847543273374133 203.906457 4.904089 5 0 0.000000
1653847544293716803 204.064249 4.900314 5 0 0.000000
1653847545312472614 203.746678 4.907948 5 0 0.000000
1653847546332491513 203.999030 4.901870 5 0 0.000000
1653847547351612844 203.819611 4.906187 5 0 0.000000
1653847548370601352 203.792941 4.906827 5 0 0.000000
1653847549183632562 406.510048 2.459930 2 0 0.000000
1653847550201799960 203.628955 4.910784 5 0 0.000000
1653847551221326852 203.901222 4.904235 5 0 0.000000
1653847552244249687 204.580269 4.887955 5 0 0.000000
1653847552854698909 203.478256 4.914413 3 0 0.000000
1653847554284577952 285.971352 3.496799 5 0 0.000000
1653847555099965494 203.842568 4.905643 4 0 0.000000
1653847556321900316 305.478903 3.273497 4 0 0.000000
1653847557340760228 203.766717 4.907446 5 0 0.000000
1653847558358655881 203.571591 4.912095 5 0 0.000000
1653847559379110586 204.086341 4.899776 5 0 0.000000
1653847560196618337 408.749139 2.446460 2 0 0.000000
1653847561215707013 203.813062 4.906344 5 0 0.000000
1653847562236408835 204.135643 4.898590 5 0 0.000000
1653847563256217232 203.957122 4.902882 5 0 0.000000
1653847564276449087 204.042463 4.900846 5 0 0.000000
1653847565295417079 203.789143 4.906926 5 0 0.000000
1653847566315636695 204.039534 4.900906 5 0 0.000000
1653847566928661324 204.337338 4.893768 3 0 0.000000
1653847568354153679 285.086144 3.507560 5 0 0.000000
1653847569376257334 204.416297 4.891871 5 0 0.000000
1653847570191993215 203.929512 4.903548 4 0 0.000000
1653847570803305413 203.765735 4.907477 3 0 0.000000
1653847572234354613 286.205131 3.493940 5 0 0.000000
1653847573253842279 203.893552 4.904424 5 0 0.000000
1653847574276290477 204.485337 4.890223 5 0 0.000000
1653847575294999861 203.737775 4.908171 5 0 0.000000
1653847576318402945 341.129498 2.931396 3 0 0.000000
1653847577336830847 203.680989 4.909528 5 0 0.000000
1653847578356452971 203.919964 4.903777 5 0 0.000000
1653847579380925860 341.486648 2.928335 3 0 0.000000
1653847580400659705 203.941703 4.903240 5 0 0.000000
1653847581220115277 409.722915 2.440645 2 0 0.000000
1653847582242511874 340.794023 2.934282 3 0 0.000000
1653847582854433432 203.969621 4.902589 3 0 0.000000
1653847584282619174 285.632247 3.500945 5 0 0.000000
1653847585303414397 204.154275 4.898142 5 0 0.000000
1653847585917922722 614.504321 1.627317 1 0 0.000000
1653847586934408235 338.823658 2.951345 3 0 0.000000
1653847588357825470 284.678741 3.512674 5 0 0.000000
1653847589378115240 204.053764 4.900569 5 0 0.000000
1653847590396223150 203.617738 4.911071 5 0 0.000000
1653847591215331925 409.550489 2.441678 2 0 0.000000
1653847592032608218 204.314300 4.894305 4 0 0.000000
1653847593252766137 305.034625 3.278264 4 0 0.000000
1653847594272055822 203.853103 4.905377 5 0 0.000000
1653847595087733624 203.914750 4.903897 4 0 0.000000
1653847596310196734 305.611019 3.272082 4 0 0.000000
1653847596921198049 203.663146 4.909973 3 0 0.000000
1653847598346262114 285.007871 3.508614 5 0 0.000000
1653847599364674754 203.675661 4.909601 5 0 0.000000
1653847600384030062 203.866771 4.905061 5 0 0.000000
1653847601406051675 204.399982 4.892264 5 0 0.000000
1653847602220878406 203.702482 4.909019 4 0 0.000000
1653847603241178922 204.055944 4.900517 5 0 0.000000
1653847604260919220 203.943701 4.903209 5 0 0.000000
1653847605282532995 204.318543 4.894217 5 0 0.000000
1653847605689461593 203.460350 4.914867 2 0 0.000000
1653847607322752213 544.425574 1.836783 3 0 0.000000
1653847607934544449 203.926312 4.903625 3 0 0.000000
1653847609360565042 285.199741 3.506261 5 0 0.000000
1653847610380630659 204.005905 4.901645 5 0 0.000000
1653847611401426035 204.154207 4.898141 5 0 0.000000
1653847612421173584 203.944955 4.903175 5 0 0.000000
1653847613237174957 203.996002 4.901952 4 0 0.000000
1653847614260996404 341.269489 2.930199 3 0 0.000000
1653847615279377717 203.671822 4.909752 5 0 0.000000
1653847616298692537 203.858731 4.905256 5 0 0.000000
1653847617319250532 204.107726 4.899280 5 0 0.000000
1653847618340519577 204.243271 4.895871 5 0 0.000000
1653847619361054519 204.102180 4.899391 5 0 0.000000
1653847620382424386 204.269951 4.895386 5 0 0.000000
1653847621402315884 203.973813 4.902482 5 0 0.000000
1653847622418448635 338.705830 2.952370 3 0 0.000000
1653847623234406952 203.977569 4.902211 4 0 0.000000
1653847624255991050 204.312242 4.894360 5 0 0.000000
1653847625276140629 204.025499 4.901242 5 0 0.000000
1653847626298026249 204.372468 4.892916 5 0 0.000000
1653847627317540352 203.895500 4.904297 5 0 0.000000
1653847628336816708 203.850601 4.905441 5 0 0.000000
1653847629355029379 203.638235 4.910566 5 0 0.000000
1653847630375350458 204.055777 4.900418 5 0 0.000000
1653847631395530848 204.031804 4.901094 5 0 0.000000
1653847632210841753 203.823474 4.906104 4 0 0.000000
1653847633433966599 305.776419 3.270312 4 0 0.000000
1653847634251694251 204.427578 4.891604 4 0 0.000000
1653847635272291561 204.115286 4.899092 5 0 0.000000
1653847636291535425 203.843175 4.905597 5 0 0.000000
1653847637312874807 204.262393 4.895532 5 0 0.000000
1653847638333305113 204.081691 4.899894 5 0 0.000000
1653847639149977311 204.162821 4.897926 4 0 0.000000
1653847640376361687 306.590894 3.261620 4 0 0.000000
1653847641399249353 340.957813 2.932873 3 0 0.000000
1653847642423573116 341.436212 2.928762 3 0 0.000000
1653847643444926084 204.266101 4.895467 5 0 0.000000
1653847644257316929 406.191329 2.461869 2 0 0.000000
1653847645275589289 339.419564 2.946167 3 0 0.000000
