1653847452321336083 280.754098 3.560001 3 0 0.000000
1653847453355898911 206.907222 4.832959 5 0 0.000000
1653847454180618682 206.175446 4.850132 4 0 0.000000
1653847455410963429 615.167319 1.625561 2 0 0.000000
1653847456442190824 343.737402 2.909155 3 0 0.000000
1653847457468662809 205.289153 4.871054 5 0 0.000000
1653847458289274612 205.148297 4.874412 4 0 0.000000
1653847459312780877 204.692379 4.885168 5 0 0.000000
1653847460338747669 341.984137 2.924071 3 0 0.000000
1653847461363584423 204.962088 4.878826 5 0 0.000000
1653847462388963719 205.071056 4.876244 5 0 0.000000
1653847463412061292 204.614439 4.887119 5 0 0.000000
1653847464432652202 340.192059 2.939474 3 0 0.000000
1653847465454267674 204.317467 4.894209 5 0 0.000000
1653847466475563486 204.254068 4.895741 5 0 0.000000
1653847467292393987 204.201445 4.896977 4 0 0.000000
1653847468317084825 204.933084 4.879521 5 0 0.000000
1653847469132991519 407.947763 2.451261 2 0 0.000000
1653847470356488626 305.865676 3.269317 4 0 0.000000
1653847471381861665 341.786280 2.925764 3 0 0.000000
1653847472403050811 204.232336 4.896253 5 0 0.000000
1653847473425822880 204.549198 4.888675 5 0 0.000000
1653847474448025497 204.435951 4.891398 5 0 0.000000
1653847475470181098 204.426575 4.891623 5 0 0.000000
1653847476492006757 204.360172 4.893202 5 0 0.000000
1653847477307714266 203.920514 4.903719 4 0 0.000000
1653847478327907327 204.033325 4.901033 5 0 0.000000
1653847479350991699 204.611989 4.887183 5 0 0.000000
1653847480373085645 204.413286 4.891918 5 0 0.000000
1653847481393726576 204.122770 4.898882 5 0 0.000000
1653847482414178714 204.084727 4.899789 5 0 0.000000
1653847483435329531 204.224683 4.896436 5 0 0.000000
1653847484455744081 204.077693 4.899969 5 0 0.000000
1653847485477284936 204.297716 4.894567 5 0 0.000000
1653847486498206839 204.178940 4.897534 5 0 0.000000
1653847487316272851 204.511147 4.889581 4 0 0.000000
1653847488333236375 338.981248 2.949958 3 0 0.000000
1653847488944605106 203.783444 4.907022 3 0 0.000000
1653847490369951633 285.063988 3.507919 5 0 0.000000
1653847490985165023 205.066013 4.876357 3 0 0.000000
1653847492002172082 338.997340 2.949832 3 0 0.000000
1653847493436205905 478.005559 2.092001 3 0 0.000000
1653847494457616801 204.276713 4.895190 5 0 0.000000
1653847495478587335 204.189088 4.897301 5 0 0.000000
1653847496497977687 203.873060 4.904892 5 0 0.000000
1653847497312766006 203.692069 4.909251 4 0 0.000000
1653847498332570071 203.956090 4.902903 5 0 0.000000
1653847499511026875 0.000000 0.000000 0 0 0.000000
1653847500368685373 407.218018 5.829826 5 0 0.000000
1653847501387284530 203.714547 4.908702 5 0 0.000000
1653847502406830730 203.901786 4.904143 5 0 0.000000
1653847503427087940 204.046572 4.900725 5 0 0.000000
1653847504444913825 203.560141 4.912432 5 0 0.000000
1653847505463457328 203.703975 4.908970 5 0 0.000000
1653847506486419922 340.981472 2.932659 3 0 0.000000
1653847507505403834 203.791294 4.906849 5 0 0.000000
1653847508319165304 203.436009 4.915445 4 0 0.000000
1653847509338045349 203.767291 4.907349 5 0 0.000000
1653847509948943111 203.627980 4.910805 3 0 0.000000
1653847511379517723 286.109967 3.495099 5 0 0.000000
1653847512397051834 339.173599 2.948304 3 0 0.000000
1653847513422079314 1025.023245 0.975584 1 0 0.000000
1653847514440957193 203.770256 4.907359 5 0 0.000000
1653847515457501470 338.843787 2.951175 3 0 0.000000
1653847516475198469 203.534832 4.913054 5 0 0.000000
1653847517289902247 203.671711 4.909760 4 0 0.000000
1653847518510046206 305.030825 3.278302 4 0 0.000000
1653847519325065906 203.750577 4.907857 4 0 0.000000
1653847520345725551 204.127454 4.898793 5 0 0.000000
1653847521364595431 203.769210 4.907398 5 0 0.000000
1653847522384362101 203.948600 4.903082 5 0 0.000000
1653847523404121934 203.947479 4.903115 5 0 0.000000
1653847524422844330 203.740040 4.908108 5 0 0.000000
1653847525442598425 203.945832 4.903143 5 0 0.000000
1653847526461410028 203.758135 4.907679 5 0 0.000000
1653847527483566074 340.713581 2.934973 3 0 0.000000
1653847528503422156 203.966487 4.902652 5 0 0.000000
1653847529518779085 338.447806 2.954626 3 0 0.000000
1653847530333789070 203.747912 4.907915 4 0 0.000000
1653847531352752923 203.787966 4.906945 5 0 0.000000
1653847532373009232 204.046163 4.900729 5 0 0.000000
1653847533187982502 203.738369 4.908136 4 0 0.000000
1653847534210196133 340.733153 2.934807 3 0 0.000000
1653847535433906760 305.922894 3.268747 4 0 0.000000
1653847536251375798 204.361961 4.893152 4 0 0.000000
1653847536864890126 613.509331 1.629954 1 0 0.000000
1653847538500895605 408.996666 2.444980 4 0 0.000000
1653847539523366107 340.818419 2.934070 3 0 0.000000
1653847540341467203 409.045965 2.444686 2 0 0.000000
1653847541362051762 204.112172 4.899153 5 0 0.000000
1653847542385095240 204.603544 4.887378 5 0 0.000000
1653847543404144238 203.805224 4.906535 5 0 0.000000
1653847544420160135 203.194477 4.921183 5 0 0.000000
1653847545438367533 203.636150 4.910591 5 0 0.000000
1653847546252994296 203.652464 4.910224 4 0 0.000000
1653847547479785180 306.693404 3.260539 4 0 0.000000
1653847548504886278 341.694972 2.926541 3 0 0.000000
1653847549524706734 203.959259 4.902824 5 0 0.000000
1653847550342427856 408.855871 2.445822 2 0 0.000000
1653847551361603474 203.831071 4.905926 5 0 0.000000
1653847552382155407 204.102579 4.899310 5 0 0.000000
1653847553401942581 203.952748 4.902984 5 0 0.000000
1653847554421130445 203.829972 4.905867 5 0 0.000000
1653847555437022170 338.626707 2.953071 3 0 0.000000
1653847556455565060 203.704141 4.908973 5 0 0.000000
1653847557472810679 339.078027 2.949140 3 0 0.000000
1653847558492216431 203.876471 4.904818 5 0 0.000000
1653847559509890109 203.530145 4.913166 5 0 0.000000
1653847560122205278 204.101190 4.899438 3 0 0.000000
1653847561350219745 306.998976 3.257291 4 0 0.000000
1653847562369082698 203.767970 4.907431 5 0 0.000000
1653847563390986182 340.629406 2.935698 3 0 0.000000
1653847564412069846 204.212241 4.896758 5 0 0.000000
1653847565432430017 204.067526 4.900230 5 0 0.000000
1653847566247689977 407.625102 2.453205 2 0 0.000000
1653847567469145624 305.359335 3.274781 4 0 0.000000
1653847568489059273 203.978411 4.902376 5 0 0.000000
1653847569507826967 203.746966 4.907890 5 0 0.000000
1653847570526837395 203.797839 4.906721 5 0 0.000000
1653847571544024082 203.433192 4.915519 5 0 0.000000
1653847572155416025 203.792978 4.906836 3 0 0.000000
1653847573375985411 305.138396 3.277159 4 0 0.000000
1653847574394438551 203.681908 4.909406 5 0 0.000000
1653847575412767912 203.661272 4.910003 5 0 0.000000
1653847576432529023 203.947611 4.903109 5 0 0.000000
1653847577451889790 203.868359 4.905035 5 0 0.000000
1653847578265886959 203.490969 4.914022 4 0 0.000000
1653847579488593457 407.564330 2.453573 3 0 0.000000
1653847580509078243 204.092606 4.899632 5 0 0.000000
1653847581531897639 340.935556 2.933069 3 0 0.000000
1653847582551242998 203.864741 4.905109 5 0 0.000000
1653847583367155637 203.973074 4.902485 4 0 0.000000
1653847584387722204 204.108297 4.899240 5 0 0.000000
1653847585409412870 340.551141 2.936309 3 0 0.000000
1653847586429208909 203.954453 4.902941 5 0 0.000000
1653847587450963563 340.580495 2.936126 3 0 0.000000
1653847588469339329 203.671055 4.909779 5 0 0.000000
1653847589488805366 203.889206 4.904528 5 0 0.000000
1653847590507198019 203.674215 4.909698 5 0 0.000000
1653847591526792044 203.914377 4.903913 5 0 0.000000
1653847592345092034 204.570146 4.888183 4 0 0.000000
1653847593572128215 306.752731 3.259888 4 0 0.000000
1653847594386622938 203.619624 4.911020 4 0 0.000000
1653847595406776108 204.026240 4.901225 5 0 0.000000
1653847596426805153 204.001258 4.901821 5 0 0.000000
1653847597038048213 203.743666 4.908031 3 0 0.000000
1653847598056312574 339.413779 2.946190 3 0 0.000000
1653847599482062636 285.145598 3.506926 5 0 0.000000
1653847600502394782 204.062429 4.900365 5 0 0.000000
1653847601520575873 203.631934 4.910718 5 0 0.000000
1653847602542633890 340.681956 2.935254 3 0 0.000000
1653847603563006718 340.119632 2.940102 3 0 0.000000
1653847604379352701 204.081787 4.899883 4 0 0.000000
1653847605398333205 203.791999 4.906865 5 0 0.000000
1653847606419943584 340.532893 2.936540 3 0 0.000000
1653847607438062440 339.368933 2.946611 3 0 0.000000
1653847608457454611 203.873477 4.904884 5 0 0.000000
1653847609478017351 204.108265 4.899258 5 0 0.000000
1653847610496405213 203.673139 4.909721 5 0 0.000000
1653847611515140937 203.742510 4.908044 5 0 0.000000
1653847612532233990 339.026443 2.949583 3 0 0.000000
1653847613549726545 339.159668 2.948425 3 0 0.000000
1653847614161794748 204.018528 4.901415 3 0 0.000000
1653847615586940002 285.024716 3.508414 5 0 0.000000
1653847616403000986 204.011415 4.901595 4 0 0.000000
1653847617422386947 203.872688 4.904914 5 0 0.000000
1653847618238950479 204.136946 4.898578 4 0 0.000000
1653847619467095722 307.031839 3.256944 4 0 0.000000
1653847620484680524 203.512428 4.913595 5 0 0.000000
1653847621503065683 203.672397 4.909734 5 0 0.000000
1653847622521678268 203.718336 4.908638 5 0 0.000000
1653847623539902293 203.640526 4.910511 5 0 0.000000
1653847624558784866 203.772531 4.907337 5 0 0.000000
1653847625577941120 339.714361 2.943611 3 0 0.000000
1653847626393953013 203.998838 4.901889 4 0 0.000000
1653847627413263558 203.857436 4.905276 5 0 0.000000
1653847628228060058 203.694903 4.909201 4 0 0.000000
1653847629459124888 307.761999 3.249220 4 0 0.000000
1653847630479085746 203.987707 4.902149 5 0 0.000000
1653847631499915181 204.161599 4.897978 5 0 0.000000
1653847632519399153 203.892226 4.904442 5 0 0.000000
1653847633542761170 204.668436 4.885857 5 0 0.000000
1653847634564004738 204.244009 4.895992 5 0 0.000000
1653847635583818908 203.958243 4.902854 5 0 0.000000
1653847636401903303 204.516534 4.889471 4 0 0.000000
1653847637422960328 204.207301 4.896886 5 0 0.000000
1653847638443429286 204.089273 4.899708 5 0 0.000000
1653847639462381383 203.785740 4.907002 5 0 0.000000
1653847640481675922 203.854342 4.905353 5 0 0.000000
1653847641504895278 204.639303 4.886538 5 0 0.000000
