1653847451964738937 427.855475 2.335467 1 0 0.000000
1653847453425073149 365.076244 2.739099 4 0 0.000000
1653847454458352239 206.650813 4.838964 5 0 0.000000
1653847455492547905 206.834232 4.834675 5 0 0.000000
1653847456109896519 205.778316 4.859491 3 0 0.000000
1653847457340357809 410.148404 2.438110 3 0 0.000000
1653847458368160358 205.555227 4.864748 5 0 0.000000
1653847459395358971 205.434779 4.867608 5 0 0.000000
1653847460421700589 205.259234 4.871672 5 0 0.000000
1653847461449686139 205.591614 4.863882 5 0 0.000000
1653847462476483920 205.354298 4.869508 5 0 0.000000
1653847463503600620 342.367111 2.920798 3 0 0.000000
1653847464528052264 204.884854 4.880660 5 0 0.000000
1653847464938576023 205.256164 4.871825 2 0 0.000000
1653847466368709802 286.021868 3.496176 5 0 0.000000
1653847467389302975 204.114450 4.899112 5 0 0.000000
1653847468412854139 204.705237 4.884954 5 0 0.000000
1653847469431149987 339.427723 2.946099 3 0 0.000000
1653847470452932466 204.351172 4.893409 5 0 0.000000
1653847471475365101 204.481681 4.890298 5 0 0.000000
1653847472497678756 204.457542 4.890867 5 0 0.000000
1653847473521904178 204.839964 4.881738 5 0 0.000000
1653847474544119345 204.438181 4.891338 5 0 0.000000
1653847475359248560 407.560094 2.453599 2 0 0.000000
1653847475973434232 204.723349 4.884516 3 0 0.000000
1653847477407299190 286.768017 3.487079 5 0 0.000000
1653847478428996541 204.334542 4.893817 5 0 0.000000
1653847479448525811 203.901027 4.904224 5 0 0.000000
1653847480471212097 204.532145 4.889085 5 0 0.000000
1653847481491485515 204.049963 4.900647 5 0 0.000000
1653847482514003577 204.499020 4.889889 5 0 0.000000
1653847483536529372 204.500239 4.889852 5 0 0.000000
1653847484353580918 204.257353 4.895652 4 0 0.000000
1653847485376170114 204.512648 4.889549 5 0 0.000000
1653847486397809716 204.322586 4.894093 5 0 0.000000
1653847487416251082 203.682329 4.909463 5 0 0.000000
1653847488435669982 203.878865 4.904755 5 0 0.000000
1653847489454697868 203.800413 4.906637 5 0 0.000000
1653847490474965069 204.047984 4.900677 5 0 0.000000
1653847491495483383 204.097857 4.899471 5 0 0.000000
1653847492513937805 203.685752 4.909400 5 0 0.000000
1653847493531819700 339.289136 2.947297 3 0 0.000000
1653847494552327915 204.094660 4.899519 5 0 0.000000
1653847495366941367 203.648328 4.910304 4 0 0.000000
1653847495571101954 204.156618 4.898105 1 0 0.000000
1653847497407453711 459.077518 2.178232 4 0 0.000000
1653847498426247056 203.754091 4.907767 5 0 0.000000
1653847499447188450 204.115073 4.897441 5 0 0.000000
1653847500466738737 203.905460 4.904123 5 0 0.000000
1653847501483727718 203.393588 4.916474 5 0 0.000000
1653847502501682146 203.586522 4.911811 5 0 0.000000
1653847503112574303 203.626863 4.910850 3 0 0.000000
1653847504540925548 285.665961 3.500539 5 0 0.000000
1653847505560732424 203.956630 4.902889 5 0 0.000000
1653847506375463903 203.678171 4.909593 4 0 0.000000
1653847507394239834 203.751016 4.907851 5 0 0.000000
1653847508414407108 204.028557 4.901157 5 0 0.000000
1653847509434164356 203.946144 4.903128 5 0 0.000000
1653847510452611546 203.685049 4.909435 5 0 0.000000
1653847511472639708 204.000741 4.901825 5 0 0.000000
1653847512494243401 340.530073 2.936559 3 0 0.000000
1653847513511728795 203.492927 4.914075 5 0 0.000000
1653847514124203443 204.147768 4.898162 3 0 0.000000
1653847515553571719 285.869180 3.498049 5 0 0.000000
1653847516572078209 203.696920 4.909149 5 0 0.000000
1653847517389069188 204.243527 4.896015 4 0 0.000000
1653847518410863323 340.593181 2.936012 3 0 0.000000
1653847519429460775 203.714881 4.908711 5 0 0.000000
1653847520446953913 203.493840 4.914038 5 0 0.000000
1653847521057454562 203.495669 4.913999 3 0 0.000000
1653847522481209860 284.746297 3.511840 5 0 0.000000
1653847523501089807 203.971748 4.902538 5 0 0.000000
1653847524518461233 339.119277 2.948775 3 0 0.000000
1653847525537970590 203.897101 4.904320 5 0 0.000000
1653847526560337468 204.469541 4.890612 5 0 0.000000
1653847527580527193 204.033981 4.901049 5 0 0.000000
1653847528395871087 203.831224 4.905905 4 0 0.000000
1653847529416540744 204.129789 4.898745 5 0 0.000000
1653847530232137431 407.794147 2.452192 2 0 0.000000
1653847531452252057 305.022858 3.278380 4 0 0.000000
1653847532063596887 203.776979 4.907214 3 0 0.000000
1653847533493494629 285.975061 3.496754 5 0 0.000000
1653847534514135919 340.208624 2.939329 3 0 0.000000
1653847535534388596 204.045910 4.900747 5 0 0.000000
1653847536551123026 338.906668 2.950623 3 0 0.000000
1653847537571040059 203.978823 4.902360 5 0 0.000000
1653847538591395352 204.066453 4.900254 5 0 0.000000
1653847539407947744 204.133714 4.898645 4 0 0.000000
1653847540426890730 203.784007 4.907046 5 0 0.000000
1653847541443866572 203.391104 4.916538 5 0 0.000000
1653847542463668438 203.956042 4.902913 5 0 0.000000
1653847543483517679 203.964821 4.902685 5 0 0.000000
1653847544502809719 203.854451 4.905365 5 0 0.000000
1653847545520779265 203.588731 4.911738 5 0 0.000000
1653847546541068686 204.053475 4.900570 5 0 0.000000
1653847547560769858 203.935817 4.903397 5 0 0.000000
1653847548581082673 204.057769 4.900458 5 0 0.000000
1653847549600208142 339.704447 2.943700 3 0 0.000000
1653847550414797512 203.642618 4.910450 4 0 0.000000
1653847551431894788 203.415325 4.915951 5 0 0.000000
1653847552452267966 204.070706 4.900168 5 0 0.000000
1653847553471070391 203.756267 4.907723 5 0 0.000000
1653847554490830693 203.948290 4.903113 5 0 0.000000
1653847555508111076 203.451159 4.915066 5 0 0.000000
1653847556530258629 204.422183 4.891662 5 0 0.000000
1653847557548803131 339.509735 2.945379 3 0 0.000000
1653847558567518325 203.738437 4.908143 5 0 0.000000
1653847559588873183 340.446726 2.937275 3 0 0.000000
1653847560405309599 408.213299 2.449670 2 0 0.000000
1653847561425076396 203.948487 4.903082 5 0 0.000000
1653847562036620367 203.843057 4.905616 3 0 0.000000
1653847563460717370 284.814721 3.510997 5 0 0.000000
1653847564478069978 508.671378 1.965887 2 0 0.000000
1653847565496531944 203.687415 4.909364 5 0 0.000000
1653847566315098964 409.279858 2.443294 2 0 0.000000
1653847567539845825 306.182072 3.265981 4 0 0.000000
1653847568558396447 203.705345 4.908936 5 0 0.000000
1653847569168954048 203.514753 4.913541 3 0 0.000000
1653847570595250503 285.250569 3.505583 5 0 0.000000
1653847571614507354 203.846246 4.905535 5 0 0.000000
1653847572022170057 203.825874 4.906017 2 0 0.000000
1653847573451852919 285.932285 3.497279 5 0 0.000000
1653847574471505733 203.926221 4.903630 5 0 0.000000
1653847575489338065 203.561863 4.912400 5 0 0.000000
1653847576508593428 203.846388 4.905542 5 0 0.000000
1653847577528017320 203.880396 4.904731 5 0 0.000000
1653847578344269744 204.058063 4.900445 4 0 0.000000
1653847579564428743 305.035461 3.278261 4 0 0.000000
1653847580584742115 204.058275 4.900455 5 0 0.000000
1653847581605679746 204.183348 4.897459 5 0 0.000000
1653847582422116615 204.099934 4.899338 4 0 0.000000
1653847583442418832 204.056334 4.900509 5 0 0.000000
1653847584462299483 203.972035 4.902534 5 0 0.000000
1653847585481706391 203.874181 4.904813 5 0 0.000000
1653847586501004150 203.851246 4.905338 5 0 0.000000
1653847587521340247 204.062878 4.900346 5 0 0.000000
1653847588539862603 203.700330 4.909073 5 0 0.000000
1653847589557138656 203.451116 4.915086 5 0 0.000000
1653847590575868679 509.359807 1.963229 2 0 0.000000
1653847591595921968 204.006109 4.901705 5 0 0.000000
1653847592614015209 203.613787 4.911142 5 0 0.000000
1653847593429022246 203.747677 4.907933 4 0 0.000000
1653847594447501061 203.691138 4.909282 5 0 0.000000
1653847595468917486 204.279017 4.895163 5 0 0.000000
1653847596488833468 203.977959 4.902364 5 0 0.000000
1653847597509926583 204.214377 4.896713 5 0 0.000000
1653847598530395406 204.089350 4.899709 5 0 0.000000
1653847599552665364 204.449667 4.891076 5 0 0.000000
1653847600572433080 203.946354 4.903077 5 0 0.000000
1653847601593213267 204.151804 4.898214 5 0 0.000000
1653847602612515584 203.856191 4.905316 5 0 0.000000
1653847603632902271 204.073367 4.900103 5 0 0.000000
1653847604448268901 203.837184 4.905769 4 0 0.000000
1653847605468568583 204.055473 4.900521 5 0 0.000000
1653847606489238041 204.129979 4.898745 5 0 0.000000
1653847607511009671 204.350093 4.893461 5 0 0.000000
1653847608529920813 203.778384 4.907199 5 0 0.000000
1653847609548154510 203.642299 4.910464 5 0 0.000000
1653847610567446582 203.854429 4.905365 5 0 0.000000
1653847611382386361 203.727586 4.908338 4 0 0.000000
1653847612605660377 305.813839 3.269913 4 0 0.000000
1653847613626106253 204.085051 4.899819 5 0 0.000000
1653847614441868349 203.932655 4.903390 4 0 0.000000
1653847615459336373 203.489095 4.914160 5 0 0.000000
1653847616480245734 204.177444 4.897594 5 0 0.000000
1653847617500263383 203.999323 4.901876 5 0 0.000000
1653847618520097585 203.962549 4.902758 5 0 0.000000
1653847619540638357 340.175650 2.939618 3 0 0.000000
1653847620152310042 203.885560 4.904592 3 0 0.000000
1653847621585017386 286.536775 3.489896 5 0 0.000000
1653847622604665473 203.925493 4.903653 5 0 0.000000
1653847623621788010 203.420463 4.915829 5 0 0.000000
1653847624642799308 204.198285 4.897105 5 0 0.000000
1653847625457809616 203.748497 4.907913 4 0 0.000000
1653847626477205058 203.875116 4.904868 5 0 0.000000
1653847627498580734 204.267574 4.895358 5 0 0.000000
1653847628519586290 204.196287 4.897133 5 0 0.000000
1653847629538904879 203.859635 4.905238 5 0 0.000000
1653847630562399332 341.161011 2.931135 3 0 0.000000
1653847631582894876 204.091218 4.899580 5 0 0.000000
1653847632400268463 204.338732 4.893723 4 0 0.000000
1653847633620748576 406.821549 2.458049 3 0 0.000000
1653847634638472503 203.540323 4.912924 5 0 0.000000
1653847635657807195 203.862596 4.905160 5 0 0.000000
1653847636066651201 204.417345 4.891841 2 0 0.000000
1653847637297020130 307.577496 3.251057 4 0 0.000000
1653847638518490937 305.362588 3.274741 4 0 0.000000
1653847639537319391 203.761111 4.907598 5 0 0.000000
1653847640556944645 203.921139 4.903762 5 0 0.000000
1653847641579473442 204.501789 4.889838 5 0 0.000000
1653847642600207663 204.142938 4.898435 5 0 0.000000
1653847643619622994 203.878932 4.904772 5 0 0.000000
