1651818854715754724 2897.865575 0.000000
1651818855719734905 3901.798587 0.000000
1651818855947749800 1216.189740 0.000000
1651818856176778065 203.174175 0.000000
1651818857110759524 5292.854787 0.000000
1651818857321792144 202.988426 0.000000
1651818857587759239 1823.716657 0.000000
1651818857823810121 202.492796 0.000000
1651818858616735088 2429.767614 0.000000
1651818863008753715 5674.174198 0.000000
1651818863326793155 4673.141578 0.000000
1651818863952759769 6117.815226 0.000000
1651818864228756031 1215.410480 0.000000
1651818864486773989 203.532265 0.000000
1651818865257758616 1239.822715 0.000000
1651818865363786329 2026.745286 0.000000
1651818865508803460 202.869030 0.000000
1651818865763742932 202.138661 0.000000
1651818866339794869 1824.886290 0.000000
1651818869142770207 3699.778572 0.000000
1651818871247743637 4863.803346 0.000000
1651818871479762171 203.493472 0.000000
1651818873310752865 1823.835218 0.000000
1651818876097778883 10332.766849 0.000000
1651818881845740114 8513.532974 0.000000
1651818881921728963 12765.289107 0.000000
1651818882873749432 31055.905247 0.000000
1651818883371694979 1415.793948 0.000000
1651818886827688035 3445.865373 0.000000
1651818887147754121 4254.108248 0.000000
1651818887494753754 220.060935 0.000000
1651818888119728998 1216.447906 0.000000
1651818888864654346 12750.308147 0.000000
1651818889449688998 1216.991004 0.000000
1651818890103656369 1216.871539 0.000000
1651818890668707996 1215.895037 0.000000
1651818891969706713 1215.334153 0.000000
1651818893423751432 1416.753759 0.000000
1651818894074671975 3849.857174 0.000000
1651818894369634227 204.266418 0.000000
1651818895239710525 13375.893774 0.000000
1651818895690668184 2227.389867 0.000000
1651818895912689897 203.044626 0.000000
1651818896167738538 203.595369 0.000000
1651818896432715328 202.785750 0.000000
1651818896654720128 203.307349 0.000000
1651818897965639555 1215.919487 0.000000
1651818899855688949 1823.807784 0.000000
1651818899960693280 12360.957597 0.000000
1651818900178726489 202.863385 0.000000
1651818900696642741 6281.871492 0.000000
1651818900953709689 5671.840661 0.000000
1651818901085682521 1215.535894 0.000000
1651818901927654092 1214.931420 0.000000
1651818906804633425 4857.820605 0.000000
1651818912250712818 11162.906011 0.000000
1651818912717669231 11750.841729 0.000000
1651818917994653181 11144.347060 0.000000
1651818918095597092 5271.030730 0.000000
1651818918211688995 203.571771 0.000000
1651818918547687931 203.365766 0.000000
1651818918821597788 203.544972 0.000000
1651818919087667134 18843.757000 0.000000
1651818919298695206 202.844858 0.000000
1651818920054598718 1215.843978 0.000000
1651818920733518776 1293.222654 0.000000
1651818921009685767 203.376546 0.000000
1651818921235683507 203.526837 0.000000
1651818922715679121 2631.954204 0.000000
1651818923090692067 302.053112 0.000000
1651818924991593164 12565.882456 0.000000
1651818925231669969 202.788451 0.000000
1651818925330672718 4053.818712 0.000000
1651818931992614186 6758.804763 0.000000
1651818932218593850 203.528879 0.000000
1651818932916643967 7500.133302 0.000000
1651818933788648703 15643.253535 0.000000
1651818934041646340 222.354291 0.000000
1651818938125558969 14995.971552 0.000000
1651818938357629019 204.630536 0.000000
1651818939124647668 5068.864903 0.000000
1651818939336595013 203.003223 0.000000
1651818940216583365 7296.772867 0.000000
1651818940806609073 8526.546951 0.000000
1651818941201627512 1824.049684 0.000000
1651818941874577821 3509.789589 0.000000
1651818942089588793 202.852139 0.000000
1651818943377573352 1267.363678 0.000000
1651818943593632090 202.890190 0.000000
1651818945375639677 5058.729319 0.000000
1651818947982553871 6686.966794 0.000000
1651818951873543541 8196.704941 0.000000
1651818952170602959 6783.447114 0.000000
1651818953090556170 1215.912996 0.000000
1651818953468531158 203.266045 0.000000
1651818954054556406 1823.237247 0.000000
1651818957413519774 3937.906017 0.000000
1651818958795551651 10771.016120 0.000000
1651818961915555897 21073.781142 0.000000
1651818963566543998 1618.847967 0.000000
1651818963800584292 6346.619643 0.000000
1651818964012417350 203.803752 0.000000
1651818980473533066 21675.649890 0.000000
1651818985176502524 4660.489925 0.000000
1651818988350471333 34265.935346 0.000000
1651818993365457189 29786.368934 0.000000
1651818994886525312 1416.506798 0.000000
1651818995260541194 6890.023559 0.000000
1651818995493475209 203.953631 0.000000
1651818996329448774 11143.564978 0.000000
1651819000449477521 36384.768958 0.000000
1651819000588493090 4256.970134 0.000000
1651819001473434911 5875.112511 0.000000
1651819001718491861 203.304211 0.000000
1651819002590444710 7701.470984 0.000000
1651819002941461839 1216.888808 0.000000
1651819009086322218 6117.586937 0.000000
1651819010566448312 1416.448700 0.000000
1651819011815474013 1215.616386 0.000000
1651819012952411237 12354.752710 0.000000
1651819013323418982 1417.264369 0.000000
1651819015064413109 14590.216699 0.000000
1651819016264346036 13653.744738 0.000000
1651819016728486993 203.424987 0.000000
1651819016941499618 203.864511 0.000000
1651819021709476633 8712.529505 0.000000
1651819022972479002 1217.550500 0.000000
1651819023870404665 10532.862936 0.000000
1651819026103397777 3040.541765 0.000000
1651819026271458301 9320.856736 0.000000
1651819026526484243 203.139300 0.000000
1651819026802323145 204.271774 0.000000
1651819027043381491 204.455960 0.000000
1651819027320484916 203.351828 0.000000
1651819028250471412 13170.634905 0.000000
1651819028594478244 1216.970769 0.000000
1651819028922477492 203.577261 0.000000
1651819029252400920 204.134257 0.000000
1651819030108422769 1826.333975 0.000000
1651819031082319460 1825.761621 0.000000
1651819032411387009 1215.898255 0.000000
1651819032896387970 9017.667452 0.000000
1651819037246399591 11110.554384 0.000000
1651819037470459803 204.626740 0.000000
1651819038235413904 5337.955275 0.000000
1651819038380412226 8210.809779 0.000000
1651819040064439322 1825.898922 0.000000
1651819040354421970 7903.248632 0.000000
1651819040681431941 203.175928 0.000000
1651819041064437943 2633.825971 0.000000
1651819041283463378 203.294740 0.000000
1651819043961298237 3244.852332 0.000000
1651819044225436173 204.808320 0.000000
1651819047185446288 7090.496451 0.000000
1651819048465433202 1218.317086 0.000000
1651819049709381969 1218.367260 0.000000
1651819051419387480 10131.755741 0.000000
1651819051680445167 203.086609 0.000000
1651819056555296543 4867.680993 0.000000
