1651818852218928925 445.434792 4.125399 2 0 0.000000
1651818853735028533 0.000000 0.000000 0 0 0.000000
1651818854053893455 2319.688920 3.136125 1 0 0.000000
1651818855089812305 2866.529969 0.965327 1 0 0.000000
1651818856736831765 0.000000 0.000000 0 0 0.000000
1651818857029949444 3243.762027 6.823198 2 0 0.000000
1651818858737562432 0.000000 0.000000 0 0 0.000000
1651818859274968914 4129.753748 5.582367 3 0 0.000000
1651818860138959783 1215.975563 1.157420 1 0 0.000000
1651818861716899584 3236.359099 1.267475 2 0 0.000000
1651818862601956854 2361.412698 3.389611 3 0 0.000000
1651818863739830878 0.000000 0.000000 0 0 0.000000
1651818864740615029 0.000000 0.000000 0 0 0.000000
1651818865741392367 0.000000 0.000000 0 0 0.000000
1651818866693902883 4449.826753 1.049857 1 0 0.000000
1651818867742220491 0.000000 0.000000 0 0 0.000000
1651818868389910127 808.531333 3.087899 2 0 0.000000
1651818869743566362 0.000000 0.000000 0 0 0.000000
1651818870435895915 3856.431595 2.888798 2 0 0.000000
1651818871744621948 0.000000 0.000000 0 0 0.000000
1651818872522908124 7189.199908 2.569749 2 0 0.000000
1651818873661906809 13394.987709 0.877964 1 0 0.000000
1651818874611820650 456.333476 4.210908 4 0 0.000000
1651818875702864716 1891.273355 2.749660 3 0 0.000000
1651818876748924413 0.000000 0.000000 0 0 0.000000
1651818877589799577 1214.221538 2.378474 2 0 0.000000
1651818878749949353 0.000000 0.000000 0 0 0.000000
1651818879706883789 1284.621205 3.135011 3 0 0.000000
1651818880304865587 203.855661 3.344583 2 0 0.000000
1651818881703910283 6283.021443 1.429547 2 0 0.000000
1651818882753269894 0.000000 0.000000 0 0 0.000000
1651818883753815941 0.000000 0.000000 0 0 0.000000
1651818884629824968 4251.839013 4.566163 4 0 0.000000
1651818885679858510 608.562094 4.761753 5 0 0.000000
1651818886232775293 203.219386 3.617181 2 0 0.000000
1651818887756180490 0.000000 0.000000 0 0 0.000000
1651818888756988003 0.000000 0.000000 0 0 0.000000
1651818889757911210 0.000000 0.000000 0 0 0.000000
1651818890758859369 0.000000 0.000000 0 0 0.000000
1651818891431884147 6078.615420 1.485830 1 0 0.000000
1651818892760244880 0.000000 0.000000 0 0 0.000000
1651818893761082142 0.000000 0.000000 0 0 0.000000
1651818894761973673 0.000000 0.000000 0 0 0.000000
1651818895762060935 0.000000 0.000000 0 0 0.000000
1651818896763085842 0.000000 0.000000 0 0 0.000000
1651818897494817888 13769.268233 2.733241 2 0 0.000000
1651818898764035482 0.000000 0.000000 0 0 0.000000
1651818899361826265 7896.534261 1.672826 1 0 0.000000
1651818900765732081 0.000000 0.000000 0 0 0.000000
1651818901766682770 0.000000 0.000000 0 0 0.000000
1651818902616852850 2699.504724 3.528706 3 0 0.000000
1651818903740854828 4652.233773 3.558713 4 0 0.000000
1651818904527827918 1621.434739 2.541383 2 0 0.000000
1651818905768932628 0.000000 0.000000 0 0 0.000000
1651818906769986194 0.000000 0.000000 0 0 0.000000
1651818907770841373 0.000000 0.000000 0 0 0.000000
1651818908498207953 1923.920249 2.749645 2 0 0.000000
1651818909701837495 4470.004838 3.323282 4 0 0.000000
1651818910760838583 406.026030 4.721430 5 0 0.000000
1651818911655820213 1520.570461 2.234683 2 0 0.000000
1651818911977833369 7697.643563 3.105463 1 0 0.000000
1651818913637831927 456.774573 2.409641 4 0 0.000000
1651818914556869427 2023.693101 2.176190 2 0 0.000000
1651818914802841861 203.857426 4.065496 1 0 0.000000
1651818916778100620 0.000000 0.000000 0 0 0.000000
1651818917778855494 0.000000 0.000000 0 0 0.000000
1651818918779775446 0.000000 0.000000 0 0 0.000000
1651818919780759742 0.000000 0.000000 0 0 0.000000
1651818920494806015 9015.746476 2.800939 2 0 0.000000
1651818921764834268 1216.697052 0.787384 1 0 0.000000
1651818922003799717 203.397266 4.184705 1 0 0.000000
1651818923783113054 0.000000 0.000000 0 0 0.000000
1651818924783763278 0.000000 0.000000 0 0 0.000000
1651818925751787770 6000.262529 2.066064 2 0 0.000000
1651818926545795803 3997.521065 3.778299 3 0 0.000000
1651818927698793886 2564.544792 2.601912 3 0 0.000000
1651818927957778292 203.628754 3.861236 1 0 0.000000
1651818929786258638 0.000000 0.000000 0 0 0.000000
1651818930752800827 2027.395109 5.173080 5 0 0.000000
1651818931223754740 203.607986 4.246700 2 0 0.000000
1651818932788143893 0.000000 0.000000 0 0 0.000000
1651818933287747777 2027.547384 2.001586 1 0 0.000000
1651818934789876411 0.000000 0.000000 0 0 0.000000
1651818935223678030 1553.929006 6.915605 3 0 0.000000
1651818936657779523 810.583352 2.789203 4 0 0.000000
1651818937791553970 0.000000 0.000000 0 0 0.000000
1651818938108783279 3891.862998 6.304588 2 0 0.000000
1651818939793638519 0.000000 0.000000 0 0 0.000000
1651818940794588316 0.000000 0.000000 0 0 0.000000
1651818941795544718 0.000000 0.000000 0 0 0.000000
1651818942796442820 0.000000 0.000000 0 0 0.000000
1651818943796502866 0.000000 0.000000 0 0 0.000000
1651818944629762499 14484.606359 2.400212 2 0 0.000000
1651818945797874281 0.000000 0.000000 0 0 0.000000
1651818946798968337 0.000000 0.000000 0 0 0.000000
1651818947576753425 4445.376775 3.857107 3 0 0.000000
1651818948799271882 0.000000 0.000000 0 0 0.000000
1651818949685750338 7185.897273 2.256118 2 0 0.000000
1651818950298634626 2634.246036 1.631629 1 0 0.000000
1651818951237645015 4048.553749 1.064951 1 0 0.000000
1651818952802491869 0.000000 0.000000 0 0 0.000000
1651818953803542653 0.000000 0.000000 0 0 0.000000
1651818954678733098 4492.879767 2.285217 2 0 0.000000
1651818955334705825 7186.882288 3.048907 2 0 0.000000
1651818956317699633 1215.620717 2.034601 2 0 0.000000
1651818957188644642 1824.473120 1.148178 1 0 0.000000
1651818958547632870 2094.431766 2.207525 3 0 0.000000
1651818959766714705 1257.137925 4.101448 5 0 0.000000
1651818960076628060 709.210517 6.453417 2 0 0.000000
1651818961443730941 2025.971481 1.462948 2 0 0.000000
1651818962782713350 1284.069018 2.240507 3 0 0.000000
1651818963167710338 203.863223 2.597423 1 0 0.000000
1651818964711713680 1116.653640 1.295334 2 0 0.000000
1651818965559735806 3105.146548 3.537643 3 0 0.000000
1651818965920741587 204.131666 2.770039 1 0 0.000000
1651818967811734814 0.000000 0.000000 0 0 0.000000
1651818968812541974 0.000000 0.000000 0 0 0.000000
1651818969811652825 2839.141719 3.002670 3 0 0.000000
1651818970283691832 204.064090 4.236938 2 0 0.000000
1651818971813434627 0.000000 0.000000 0 0 0.000000
1651818972577649171 1689.279146 3.925600 3 0 0.000000
1651818973125688345 203.393273 3.649374 2 0 0.000000
1651818974815821589 0.000000 0.000000 0 0 0.000000
1651818975807690208 8392.169607 3.024594 3 0 0.000000
1651818976817528861 0.000000 0.000000 0 0 0.000000
1651818977818526508 0.000000 0.000000 0 0 0.000000
1651818978655573730 2836.265643 2.389352 2 0 0.000000
1651818978912682652 204.088932 3.889402 1 0 0.000000
1651818980023678638 6893.605811 0.900093 1 0 0.000000
1651818981728570109 862.009363 2.346190 4 0 0.000000
1651818982487663649 2425.351567 1.317361 1 0 0.000000
1651818983409635006 1437.698612 3.253897 3 0 0.000000
1651818984823519333 0.000000 0.000000 0 0 0.000000
1651818984921686312 9729.403660 10.186723 1 0 0.000000
1651818986550601185 809.646203 1.227811 2 0 0.000000
1651818987826401896 0.000000 0.000000 0 0 0.000000
1651818988216556055 3242.796979 5.126180 2 0 0.000000
1651818989710585916 1774.675758 2.677323 4 0 0.000000
1651818990738623873 710.286779 1.945453 2 0 0.000000
1651818990998617833 203.804685 3.846243 1 0 0.000000
1651818992794633788 10285.948006 0.556788 1 0 0.000000
1651818993723625179 4456.417291 2.152873 2 0 0.000000
1651818994520656972 506.934768 5.018620 4 0 0.000000
1651818995831619412 0.000000 0.000000 0 0 0.000000
1651818996704667615 6891.570915 1.145412 1 0 0.000000
1651818996863620306 4054.749311 6.291180 1 0 0.000000
1651818998141580492 708.684963 1.564994 2 0 0.000000
1651818999833758307 0.000000 0.000000 0 0 0.000000
1651819000833845010 0.000000 0.000000 0 0 0.000000
1651819001834551581 0.000000 0.000000 0 0 0.000000
1651819002835068108 0.000000 0.000000 0 0 0.000000
1651819003472572644 4460.064035 3.137233 2 0 0.000000
1651819004723622689 3140.223495 1.598657 2 0 0.000000
1651819005642644045 3919.412090 3.264342 3 0 0.000000
1651819006818629723 1150.540661 2.551051 3 0 0.000000
1651819007043663322 203.726255 4.443781 1 0 0.000000
1651819008539635659 710.405044 1.336923 2 0 0.000000
1651819009839366252 0.000000 0.000000 0 0 0.000000
1651819009883615064 4664.736114 22.599518 1 0 0.000000
1651819011678591498 891.258076 2.785552 5 0 0.000000
1651819012679511306 3345.679836 1.998162 2 0 0.000000
1651819013691595959 2227.013417 0.988060 1 0 0.000000
1651819014706701340 8914.436470 1.970239 2 0 0.000000
1651819015611626326 3851.683932 1.105064 1 0 0.000000
1651819015929615767 1622.888402 6.289517 2 0 0.000000
1651819017845514533 0.000000 0.000000 0 0 0.000000
1651819018093609756 1217.187126 8.061423 2 0 0.000000
1651819019807611242 3845.952417 0.583430 1 0 0.000000
1651819020403600162 204.160978 3.355767 2 0 0.000000
1651819021189617863 6785.248873 2.544472 2 0 0.000000
1651819022344534099 2662.304070 1.731727 2 0 0.000000
1651819023489504550 1215.790044 0.873385 1 0 0.000000
1651819024628508405 2032.261076 2.633880 3 0 0.000000
1651819025145537063 204.293902 3.868258 2 0 0.000000
1651819026852404091 0.000000 0.000000 0 0 0.000000
1651819027853459443 0.000000 0.000000 0 0 0.000000
1651819028854341867 0.000000 0.000000 0 0 0.000000
1651819029855502132 0.000000 0.000000 0 0 0.000000
1651819030488603288 6108.830801 1.579527 1 0 0.000000
1651819031522581589 10325.614737 0.967138 1 0 0.000000
1651819032856597236 0.000000 0.000000 0 0 0.000000
1651819033769586728 3245.048113 1.095303 1 0 0.000000
1651819034858251868 0.000000 0.000000 0 0 0.000000
1651819035714575201 808.752697 2.335566 2 0 0.000000
1651819036355583147 8631.566225 3.120086 2 0 0.000000
1651819037860687120 0.000000 0.000000 0 0 0.000000
1651819038861633126 0.000000 0.000000 0 0 0.000000
1651819039069531616 2624.762615 4.810041 1 0 0.000000
1651819040862501317 0.000000 0.000000 0 0 0.000000
1651819041734460492 16560.568824 1.146843 1 0 0.000000
1651819042782554373 1951.803583 1.908226 2 0 0.000000
1651819043587554017 3803.042445 4.968946 4 0 0.000000
1651819044810557531 1217.661687 0.817659 1 0 0.000000
1651819045524560939 1216.272751 2.801107 2 0 0.000000
1651819046773460552 1890.881434 2.402115 3 0 0.000000
1651819047824483301 2229.035863 1.902908 2 0 0.000000
1651819048806492911 1114.336755 2.036640 2 0 0.000000
1651819049509545757 2434.191534 2.844736 2 0 0.000000
1651819050826541160 1874.752371 3.037216 4 0 0.000000
1651819051015547012 204.564505 5.290842 1 0 0.000000
1651819052692500276 810.247491 1.192639 2 0 0.000000
1651819053870861909 0.000000 0.000000 0 0 0.000000
1651819054871582012 0.000000 0.000000 0 0 0.000000
1651819055872383420 0.000000 0.000000 0 0 0.000000
1651819056872729749 0.000000 0.000000 0 0 0.000000
1651819057726520417 7298.650230 1.171247 1 0 0.000000
1651819058800475237 2131.901458 3.724551 4 0 0.000000
