1653857214402124274 275.038126 3.633205 3 0 0.000000
1653857215454335208 210.439682 4.751899 5 0 0.000000
1653857216471774171 203.485180 4.914300 5 0 0.000000
1653857217283028890 202.812500 4.930634 4 0 0.000000
1653857218505324821 407.430060 2.454397 3 0 0.000000
1653857219318871190 203.385109 4.916745 4 0 0.000000
1653857220537278559 609.200880 1.641487 2 0 0.000000
1653857221550456038 202.633336 4.934969 5 0 0.000000
1653857222566487370 338.675301 2.952665 3 0 0.000000
1653857222769578209 203.088615 4.923905 1 0 0.000000
1653857224389943032 540.119547 1.851435 3 0 0.000000
1653857225401486622 202.306121 4.942941 5 0 0.000000
1653857226412764283 202.253496 4.944241 5 0 0.000000
1653857227426501199 202.745039 4.932246 5 0 0.000000
1653857228440226212 202.743374 4.932304 5 0 0.000000
1653857229047503813 202.424648 4.940080 3 0 0.000000
1653857230480489751 286.595871 3.489218 5 0 0.000000
1653857231492195705 202.339572 4.942147 5 0 0.000000
1653857232099917764 202.571842 4.936467 3 0 0.000000
1653857233517277921 283.470042 3.527685 5 0 0.000000
1653857234528693758 202.281681 4.943565 5 0 0.000000
1653857235540502118 337.267369 2.964988 3 0 0.000000
1653857236552432724 202.384540 4.941050 5 0 0.000000
1653857237565987485 202.709500 4.933133 5 0 0.000000
1653857238582636397 338.881074 2.950871 3 0 0.000000
1653857239392388572 202.436841 4.939783 4 0 0.000000
1653857240402459998 202.011961 4.950145 5 0 0.000000
1653857241415033339 202.513544 4.937914 5 0 0.000000
1653857242427633608 202.518770 4.937783 5 0 0.000000
1653857243439624337 202.396974 4.940757 5 0 0.000000
1653857244452557437 202.585164 4.936160 5 0 0.000000
1653857245261197545 202.157878 4.946576 4 0 0.000000
1653857246476538326 303.833725 3.291258 4 0 0.000000
1653857247288638740 406.048509 2.462750 2 0 0.000000
1653857248504495162 303.962064 3.289862 4 0 0.000000
1653857249516237678 202.347327 4.941969 5 0 0.000000
1653857250539823950 204.715044 4.884786 5 0 0.000000
1653857251550092649 202.051578 4.949179 5 0 0.000000
1653857252360064819 809.969346 1.234610 1 0 0.000000
1653857253572845884 303.192261 3.298205 4 0 0.000000
1653857254584565862 202.341701 4.942079 5 0 0.000000
1653857255594240545 336.556624 2.971254 3 0 0.000000
1653857256405795360 405.775052 2.464405 2 0 0.000000
1653857257414903973 201.819889 4.954868 5 0 0.000000
1653857258426964912 202.411120 4.940414 5 0 0.000000
1653857259437741530 202.154053 4.946691 5 0 0.000000
1653857260451294796 202.709036 4.933140 5 0 0.000000
1653857261460966917 336.555944 2.971262 3 0 0.000000
1653857262471165270 202.038350 4.949523 5 0 0.000000
1653857263481191490 336.672328 2.970220 3 0 0.000000
1653857264492430976 202.246929 4.944427 5 0 0.000000
1653857265302643903 202.551824 4.936974 4 0 0.000000
1653857266518356467 303.926896 3.290251 4 0 0.000000
1653857267528904226 202.108285 4.947812 5 0 0.000000
1653857268537631772 201.744027 4.956740 5 0 0.000000
1653857269547345460 201.941184 4.951899 5 0 0.000000
1653857270576429350 205.814528 4.858690 5 0 0.000000
1653857271587449187 202.202853 4.945501 5 0 0.000000
1653857272395635548 202.045503 4.949354 4 0 0.000000
1653857273407604386 337.321115 2.964518 3 0 0.000000
1653857274419757888 202.429057 4.939963 5 0 0.000000
1653857275431191553 202.285358 4.943478 5 0 0.000000
1653857276442184944 202.197754 4.945631 5 0 0.000000
1653857277452523440 202.066146 4.948836 5 0 0.000000
1653857278261623213 202.273773 4.943766 4 0 0.000000
1653857279475006013 303.344167 3.296569 4 0 0.000000
1653857280486253123 202.248298 4.944390 5 0 0.000000
1653857281497797678 202.307909 4.942936 5 0 0.000000
1653857282509788776 202.396767 4.940754 5 0 0.000000
1653857283524047291 338.084355 2.957826 3 0 0.000000
1653857284535567447 202.302404 4.943055 5 0 0.000000
1653857285345238661 202.416271 4.940277 4 0 0.000000
1653857286582850313 309.401080 3.232032 4 0 0.000000
1653857287594235462 202.275697 4.943715 5 0 0.000000
1653857288605273092 202.205979 4.945414 5 0 0.000000
1653857289616949083 202.334018 4.942294 5 0 0.000000
1653857290425784159 202.206675 4.945384 4 0 0.000000
1653857291436693976 202.179783 4.946040 5 0 0.000000
1653857292447939599 202.248027 4.944397 5 0 0.000000
1653857293460067049 202.423478 4.940089 5 0 0.000000
1653857294470501333 202.085664 4.948367 5 0 0.000000
1653857295481236198 202.145891 4.946896 5 0 0.000000
1653857296492727877 202.296919 4.943194 5 0 0.000000
1653857297302813254 202.520207 4.937751 4 0 0.000000
1653857298517754368 303.733543 3.292341 4 0 0.000000
1653857299526842872 201.815659 4.954967 5 0 0.000000
1653857300538313195 202.292444 4.943299 5 0 0.000000
1653857301549595577 202.255304 4.944217 5 0 0.000000
1653857302559995548 202.078261 4.948535 5 0 0.000000
1653857303569711479 336.570020 2.971133 3 0 0.000000
1653857304582794192 202.615336 4.935431 5 0 0.000000
1653857305626757428 347.986035 2.873664 3 0 0.000000
1653857306436195927 404.717486 2.470849 2 0 0.000000
1653857307451753773 338.517064 2.954041 3 0 0.000000
1653857308463217355 202.290789 4.943332 5 0 0.000000
1653857309475821638 202.519845 4.937763 5 0 0.000000
1653857310629941725 0.000000 0.000000 0 0 0.000000
1653857311496609730 404.155514 5.769222 5 0 0.000000
1653857312506260730 336.549105 2.971324 3 0 0.000000
1653857313517004001 202.146083 4.946855 5 0 0.000000
1653857314527301467 336.764146 2.969423 3 0 0.000000
1653857315535869119 201.711757 4.957526 5 0 0.000000
1653857316547175779 202.260194 4.944098 5 0 0.000000
1653857317557843554 202.132176 4.947225 5 0 0.000000
1653857318567323839 201.894644 4.953044 5 0 0.000000
1653857319376429245 202.275375 4.943732 4 0 0.000000
1653857320588499025 303.014960 3.300140 4 0 0.000000
1653857321602733070 338.076680 2.957897 3 0 0.000000
1653857322613425136 202.136814 4.947105 5 0 0.000000
1653857323628302472 338.288645 2.956022 3 0 0.000000
1653857324436112092 201.951265 4.951662 4 0 0.000000
1653857325475350285 207.846042 4.811217 5 0 0.000000
1653857326489481814 202.825167 4.930327 5 0 0.000000
1653857327503371771 202.776087 4.931502 5 0 0.000000
1653857327907257905 201.941133 4.951890 2 0 0.000000
1653857329448807336 513.847667 1.946094 3 0 0.000000
1653857330461366383 202.510232 4.937984 5 0 0.000000
1653857331471996153 336.874109 2.968446 3 0 0.000000
1653857332482930089 202.184373 4.945922 5 0 0.000000
1653857333494694568 202.351634 4.941862 5 0 0.000000
1653857334303991570 202.323309 4.942561 4 0 0.000000
1653857335516998713 303.248310 3.297590 4 0 0.000000
1653857336528271589 202.252784 4.944264 5 0 0.000000
1653857337539113990 202.166346 4.946369 5 0 0.000000
1653857338146388686 202.423997 4.940104 3 0 0.000000
1653857339358932679 303.132995 3.298849 4 0 0.000000
1653857340572903327 303.491104 3.294973 4 0 0.000000
1653857341581380133 201.693375 4.957972 5 0 0.000000
1653857342592827209 202.288423 4.943412 5 0 0.000000
1653857343401541234 202.176921 4.946124 4 0 0.000000
1653857344616560767 303.752634 3.292128 4 0 0.000000
1653857345627775076 202.241846 4.944550 5 0 0.000000
1653857346639910815 202.425426 4.940049 5 0 0.000000
1653857347448840511 404.463896 2.472403 2 0 0.000000
1653857348459614714 202.152855 4.946703 5 0 0.000000
1653857349471220249 202.319855 4.942638 5 0 0.000000
1653857350518314720 349.030047 2.865071 3 0 0.000000
1653857351528072982 201.950394 4.951680 5 0 0.000000
1653857352539410854 337.111405 2.966368 3 0 0.000000
1653857353550904367 337.162157 2.965911 3 0 0.000000
1653857354563998881 202.617538 4.935374 5 0 0.000000
1653857355574793195 202.157376 4.946605 5 0 0.000000
1653857356587670952 202.573796 4.936430 5 0 0.000000
1653857357597603594 201.984368 4.950825 5 0 0.000000
1653857358608440135 336.942608 2.967839 3 0 0.000000
1653857359619736793 202.257809 4.944148 5 0 0.000000
1653857360632217945 202.494966 4.938364 5 0 0.000000
1653857361643858165 202.326441 4.942469 5 0 0.000000
1653857362048412424 202.275977 4.943713 2 0 0.000000
1653857363468039326 283.923964 3.522052 5 0 0.000000
1653857364481210855 337.722537 2.960999 3 0 0.000000
1653857365087619247 202.134705 4.947161 3 0 0.000000
1653857366502327071 353.675478 2.827439 4 0 0.000000
1653857367514067003 202.346513 4.941981 5 0 0.000000
1653857368524899937 336.943376 2.967850 3 0 0.000000
1653857369132642711 202.579883 4.936299 3 0 0.000000
1653857370561363449 285.742232 3.499634 5 0 0.000000
1653857371572431540 202.211445 4.945265 5 0 0.000000
1653857372583605058 202.233077 4.944750 5 0 0.000000
1653857373595294219 202.336696 4.942229 5 0 0.000000
1653857374610744478 203.088571 4.923924 5 0 0.000000
1653857375622713259 337.321798 2.964518 3 0 0.000000
1653857376633463743 202.148775 4.946819 5 0 0.000000
1653857377644216080 202.148842 4.946810 5 0 0.000000
1653857378656865000 202.528301 4.937545 5 0 0.000000
1653857379466606519 202.433501 4.939848 4 0 0.000000
1653857380477227878 202.123050 4.947451 5 0 0.000000
1653857381486707282 201.894753 4.953048 5 0 0.000000
1653857382498640772 202.384211 4.941036 5 0 0.000000
1653857383513233952 202.917486 4.928084 5 0 0.000000
1653857384525570233 202.465525 4.939070 5 0 0.000000
1653857385568110521 208.506739 4.795978 5 0 0.000000
1653857386582320752 202.840888 4.929944 5 0 0.000000
1653857387391336039 202.252457 4.944282 4 0 0.000000
1653857388608230470 304.222052 3.287056 4 0 0.000000
1653857389619434490 202.238682 4.944601 5 0 0.000000
1653857390630897735 202.291338 4.943333 5 0 0.000000
1653857391643094138 202.437882 4.939753 5 0 0.000000
1653857392654107160 202.201202 4.945535 5 0 0.000000
1653857393665825118 202.342373 4.942089 5 0 0.000000
1653857394476429460 202.649505 4.934590 4 0 0.000000
1653857395490558854 202.824442 4.930337 5 0 0.000000
1653857396503200165 202.527114 4.937582 5 0 0.000000
1653857397513323139 202.022867 4.949892 5 0 0.000000
1653857398548868443 207.107584 4.828374 5 0 0.000000
1653857399559234420 202.071558 4.948702 5 0 0.000000
1653857400604748222 348.502908 2.869402 3 0 0.000000
1653857401619144179 202.878032 4.929042 5 0 0.000000
1653857402630872860 337.241548 2.965222 3 0 0.000000
1653857403643959819 202.616390 4.935410 5 0 0.000000
1653857404250077188 202.038188 4.949536 3 0 0.000000
1653857405669839474 283.951011 3.521716 5 0 0.000000
1653857406479975684 202.532592 4.937441 4 0 0.000000
1653857407492477446 202.498886 4.938263 5 0 0.000000
1653857408502740103 336.752135 2.969525 3 0 0.000000
1653857409514351119 202.321199 4.942611 5 0 0.000000
1653857410524582977 336.741241 2.969615 3 0 0.000000
1653857411535889843 202.260379 4.944098 5 0 0.000000
1653857412548896234 337.667555 2.961482 3 0 0.000000
1653857413560892567 202.398074 4.940729 5 0 0.000000
1653857414574012169 202.622991 4.935252 5 0 0.000000
1653857415586977261 202.591021 4.936004 5 0 0.000000
1653857416599765622 202.556466 4.936866 5 0 0.000000
1653857417410156462 202.596492 4.935890 4 0 0.000000
1653857418625137249 303.743867 3.292233 4 0 0.000000
1653857419637347607 202.440995 4.939685 5 0 0.000000
1653857420653288778 203.186651 4.921545 5 0 0.000000
1653857421666799215 202.701018 4.933348 5 0 0.000000
1653857422678965709 202.431866 4.939899 5 0 0.000000
1653857423687147486 201.634616 4.959423 5 0 0.000000
1653857424497107286 202.488758 4.938517 4 0 0.000000
1653857425509695377 202.515749 4.937842 5 0 0.000000
1653857426525928178 338.743359 2.952079 3 0 0.000000
1653857427538700672 202.553447 4.936943 5 0 0.000000
1653857428552038090 202.666342 4.934191 5 0 0.000000
1653857429566398561 202.871076 4.929214 5 0 0.000000
1653857430578812241 337.469490 2.963216 3 0 0.000000
1653857431591552502 202.546120 4.937100 5 0 0.000000
1653857432604490842 202.585740 4.936135 5 0 0.000000
1653857433618155960 202.731849 4.932595 5 0 0.000000
1653857434632450784 202.857193 4.929533 5 0 0.000000
1653857435673551393 347.032307 2.881566 3 0 0.000000
1653857436690183603 203.324977 4.918200 5 0 0.000000
1653857437504175131 406.994231 2.457028 2 0 0.000000
1653857438516329693 202.428955 4.939957 5 0 0.000000
1653857439328923277 203.146743 4.922510 4 0 0.000000
1653857440545985155 304.263523 3.286604 4 0 0.000000
1653857441560169387 202.835532 4.930071 5 0 0.000000
1653857442573172071 202.599395 4.935821 5 0 0.000000
1653857443585827616 337.549961 2.962508 3 0 0.000000
1653857444600002018 202.833856 4.930118 5 0 0.000000
1653857445611847096 202.367657 4.941468 5 0 0.000000
1653857446625425233 202.714315 4.933019 5 0 0.000000
1653857447639120487 202.737903 4.932449 5 0 0.000000
1653857448450275879 202.787400 4.931238 4 0 0.000000
1653857449460918107 336.879237 2.968409 3 0 0.000000
1653857450302008432 420.543730 2.377866 2 0 0.000000
1653857451517310573 303.823521 3.291363 4 0 0.000000
1653857452527375440 202.005760 4.950177 5 0 0.000000
1653857453541399776 202.803491 4.930848 5 0 0.000000
1653857454555893929 338.162928 2.957139 3 0 0.000000
1653857455567627543 202.345485 4.942012 5 0 0.000000
1653857456580135163 202.500179 4.938234 5 0 0.000000
1653857457593339293 202.638876 4.934840 5 0 0.000000
1653857458605991492 202.529189 4.937529 5 0 0.000000
1653857459618122937 202.425125 4.940070 5 0 0.000000
1653857460631007168 202.575540 4.936398 5 0 0.000000
1653857461641573998 336.854675 2.968631 3 0 0.000000
1653857462653747930 202.433105 4.939863 5 0 0.000000
1653857463666072133 202.463853 4.939129 5 0 0.000000
1653857464679192703 202.622583 4.935247 5 0 0.000000
1653857465119372580 220.088425 4.543597 2 0 0.000000
1653857466535720218 472.113625 2.118124 3 0 0.000000
1653857467548475514 202.549558 4.937027 5 0 0.000000
1653857468560511715 202.406204 4.940535 5 0 0.000000
1653857469571690443 202.233686 4.944724 5 0 0.000000
1653857470583640924 202.388605 4.940953 5 0 0.000000
1653857471597222511 202.715296 4.933002 5 0 0.000000
1653857472609795363 202.512901 4.937916 5 0 0.000000
1653857473622461550 202.532135 4.937461 5 0 0.000000
1653857474638065595 203.119861 4.923178 5 0 0.000000
1653857475647949480 201.974887 4.951064 5 0 0.000000
1653857476660736340 202.555980 4.936873 5 0 0.000000
1653857477672058572 202.263252 4.944023 5 0 0.000000
1653857478278917427 202.285293 4.943489 3 0 0.000000
1653857479698852879 283.985894 3.521287 5 0 0.000000
1653857480715459755 338.867306 2.950993 3 0 0.000000
1653857481524541546 404.538631 2.471938 2 0 0.000000
1653857482534741899 202.039079 4.949513 5 0 0.000000
1653857483545884582 337.045844 2.966940 3 0 0.000000
1653857484558761756 202.573760 4.936433 5 0 0.000000
1653857485575024957 338.752133 2.951991 3 0 0.000000
1653857486588991005 202.792200 4.931132 5 0 0.000000
1653857487197008623 202.671607 4.934067 3 0 0.000000
1653857488617256632 284.048215 3.520512 5 0 0.000000
1653857489627322349 202.011693 4.950173 5 0 0.000000
1653857490639639023 202.462107 4.939166 5 0 0.000000
1653857491652186607 202.507289 4.938040 5 0 0.000000
1653857492666226649 202.806959 4.930772 5 0 0.000000
1653857493678702769 202.494180 4.938388 5 0 0.000000
1653857494692254378 202.709233 4.933148 5 0 0.000000
1653857495704875297 202.522699 4.937682 5 0 0.000000
1653857496717724011 202.567990 4.936571 5 0 0.000000
1653857497730082188 1012.356865 0.987793 1 0 0.000000
1653857498540273144 202.546416 4.937108 4 0 0.000000
1653857499147724490 202.481608 4.938667 3 0 0.000000
1653857500564822203 283.418246 3.528338 5 0 0.000000
1653857501578745483 337.972500 2.958804 3 0 0.000000
1653857502389520178 202.692487 4.933553 4 0 0.000000
1653857503608898411 304.843446 3.280360 4 0 0.000000
1653857504622402647 202.699164 4.933378 5 0 0.000000
1653857505660469674 207.612287 4.816645 5 0 0.000000
1653857506675345682 202.973256 4.926710 5 0 0.000000
1653857507688112908 202.552245 4.936969 5 0 0.000000
1653857508703713949 338.532525 2.953916 3 0 0.000000
1653857509719768909 338.683905 2.952596 3 0 0.000000
1653857510733335778 202.711717 4.933074 5 0 0.000000
1653857511543982641 202.660473 4.934331 4 0 0.000000
1653857512558874054 202.976679 4.926635 5 0 0.000000
1653857513571393414 337.504804 2.962906 3 0 0.000000
1653857514585366060 202.793259 4.931100 5 0 0.000000
1653857515193729505 202.786659 4.931263 3 0 0.000000
1653857516612383646 283.729125 3.524467 5 0 0.000000
1653857517628035137 203.129084 4.922949 5 0 0.000000
1653857518643742773 203.140399 4.922676 5 0 0.000000
1653857519657158996 202.682207 4.933807 5 0 0.000000
1653857520682006461 204.967808 4.878775 5 0 0.000000
1653857521696470392 202.891738 4.928712 5 0 0.000000
1653857522711780252 203.060498 4.924605 5 0 0.000000
1653857523728529893 338.915267 2.950579 3 0 0.000000
1653857524743450465 202.982672 4.926494 5 0 0.000000
1653857525555766832 203.078130 4.924190 4 0 0.000000
1653857526573413278 339.214236 2.947979 3 0 0.000000
1653857527182025324 202.869066 4.929248 3 0 0.000000
1653857528598719474 283.337602 3.529343 5 0 0.000000
1653857529410047472 202.831015 4.930189 4 0 0.000000
1653857530627345793 304.322326 3.285965 4 0 0.000000
1653857531640930976 202.715937 4.932984 5 0 0.000000
1653857532654503405 337.856077 2.959828 3 0 0.000000
1653857533669180017 202.934064 4.927678 5 0 0.000000
1653857534685326656 203.228376 4.920550 5 0 0.000000
1653857535707945760 204.522436 4.889406 5 0 0.000000
1653857536719839780 337.296825 2.964737 3 0 0.000000
1653857537734143083 202.859765 4.929492 5 0 0.000000
1653857538748468426 202.864109 4.929385 5 0 0.000000
1653857539561760061 203.321123 4.918284 4 0 0.000000
1653857540577419116 338.550974 2.953747 3 0 0.000000
1653857541588985432 202.311778 4.942830 5 0 0.000000
1653857542604910242 203.184024 4.921624 5 0 0.000000
1653857543619702346 202.957495 4.927118 5 0 0.000000
1653857544631825982 202.422968 4.940108 5 0 0.000000
1653857545644578864 506.374883 1.974815 2 0 0.000000
1653857546658127151 202.708477 4.933164 5 0 0.000000
1653857547672056731 202.784838 4.931309 5 0 0.000000
1653857548684632640 202.513945 4.937901 5 0 0.000000
1653857549698218688 337.861014 2.959788 3 0 0.000000
1653857550724673873 205.288170 4.871133 5 0 0.000000
1653857551737187866 202.500839 4.938203 5 0 0.000000
1653857552547833341 202.659495 4.934339 4 0 0.000000
1653857553760426967 1212.592063 0.824679 1 0 0.000000
1653857554572588635 203.039368 4.925128 4 0 0.000000
1653857555585898042 202.660697 4.934327 5 0 0.000000
1653857556596948458 202.208520 4.945352 5 0 0.000000
1653857557609626254 202.533974 4.937405 5 0 0.000000
1653857558623628976 202.799467 4.930953 5 0 0.000000
1653857559637201583 202.712987 4.933046 5 0 0.000000
1653857560651735807 202.905474 4.928370 5 0 0.000000
1653857561665535529 202.758375 4.931941 5 0 0.000000
1653857562679357722 202.763493 4.931831 5 0 0.000000
1653857563692174635 202.562397 4.936726 5 0 0.000000
1653857564706698348 202.903195 4.928421 5 0 0.000000
1653857565753306850 209.320302 4.777336 5 0 0.000000
1653857566768702391 203.078112 4.924189 5 0 0.000000
1653857567580678288 202.992519 4.926255 4 0 0.000000
1653857568596137337 203.084138 4.923881 5 0 0.000000
1653857569609027796 202.577218 4.936368 5 0 0.000000
1653857570625524433 203.298312 4.918855 5 0 0.000000
1653857571639682009 202.829804 4.930200 5 0 0.000000
1653857572652618813 202.586219 4.936142 5 0 0.000000
1653857573668431622 203.160907 4.922167 5 0 0.000000
1653857574683492605 203.011147 4.925812 5 0 0.000000
1653857575697591630 202.818296 4.930485 5 0 0.000000
1653857576711148290 202.709977 4.933123 5 0 0.000000
1653857577726545821 203.078382 4.924180 5 0 0.000000
1653857578742217384 203.133283 4.922851 5 0 0.000000
1653857579754831142 202.520864 4.937717 5 0 0.000000
1653857580590029191 208.798137 4.789283 4 0 0.000000
1653857581604953136 202.982597 4.926478 5 0 0.000000
1653857582616034779 202.215261 4.945199 5 0 0.000000
1653857583628860752 202.563636 4.936682 5 0 0.000000
1653857584643371623 202.899585 4.928484 5 0 0.000000
1653857585654912022 202.306834 4.942956 5 0 0.000000
1653857586669803444 202.976313 4.926635 5 0 0.000000
1653857587686080945 203.254150 4.919916 5 0 0.000000
1653857588294808853 202.908117 4.928310 3 0 0.000000
1653857589716015119 284.239730 3.518138 5 0 0.000000
1653857590730500731 202.895706 4.928606 5 0 0.000000
1653857591745487769 202.996214 4.926171 5 0 0.000000
1653857592760735174 203.048431 4.924908 5 0 0.000000
1653857593774971028 202.846043 4.929820 5 0 0.000000
1653857594586435580 202.865221 4.929359 4 0 0.000000
1653857595612318068 205.175227 4.873853 5 0 0.000000
1653857596626800522 202.894848 4.928621 5 0 0.000000
1653857597643351902 338.848770 2.951154 3 0 0.000000
1653857598658944098 203.116382 4.923236 5 0 0.000000
1653857599671682161 202.545703 4.937111 5 0 0.000000
1653857600683212677 202.303787 4.943005 5 0 0.000000
1653857601695006294 505.895672 1.976687 2 0 0.000000
1653857602707624882 337.536637 2.962616 3 0 0.000000
1653857603721266703 337.879582 2.959625 3 0 0.000000
1653857604530955764 202.420845 4.940168 4 0 0.000000
1653857605749638205 304.669323 3.282233 4 0 0.000000
1653857606761497613 202.370233 4.941398 5 0 0.000000
1653857607774558908 202.611207 4.935536 5 0 0.000000
1653857608788167834 202.720800 4.932869 5 0 0.000000
1653857609600656286 203.120773 4.923147 4 0 0.000000
1653857610634763820 206.820248 4.835087 5 0 0.000000
1653857611647289060 202.503884 4.938148 5 0 0.000000
1653857612658833728 202.307809 4.942936 5 0 0.000000
1653857613675568706 203.345226 4.917702 5 0 0.000000
1653857614691710815 338.712884 2.952343 3 0 0.000000
1653857615705860079 202.802776 4.930241 5 0 0.000000
1653857616719181817 202.662981 4.934267 5 0 0.000000
1653857617736103672 203.383205 4.916799 5 0 0.000000
1653857618748604334 202.498649 4.938268 5 0 0.000000
1653857619763377303 202.953520 4.927210 5 0 0.000000
1653857620787030586 341.216128 2.930680 3 0 0.000000
1653857621600300716 203.316415 4.918415 4 0 0.000000
1653857622612647179 202.467986 4.939021 5 0 0.000000
1653857623627875367 203.044644 4.925001 5 0 0.000000
1653857624642867253 202.997207 4.926148 5 0 0.000000
1653857625680028048 207.430694 4.820853 5 0 0.000000
1653857626290229321 610.200372 1.638803 1 0 0.000000
1653857627707499393 283.452642 3.527909 5 0 0.000000
1653857628722682034 203.035196 4.925222 5 0 0.000000
1653857629739217253 338.844128 2.951201 3 0 0.000000
1653857630752685700 202.692253 4.933553 5 0 0.000000
1653857631766658189 202.793548 4.931100 5 0 0.000000
1653857632781134560 202.893828 4.928652 5 0 0.000000
1653857633796510921 203.074193 4.924283 5 0 0.000000
1653857634607586727 202.767441 4.931722 4 0 0.000000
1653857635622060922 202.893090 4.928662 5 0 0.000000
1653857636637012499 338.315285 2.955806 3 0 0.000000
1653857637653259938 203.248518 4.920062 5 0 0.000000
1653857638665915844 337.550950 2.962507 3 0 0.000000
1653857639681722478 203.160299 4.922197 5 0 0.000000
1653857640715268252 206.707291 4.837715 5 0 0.000000
1653857641730566425 203.058218 4.924662 5 0 0.000000
1653857642746266670 203.138682 4.922712 5 0 0.000000
1653857643761604216 203.066509 4.924471 5 0 0.000000
1653857644778348671 203.347921 4.917657 5 0 0.000000
1653857645387348096 202.998392 4.926113 3 0 0.000000
1653857646804425008 283.413741 3.528390 5 0 0.000000
1653857647616084601 202.913829 4.928174 4 0 0.000000
1653857648629724444 202.726264 4.932719 5 0 0.000000
1653857649644008539 202.855374 4.929585 5 0 0.000000
1653857650454429627 202.604009 4.935706 4 0 0.000000
1653857651673945349 304.877500 3.279990 4 0 0.000000
1653857652689894284 203.187972 4.921507 5 0 0.000000
1653857653707449793 203.509671 4.913737 5 0 0.000000
1653857654721342295 337.963025 2.958894 3 0 0.000000
1653857655742479505 340.377617 2.937901 3 0 0.000000
1653857656758881728 203.278986 4.919312 5 0 0.000000
1653857657774770510 203.176606 4.921799 5 0 0.000000
1653857658789376675 202.920079 4.928020 5 0 0.000000
1653857659805672438 203.257694 4.919828 5 0 0.000000
1653857660819018457 202.667944 4.934149 5 0 0.000000
1653857661628569458 202.386107 4.941011 4 0 0.000000
1653857662644269555 203.138389 4.922713 5 0 0.000000
1653857663659308428 203.006489 4.925920 5 0 0.000000
1653857664674246892 202.986120 4.926407 5 0 0.000000
1653857665688931602 202.935830 4.927639 5 0 0.000000
1653857666703524610 202.916894 4.928084 5 0 0.000000
1653857667720857619 203.465417 4.914811 5 0 0.000000
1653857668734310877 202.689000 4.933627 5 0 0.000000
1653857669751037832 203.344315 4.917741 5 0 0.000000
1653857670786717565 207.134903 4.827747 5 0 0.000000
1653857671395118426 202.799054 4.930959 3 0 0.000000
1653857672408913752 337.930770 2.959177 3 0 0.000000
1653857673827344024 283.685025 3.525023 5 0 0.000000
1653857674637943250 202.647933 4.934620 4 0 0.000000
1653857675655419353 339.157162 2.948473 3 0 0.000000
1653857676467204264 405.890381 2.463707 2 0 0.000000
1653857677478688871 337.160049 2.965937 3 0 0.000000
1653857678696365175 304.417255 3.284945 4 0 0.000000
1653857679711476128 338.368848 2.955342 3 0 0.000000
1653857680724790133 337.769955 2.960583 3 0 0.000000
1653857681736814420 202.403359 4.940593 5 0 0.000000
1653857682550437039 203.395135 4.916284 4 0 0.000000
1653857683770550140 305.027083 3.278385 4 0 0.000000
1653857684782347465 202.358239 4.941701 5 0 0.000000
1653857685392434149 203.360444 4.917334 3 0 0.000000
1653857686424373644 343.978272 2.907147 3 0 0.000000
1653857687638619083 303.559136 3.294227 4 0 0.000000
1653857688655637849 203.401565 4.916330 5 0 0.000000
1653857689672443063 338.933816 2.950418 3 0 0.000000
1653857690689039855 338.864208 2.951023 3 0 0.000000
1653857691703433064 202.877095 4.929055 5 0 0.000000
1653857692719225598 203.156619 4.922265 5 0 0.000000
1653857693734090473 202.971953 4.926764 5 0 0.000000
1653857694747756395 337.886844 2.959555 3 0 0.000000
1653857695784295304 345.511788 2.894247 3 0 0.000000
1653857696798424777 202.824279 4.930337 5 0 0.000000
1653857697813478907 203.008977 4.925846 5 0 0.000000
1653857698827474594 202.797565 4.930987 5 0 0.000000
1653857699841431487 202.790020 4.931176 5 0 0.000000
1653857700660698988 204.815187 4.882410 4 0 0.000000
1653857701676698474 203.197914 4.921262 5 0 0.000000
1653857702693320913 203.323185 4.918247 5 0 0.000000
1653857703708770757 203.088632 4.923926 5 0 0.000000
1653857704518352383 202.393626 4.940824 4 0 0.000000
1653857705735842753 304.371067 3.285447 4 0 0.000000
1653857706748887955 202.607648 4.935614 5 0 0.000000
1653857707764493089 203.119979 4.923173 5 0 0.000000
1653857708780279760 203.155866 4.922293 5 0 0.000000
1653857709799887512 203.920114 4.903846 5 0 0.000000
1653857710836801814 207.381352 4.821999 5 0 0.000000
1653857711853600840 338.931215 2.950436 3 0 0.000000
1653857712667122856 203.379206 4.916892 4 0 0.000000
1653857713683346853 203.242739 4.920175 5 0 0.000000
1653857714698954265 203.120238 4.923162 5 0 0.000000
1653857715713072882 202.822689 4.930390 5 0 0.000000
1653857716727373766 202.858560 4.929504 5 0 0.000000
1653857717741256437 202.774793 4.931537 5 0 0.000000
1653857718757059204 203.158786 4.922215 5 0 0.000000
1653857719569439132 203.093394 4.923805 4 0 0.000000
1653857720787952561 304.626872 3.282688 4 0 0.000000
1653857721803918186 203.191893 4.921426 5 0 0.000000
1653857722819051923 203.025249 4.925459 5 0 0.000000
1653857723833374912 202.863371 4.929396 5 0 0.000000
1653857724847684295 202.860376 4.929462 5 0 0.000000
1653857725686277111 209.646366 4.769895 4 0 0.000000
1653857726700881420 202.919329 4.928030 5 0 0.000000
1653857727715884813 202.999615 4.926092 5 0 0.000000
1653857728728381317 202.497987 4.938289 5 0 0.000000
1653857729744911479 203.304742 4.918693 5 0 0.000000
1653857730762027914 203.422269 4.915858 5 0 0.000000
1653857731776942632 202.981419 4.926522 5 0 0.000000
1653857732385218391 202.757140 4.931974 3 0 0.000000
1653857733805646347 284.084074 3.520066 5 0 0.000000
1653857734821620297 203.193279 4.921385 5 0 0.000000
1653857735834574862 202.589278 4.936056 5 0 0.000000
1653857736849285827 202.939322 4.927512 5 0 0.000000
1653857737864862920 203.114296 4.923309 5 0 0.000000
1653857738675261219 405.198058 2.467922 2 0 0.000000
1653857739691541381 203.254732 4.919903 5 0 0.000000
1653857740731371914 207.964610 4.808476 5 0 0.000000
1653857741340787232 203.136181 4.922751 3 0 0.000000
1653857742358062479 339.090383 2.949054 3 0 0.000000
1653857743777693343 283.924736 3.522042 5 0 0.000000
1653857744792461839 202.952244 4.927232 5 0 0.000000
1653857745808509524 203.208583 4.921029 5 0 0.000000
1653857746823376119 338.287366 2.956054 3 0 0.000000
1653857747840735141 203.470193 4.914686 5 0 0.000000
1653857748856890441 338.716984 2.952305 3 0 0.000000
1653857749871839163 202.988274 4.926357 5 0 0.000000
1653857750699196693 206.838188 4.834669 4 0 0.000000
1653857751715198349 203.199381 4.921252 5 0 0.000000
1653857752730276578 203.014714 4.925729 5 0 0.000000
1653857753543520461 203.309235 4.918574 4 0 0.000000
1653857754759634225 304.026969 3.289166 4 0 0.000000
1653857755775691838 338.684288 2.952588 3 0 0.000000
1653857756790270924 202.914779 4.928152 5 0 0.000000
1653857757806773915 203.299420 4.918825 5 0 0.000000
1653857758822824980 203.208804 4.921013 5 0 0.000000
1653857759838786665 203.191211 4.921445 5 0 0.000000
1653857760853865328 203.014711 4.925727 5 0 0.000000
1653857761871362389 339.164598 2.948411 3 0 0.000000
1653857762887272341 203.180786 4.921696 5 0 0.000000
1653857763699658535 203.095501 4.923767 4 0 0.000000
1653857764308703592 203.013770 4.925744 3 0 0.000000
1653857765753739632 289.005755 3.460121 5 0 0.000000
1653857766767805340 202.811803 4.930648 5 0 0.000000
1653857767781488390 202.735115 4.932508 5 0 0.000000
1653857768797649460 203.230481 4.920480 5 0 0.000000
1653857769812974205 203.063613 4.924533 5 0 0.000000
1653857770829270975 203.257150 4.919823 5 0 0.000000
1653857771841965390 202.537434 4.937324 5 0 0.000000
1653857772858606359 203.327046 4.918157 5 0 0.000000
1653857773871954412 337.780627 2.960483 3 0 0.000000
1653857774887556344 203.119232 4.923189 5 0 0.000000
1653857775698116296 202.638560 4.934860 4 0 0.000000
1653857776511210614 203.271969 4.919478 4 0 0.000000
1653857777727210230 405.329609 2.467106 3 0 0.000000
1653857778537401127 405.094021 2.468554 2 0 0.000000
1653857779752071285 303.665260 3.293075 4 0 0.000000
1653857780771619774 203.908612 4.904131 5 0 0.000000
1653857781380774296 609.152098 1.641620 1 0 0.000000
1653857782801434677 284.130040 3.519490 5 0 0.000000
1653857783814995399 202.711074 4.933104 5 0 0.000000
1653857784831067703 203.213377 4.920910 5 0 0.000000
1653857785848977770 339.302227 2.947215 3 0 0.000000
1653857786866256185 339.089609 2.949045 3 0 0.000000
1653857787882307254 338.682327 2.952607 3 0 0.000000
1653857788897109407 202.959152 4.927069 5 0 0.000000
1653857789302031439 202.459674 4.939223 2 0 0.000000
1653857790759806234 291.553246 3.429885 5 0 0.000000
1653857791773490041 337.893400 2.959503 3 0 0.000000
1653857792789268742 203.154071 4.922332 5 0 0.000000
1653857793805573044 203.258991 4.919786 5 0 0.000000
1653857794415731900 610.157463 1.638917 1 0 0.000000
1653857795833975892 283.647428 3.525487 5 0 0.000000
1653857796443322587 203.113862 4.923306 3 0 0.000000
1653857797863042362 283.941935 3.521822 5 0 0.000000
1653857798879046343 338.666705 2.952744 3 0 0.000000
1653857799893943665 202.978186 4.926607 5 0 0.000000
1653857800905353686 337.135605 2.966156 3 0 0.000000
1653857801715812221 202.605709 4.935477 4 0 0.000000
1653857802527957518 203.035170 4.925228 4 0 0.000000
1653857803746274861 304.577698 3.283217 4 0 0.000000
1653857804762509073 338.743281 2.952075 3 0 0.000000
1653857805805098185 208.516695 4.795753 5 0 0.000000
1653857806821106362 203.199494 4.921220 5 0 0.000000
1653857807838749502 203.527362 4.913314 5 0 0.000000
1653857808853719985 338.321397 2.955751 3 0 0.000000
1653857809869383381 203.131547 4.922891 5 0 0.000000
1653857810884847764 203.091692 4.923856 5 0 0.000000
1653857811900445225 203.118288 4.923210 5 0 0.000000
1653857812713523782 203.268665 4.919574 4 0 0.000000
1653857813729106251 203.114713 4.923283 5 0 0.000000
1653857814744619860 203.101143 4.923617 5 0 0.000000
1653857815558044510 203.354587 4.917481 4 0 0.000000
1653857816805879992 311.957202 3.205551 4 0 0.000000
1653857817820142257 202.851509 4.929691 5 0 0.000000
1653857818837040938 338.965252 2.950146 3 0 0.000000
1653857819853073728 203.205292 4.921101 5 0 0.000000
1653857820462047062 202.990156 4.926324 3 0 0.000000
1653857821881181207 354.782421 2.818620 4 0 0.000000
1653857822894964489 337.926522 2.959212 3 0 0.000000
1653857823911314897 203.268739 4.919563 5 0 0.000000
1653857824722265302 202.735580 4.932484 4 0 0.000000
1653857825735543074 202.653960 4.934481 5 0 0.000000
1653857826752335754 203.357460 4.917423 5 0 0.000000
1653857827768145536 203.160979 4.922181 5 0 0.000000
1653857828784869846 203.343752 4.917754 5 0 0.000000
1653857829798592653 202.743494 4.932315 5 0 0.000000
1653857830845168045 209.313472 4.777487 5 0 0.000000
1653857831861870009 203.338663 4.917862 5 0 0.000000
1653857832876766195 202.977977 4.926612 5 0 0.000000
1653857833892419245 203.129011 4.922941 5 0 0.000000
1653857834908053157 203.125759 4.923034 5 0 0.000000
1653857835924459591 203.280219 4.919292 5 0 0.000000
1653857836738224662 203.439329 4.915423 4 0 0.000000
1653857837754980948 203.349456 4.917600 5 0 0.000000
1653857838770106434 203.024085 4.925499 5 0 0.000000
1653857839786718096 203.320840 4.918299 5 0 0.000000
1653857840803708025 203.395968 4.916470 5 0 0.000000
1653857841819634603 203.184310 4.921615 5 0 0.000000
1653857842833989593 202.869755 4.929241 5 0 0.000000
1653857843850695967 203.340237 4.917841 5 0 0.000000
1653857844864533016 202.766344 4.931759 5 0 0.000000
1653857845912021873 349.161947 2.863992 3 0 0.000000
1653857846926545763 202.903219 4.928420 5 0 0.000000
1653857847739916173 203.341694 4.917809 4 0 0.000000
1653857848755178681 203.050817 4.924835 5 0 0.000000
1653857849771719196 203.307055 4.918643 5 0 0.000000
1653857850788747581 203.404308 4.916284 5 0 0.000000
1653857851805944350 203.437398 4.915470 5 0 0.000000
1653857852822284607 203.266999 4.919612 5 0 0.000000
1653857853839147649 203.371248 4.917083 5 0 0.000000
1653857854855056086 203.180247 4.921703 5 0 0.000000
1653857855869781099 202.944073 4.927443 5 0 0.000000
1653857856887267062 203.495802 4.914073 5 0 0.000000
1653857857904571924 203.459241 4.914948 5 0 0.000000
1653857858918945717 202.873697 4.929149 5 0 0.000000
1653857859933748210 202.959573 4.927067 5 0 0.000000
1653857860746569158 203.204310 4.921133 4 0 0.000000
1653857861780525930 206.789860 4.835792 5 0 0.000000
1653857862793284618 337.584366 2.962206 3 0 0.000000
1653857863807974976 202.936947 4.927612 5 0 0.000000
1653857864821953933 202.794343 4.931069 5 0 0.000000
1653857865837387246 203.085501 4.924006 5 0 0.000000
1653857866852111724 202.943174 4.927446 5 0 0.000000
1653857867866223305 202.820845 4.930424 5 0 0.000000
1653857868880366934 338.044353 2.958161 3 0 0.000000
1653857869896483499 203.222183 4.920695 5 0 0.000000
1653857870913434112 203.388768 4.916660 5 0 0.000000
1653857871928095105 202.930389 4.927754 5 0 0.000000
1653857872945015328 203.383077 4.916806 5 0 0.000000
1653857873757339364 406.160941 2.462072 2 0 0.000000
1653857874774838457 203.498775 4.914009 5 0 0.000000
1653857875790414686 203.114296 4.923313 5 0 0.000000
1653857876622244336 415.913212 2.404338 2 0 0.000000
1653857877436544342 407.148460 2.456097 2 0 0.000000
1653857878857036694 284.097017 3.519906 5 0 0.000000
1653857879870261080 202.643651 4.934741 5 0 0.000000
1653857880884524048 202.851432 4.929688 5 0 0.000000
1653857881900222717 203.138251 4.922720 5 0 0.000000
1653857882916556001 203.265485 4.919646 5 0 0.000000
1653857883931191400 202.926178 4.927878 5 0 0.000000
1653857884947887219 203.337409 4.917892 5 0 0.000000
1653857885761360130 203.366482 4.917189 4 0 0.000000
1653857886777922607 203.310716 4.918537 5 0 0.000000
1653857887794792158 338.954530 2.950231 3 0 0.000000
1653857888810360224 203.112467 4.923353 5 0 0.000000
1653857889827660678 203.459091 4.914969 5 0 0.000000
1653857890842469072 202.960176 4.927038 5 0 0.000000
1653857891882555330 346.693482 2.884376 3 0 0.000000
1653857892894403079 202.368051 4.941455 5 0 0.000000
1653857893706655381 203.062202 4.924578 4 0 0.000000
1653857894925165049 304.626262 3.282699 4 0 0.000000
1653857895940395416 203.044126 4.924990 5 0 0.000000
1653857896954309782 202.781446 4.931383 5 0 0.000000
1653857897767685680 203.342229 4.917775 4 0 0.000000
1653857898783926302 203.246884 4.920095 5 0 0.000000
1653857899800348482 203.282596 4.919216 5 0 0.000000
1653857900815418103 203.012916 4.925770 5 0 0.000000
1653857901831524330 203.219655 4.920746 5 0 0.000000
1653857902848268919 203.347938 4.917656 5 0 0.000000
1653857903864732010 203.291630 4.919018 5 0 0.000000
1653857904880905470 203.233319 4.920420 5 0 0.000000
1653857905893675767 202.552006 4.936954 5 0 0.000000
1653857906926334355 206.530499 4.841871 5 0 0.000000
1653857907941711973 203.074031 4.924276 5 0 0.000000
1653857908957462207 203.148770 4.922470 5 0 0.000000
1653857909769991583 203.130143 4.922899 4 0 0.000000
1653857910786894789 203.379629 4.916889 5 0 0.000000
1653857911802440016 203.107304 4.923464 5 0 0.000000
1653857912818054041 203.119870 4.923130 5 0 0.000000
1653857913835076598 203.403279 4.916312 5 0 0.000000
1653857914445168357 203.362942 4.917293 3 0 0.000000
1653857915869510483 284.866734 3.510393 5 0 0.000000
1653857916920174873 210.131503 4.758894 5 0 0.000000
1653857917936496244 203.263312 4.919704 5 0 0.000000
1653857918953013200 203.302239 4.918757 5 0 0.000000
1653857919969461366 203.288193 4.919090 5 0 0.000000
1653857920782926701 203.364953 4.917235 4 0 0.000000
1653857921796226511 202.658241 4.934374 5 0 0.000000
1653857922608007697 202.943957 4.927436 4 0 0.000000
1653857923823287590 303.818626 3.291423 4 0 0.000000
1653857924840446599 203.430816 4.915652 5 0 0.000000
1653857925856753635 338.767609 2.951864 3 0 0.000000
1653857926875347825 203.717648 4.908726 5 0 0.000000
1653857927890300096 202.988627 4.926340 5 0 0.000000
1653857928906208174 203.180654 4.921705 5 0 0.000000
1653857929919562156 337.780854 2.960466 3 0 0.000000
1653857930528018238 202.817522 4.930512 3 0 0.000000
1653857931777407511 312.345179 3.201564 4 0 0.000000
1653857932792284528 202.973558 4.926705 5 0 0.000000
1653857933808540520 203.250133 4.920020 5 0 0.000000
1653857934418114489 203.189750 4.921470 3 0 0.000000
1653857935836356705 283.647077 3.525491 5 0 0.000000
1653857936853699475 203.467554 4.914764 5 0 0.000000
1653857937666696562 203.247706 4.920067 4 0 0.000000
1653857938885314785 304.653419 3.282406 4 0 0.000000
1653857939899480254 202.831796 4.930162 5 0 0.000000
1653857940916189507 203.340504 4.917827 5 0 0.000000
1653857941727305704 405.556436 2.465738 2 0 0.000000
1653857942944485885 304.293612 3.286284 4 0 0.000000
1653857943961230380 203.347116 4.917656 5 0 0.000000
1653857944977549430 338.771320 2.951829 3 0 0.000000
1653857945790315427 203.190319 4.921466 4 0 0.000000
1653857946625444842 417.563750 2.394838 2 0 0.000000
1653857947842422819 304.243091 3.286830 4 0 0.000000
1653857948857817146 203.077725 4.924195 5 0 0.000000
1653857949871214991 337.797922 2.960338 3 0 0.000000
1653857950481815018 203.532397 4.913200 3 0 0.000000
1653857951901604955 283.956416 3.521648 5 0 0.000000
1653857952916793053 203.036307 4.925196 5 0 0.000000
1653857953933267664 203.293920 4.918962 5 0 0.000000
1653857954946566539 337.764568 2.960627 3 0 0.000000
1653857955961842929 203.054074 4.924767 5 0 0.000000
1653857956979779831 203.585932 4.911896 5 0 0.000000
1653857957995007808 203.044265 4.925002 5 0 0.000000
1653857958402494515 203.741880 4.908136 2 0 0.000000
1653857959824815192 284.463187 3.515382 5 0 0.000000
1653857960433571608 202.917596 4.928080 3 0 0.000000
1653857961873650040 480.024691 2.083220 3 0 0.000000
1653857962890503181 338.949824 2.950279 3 0 0.000000
1653857963904585702 202.814934 4.930565 5 0 0.000000
1653857964919608170 203.003247 4.925999 5 0 0.000000
1653857965732839753 203.306060 4.918648 4 0 0.000000
1653857966953348057 305.125871 3.277323 4 0 0.000000
1653857967970088783 203.346845 4.917675 5 0 0.000000
1653857968985400998 203.060858 4.924594 5 0 0.000000
1653857970002190704 203.356456 4.917438 5 0 0.000000
1653857970814712898 203.129577 4.922942 4 0 0.000000
1653857971861157676 209.287769 4.778083 5 0 0.000000
1653857972876319336 338.385834 2.955194 3 0 0.000000
1653857973893627998 203.460785 4.914929 5 0 0.000000
1653857974908905023 203.054443 4.924764 5 0 0.000000
1653857975315777446 203.434729 4.915545 2 0 0.000000
1653857976937470302 324.336692 3.083198 5 0 0.000000
1653857977952712718 338.413117 2.954959 3 0 0.000000
1653857978970278166 339.186649 2.948213 3 0 0.000000
1653857979986997011 203.342853 4.917780 5 0 0.000000
1653857981003865414 338.955069 2.950234 3 0 0.000000
1653857981816233602 203.090372 4.923876 4 0 0.000000
1653857982833630111 203.476845 4.914505 5 0 0.000000
1653857983848582370 202.988283 4.926340 5 0 0.000000
1653857984863633334 203.008630 4.925861 5 0 0.000000
1653857985879955151 203.263436 4.919702 5 0 0.000000
1653857986919084995 207.824261 4.811718 5 0 0.000000
1653857987934032954 202.988353 4.926361 5 0 0.000000
1653857988951035160 203.399109 4.916410 5 0 0.000000
1653857989965945346 338.302290 2.955927 3 0 0.000000
1653857990980459942 202.901445 4.928465 5 0 0.000000
1653857991994992671 202.905552 4.928377 5 0 0.000000
1653857993011121352 203.224139 4.920637 5 0 0.000000
1653857993823299777 203.043003 4.925026 4 0 0.000000
1653857994841666660 203.671722 4.909822 5 0 0.000000
1653857995856062179 338.130290 2.957426 3 0 0.000000
1653857996901216224 348.383038 2.870390 3 0 0.000000
1653857997917964799 203.348336 4.917637 5 0 0.000000
1653857998935715547 203.548747 4.912794 5 0 0.000000
1653857999950209296 202.897622 4.928567 5 0 0.000000
1653858000966960655 203.349208 4.917623 5 0 0.000000
1653858001982801590 338.611832 2.953218 3 0 0.000000
1653858002999281811 203.294481 4.918935 5 0 0.000000
1653858004016126200 203.367658 4.917173 5 0 0.000000
1653858004423172799 203.522342 4.913442 2 0 0.000000
1653858005844897628 284.343188 3.516855 5 0 0.000000
1653858006863610948 203.741492 4.908152 5 0 0.000000
1653858007878441020 202.964922 4.926933 5 0 0.000000
1653858008895440606 203.398384 4.916423 5 0 0.000000
1653858009911231082 203.156649 4.922275 5 0 0.000000
1653858010927462511 338.741969 2.952083 3 0 0.000000
1653858011962089720 206.923785 4.832659 5 0 0.000000
1653858012975971376 337.959196 2.958925 3 0 0.000000
1653858013987087131 337.037002 2.967019 3 0 0.000000
1653858015003857244 203.352806 4.917532 5 0 0.000000
1653858015817146823 203.320874 4.918297 4 0 0.000000
1653858016831628968 338.159105 2.957174 3 0 0.000000
1653858017848376326 203.348189 4.917643 5 0 0.000000
1653858018866114685 203.546365 4.912854 5 0 0.000000
1653858019884030485 203.581228 4.911998 5 0 0.000000
1653858020900419271 203.276665 4.919377 5 0 0.000000
1653858021949575266 209.829445 4.765736 5 0 0.000000
1653858022959437913 336.618575 2.970701 3 0 0.000000
1653858023975726549 203.256342 4.919862 5 0 0.000000
1653858024993843652 203.620854 4.911026 5 0 0.000000
1653858026011803320 203.590853 4.911785 5 0 0.000000
1653858027027674153 203.172644 4.921886 5 0 0.000000
1653858027841647994 203.492503 4.914163 4 0 0.000000
1653858028858376109 203.344136 4.917736 5 0 0.000000
1653858029873075951 202.938720 4.927566 5 0 0.000000
1653858030890750102 203.533428 4.913164 5 0 0.000000
1653858031908575445 203.557605 4.912434 5 0 0.000000
1653858032923726709 203.028377 4.925374 5 0 0.000000
1653858033940931821 203.439293 4.915430 5 0 0.000000
