1653857214403143475 275.415414 3.628985 3 0 0.000000
1653857215015025936 203.958045 4.902903 3 0 0.000000
1653857216031805742 1016.777381 0.983497 1 0 0.000000
1653857217452300773 284.096571 3.519900 5 0 0.000000
1653857218470035044 203.545418 4.912874 5 0 0.000000
1653857219485943310 203.179525 4.921704 5 0 0.000000
1653857220570056010 361.368649 2.767240 3 0 0.000000
1653857221381355936 202.823957 4.930359 4 0 0.000000
1653857222395149202 202.756239 4.931972 5 0 0.000000
1653857223422583825 205.484634 4.866490 5 0 0.000000
1653857224432100608 336.503577 2.971719 3 0 0.000000
1653857225243500418 202.847451 4.929752 4 0 0.000000
1653857226463087333 609.790132 1.639899 2 0 0.000000
1653857227476388017 337.764236 2.960622 3 0 0.000000
1653857228488025471 202.325431 4.942482 5 0 0.000000
1653857229498144335 336.704100 2.969947 3 0 0.000000
1653857230511364934 202.642847 4.934760 5 0 0.000000
1653857231523151051 202.356171 4.941756 5 0 0.000000
1653857232535852574 202.538573 4.937289 5 0 0.000000
1653857233548850141 202.598193 4.935846 5 0 0.000000
1653857234562122040 202.652886 4.934510 5 0 0.000000
1653857235575593942 202.692429 4.933536 5 0 0.000000
1653857236587042480 202.287157 4.943405 5 0 0.000000
1653857237396042575 202.248253 4.944375 4 0 0.000000
1653857238439179730 208.626275 4.793233 5 0 0.000000
1653857239451135344 202.389344 4.940928 5 0 0.000000
1653857240462933441 337.264032 2.965018 3 0 0.000000
1653857241475181650 202.447999 4.939500 5 0 0.000000
1653857242487969590 202.556302 4.936868 5 0 0.000000
1653857243501238902 202.650919 4.934522 5 0 0.000000
1653857244512818934 202.313886 4.942763 5 0 0.000000
1653857245524291253 202.292965 4.943289 5 0 0.000000
1653857246536477990 202.435923 4.939800 5 0 0.000000
1653857247547413580 202.185771 4.945914 5 0 0.000000
1653857248560592314 202.634516 4.934963 5 0 0.000000
1653857249573256533 202.531285 4.937471 5 0 0.000000
1653857250585979751 202.542816 4.937183 5 0 0.000000
1653857251395552083 202.391746 4.940880 4 0 0.000000
1653857252408639270 202.615310 4.935409 5 0 0.000000
1653857253450647096 208.399592 4.798428 5 0 0.000000
1653857254462466804 202.361738 4.941592 5 0 0.000000
1653857255473362387 202.177956 4.946109 5 0 0.000000
1653857256483462248 336.698100 2.970003 3 0 0.000000
1653857257495476426 337.336456 2.964385 3 0 0.000000
1653857258506298858 202.163226 4.946467 5 0 0.000000
1653857259313311923 403.504353 2.478275 2 0 0.000000
1653857260527372338 607.027953 1.647364 2 0 0.000000
1653857261539628715 202.449646 4.939460 5 0 0.000000
1653857262551522250 202.377086 4.941231 5 0 0.000000
1653857263562801924 202.254708 4.944231 5 0 0.000000
1653857264573435614 202.125359 4.947391 5 0 0.000000
1653857265584982375 202.308308 4.942925 5 0 0.000000
1653857266596833436 202.369044 4.941439 5 0 0.000000
1653857267406605726 202.441629 4.939660 4 0 0.000000
1653857268418177410 337.188231 2.965682 3 0 0.000000
1653857269428296439 202.021672 4.949912 5 0 0.000000
1653857270439341563 202.207552 4.945378 5 0 0.000000
1653857271450678714 202.265939 4.943950 5 0 0.000000
1653857272260265501 404.792411 2.470396 2 0 0.000000
1653857273506890848 311.654348 3.208663 4 0 0.000000
1653857274517189608 336.763832 2.969419 3 0 0.000000
1653857275528014383 202.163149 4.946456 5 0 0.000000
1653857276538341363 336.774602 2.969336 3 0 0.000000
1653857277551340021 202.598111 4.935841 5 0 0.000000
1653857278561405659 202.011555 4.950173 5 0 0.000000
1653857279573546817 202.427244 4.940022 5 0 0.000000
1653857280583528715 201.994810 4.950584 5 0 0.000000
1653857281596705432 337.724150 2.960984 3 0 0.000000
1653857282202904109 202.064516 4.948872 3 0 0.000000
1653857283417927734 303.753908 3.292117 4 0 0.000000
1653857284430792924 337.620461 2.961895 3 0 0.000000
1653857285439614540 201.762780 4.956278 5 0 0.000000
1653857286452446746 202.564532 4.936652 5 0 0.000000
1653857287465390068 202.587442 4.936110 5 0 0.000000
1653857288474844117 201.889409 4.953172 5 0 0.000000
1653857289484140519 201.857713 4.953946 5 0 0.000000
1653857290496025123 202.375366 4.941275 5 0 0.000000
1653857291305386339 202.338403 4.942169 4 0 0.000000
1653857292519030044 303.409346 3.295860 4 0 0.000000
1653857293553140108 206.820736 4.835075 5 0 0.000000
1653857294563810380 202.132525 4.947212 5 0 0.000000
1653857295576961723 337.715912 2.961058 3 0 0.000000
1653857296588288013 202.263715 4.944003 5 0 0.000000
1653857297600346174 202.409785 4.940427 5 0 0.000000
1653857298612446473 202.418700 4.940222 5 0 0.000000
1653857299422324079 202.467753 4.939018 4 0 0.000000
1653857300436076253 337.914833 2.959303 3 0 0.000000
1653857301448651409 202.513602 4.937905 5 0 0.000000
1653857302462983889 338.109508 2.957610 3 0 0.000000
1653857303476179916 202.637873 4.934879 5 0 0.000000
1653857304488752454 1012.571486 0.987584 1 0 0.000000
1653857305500614147 202.370702 4.941387 5 0 0.000000
1653857306512094535 202.294286 4.943250 5 0 0.000000
1653857307523051891 202.190099 4.945807 5 0 0.000000
1653857308566756679 208.739780 4.790627 5 0 0.000000
1653857309378056132 202.823401 4.930362 4 0 0.000000
1653857310593352171 303.822702 3.291379 4 0 0.000000
1653857311401712411 404.179194 2.474144 2 0 0.000000
1653857312613842982 303.031084 3.299975 4 0 0.000000
1653857313624299262 202.089216 4.948259 5 0 0.000000
1653857314431916056 201.902623 4.952844 4 0 0.000000
1653857315444040240 202.423346 4.940105 5 0 0.000000
1653857316455305694 202.250985 4.944300 5 0 0.000000
1653857317466396338 202.216311 4.945155 5 0 0.000000
1653857318481028612 338.208714 2.956736 3 0 0.000000
1653857319492443202 202.281575 4.943571 5 0 0.000000
1653857320300297316 201.962414 4.951389 4 0 0.000000
1653857321512564542 404.087526 2.474702 3 0 0.000000
1653857322523561426 202.197816 4.945614 5 0 0.000000
1653857323535330546 202.352257 4.941839 5 0 0.000000
1653857324562928485 205.518239 4.865716 5 0 0.000000
1653857325576449669 202.703283 4.933296 5 0 0.000000
1653857326587081283 202.125099 4.947401 5 0 0.000000
1653857327597784110 202.139167 4.947053 5 0 0.000000
1653857328633715230 207.184469 4.826576 5 0 0.000000
1653857329441366616 201.910362 4.952632 4 0 0.000000
1653857330451767053 336.798426 2.969120 3 0 0.000000
1653857331058914346 202.381582 4.941140 3 0 0.000000
1653857332273850132 303.732972 3.292355 4 0 0.000000
1653857333490271362 304.024488 3.288335 4 0 0.000000
1653857334502708063 202.485645 4.938580 5 0 0.000000
1653857335513872497 202.231380 4.944793 5 0 0.000000
1653857336525355639 202.293859 4.943237 5 0 0.000000
1653857337535976221 336.872663 2.968473 3 0 0.000000
1653857338141658843 201.892280 4.953089 3 0 0.000000
1653857339557590854 283.185238 3.531243 5 0 0.000000
1653857340570822880 202.645457 4.934704 5 0 0.000000
1653857341581074648 202.049408 4.949261 5 0 0.000000
1653857342592055220 202.194976 4.945693 5 0 0.000000
1653857343625210000 206.629101 4.839546 5 0 0.000000
1653857344636738498 202.304427 4.943015 5 0 0.000000
1653857345649095749 202.470086 4.938968 5 0 0.000000
1653857346457784938 202.171292 4.946276 4 0 0.000000
1653857347469388384 337.200177 2.965589 3 0 0.000000
1653857348482636964 202.648424 4.934623 5 0 0.000000
1653857349492590304 201.988506 4.950724 5 0 0.000000
1653857350504591613 202.398378 4.940705 5 0 0.000000
1653857351516728376 202.426153 4.940044 5 0 0.000000
1653857352327635318 202.725431 4.932748 4 0 0.000000
1653857353542815318 303.793597 3.291693 4 0 0.000000
1653857354554288833 202.292860 4.943283 5 0 0.000000
1653857355565026348 202.146473 4.946883 5 0 0.000000
1653857356574277145 336.415132 2.972502 3 0 0.000000
1653857357585872747 202.317603 4.942687 5 0 0.000000
1653857358596153863 202.054740 4.949118 5 0 0.000000
1653857359608760609 202.519534 4.937750 5 0 0.000000
1653857360622116389 202.669661 4.934102 5 0 0.000000
1653857361632720909 336.866834 2.968520 3 0 0.000000
1653857362643115855 336.795984 2.969136 3 0 0.000000
1653857363486990314 210.967422 4.740041 4 0 0.000000
1653857364497568151 202.114183 4.947665 5 0 0.000000
1653857365105785902 202.738302 4.932444 3 0 0.000000
1653857366519103275 282.661910 3.537776 5 0 0.000000
1653857367532487832 202.675779 4.933961 5 0 0.000000
1653857368543946478 202.290316 4.943356 5 0 0.000000
1653857369556559467 202.521486 4.937721 5 0 0.000000
1653857370569695165 337.710934 2.961104 3 0 0.000000
1653857371582174001 202.494184 4.938375 5 0 0.000000
1653857372596287410 202.821235 4.930415 5 0 0.000000
1653857373607731935 202.287753 4.943425 5 0 0.000000
1653857374620143011 202.481077 4.938705 5 0 0.000000
1653857375633045017 202.578854 4.936312 5 0 0.000000
1653857376644452108 202.280439 4.943608 5 0 0.000000
1653857377656000334 202.308619 4.942918 5 0 0.000000
1653857378499813177 210.952149 4.740388 4 0 0.000000
1653857379513856048 202.807490 4.930758 5 0 0.000000
1653857380525148722 202.256763 4.944167 5 0 0.000000
1653857381536172902 202.203191 4.945480 5 0 0.000000
1653857382547724810 202.308841 4.942900 5 0 0.000000
1653857383559584725 202.370919 4.941395 5 0 0.000000
1653857384571428579 202.367038 4.941474 5 0 0.000000
1653857385582574995 337.047419 2.966929 3 0 0.000000
1653857386596046379 202.692934 4.933538 5 0 0.000000
1653857387607758764 202.340995 4.942116 5 0 0.000000
1653857388620015389 202.450421 4.939459 5 0 0.000000
1653857389630377531 202.071418 4.948721 5 0 0.000000
1653857390643165080 337.594417 2.962122 3 0 0.000000
1653857391656403263 202.646765 4.934674 5 0 0.000000
1653857392668580595 202.434152 4.939846 5 0 0.000000
1653857393514407955 211.455818 4.729097 4 0 0.000000
1653857394525143152 202.144725 4.946894 5 0 0.000000
1653857395334867949 202.429266 4.939950 4 0 0.000000
1653857396550609607 303.933972 3.290173 4 0 0.000000
1653857397563674430 202.611415 4.935518 5 0 0.000000
1653857398578408442 338.242663 2.956440 3 0 0.000000
1653857399591059598 202.527532 4.937535 5 0 0.000000
1653857400605094077 202.805333 4.930799 5 0 0.000000
1653857401616538609 202.287754 4.943425 5 0 0.000000
1653857402627237752 202.138817 4.947071 5 0 0.000000
1653857403637685674 336.814986 2.968980 3 0 0.000000
1653857404652330644 338.213624 2.956699 3 0 0.000000
1653857405668288135 338.651378 2.952879 3 0 0.000000
1653857406680743759 202.490137 4.938488 5 0 0.000000
1653857407491529557 202.694480 4.933486 4 0 0.000000
1653857408505063351 202.705653 4.933235 5 0 0.000000
1653857409520595802 203.104955 4.923526 5 0 0.000000
1653857410534253978 202.730557 4.932629 5 0 0.000000
1653857411548494094 338.077540 2.957880 3 0 0.000000
1653857412558981464 202.095537 4.948107 5 0 0.000000
1653857413593345600 206.871068 4.833888 5 0 0.000000
1653857414605956319 202.520719 4.937732 5 0 0.000000
1653857415617058348 202.219043 4.945099 5 0 0.000000
1653857416628315037 337.083990 2.966606 3 0 0.000000
1653857417638120353 201.959947 4.951450 5 0 0.000000
1653857418649731665 202.319722 4.942610 5 0 0.000000
1653857419663619104 202.775831 4.931514 5 0 0.000000
1653857420676712494 202.617275 4.935379 5 0 0.000000
1653857421690167340 202.689573 4.933619 5 0 0.000000
1653857422498908426 202.183847 4.945959 4 0 0.000000
1653857423513333651 202.883885 4.928899 5 0 0.000000
1653857424523604349 202.052797 4.949169 5 0 0.000000
1653857425537858796 202.849785 4.929729 5 0 0.000000
1653857426550618913 202.550833 4.937003 5 0 0.000000
1653857427158869127 202.748732 4.932181 3 0 0.000000
1653857428606789431 289.582856 3.453229 5 0 0.000000
1653857429617434615 202.127376 4.947335 5 0 0.000000
1653857430630999141 202.710090 4.933085 5 0 0.000000
1653857431641566318 202.111602 4.947717 5 0 0.000000
1653857432653342538 202.353663 4.941804 5 0 0.000000
1653857433664560705 202.242587 4.944531 5 0 0.000000
1653857434678430242 202.772667 4.931601 5 0 0.000000
1653857435690832011 202.478614 4.938751 5 0 0.000000
1653857436701483260 202.128865 4.947305 5 0 0.000000
1653857437582700166 220.302553 4.539178 4 0 0.000000
1653857438621646884 207.788113 4.812566 5 0 0.000000
1653857439228857298 202.401621 4.940627 3 0 0.000000
1653857440649821911 284.191722 3.518736 5 0 0.000000
1653857441663310568 202.696762 4.933454 5 0 0.000000
1653857442677479557 202.832575 4.930145 5 0 0.000000
1653857443689801405 202.463346 4.939141 5 0 0.000000
1653857444701371588 202.312718 4.942811 5 0 0.000000
1653857445511642543 202.559058 4.936620 4 0 0.000000
1653857446523891140 202.447860 4.939498 5 0 0.000000
1653857447537319015 202.684283 4.933750 5 0 0.000000
1653857448551127829 202.760164 4.931896 5 0 0.000000
1653857449564761029 202.725732 4.932751 5 0 0.000000
1653857450575509772 336.915136 2.968097 3 0 0.000000
1653857451589013630 202.699339 4.933380 5 0 0.000000
1653857452195802035 202.261583 4.944063 3 0 0.000000
1653857453640860412 289.010710 3.460068 5 0 0.000000
1653857454654760429 202.778627 4.931453 5 0 0.000000
1653857455669408474 202.928553 4.927817 5 0 0.000000
1653857456683151216 202.747649 4.932217 5 0 0.000000
1653857457697849846 202.938444 4.927571 5 0 0.000000
1653857458709139777 202.256103 4.944181 5 0 0.000000
1653857459520928776 202.946008 4.927389 4 0 0.000000
1653857460533844959 202.582209 4.936243 5 0 0.000000
1653857461548339980 338.164089 2.957136 3 0 0.000000
1653857462561577075 202.646303 4.934679 5 0 0.000000
1653857463575905354 202.863790 4.929371 5 0 0.000000
1653857464386338261 202.607145 4.935634 4 0 0.000000
1653857465604544865 304.550411 3.283515 4 0 0.000000
1653857466616819587 202.453311 4.939371 5 0 0.000000
1653857467629403364 202.515463 4.937863 5 0 0.000000
1653857468675151135 209.148500 4.781268 5 0 0.000000
1653857469689046543 337.963543 2.958885 3 0 0.000000
1653857470700119042 202.213195 4.945244 5 0 0.000000
1653857471711237342 337.036652 2.967012 3 0 0.000000
1653857472519818206 202.144019 4.946939 4 0 0.000000
1653857473532009330 337.395643 2.963867 3 0 0.000000
1653857474546646368 338.210486 2.956722 3 0 0.000000
1653857475561291326 202.927677 4.927832 5 0 0.000000
1653857476574345897 202.610055 4.935568 5 0 0.000000
1653857477589370941 203.004111 4.925986 5 0 0.000000
1653857478601071043 202.338926 4.942177 5 0 0.000000
1653857479615860144 202.956480 4.927132 5 0 0.000000
1653857480627687626 202.364048 4.941554 5 0 0.000000
1653857481641042689 202.669426 4.934105 5 0 0.000000
1653857482654438824 202.676796 4.933905 5 0 0.000000
1653857483703481169 349.679222 2.859751 3 0 0.000000
1653857484716274726 202.557629 4.936841 5 0 0.000000
1653857485528061008 202.945258 4.927405 4 0 0.000000
1653857486541452529 202.677316 4.933927 5 0 0.000000
1653857487552488617 202.205891 4.945422 5 0 0.000000
1653857488565920475 202.685350 4.933731 5 0 0.000000
1653857489577958484 202.405614 4.940526 5 0 0.000000
1653857490593485484 203.104055 4.923552 5 0 0.000000
1653857491608289323 202.959844 4.927061 5 0 0.000000
1653857492620873134 202.515355 4.937863 5 0 0.000000
1653857493634497743 202.723984 4.932793 5 0 0.000000
1653857494653333905 339.610695 2.944536 3 0 0.000000
1653857495666376184 202.607194 4.935628 5 0 0.000000
1653857496681503309 203.024545 4.925491 5 0 0.000000
1653857497695502765 202.798882 4.930969 5 0 0.000000
1653857498735165850 207.931469 4.809250 5 0 0.000000
1653857499543060106 201.971323 4.951143 4 0 0.000000
1653857500556100952 337.678706 2.961381 3 0 0.000000
1653857501367953688 202.961541 4.927002 4 0 0.000000
1653857502584507694 304.137239 3.287976 4 0 0.000000
1653857503595904093 337.130320 2.966196 3 0 0.000000
1653857504608381046 202.494202 4.938384 5 0 0.000000
1653857505622050401 202.732755 4.932575 5 0 0.000000
1653857506635389002 202.666262 4.934185 5 0 0.000000
1653857507646430500 202.206386 4.945396 5 0 0.000000
1653857508660683228 202.849500 4.929738 5 0 0.000000
1653857509671377407 202.137311 4.947095 5 0 0.000000
1653857510480403081 202.255309 4.944219 4 0 0.000000
1653857511699193791 304.695050 3.281942 4 0 0.000000
1653857512713909592 338.237134 2.956493 3 0 0.000000
1653857513521424013 201.876972 4.953472 4 0 0.000000
1653857514569286166 209.570706 4.771620 5 0 0.000000
1653857515603423780 206.825948 4.834947 5 0 0.000000
1653857516617105596 337.891744 2.959509 3 0 0.000000
1653857517630340221 202.645504 4.934691 5 0 0.000000
1653857518642573964 202.445821 4.939571 5 0 0.000000
1653857519654546764 202.392714 4.940844 5 0 0.000000
1653857520465913080 202.840624 4.929956 4 0 0.000000
1653857521680138812 303.554502 3.294280 4 0 0.000000
1653857522694851521 202.941123 4.927503 5 0 0.000000
1653857523710749118 203.178231 4.921756 5 0 0.000000
1653857524726379501 203.124656 4.923050 5 0 0.000000
1653857525739647138 337.753748 2.960718 3 0 0.000000
1653857526752953514 202.659107 4.934342 5 0 0.000000
1653857527565858045 203.224667 4.920627 4 0 0.000000
1653857528580459844 202.918927 4.928042 5 0 0.000000
1653857529605364407 204.979366 4.878503 5 0 0.000000
1653857530618403177 337.677606 2.961387 3 0 0.000000
1653857531633078233 202.933613 4.927685 5 0 0.000000
1653857532647147449 202.812552 4.930631 5 0 0.000000
1653857533659146539 202.398173 4.940715 5 0 0.000000
1653857534673033827 202.776255 4.931515 5 0 0.000000
1653857535687879780 202.967443 4.926856 5 0 0.000000
1653857536700374199 202.497633 4.938299 5 0 0.000000
1653857537713884619 202.700411 4.933348 5 0 0.000000
1653857538725327107 202.286514 4.943435 5 0 0.000000
1653857539740804511 203.094154 4.923792 5 0 0.000000
1653857540756370056 203.112069 4.923365 5 0 0.000000
1653857541567621187 202.810676 4.930656 4 0 0.000000
1653857542173613543 201.996484 4.950557 3 0 0.000000
1653857543608234228 286.922879 3.485242 5 0 0.000000
1653857544638382314 206.027866 4.853671 5 0 0.000000
1653857545647903535 201.902325 4.952843 5 0 0.000000
1653857546459726405 202.954776 4.927183 4 0 0.000000
1653857547677310028 608.790029 1.642598 2 0 0.000000
1653857548693513824 203.239683 4.920273 5 0 0.000000
1653857549301634518 202.706023 4.933231 3 0 0.000000
1653857550724727828 284.617670 3.513473 5 0 0.000000
1653857551537643935 203.228090 4.920557 4 0 0.000000
1653857552756854530 304.801093 3.280811 4 0 0.000000
1653857553568172614 202.828459 4.930249 4 0 0.000000
1653857554582111398 202.786312 4.931264 5 0 0.000000
1653857555594176664 202.411490 4.940393 5 0 0.000000
1653857556607131297 202.590019 4.936055 5 0 0.000000
1653857557621047968 202.782369 4.931372 5 0 0.000000
1653857558635302607 202.849786 4.929728 5 0 0.000000
1653857559673833544 346.173171 2.888696 3 0 0.000000
1653857560687230403 337.797129 2.960341 3 0 0.000000
1653857561701342889 202.821239 4.930420 5 0 0.000000
1653857562716029406 202.936005 4.927630 5 0 0.000000
1653857563729591488 202.710533 4.933097 5 0 0.000000
1653857564743646098 202.809347 4.930701 5 0 0.000000
1653857565755757827 202.421055 4.940166 5 0 0.000000
1653857566766846150 202.215689 4.945166 5 0 0.000000
1653857567577270879 202.604494 4.935684 4 0 0.000000
1653857568591514352 202.846765 4.929783 5 0 0.000000
1653857569607191660 203.133720 4.922823 5 0 0.000000
1653857570621484215 202.857475 4.929544 5 0 0.000000
1653857571637241293 338.584717 2.953462 3 0 0.000000
1653857572650572051 337.774782 2.960534 3 0 0.000000
1653857573664924121 202.868751 4.929255 5 0 0.000000
1653857574692506711 205.515153 4.865789 5 0 0.000000
1653857575707440151 338.309667 2.955859 3 0 0.000000
1653857576720908366 202.691036 4.933554 5 0 0.000000
1653857577732792283 202.375511 4.941278 5 0 0.000000
1653857578745686181 202.545225 4.936351 5 0 0.000000
1653857579760556591 202.972848 4.926737 5 0 0.000000
1653857580775198527 202.927409 4.927847 5 0 0.000000
1653857581586801818 202.899460 4.928516 4 0 0.000000
1653857582601454425 202.928598 4.927795 5 0 0.000000
1653857583210190791 202.910803 4.928242 3 0 0.000000
1653857584630204091 284.001277 3.521094 5 0 0.000000
1653857585646817221 203.321312 4.918292 5 0 0.000000
1653857586662314802 203.097819 4.923695 5 0 0.000000
1653857587675521921 202.640396 4.934825 5 0 0.000000
1653857588686055499 202.104840 4.947881 5 0 0.000000
1653857589733216303 209.430726 4.774816 5 0 0.000000
1653857590748314444 203.018298 4.925632 5 0 0.000000
1653857591558454359 202.532451 4.937419 4 0 0.000000
1653857592776039556 304.394188 3.285191 4 0 0.000000
1653857593790065270 202.803838 4.930841 5 0 0.000000
1653857594599917011 202.461705 4.939175 4 0 0.000000
1653857595613156992 202.646409 4.934665 5 0 0.000000
1653857596626488931 202.664991 4.934217 5 0 0.000000
1653857597638829885 202.466836 4.939048 5 0 0.000000
1653857598653941853 203.020480 4.925565 5 0 0.000000
1653857599263302072 609.359026 1.641065 1 0 0.000000
1653857600684283917 284.194293 3.518694 5 0 0.000000
1653857601697381441 202.618423 4.935359 5 0 0.000000
1653857602712307992 202.984297 4.926465 5 0 0.000000
1653857603727814867 203.100225 4.923650 5 0 0.000000
1653857604772224314 348.134175 2.872437 3 0 0.000000
1653857605786043123 202.761966 4.931848 5 0 0.000000
1653857606598508702 203.115334 4.923285 4 0 0.000000
1653857607206392458 202.627051 4.935154 3 0 0.000000
1653857608625820344 283.884154 3.522546 5 0 0.000000
1653857609639111695 202.657198 4.934415 5 0 0.000000
1653857610649111736 336.663377 2.970297 3 0 0.000000
1653857611660624289 337.169820 2.965855 3 0 0.000000
1653857612675652154 203.004419 4.925973 5 0 0.000000
1653857613690439362 202.956236 4.927141 5 0 0.000000
1653857614706550410 338.702664 2.952433 3 0 0.000000
1653857615722003629 203.088967 4.923910 5 0 0.000000
1653857616737587558 203.115758 4.923276 5 0 0.000000
1653857617751584676 202.797532 4.930980 5 0 0.000000
1653857618761596873 202.000941 4.950435 5 0 0.000000
1653857619795812614 517.106919 1.933832 2 0 0.000000
1653857620608382217 203.140747 4.922655 4 0 0.000000
1653857621217093888 202.902585 4.928442 3 0 0.000000
1653857622635426832 283.665485 3.525265 5 0 0.000000
1653857623650521873 203.018033 4.925647 5 0 0.000000
1653857624667480055 203.390534 4.916623 5 0 0.000000
1653857625682086070 202.919981 4.928021 5 0 0.000000
1653857626695973923 202.776116 4.931512 5 0 0.000000
1653857627507684781 202.926515 4.927863 4 0 0.000000
1653857628724299377 304.152177 3.287812 4 0 0.000000
1653857629737915317 202.721781 4.932835 5 0 0.000000
1653857630752538683 202.923569 4.927937 5 0 0.000000
1653857631763836205 337.098112 2.966486 3 0 0.000000
1653857632778805801 202.992961 4.926256 5 0 0.000000
1653857633795095300 338.762258 2.951915 3 0 0.000000
1653857634628439448 208.334940 4.799938 4 0 0.000000
1653857635644270088 203.165236 4.922080 5 0 0.000000
1653857636660589961 203.262440 4.919711 5 0 0.000000
1653857637674602190 202.800833 4.930907 5 0 0.000000
1653857638689615233 203.001432 4.926045 5 0 0.000000
1653857639706134197 203.302516 4.918747 5 0 0.000000
1653857640720783760 202.928827 4.927810 5 0 0.000000
1653857641735683438 202.978539 4.926595 5 0 0.000000
1653857642748566449 202.575253 4.936404 5 0 0.000000
1653857643763958703 203.077537 4.924205 5 0 0.000000
1653857644779212052 203.049133 4.924879 5 0 0.000000
1653857645794271783 203.011034 4.925818 5 0 0.000000
1653857646806044625 337.256485 2.965092 3 0 0.000000
1653857647821491865 203.088334 4.923939 5 0 0.000000
1653857648633966526 203.116907 4.923230 4 0 0.000000
1653857649260586081 208.871853 4.787594 3 0 0.000000
1653857650680602529 284.001332 3.521086 5 0 0.000000
1653857651693906023 202.659669 4.934356 5 0 0.000000
1653857652710226021 203.262754 4.919710 5 0 0.000000
1653857653724581931 338.116413 2.957542 3 0 0.000000
1653857654741906576 203.463515 4.914852 5 0 0.000000
1653857655755122189 202.640861 4.934784 5 0 0.000000
1653857656768588167 202.691639 4.933565 5 0 0.000000
1653857657784460146 203.173372 4.921880 5 0 0.000000
1653857658801267275 203.360346 4.917353 5 0 0.000000
1653857659812589270 337.106463 2.966414 3 0 0.000000
1653857660825729331 202.626792 4.935152 5 0 0.000000
1653857661636842477 202.777166 4.931494 4 0 0.000000
1653857662651208221 202.871606 4.929189 5 0 0.000000
1653857663669065401 339.284818 2.947368 3 0 0.000000
1653857664715755927 348.895353 2.866177 3 0 0.000000
1653857665729497899 337.912191 2.959333 3 0 0.000000
1653857666743371144 337.956359 2.958950 3 0 0.000000
1653857667756524424 202.629171 4.935087 5 0 0.000000
1653857668773213163 203.336766 4.917926 5 0 0.000000
1653857669788435698 203.043465 4.925029 5 0 0.000000
1653857670804016220 203.114794 4.923293 5 0 0.000000
1653857671819832291 203.162310 4.922151 5 0 0.000000
1653857672836694601 203.371201 4.917087 5 0 0.000000
1653857673649581579 203.220136 4.920733 4 0 0.000000
1653857674665970043 203.271445 4.919379 5 0 0.000000
1653857675680890700 202.982957 4.926493 5 0 0.000000
1653857676693161643 202.453165 4.939389 5 0 0.000000
1653857677709005314 203.166881 4.922017 5 0 0.000000
1653857678723904179 202.976970 4.926599 5 0 0.000000
1653857679737853540 202.788267 4.931213 5 0 0.000000
1653857680753277893 203.083969 4.924050 5 0 0.000000
1653857681768314376 203.005890 4.925931 5 0 0.000000
1653857682782219363 202.779847 4.931429 5 0 0.000000
1653857683794589607 202.471955 4.938905 5 0 0.000000
1653857684809907878 203.061687 4.924564 5 0 0.000000
1653857685621757977 202.961701 4.927018 4 0 0.000000
1653857686837824026 304.014614 3.289295 4 0 0.000000
1653857687649701040 202.968324 4.926855 4 0 0.000000
1653857688664304807 202.919259 4.928032 5 0 0.000000
1653857689680236191 203.185365 4.921592 5 0 0.000000
1653857690695261462 203.002708 4.925985 5 0 0.000000
1653857691712300677 203.406198 4.916232 5 0 0.000000
1653857692727484671 203.035586 4.925216 5 0 0.000000
1653857693742899927 203.081793 4.924094 5 0 0.000000
1653857694779110880 207.240838 4.825272 5 0 0.000000
1653857695793852243 202.946990 4.927364 5 0 0.000000
1653857696807178692 202.663925 4.934244 5 0 0.000000
1653857697824316939 203.426752 4.915753 5 0 0.000000
1653857698837160068 202.567670 4.936599 5 0 0.000000
1653857699852518180 203.069567 4.924371 5 0 0.000000
1653857700664711143 203.047374 4.924938 4 0 0.000000
1653857701680791768 203.214618 4.920869 5 0 0.000000
1653857702695816705 203.003969 4.925987 5 0 0.000000
1653857703709817163 202.799018 4.930964 5 0 0.000000
1653857704728425302 203.720281 4.908659 5 0 0.000000
1653857705744147267 203.142944 4.922607 5 0 0.000000
1653857706759592365 203.088002 4.923949 5 0 0.000000
1653857707773434309 337.945986 2.959041 3 0 0.000000
1653857708787878605 202.887831 4.928807 5 0 0.000000
1653857709811437451 204.710340 4.884917 5 0 0.000000
1653857710826049660 338.202951 2.956795 3 0 0.000000
1653857711840970802 202.982493 4.926491 5 0 0.000000
1653857712856712367 203.146664 4.922512 5 0 0.000000
1653857713466645334 203.310107 4.918573 3 0 0.000000
1653857714686698585 305.009666 3.278545 4 0 0.000000
1653857715700010802 202.660902 4.934313 5 0 0.000000
1653857716713897492 337.960894 2.958911 3 0 0.000000
1653857717728114935 202.842234 4.929909 5 0 0.000000
1653857718740313814 337.398585 2.963844 3 0 0.000000
1653857719755812579 203.098711 4.923689 5 0 0.000000
1653857720772161785 203.268607 4.919569 5 0 0.000000
1653857721787121256 202.990476 4.926305 5 0 0.000000
1653857722802946204 203.163860 4.922108 5 0 0.000000
1653857723410738116 202.595217 4.935900 3 0 0.000000
1653857724864311096 290.712710 3.439800 5 0 0.000000
1653857725678374058 203.514546 4.913625 4 0 0.000000
1653857726692911998 202.906652 4.928352 5 0 0.000000
1653857727301153559 202.745714 4.932250 3 0 0.000000
1653857728723479947 284.463544 3.515368 5 0 0.000000
1653857729740436837 203.390292 4.916629 5 0 0.000000
1653857730772889960 344.149351 2.905701 3 0 0.000000
1653857731789546283 203.329792 4.918083 5 0 0.000000
1653857732602191452 203.160270 4.922198 4 0 0.000000
1653857733821051842 304.713445 3.281754 4 0 0.000000
1653857734869286244 209.645103 4.769926 5 0 0.000000
1653857735680315123 202.755489 4.932007 4 0 0.000000
1653857736697222520 203.380365 4.916869 5 0 0.000000
1653857737711174092 202.788814 4.931202 5 0 0.000000
1653857738725077048 202.779597 4.931438 5 0 0.000000
1653857739738759554 202.734105 4.932511 5 0 0.000000
1653857740753867068 203.020264 4.925587 5 0 0.000000
1653857741767436971 202.712506 4.933059 5 0 0.000000
1653857742782315804 202.974676 4.926697 5 0 0.000000
1653857743797577710 338.418942 2.954903 3 0 0.000000
1653857744813562748 203.195380 4.921332 5 0 0.000000
1653857745830560860 203.398047 4.916430 5 0 0.000000
1653857746845036714 202.894069 4.928654 5 0 0.000000
1653857747860283700 203.048277 4.924910 5 0 0.000000
1653857748876479660 203.238270 4.920311 5 0 0.000000
1653857749689578500 203.273610 4.919451 4 0 0.000000
1653857750299676785 203.364603 4.917241 3 0 0.000000
1653857751719858000 473.392513 2.112406 3 0 0.000000
1653857752734688326 202.964606 4.926932 5 0 0.000000
1653857753747215194 337.507830 2.962884 3 0 0.000000
1653857754760057218 337.612231 2.961962 3 0 0.000000
1653857755773822760 202.752024 4.932107 5 0 0.000000
1653857756788593953 202.953188 4.927219 5 0 0.000000
1653857757804163488 203.112362 4.923346 5 0 0.000000
1653857758817761368 202.717433 4.932923 5 0 0.000000
1653857759831204733 202.686541 4.933675 5 0 0.000000
1653857760848212089 203.400211 4.916385 5 0 0.000000
1653857761863449760 203.046162 4.924955 5 0 0.000000
1653857762878569064 203.022634 4.925529 5 0 0.000000
1653857763892853665 202.855336 4.929583 5 0 0.000000
1653857764714763022 205.476037 4.866717 4 0 0.000000
1653857765729228522 507.231899 1.971482 2 0 0.000000
1653857766744072108 202.967303 4.926868 5 0 0.000000
1653857767760770699 203.338454 4.917878 5 0 0.000000
1653857768777432145 203.330888 4.918058 5 0 0.000000
1653857769792253963 202.963089 4.926973 5 0 0.000000
1653857770808491954 203.246654 4.920107 5 0 0.000000
1653857771822572601 338.025887 2.958345 3 0 0.000000
1653857772431872317 203.098422 4.923685 3 0 0.000000
1653857773849774601 283.579179 3.526336 5 0 0.000000
1653857774865663997 203.176851 4.921796 5 0 0.000000
1653857775880886025 203.042845 4.925031 5 0 0.000000
1653857776895041267 202.830149 4.930212 5 0 0.000000
1653857777707442930 203.099416 4.923673 4 0 0.000000
1653857778724521067 203.414333 4.916043 5 0 0.000000
1653857779745001472 204.094921 4.899653 5 0 0.000000
1653857780761944205 203.387575 4.916698 5 0 0.000000
1653857780964685629 202.740542 4.932391 1 0 0.000000
1653857782795275485 366.116693 2.731360 5 0 0.000000
1653857783405824942 203.515223 4.913607 3 0 0.000000
1653857784419925975 338.032369 2.958285 3 0 0.000000
1653857785840100759 284.033642 3.520693 5 0 0.000000
1653857786857124334 203.403360 4.916307 5 0 0.000000
1653857787871844952 202.939469 4.927465 5 0 0.000000
1653857788888312273 203.292569 4.918997 5 0 0.000000
1653857789697837592 202.380255 4.941167 4 0 0.000000
1653857790713818201 338.658252 2.952812 3 0 0.000000
1653857791731354504 203.506261 4.913830 5 0 0.000000
1653857792747462382 203.220514 4.920737 5 0 0.000000
1653857793759895470 202.485606 4.938598 5 0 0.000000
1653857794788057465 205.630826 4.863047 5 0 0.000000
1653857795398425286 203.454805 4.915069 3 0 0.000000
1653857796411664595 337.745194 2.960801 3 0 0.000000
1653857797830250168 283.716145 3.524638 5 0 0.000000
1653857798842968388 202.541418 4.937208 5 0 0.000000
1653857799858964623 203.197702 4.921278 5 0 0.000000
1653857800876873371 203.579989 4.912032 5 0 0.000000
1653857801892444650 203.113173 4.923337 5 0 0.000000
1653857802907042377 202.918275 4.928061 5 0 0.000000
1653857803718374114 202.831471 4.930166 4 0 0.000000
1653857804123906390 202.765252 4.931790 2 0 0.000000
1653857805379590871 627.840287 1.592757 2 0 0.000000
1653857806794863591 707.635258 1.413155 2 0 0.000000
1653857807809256963 202.877456 4.929054 5 0 0.000000
1653857808822285951 337.675144 2.961416 3 0 0.000000
1653857809836896681 338.202141 2.956799 3 0 0.000000
1653857810868508524 206.321048 4.846784 5 0 0.000000
1653857811882264873 202.750032 4.932152 5 0 0.000000
1653857812897734351 203.092623 4.923831 5 0 0.000000
1653857813912335997 202.919093 4.928042 5 0 0.000000
1653857814724673131 203.083386 4.924064 4 0 0.000000
1653857815738127987 202.689146 4.933619 5 0 0.000000
1653857816754413039 203.255860 4.919879 5 0 0.000000
1653857817770182990 203.153082 4.922374 5 0 0.000000
1653857818785944310 203.151370 4.922416 5 0 0.000000
1653857819624886561 209.734526 4.767909 4 0 0.000000
1653857820841408776 304.128845 3.288062 4 0 0.000000
1653857821857690920 203.255509 4.919894 5 0 0.000000
1653857822873187005 338.497306 2.954221 3 0 0.000000
1653857823890261638 203.413424 4.916060 5 0 0.000000
1653857824904591928 202.864725 4.929361 5 0 0.000000
1653857825919080661 202.896218 4.928591 5 0 0.000000
1653857826728349527 202.315621 4.942733 4 0 0.000000
1653857827743645978 203.056877 4.924670 5 0 0.000000
1653857828759738046 203.217498 4.920814 5 0 0.000000
1653857829811367493 210.324992 4.754526 5 0 0.000000
1653857830827880172 203.301438 4.918778 5 0 0.000000
1653857831844581321 338.899485 2.950720 3 0 0.000000
1653857832860234350 203.128668 4.922941 5 0 0.000000
1653857833875492454 203.050625 4.924856 5 0 0.000000
1653857834891638980 338.714476 2.952330 3 0 0.000000
1653857835906264368 202.923525 4.927927 5 0 0.000000
1653857836920228903 337.986883 2.958683 3 0 0.000000
1653857837934728938 202.898538 4.928536 5 0 0.000000
1653857838748223393 203.372787 4.917059 4 0 0.000000
1653857839763600756 203.073789 4.924278 5 0 0.000000
1653857840778325482 202.943615 4.927445 5 0 0.000000
1653857841795461748 203.426213 4.915762 5 0 0.000000
1653857842812194662 203.345575 4.917712 5 0 0.000000
1653857843829144771 203.388968 4.916662 5 0 0.000000
1653857844854723082 205.113989 4.875298 5 0 0.000000
1653857845871027571 203.259918 4.919785 5 0 0.000000
1653857846480722991 203.230858 4.920490 3 0 0.000000
1653857847902616405 284.377715 3.516438 5 0 0.000000
1653857848918551490 203.186097 4.921574 5 0 0.000000
1653857849934919413 338.788139 2.951687 3 0 0.000000
1653857850745960157 202.759154 4.931935 4 0 0.000000
1653857851353537392 202.523798 4.937644 3 0 0.000000
1653857852780309913 475.589548 2.102648 3 0 0.000000
1653857853794102830 202.757564 4.931974 5 0 0.000000
1653857854835076335 346.988824 2.881918 3 0 0.000000
1653857855852429684 203.469488 4.914713 5 0 0.000000
1653857856866734801 338.100356 2.957690 3 0 0.000000
1653857857883772030 203.406510 4.916241 5 0 0.000000
1653857858900845233 203.413543 4.916067 5 0 0.000000
1653857859912831739 202.396047 4.940777 5 0 0.000000
1653857860928207410 203.073722 4.924286 5 0 0.000000
1653857861945417849 203.441078 4.915404 5 0 0.000000
1653857862757940418 203.129681 4.922940 4 0 0.000000
1653857863773809163 203.172517 4.921896 5 0 0.000000
1653857864787645643 202.765783 4.931762 5 0 0.000000
1653857865805305411 203.530920 4.913233 5 0 0.000000
1653857866822165445 338.951839 2.950259 3 0 0.000000
1653857867833361811 337.064303 2.966783 3 0 0.000000
1653857868850520187 203.430529 4.915655 5 0 0.000000
1653857869890809141 208.056449 4.806357 5 0 0.000000
1653857870908150825 339.112632 2.948862 3 0 0.000000
1653857871923370624 203.042345 4.925042 5 0 0.000000
1653857872938758264 203.076053 4.924228 5 0 0.000000
1653857873954313756 203.110054 4.923414 5 0 0.000000
1653857874767432119 203.278672 4.919333 4 0 0.000000
1653857875580641150 203.301401 4.918785 4 0 0.000000
1653857876798083104 304.358770 3.285578 4 0 0.000000
1653857877815119802 203.406328 4.916243 5 0 0.000000
1653857878627586512 203.115758 4.923279 4 0 0.000000
1653857879845663534 304.517465 3.283865 4 0 0.000000
1653857880861778983 203.221503 4.920701 5 0 0.000000
1653857881673462697 202.919438 4.928028 4 0 0.000000
1653857882488161523 407.347535 2.454895 2 0 0.000000
1653857883908096393 283.984652 3.521288 5 0 0.000000
1653857884945042975 207.388046 4.821849 5 0 0.000000
1653857885759284726 203.558997 4.912546 4 0 0.000000
1653857886775814812 203.304985 4.918694 5 0 0.000000
1653857887793165034 203.468720 4.914728 5 0 0.000000
1653857888808768437 203.119182 4.923182 5 0 0.000000
1653857889824743753 203.193146 4.921379 5 0 0.000000
1653857890840328744 338.527014 2.953962 3 0 0.000000
1653857891856087267 203.150791 4.922430 5 0 0.000000
1653857892870951840 338.287162 2.956059 3 0 0.000000
1653857893886447624 203.098191 4.923703 5 0 0.000000
1653857894935696971 209.848641 4.765311 5 0 0.000000
1653857895948686156 337.661275 2.961532 3 0 0.000000
1653857896965330495 203.327331 4.918141 5 0 0.000000
1653857897777660790 203.081615 4.924105 4 0 0.000000
1653857898591325784 203.415317 4.916028 4 0 0.000000
1653857899401486219 405.078304 2.468647 2 0 0.000000
1653857900833336996 286.368556 3.491984 5 0 0.000000
1653857901848495767 203.030367 4.925338 5 0 0.000000
1653857902862627934 202.825271 4.930324 5 0 0.000000
1653857903878912085 338.760502 2.951930 3 0 0.000000
1653857904895029576 338.704468 2.952414 3 0 0.000000
1653857905909935308 202.889208 4.926566 5 0 0.000000
1653857906927078463 203.426976 4.915729 5 0 0.000000
1653857907942489291 338.469310 2.954469 3 0 0.000000
1653857908956770113 202.854677 4.929601 5 0 0.000000
1653857909972698480 203.184546 4.921607 5 0 0.000000
1653857910785886394 203.295651 4.918912 4 0 0.000000
1653857911801476788 338.528465 2.953947 3 0 0.000000
1653857912818314406 203.366103 4.917206 5 0 0.000000
1653857913834097640 203.155435 4.922310 5 0 0.000000
1653857914856963058 340.953479 2.932937 3 0 0.000000
1653857915872785405 203.162566 4.922121 5 0 0.000000
1653857916889411043 203.324056 4.918231 5 0 0.000000
1653857917905811152 203.278844 4.919323 5 0 0.000000
1653857918921630907 203.162550 4.922133 5 0 0.000000
1653857919937745570 203.221544 4.920705 5 0 0.000000
1653857920950841833 202.618235 4.935365 5 0 0.000000
1653857921964794899 202.789605 4.931195 5 0 0.000000
1653857922980234929 203.086595 4.923974 5 0 0.000000
1653857923793937702 203.424431 4.915800 4 0 0.000000
1653857924843658509 349.905433 2.857903 3 0 0.000000
1653857925860192878 203.305609 4.918673 5 0 0.000000
1653857926877179009 203.395775 4.916488 5 0 0.000000
1653857927891806850 202.923879 4.927915 5 0 0.000000
1653857928906032661 202.843846 4.929869 5 0 0.000000
1653857929921674854 203.126623 4.922994 5 0 0.000000
1653857930532188107 203.502955 4.913898 3 0 0.000000
1653857931955373836 284.635332 3.513245 5 0 0.000000
1653857932970970017 203.118176 4.923217 5 0 0.000000
1653857933986087725 203.022660 4.925537 5 0 0.000000
1653857934799802916 203.426579 4.915725 4 0 0.000000
1653857935815853796 203.208769 4.921013 5 0 0.000000
1653857936833264382 203.480953 4.914437 5 0 0.000000
1653857937847276105 202.801325 4.930909 5 0 0.000000
1653857938456817862 203.178832 4.921730 3 0 0.000000
1653857939889559474 286.547189 3.489813 5 0 0.000000
1653857940904105655 202.907495 4.928312 5 0 0.000000
1653857941918829584 202.943706 4.927449 5 0 0.000000
1653857942934819755 203.196724 4.921307 5 0 0.000000
1653857943951924080 203.419529 4.915917 5 0 0.000000
1653857944967009093 203.015800 4.925696 5 0 0.000000
1653857945983642155 203.325412 4.918195 5 0 0.000000
1653857946795879324 203.057604 4.924670 4 0 0.000000
1653857947812553714 203.333792 4.917995 5 0 0.000000
1653857948827021689 202.890764 4.928692 5 0 0.000000
1653857949843318302 203.257521 4.919824 5 0 0.000000
1653857950860214343 203.377609 4.916923 5 0 0.000000
1653857951877532502 203.462728 4.914883 5 0 0.000000
1653857952893605140 203.213550 4.920908 5 0 0.000000
1653857953908566686 202.991105 4.926295 5 0 0.000000
1653857954942379891 206.761541 4.836464 5 0 0.000000
1653857955958388203 203.199805 4.921219 5 0 0.000000
1653857956976481112 339.362967 2.946685 3 0 0.000000
1653857957584389538 202.634739 4.934956 3 0 0.000000
1653857958799708152 607.657659 1.645659 2 0 0.000000
1653857959816811741 339.032533 2.949552 3 0 0.000000
1653857960833882263 203.412504 4.916080 5 0 0.000000
1653857961851019496 203.425603 4.915758 5 0 0.000000
1653857962868178555 203.430700 4.915652 5 0 0.000000
1653857963885046995 203.372295 4.917057 5 0 0.000000
1653857964931475742 209.284589 4.778156 5 0 0.000000
1653857965947728176 203.249018 4.920038 5 0 0.000000
1653857966962754385 203.004294 4.925981 5 0 0.000000
1653857967980175993 203.482979 4.914384 5 0 0.000000
1653857968993136707 337.652039 2.961615 3 0 0.000000
1653857969807129365 203.496839 4.914049 4 0 0.000000
1653857970821292107 202.830709 4.930175 5 0 0.000000
1653857971838157805 203.372142 4.917070 5 0 0.000000
1653857972855040081 338.959874 2.950194 3 0 0.000000
1653857973872504343 203.490999 4.914178 5 0 0.000000
1653857974888866814 203.271145 4.919505 5 0 0.000000
1653857975906338601 203.493173 4.914141 5 0 0.000000
1653857976921995609 203.130035 4.922922 5 0 0.000000
1653857977938945890 338.982181 2.949997 3 0 0.000000
1653857978956172314 203.444207 4.915327 5 0 0.000000
1653857979990128843 206.790055 4.835793 5 0 0.000000
1653857980601109963 203.659031 4.910135 3 0 0.000000
1653857981820480667 304.841611 3.280381 4 0 0.000000
1653857982837962124 203.495011 4.914094 5 0 0.000000
1653857983854873536 203.381222 4.916849 5 0 0.000000
1653857984871410602 203.306289 4.918660 5 0 0.000000
1653857985481602369 203.396294 4.916487 3 0 0.000000
1653857986901494831 283.977212 3.521393 5 0 0.000000
1653857987918565436 203.412504 4.916080 5 0 0.000000
1653857988935767512 203.439273 4.915444 5 0 0.000000
1653857989976660052 208.177103 4.803570 5 0 0.000000
1653857990790432074 203.441778 4.915382 4 0 0.000000
1653857992010580988 305.035776 3.278288 4 0 0.000000
1653857992823411386 203.206332 4.921076 4 0 0.000000
1653857993839600202 203.236186 4.920345 5 0 0.000000
1653857994856274364 203.333209 4.917997 5 0 0.000000
1653857995871358980 203.015467 4.925698 5 0 0.000000
1653857996887377323 203.202623 4.921171 5 0 0.000000
1653857997902689267 203.060882 4.924595 5 0 0.000000
1653857998918861361 203.233513 4.920426 5 0 0.000000
1653857999934349688 203.096808 4.923740 5 0 0.000000
1653858000951460786 203.420745 4.915884 5 0 0.000000
1653858001764966353 203.375084 4.916992 4 0 0.000000
1653858002980555610 303.896312 3.290585 4 0 0.000000
1653858003996625522 203.211546 4.920921 5 0 0.000000
1653858005022453087 205.164399 4.874114 5 0 0.000000
1653858006027149043 0.000000 0.000000 0 0 0.000000
1653858006852590757 366.025200 6.057363 5 0 0.000000
1653858007869565612 203.393417 4.916542 5 0 0.000000
1653858008885468603 203.178689 4.921730 5 0 0.000000
1653858010030001129 0.000000 0.000000 0 0 0.000000
1653858010916602611 406.225201 5.639512 5 0 0.000000
1653858011931164744 202.911367 4.928234 5 0 0.000000
1653858012946335846 203.033185 4.925278 5 0 0.000000
1653858013964226637 203.577040 4.912118 5 0 0.000000
1653858015015145256 210.181810 4.757742 5 0 0.000000
1653858016031716543 203.312642 4.918494 5 0 0.000000
1653858016843906335 203.046000 4.924957 4 0 0.000000
1653858017861123417 203.442531 4.915372 5 0 0.000000
1653858018875112380 337.994548 2.958612 3 0 0.000000
1653858019893528764 203.676578 4.909583 5 0 0.000000
1653858020909062546 203.105580 4.923519 5 0 0.000000
1653858021924889145 203.164013 4.922100 5 0 0.000000
1653858022942744436 203.569634 4.912290 5 0 0.000000
1653858023959562607 203.362442 4.917299 5 0 0.000000
1653858024976858030 203.457918 4.914994 5 0 0.000000
1653858025991015443 202.830102 4.930201 5 0 0.000000
1653858027007157885 203.227286 4.920570 5 0 0.000000
1653858028022595994 203.086488 4.923983 5 0 0.000000
1653858028632406927 203.269159 4.919558 3 0 0.000000
1653858029877220489 311.201762 3.213333 4 0 0.000000
