1653857214125626457 277.731316 3.600020 3 0 0.000000
1653857215145729817 204.018870 4.901464 5 0 0.000000
1653857215350502041 204.768938 4.883475 1 0 0.000000
1653857217179819727 365.861165 2.733260 5 0 0.000000
1653857218195468830 338.546776 2.953776 3 0 0.000000
1653857219247029796 210.310801 4.754836 5 0 0.000000
1653857220262797751 203.151589 4.922384 5 0 0.000000
1653857221278764750 203.191641 4.921420 5 0 0.000000
1653857222089589670 202.704377 4.933248 4 0 0.000000
1653857223102284502 337.563207 2.962393 3 0 0.000000
1653857224116766080 202.894971 4.928626 5 0 0.000000
1653857225128586920 202.361866 4.941586 5 0 0.000000
1653857225737456979 202.954095 4.927160 3 0 0.000000
1653857227156790598 283.864806 3.522780 5 0 0.000000
1653857228169353370 202.510232 4.937965 5 0 0.000000
1653857229181411474 202.408948 4.940428 5 0 0.000000
1653857229789439521 202.674823 4.933983 3 0 0.000000
1653857231205874524 283.285306 3.529989 5 0 0.000000
1653857232016528150 202.661994 4.934290 4 0 0.000000
1653857232828412889 405.940460 2.463404 2 0 0.000000
1653857234263653483 287.046473 3.483736 5 0 0.000000
1653857235276232774 202.514812 4.937885 5 0 0.000000
1653857236288820892 337.528214 2.962705 3 0 0.000000
1653857237300903149 202.414484 4.940310 5 0 0.000000
1653857238109486225 202.143888 4.946925 4 0 0.000000
1653857239121827087 202.466565 4.939048 5 0 0.000000
1653857240132667923 202.166320 4.946377 5 0 0.000000
1653857241142864166 202.037716 4.949533 5 0 0.000000
1653857242156211578 202.667763 4.934142 5 0 0.000000
1653857243168735814 202.503585 4.938153 5 0 0.000000
1653857244180016133 202.254413 4.944228 5 0 0.000000
1653857245192092487 202.413648 4.940339 5 0 0.000000
1653857246204509962 202.482104 4.938674 5 0 0.000000
1653857247215598199 202.215049 4.945167 5 0 0.000000
1653857248227984494 202.475229 4.938826 5 0 0.000000
1653857248869691907 213.900357 4.675027 3 0 0.000000
1653857250284398385 282.939536 3.534302 5 0 0.000000
1653857251298461048 202.810517 4.930662 5 0 0.000000
1653857252310131748 202.332581 4.942320 5 0 0.000000
1653857253120285982 202.536975 4.937332 4 0 0.000000
1653857254133877710 202.716318 4.932953 5 0 0.000000
1653857255147206262 337.773679 2.960540 3 0 0.000000
1653857256160636115 202.683698 4.933741 5 0 0.000000
1653857257173867415 202.644406 4.934707 5 0 0.000000
1653857258187325762 202.689599 4.933602 5 0 0.000000
1653857259197902174 202.112575 4.947671 5 0 0.000000
1653857260208928712 202.203687 4.945469 5 0 0.000000
1653857261220250585 202.263034 4.944024 5 0 0.000000
1653857261825771857 201.839489 4.954409 3 0 0.000000
1653857263242620814 283.368629 3.528958 5 0 0.000000
1653857264290501133 209.574605 4.771537 5 0 0.000000
1653857265302219229 202.342683 4.942088 5 0 0.000000
1653857266314390455 202.431937 4.939876 5 0 0.000000
1653857267122803215 202.102318 4.947967 4 0 0.000000
1653857268131405337 201.718595 4.957356 5 0 0.000000
1653857269141244392 201.966388 4.951284 5 0 0.000000
1653857270151774856 202.104436 4.947896 5 0 0.000000
1653857271161149808 201.873506 4.953561 5 0 0.000000
1653857272172486896 202.266357 4.943950 5 0 0.000000
1653857273183022238 202.106040 4.947872 5 0 0.000000
1653857274195199003 202.433554 4.939849 5 0 0.000000
1653857275205746447 202.108479 4.947813 5 0 0.000000
1653857276217199281 202.288864 4.943384 5 0 0.000000
1653857277231531594 338.109057 2.957611 3 0 0.000000
1653857278242554891 202.203523 4.945484 5 0 0.000000
1653857279051083726 202.130561 4.947257 4 0 0.000000
1653857280266434006 303.835541 3.291232 4 0 0.000000
1653857281279626958 202.637118 4.934894 5 0 0.000000
1653857282290094931 202.092012 4.948202 5 0 0.000000
1653857283300507560 202.080736 4.948474 5 0 0.000000
1653857284140710257 210.049422 4.760756 4 0 0.000000
1653857285153177505 202.492207 4.938431 5 0 0.000000
1653857285962475663 202.323290 4.942554 4 0 0.000000
1653857286977017076 338.179025 2.957001 3 0 0.000000
1653857288193411405 304.097002 3.288407 4 0 0.000000
1653857289205798121 337.460034 2.963294 3 0 0.000000
1653857290215413350 201.921932 4.952382 5 0 0.000000
1653857291230841528 338.475131 2.954419 3 0 0.000000
1653857292242254654 202.281337 4.943578 5 0 0.000000
1653857293253068704 202.161191 4.946508 5 0 0.000000
1653857294262753143 201.935533 4.952042 5 0 0.000000
1653857295273095326 202.066908 4.948818 5 0 0.000000
1653857296285011636 202.382186 4.941120 5 0 0.000000
1653857296891716116 202.233561 4.944747 3 0 0.000000
1653857298103391258 403.889590 2.475911 3 0 0.000000
1653857299316432286 303.258025 3.297498 4 0 0.000000
1653857300328933904 202.498490 4.938264 5 0 0.000000
1653857301338797718 201.971033 4.951163 5 0 0.000000
1653857302147608238 202.201207 4.945534 4 0 0.000000
1653857303161283971 202.733790 4.932544 5 0 0.000000
1653857304197745051 207.290607 4.824108 5 0 0.000000
1653857305206545948 201.758875 4.956379 5 0 0.000000
1653857306219569756 202.603706 4.935718 5 0 0.000000
1653857307230423979 202.169045 4.946312 5 0 0.000000
1653857307837384137 202.318406 4.942664 3 0 0.000000
1653857309255932310 283.707262 3.524731 5 0 0.000000
1653857310266627264 202.137811 4.947091 5 0 0.000000
1653857311279398176 202.552741 4.936951 5 0 0.000000
1653857312291116670 202.342459 4.942086 5 0 0.000000
1653857313301718718 202.119269 4.947546 5 0 0.000000
1653857314312216921 202.097945 4.948054 5 0 0.000000
1653857315322710294 202.096428 4.948078 5 0 0.000000
1653857316333752768 202.207004 4.945391 5 0 0.000000
1653857317344723658 202.192827 4.945741 5 0 0.000000
1653857317952450415 202.574433 4.936428 3 0 0.000000
1653857319202312016 624.928361 1.600177 2 0 0.000000
1653857320213317700 202.199492 4.945571 5 0 0.000000
1653857321224501449 202.235391 4.944700 5 0 0.000000
1653857322234873032 336.789248 2.969205 3 0 0.000000
1653857323246859658 202.395987 4.940777 5 0 0.000000
1653857324259660343 202.557851 4.936806 5 0 0.000000
1653857325271688607 202.404569 4.940573 5 0 0.000000
1653857326281553628 201.971930 4.951157 5 0 0.000000
1653857327292764717 202.241328 4.944566 5 0 0.000000
1653857327899948262 202.365223 4.940845 3 0 0.000000
1653857329311260028 470.434276 2.125682 3 0 0.000000
1653857330323926499 202.531683 4.937460 5 0 0.000000
1653857331336554879 337.541387 2.962587 3 0 0.000000
1653857332347950714 202.278219 4.943663 5 0 0.000000
1653857333156861437 202.226734 4.944922 4 0 0.000000
1653857333763936478 202.357338 4.941728 3 0 0.000000
1653857335181664393 283.543415 3.526770 5 0 0.000000
1653857336191854292 202.036535 4.949564 5 0 0.000000
1653857337201601048 201.947438 4.951737 5 0 0.000000
1653857338216694187 338.362580 2.955394 3 0 0.000000
1653857339232775220 338.692469 2.952520 3 0 0.000000
1653857339840477668 202.565970 4.936628 3 0 0.000000
1653857340850902387 336.806460 2.969048 3 0 0.000000
1653857342267030466 283.223614 3.530754 5 0 0.000000
1653857343279369179 337.444635 2.963435 3 0 0.000000
1653857344311444784 206.413588 4.844607 5 0 0.000000
1653857345322613840 202.231747 4.944772 5 0 0.000000
1653857346333610372 202.197583 4.945615 5 0 0.000000
1653857347345022835 202.281130 4.943582 5 0 0.000000
1653857348357110215 202.416312 4.940285 5 0 0.000000
1653857349167635068 202.629753 4.935074 4 0 0.000000
1653857350179445487 202.360838 4.941637 5 0 0.000000
1653857351189289233 201.966752 4.951261 5 0 0.000000
1653857351998707697 202.353742 4.941820 4 0 0.000000
1653857353217454197 609.371842 1.641030 2 0 0.000000
1653857354230113080 202.530598 4.937497 5 0 0.000000
1653857355244769427 338.217139 2.956666 3 0 0.000000
1653857356052568394 201.948507 4.951727 4 0 0.000000
1653857357264744086 404.057272 2.474889 3 0 0.000000
1653857358274622390 201.974144 4.951091 5 0 0.000000
1653857359310096999 207.092632 4.828704 5 0 0.000000
1653857360321887341 202.356706 4.941735 5 0 0.000000
1653857361333081158 202.237188 4.944650 5 0 0.000000
1653857362344534911 202.289605 4.943380 5 0 0.000000
1653857363357579681 202.607576 4.935616 5 0 0.000000
1653857364368504223 202.183340 4.945968 5 0 0.000000
1653857365177443019 202.233006 4.944750 4 0 0.000000
1653857366190393703 202.589065 4.936074 5 0 0.000000
1653857367203016829 337.539729 2.962603 3 0 0.000000
1653857367809682246 202.220617 4.945065 3 0 0.000000
1653857369222426495 282.546926 3.539211 5 0 0.000000
1653857370234600357 202.433320 4.939863 5 0 0.000000
1653857371244547954 201.988209 4.950752 5 0 0.000000
1653857372256722382 202.433417 4.939860 5 0 0.000000
1653857373268095901 202.273479 4.943772 5 0 0.000000
1653857374313764130 209.132101 4.781631 5 0 0.000000
1653857375122363424 202.148003 4.946826 4 0 0.000000
1653857376337852355 303.869956 3.290857 4 0 0.000000
1653857377348683675 202.164629 4.946424 5 0 0.000000
1653857378359216812 202.105698 4.947883 5 0 0.000000
1653857379377653526 203.685712 4.909485 5 0 0.000000
1653857380387075720 201.883042 4.953329 5 0 0.000000
1653857381196195008 202.278672 4.943647 4 0 0.000000
1653857382209163621 202.591982 4.935987 5 0 0.000000
1653857383220605471 202.287374 4.943438 5 0 0.000000
1653857384233559851 202.589501 4.936056 5 0 0.000000
1653857385244531172 336.988927 2.967443 3 0 0.000000
1653857386255946164 337.137379 2.966142 3 0 0.000000
1653857387269570574 202.723197 4.932794 5 0 0.000000
1653857388280356459 202.155824 4.946646 5 0 0.000000
1653857389290978873 202.122423 4.947446 5 0 0.000000
1653857390302974364 202.397389 4.940733 5 0 0.000000
1653857391315162856 202.436126 4.939791 5 0 0.000000
1653857392327953286 202.555890 4.936856 5 0 0.000000
1653857393340249505 202.457715 4.939266 5 0 0.000000
1653857394376361550 345.369510 2.895439 3 0 0.000000
1653857395387271619 336.968189 2.967623 3 0 0.000000
1653857396197314961 202.509308 4.938007 4 0 0.000000
1653857397208332026 202.201902 4.945515 5 0 0.000000
1653857398220363825 202.405328 4.940556 5 0 0.000000
1653857399234511437 202.828054 4.930249 5 0 0.000000
1653857400247551996 202.606176 4.935636 5 0 0.000000
1653857401260300454 337.581881 2.962236 3 0 0.000000
1653857402273106958 202.560040 4.936777 5 0 0.000000
1653857402881487010 202.792456 4.931128 3 0 0.000000
1653857404301777394 284.056233 3.520407 5 0 0.000000
1653857404909200745 202.473098 4.938895 3 0 0.000000
1653857406329620014 473.471437 2.112052 3 0 0.000000
1653857407341553044 337.309360 2.964623 3 0 0.000000
1653857408353510708 202.389820 4.940918 5 0 0.000000
1653857409378842388 205.064679 4.876471 5 0 0.000000
1653857410394846199 203.199299 4.921241 5 0 0.000000
1653857411205433033 202.645789 4.934696 4 0 0.000000
1653857412218848406 202.681410 4.933811 5 0 0.000000
1653857412825978423 202.375694 4.941281 3 0 0.000000
1653857414243937523 472.651798 2.115717 3 0 0.000000
1653857415255177461 337.078467 2.966655 3 0 0.000000
1653857415861381014 202.065236 4.948833 3 0 0.000000
1653857417277109110 283.144193 3.531752 5 0 0.000000
1653857418292666764 338.517719 2.954042 3 0 0.000000
1653857419103456874 202.696621 4.933459 4 0 0.000000
1653857420322706223 304.811025 3.280707 4 0 0.000000
1653857421333838624 202.224950 4.944951 5 0 0.000000
1653857422344619593 202.154576 4.946670 5 0 0.000000
1653857423357102227 202.495060 4.938356 5 0 0.000000
1653857424397806014 208.139790 4.804441 5 0 0.000000
1653857425411200817 337.794968 2.960347 3 0 0.000000
1653857426221801988 202.649226 4.934609 4 0 0.000000
1653857427237113217 203.061192 4.924598 5 0 0.000000
1653857428248002225 202.176792 4.946141 5 0 0.000000
1653857429260232882 202.445137 4.939585 5 0 0.000000
1653857430271464680 202.244422 4.944465 5 0 0.000000
1653857431282284060 202.162882 4.946482 5 0 0.000000
1653857432292557222 202.052841 4.949156 5 0 0.000000
1653857433306679564 338.039515 2.958223 3 0 0.000000
1653857434318753174 202.413137 4.940352 5 0 0.000000
1653857435351178230 206.483282 4.842966 5 0 0.000000
1653857436361130720 201.986833 4.950728 5 0 0.000000
1653857436968437607 202.433889 4.939842 3 0 0.000000
1653857438387288212 283.768694 3.523979 5 0 0.000000
1653857439401048399 202.751098 4.932133 5 0 0.000000
1653857440414497950 202.688528 4.933645 5 0 0.000000
1653857441225681528 202.794870 4.931066 4 0 0.000000
1653857442241126034 338.480400 2.954371 3 0 0.000000
1653857443255041436 202.781661 4.931379 5 0 0.000000
1653857444272331354 203.456820 4.915020 5 0 0.000000
1653857445082644190 405.154489 2.468183 2 0 0.000000
1653857445890998164 404.175259 2.474164 2 0 0.000000
1653857447306731074 353.924552 2.825392 4 0 0.000000
1653857448322179454 203.088618 4.923933 5 0 0.000000
1653857449335331307 202.628712 4.935094 5 0 0.000000
1653857450347716257 202.475227 4.938833 5 0 0.000000
1653857451362929178 203.041526 4.925075 5 0 0.000000
1653857452379019776 203.216501 4.920821 5 0 0.000000
1653857453392413736 202.677636 4.933915 5 0 0.000000
1653857454405071550 202.530349 4.937502 5 0 0.000000
1653857455420995949 338.639746 2.952976 3 0 0.000000
1653857456232204379 202.800532 4.930915 4 0 0.000000
1653857457244126745 202.383425 4.941090 5 0 0.000000
1653857458255231584 337.032451 2.967051 3 0 0.000000
1653857459299728549 208.898197 4.786993 5 0 0.000000
1653857460311317042 202.316598 4.942721 5 0 0.000000
1653857461323906222 202.516558 4.937837 5 0 0.000000
1653857462339589064 203.135244 4.922797 5 0 0.000000
1653857463148984506 202.347713 4.941960 4 0 0.000000
1653857464362568033 303.394564 3.296024 4 0 0.000000
1653857465372133525 201.910628 4.952626 5 0 0.000000
1653857466384010748 202.374509 4.941311 5 0 0.000000
1653857467395135185 202.223520 4.944990 5 0 0.000000
1653857468407896465 337.585640 2.962199 3 0 0.000000
1653857469220492952 203.148100 4.922492 4 0 0.000000
1653857470436205164 303.926445 3.290252 4 0 0.000000
1653857471043323434 202.371053 4.941377 3 0 0.000000
1653857472256713259 303.345768 3.296550 4 0 0.000000
1653857473271681375 202.992189 4.926263 5 0 0.000000
1653857474283875058 202.437851 4.939766 5 0 0.000000
1653857475295669278 202.357582 4.941716 5 0 0.000000
1653857476309820003 202.829067 4.930234 5 0 0.000000
1653857477322940180 202.623047 4.935249 5 0 0.000000
1653857478336288504 202.668102 4.934138 5 0 0.000000
1653857479358125895 204.366514 4.893146 5 0 0.000000
1653857480371226900 202.618720 4.935342 5 0 0.000000
1653857481383568487 202.467095 4.939044 5 0 0.000000
1653857482395916444 202.468565 4.939013 5 0 0.000000
1653857483411507742 203.117384 4.923240 5 0 0.000000
1653857484425038768 202.704827 4.933248 5 0 0.000000
1653857485437677416 202.526197 4.937596 5 0 0.000000
1653857486248006977 202.581078 4.936263 4 0 0.000000
1653857487260554169 202.508507 4.938041 5 0 0.000000
1653857488274765466 202.840793 4.929939 5 0 0.000000
1653857489285900300 202.225530 4.944939 5 0 0.000000
1653857490297564588 202.331703 4.942351 5 0 0.000000
1653857491107838508 202.567198 4.936602 4 0 0.000000
1653857492325032164 304.297054 3.286248 4 0 0.000000
1653857493339336697 202.859714 4.929486 5 0 0.000000
1653857494381685196 208.468436 4.796860 5 0 0.000000
1653857495394680756 202.597569 4.935856 5 0 0.000000
1653857496410298039 203.122233 4.923114 5 0 0.000000
1653857497423721169 202.683590 4.933773 5 0 0.000000
1653857498438501997 202.954589 4.927172 5 0 0.000000
1653857499450623938 202.422920 4.940116 5 0 0.000000
1653857500261874149 202.810975 4.930661 4 0 0.000000
1653857501273160247 202.256228 4.944199 5 0 0.000000
1653857502286403240 337.745888 2.960790 3 0 0.000000
1653857503300380309 202.793935 4.931078 5 0 0.000000
1653857504314923291 202.907541 4.928327 5 0 0.000000
1653857505325907755 202.194937 4.945674 5 0 0.000000
1653857506338111588 202.438907 4.939717 5 0 0.000000
1653857506946338631 202.740738 4.932369 3 0 0.000000
1653857508364758436 283.682310 3.525049 5 0 0.000000
1653857509395145636 206.075653 4.852545 5 0 0.000000
1653857510406274353 337.041219 2.966981 3 0 0.000000
1653857511420198730 202.783771 4.931334 5 0 0.000000
1653857512030477192 203.424384 4.915789 3 0 0.000000
1653857513449863351 283.875659 3.522650 5 0 0.000000
1653857514260802428 202.733752 4.932553 4 0 0.000000
1653857515273899394 506.547055 1.974145 2 0 0.000000
1653857516286176088 202.452049 4.939361 5 0 0.000000
1653857517300303267 202.823603 4.930348 5 0 0.000000
1653857518313351757 202.608612 4.935598 5 0 0.000000
1653857519326001065 202.528864 4.937543 5 0 0.000000
1653857520339421812 202.682905 4.933785 5 0 0.000000
1653857521352075725 202.529360 4.937521 5 0 0.000000
1653857522365264282 202.636174 4.934916 5 0 0.000000
1653857523379265354 202.798918 4.930961 5 0 0.000000
1653857524421879801 208.521180 4.795637 5 0 0.000000
1653857525434963556 202.615387 4.935426 5 0 0.000000
1653857526450141303 203.034437 4.925246 5 0 0.000000
1653857527463438636 202.658206 4.934386 5 0 0.000000
1653857528274616925 202.792669 4.931098 4 0 0.000000
1653857529286397395 202.354202 4.941783 5 0 0.000000
1653857530301363829 202.991778 4.926271 5 0 0.000000
1653857531314635709 202.652783 4.934510 5 0 0.000000
1653857532125290559 202.662030 4.934282 4 0 0.000000
1653857533339793849 303.624129 3.293528 4 0 0.000000
1653857534355532668 203.146580 4.922525 5 0 0.000000
1653857535367863955 202.464777 4.939095 5 0 0.000000
1653857536382490922 338.207352 2.956752 3 0 0.000000
1653857537393809863 202.262103 4.944039 5 0 0.000000
1653857538406336401 202.504133 4.938142 5 0 0.000000
1653857539443093850 345.584457 2.893637 3 0 0.000000
1653857540456728257 202.725338 4.932745 5 0 0.000000
1653857541467958065 337.073667 2.966685 3 0 0.000000
1653857542278056878 202.523278 4.937669 4 0 0.000000
1653857543291272043 202.641967 4.934786 5 0 0.000000
1653857544306440345 203.032464 4.925292 5 0 0.000000
1653857545318560380 202.422969 4.940126 5 0 0.000000
1653857546332929839 202.872734 4.929170 5 0 0.000000
1653857547345255496 202.463312 4.939122 5 0 0.000000
1653857548357782801 202.503878 4.938138 5 0 0.000000
1653857549373049792 203.052314 4.924813 5 0 0.000000
1653857550388981049 203.185041 4.921593 5 0 0.000000
1653857551401642612 337.552555 2.962490 3 0 0.000000
1653857552415021261 202.674412 4.933990 5 0 0.000000
1653857553443947156 205.783767 4.859436 5 0 0.000000
1653857554481981852 207.605963 4.816795 5 0 0.000000
1653857555289661947 403.838229 2.476228 2 0 0.000000
1653857556303685040 338.005828 2.958513 3 0 0.000000
1653857557317736276 202.809023 4.930717 5 0 0.000000
1653857558332678744 202.987538 4.926388 5 0 0.000000
1653857559348634364 203.187032 4.921475 5 0 0.000000
1653857560363128858 202.897428 4.928563 5 0 0.000000
1653857561377138039 202.800544 4.930922 5 0 0.000000
1653857562390565565 202.684363 4.933752 5 0 0.000000
1653857563403544257 202.593847 4.935938 5 0 0.000000
1653857564451856557 209.661170 4.769571 5 0 0.000000
1653857565465737181 202.774560 4.931547 5 0 0.000000
1653857566478600452 337.619006 2.961900 3 0 0.000000
1653857567291097954 203.123041 4.923092 4 0 0.000000
1653857568302836579 337.244108 2.965193 3 0 0.000000
1653857569317760598 202.983922 4.926477 5 0 0.000000
1653857570333088343 203.063736 4.924518 5 0 0.000000
1653857571348266507 203.034168 4.925244 5 0 0.000000
1653857572360362559 202.418225 4.940243 5 0 0.000000
1653857573376210688 203.168241 4.921995 5 0 0.000000
1653857574188164341 202.986708 4.926390 4 0 0.000000
1653857575407237636 304.766313 3.281181 4 0 0.000000
1653857576419762207 337.506651 2.962891 3 0 0.000000
1653857577230392361 202.656156 4.934433 4 0 0.000000
1653857578446722507 608.161853 1.644290 2 0 0.000000
1653857579484190895 207.492555 4.819424 5 0 0.000000
1653857580494935307 336.912480 2.968109 3 0 0.000000
1653857581304345784 202.311006 4.941867 4 0 0.000000
1653857582315532595 202.235949 4.944685 5 0 0.000000
1653857583330564168 203.004507 4.925954 5 0 0.000000
1653857584345412074 202.968263 4.926847 5 0 0.000000
1653857585362177471 203.351647 4.917555 5 0 0.000000
1653857586375410200 202.645524 4.934700 5 0 0.000000
1653857587387657547 202.448249 4.939504 5 0 0.000000
1653857588400461087 202.559286 4.936792 5 0 0.000000
1653857589417111844 203.328799 4.918110 5 0 0.000000
1653857590432072054 202.990435 4.926301 5 0 0.000000
1653857591446722981 202.928807 4.927803 5 0 0.000000
1653857592461273649 202.908619 4.928290 5 0 0.000000
1653857593475141813 202.772180 4.931608 5 0 0.000000
1653857594287860693 203.178573 4.921751 4 0 0.000000
1653857595325184920 207.463260 4.820094 5 0 0.000000
1653857596339875797 202.936500 4.927609 5 0 0.000000
1653857597356362956 338.827423 2.951341 3 0 0.000000
1653857598371852691 203.096399 4.923733 5 0 0.000000
1653857599386770350 202.982297 4.926508 5 0 0.000000
1653857600197947037 202.792927 4.931108 4 0 0.000000
1653857601409404075 403.817209 2.476357 3 0 0.000000
1653857602220178665 202.692485 4.933554 4 0 0.000000
1653857603435838525 303.913765 3.290394 4 0 0.000000
1653857604450583514 202.947357 4.927347 5 0 0.000000
1653857605463891772 202.660516 4.934333 5 0 0.000000
1653857606478793243 202.979403 4.926587 5 0 0.000000
1653857607494525291 338.576014 2.953535 3 0 0.000000
1653857608509064399 202.906185 4.928346 5 0 0.000000
1653857609322169771 203.274740 4.919412 4 0 0.000000
1653857610344315716 204.426925 4.891669 5 0 0.000000
1653857611356810139 202.497372 4.938299 5 0 0.000000
1653857612371177999 202.872654 4.929178 5 0 0.000000
1653857613387112342 203.184105 4.921578 5 0 0.000000
1653857614400240712 202.624005 4.935209 5 0 0.000000
1653857615412277130 337.344120 2.964320 3 0 0.000000
1653857616428343247 203.211849 4.920940 5 0 0.000000
1653857617442859501 338.170682 2.957074 3 0 0.000000
1653857618455427624 202.511892 4.937939 5 0 0.000000
1653857619467023660 202.317598 4.942684 5 0 0.000000
1653857620482940121 338.636817 2.952999 3 0 0.000000
1653857621495368979 202.484337 4.938619 5 0 0.000000
1653857622509813663 202.887911 4.928805 5 0 0.000000
1653857623322020535 203.050102 4.924854 4 0 0.000000
1653857624336173800 202.829323 4.930221 5 0 0.000000
1653857625373722724 207.508514 4.819050 5 0 0.000000
1653857626388151745 202.884899 4.928881 5 0 0.000000
1653857627400855012 202.539716 4.937280 5 0 0.000000
1653857628210003003 202.285125 4.943472 4 0 0.000000
1653857629426965086 304.239256 3.286873 4 0 0.000000
1653857630444079757 203.421714 4.915867 5 0 0.000000
1653857631052001787 202.639318 4.934843 3 0 0.000000
1653857632472212434 284.041200 3.520605 5 0 0.000000
1653857633488054120 203.167476 4.922027 5 0 0.000000
1653857634501146582 337.695701 2.961230 3 0 0.000000
1653857635518477524 203.464635 4.914822 5 0 0.000000
1653857636332302645 203.454907 4.915061 4 0 0.000000
1653857637347062004 338.252101 2.956366 3 0 0.000000
1653857638364113048 203.409111 4.916174 5 0 0.000000
1653857639382094298 339.326195 2.947009 3 0 0.000000
1653857640424471156 208.473594 4.796730 5 0 0.000000
1653857641440087852 338.537536 2.953870 3 0 0.000000
1653857642454906608 202.962777 4.926988 5 0 0.000000
1653857643470369112 338.486169 2.954319 3 0 0.000000
1653857644282522476 203.037041 4.925178 4 0 0.000000
1653857645499771929 304.310810 3.286097 4 0 0.000000
1653857646514449675 202.934585 4.927673 5 0 0.000000
1653857647529606762 203.030307 4.925346 5 0 0.000000
1653857648342052522 203.110380 4.923406 4 0 0.000000
1653857649356014071 202.791213 4.931153 5 0 0.000000
1653857650373189857 203.433570 4.915571 5 0 0.000000
1653857651388215553 203.003953 4.925984 5 0 0.000000
1653857652401727314 337.835487 2.960005 3 0 0.000000
1653857653415140159 202.681645 4.933823 5 0 0.000000
1653857654432037878 203.378654 4.916915 5 0 0.000000
1653857655455844977 341.267964 2.930239 3 0 0.000000
1653857656470976827 203.025218 4.925469 5 0 0.000000
1653857657486985013 203.200429 4.921220 5 0 0.000000
1653857658501124678 202.826629 4.930287 5 0 0.000000
1653857659516614288 203.096650 4.923733 5 0 0.000000
1653857660328726271 203.026967 4.925429 4 0 0.000000
1653857661344581195 338.617199 2.953178 3 0 0.000000
1653857662361464731 338.960300 2.950190 3 0 0.000000
1653857663376363167 202.977998 4.926601 5 0 0.000000
1653857664391611248 203.048388 4.924905 5 0 0.000000
1653857665407254261 203.127148 4.922990 5 0 0.000000
1653857666423209869 203.189812 4.921475 5 0 0.000000
1653857667235594861 203.095099 4.923774 4 0 0.000000
1653857668454262451 304.665011 3.282273 4 0 0.000000
1653857669470210533 203.188336 4.921511 5 0 0.000000
1653857670488001395 339.261630 2.947560 3 0 0.000000
1653857671503598366 203.118224 4.923213 5 0 0.000000
1653857672113119265 203.172324 4.921899 3 0 0.000000
1653857673532529532 283.881042 3.522590 5 0 0.000000
1653857674547982821 203.089529 4.923909 5 0 0.000000
1653857675359545061 202.886628 4.928766 4 0 0.000000
1653857676374316977 202.953241 4.927216 5 0 0.000000
1653857677390992940 203.334076 4.917988 5 0 0.000000
1653857678403034585 202.406560 4.940508 5 0 0.000000
1653857679417388253 202.869522 4.929247 5 0 0.000000
1653857680432227732 338.278100 2.956133 3 0 0.000000
1653857681449500612 203.453618 4.915102 5 0 0.000000
1653857682464361451 202.970767 4.926784 5 0 0.000000
1653857683480087623 203.144034 4.922587 5 0 0.000000
1653857684495233495 203.027665 4.925400 5 0 0.000000
1653857685513323246 203.616469 4.911159 5 0 0.000000
1653857686324913762 202.896539 4.928594 4 0 0.000000
1653857687541728060 304.202417 3.287272 4 0 0.000000
1653857688555472005 202.747645 4.932212 5 0 0.000000
1653857689368785265 203.327391 4.918154 4 0 0.000000
1653857690385160401 203.273553 4.919443 5 0 0.000000
1653857691395310793 202.028780 4.949758 5 0 0.000000
1653857692411701817 203.277217 4.919367 5 0 0.000000
1653857693224834054 203.281874 4.919249 4 0 0.000000
1653857694440432232 303.898517 3.290561 4 0 0.000000
1653857695457197617 203.351747 4.917555 5 0 0.000000
1653857696474070252 203.373643 4.917037 5 0 0.000000
1653857697491212143 203.427262 4.915735 5 0 0.000000
1653857698507421831 203.240636 4.920244 5 0 0.000000
1653857699523184048 338.586437 2.953447 3 0 0.000000
1653857700564927772 208.347809 4.799645 5 0 0.000000
1653857701375328091 202.598439 4.935832 4 0 0.000000
1653857702390985109 203.130410 4.922922 5 0 0.000000
1653857703407013001 203.203907 4.921125 5 0 0.000000
1653857704421882488 202.972671 4.926742 5 0 0.000000
1653857705438042257 203.230672 4.920486 5 0 0.000000
1653857706451973069 202.784860 4.931303 5 0 0.000000
1653857707468277718 338.767168 2.951871 3 0 0.000000
1653857708483031975 202.948773 4.927301 5 0 0.000000
1653857709496389066 202.669793 4.934095 5 0 0.000000
1653857710538091894 347.232870 2.879900 3 0 0.000000
1653857711553851307 203.150789 4.922426 5 0 0.000000
1653857712568749261 202.978082 4.926604 5 0 0.000000
1653857713381657724 203.225827 4.920603 4 0 0.000000
1653857713991816031 203.385167 4.916757 3 0 0.000000
1653857715414047781 284.444759 3.515601 5 0 0.000000
1653857716427927909 202.774834 4.931550 5 0 0.000000
1653857717440318930 202.477204 4.938803 5 0 0.000000
1653857718252452966 203.031961 4.925295 4 0 0.000000
1653857719469227691 304.191881 3.287379 4 0 0.000000
1653857720482411999 202.635329 4.934936 5 0 0.000000
1653857721496879086 202.892455 4.928696 5 0 0.000000
1653857722511804544 202.984170 4.926470 5 0 0.000000
1653857723526649109 202.967478 4.926863 5 0 0.000000
1653857724336480206 202.456570 4.939302 4 0 0.000000
1653857725386852358 350.121429 2.856131 3 0 0.000000
1653857726403061915 203.239661 4.920245 5 0 0.000000
1653857727420314180 203.448798 4.915202 5 0 0.000000
1653857728436110139 203.157448 4.922248 5 0 0.000000
1653857729451167339 203.009857 4.925831 5 0 0.000000
1653857730474312712 204.627285 4.886891 5 0 0.000000
1653857731488037698 202.743747 4.932304 5 0 0.000000
1653857732501339398 202.659168 4.934365 5 0 0.000000
1653857733517013835 203.133771 4.922837 5 0 0.000000
1653857734532793228 203.154827 4.922329 5 0 0.000000
1653857735549486137 203.336846 4.917906 5 0 0.000000
1653857736158511415 203.007461 4.925904 3 0 0.000000
1653857737376258149 304.435332 3.284755 4 0 0.000000
1653857738390411335 338.049175 2.958133 3 0 0.000000
1653857739404591170 338.058432 2.958055 3 0 0.000000
1653857740424452838 203.971061 4.902626 5 0 0.000000
1653857741438448456 202.798063 4.930987 5 0 0.000000
1653857742454710831 203.250714 4.919990 5 0 0.000000
1653857743471206103 203.297520 4.918862 5 0 0.000000
1653857744487652632 203.288290 4.919098 5 0 0.000000
1653857745300150847 203.123512 4.923088 4 0 0.000000
1653857746110628086 405.237281 2.467682 2 0 0.000000
1653857747531156164 473.506591 2.111891 3 0 0.000000
1653857748546868161 203.141493 4.922655 5 0 0.000000
1653857749563537335 203.332558 4.918021 5 0 0.000000
1653857750578747358 203.040849 4.925089 5 0 0.000000
1653857751594084409 203.066206 4.924473 5 0 0.000000
1653857752404815430 202.681508 4.933819 4 0 0.000000
1653857753446534418 208.342779 4.799759 5 0 0.000000
1653857754460168568 202.725475 4.932746 5 0 0.000000
1653857755486713590 205.307037 4.870707 5 0 0.000000
1653857756502275580 203.110803 4.923382 5 0 0.000000
1653857757516003404 202.743881 4.932290 5 0 0.000000
1653857758533383408 203.474890 4.914585 5 0 0.000000
1653857759545624167 337.410621 2.963722 3 0 0.000000
1653857760559827653 202.839449 4.929977 5 0 0.000000
1653857761572379896 202.508998 4.938017 5 0 0.000000
1653857762589392227 339.001816 2.949817 3 0 0.000000
1653857763603891085 202.898615 4.928542 5 0 0.000000
1653857764416311765 203.103604 4.923558 4 0 0.000000
1653857765450066434 206.749174 4.836738 5 0 0.000000
1653857766463163587 337.698219 2.961216 3 0 0.000000
1653857767479978094 203.361783 4.917318 5 0 0.000000
1653857768495451991 203.093447 4.923809 5 0 0.000000
1653857769508373472 202.583054 4.936217 5 0 0.000000
1653857770524819855 203.288056 4.919098 5 0 0.000000
1653857771539494008 202.933239 4.927691 5 0 0.000000
1653857772553193760 202.737913 4.932427 5 0 0.000000
1653857773569371156 203.234389 4.920401 5 0 0.000000
1653857774584176664 202.959687 4.927053 5 0 0.000000
1653857775598000296 337.939655 2.959095 3 0 0.000000
1653857776410226124 203.055536 4.924739 4 0 0.000000
1653857777427265887 339.012153 2.949737 3 0 0.000000
1653857778441279245 338.003604 2.958541 3 0 0.000000
1653857779456594738 203.060409 4.924578 5 0 0.000000
1653857780489886057 206.656913 4.838906 5 0 0.000000
1653857781504682213 202.958161 4.927098 5 0 0.000000
1653857782520417473 203.145960 4.922543 5 0 0.000000
1653857783536514642 203.216482 4.920789 5 0 0.000000
1653857784551711198 203.037997 4.925155 5 0 0.000000
1653857785566270237 202.910445 4.928249 5 0 0.000000
1653857786580987452 202.942004 4.927481 5 0 0.000000
1653857787596035558 203.007872 4.925875 5 0 0.000000
1653857788610434814 202.873016 4.929026 5 0 0.000000
1653857789422306111 202.966785 4.926889 4 0 0.000000
1653857790438525074 203.242154 4.920199 5 0 0.000000
1653857791452548794 338.006901 2.958511 3 0 0.000000
1653857792466210583 202.731362 4.932612 5 0 0.000000
1653857793483066362 203.369817 4.917118 5 0 0.000000
1653857794500224828 203.429954 4.915655 5 0 0.000000
1653857795525387008 205.031081 4.877277 5 0 0.000000
1653857796539931844 202.906507 4.928319 5 0 0.000000
1653857797553072060 202.627107 4.935151 5 0 0.000000
1653857798570884493 339.269909 2.947498 3 0 0.000000
1653857799586372649 203.096010 4.923740 5 0 0.000000
1653857800601094765 202.943017 4.927457 5 0 0.000000
1653857801616714117 203.122316 4.923104 5 0 0.000000
1653857802431029278 407.156629 2.456051 2 0 0.000000
1653857803444621450 202.717158 4.932951 5 0 0.000000
1653857804460764754 203.226867 4.920566 5 0 0.000000
1653857805475506224 202.946378 4.927363 5 0 0.000000
1653857806490719821 203.041375 4.925072 5 0 0.000000
1653857807505519249 202.958770 4.927082 5 0 0.000000
1653857808521677629 203.230670 4.920493 5 0 0.000000
1653857809537858751 203.234754 4.920383 5 0 0.000000
1653857810568566110 206.140267 4.851037 5 0 0.000000
1653857811583656893 203.017105 4.925668 5 0 0.000000
1653857812599320923 338.552011 2.953733 3 0 0.000000
1653857813614690789 203.071048 4.924314 5 0 0.000000
1653857814627456443 202.552103 4.936976 5 0 0.000000
1653857815441786496 203.581013 4.912013 4 0 0.000000
1653857816459319304 203.505646 4.913846 5 0 0.000000
1653857817475787993 338.821808 2.951394 3 0 0.000000
1653857818492709561 203.383220 4.916800 5 0 0.000000
1653857819505206538 202.497965 4.938286 5 0 0.000000
1653857820537359467 206.429436 4.844243 5 0 0.000000
1653857821551537941 507.088365 1.972039 2 0 0.000000
1653857821957277159 202.867775 4.929275 2 0 0.000000
1653857823377768627 355.120861 2.815927 4 0 0.000000
1653857824391015720 337.747254 2.960778 3 0 0.000000
1653857825611446154 305.105582 3.277532 4 0 0.000000
1653857826626946900 338.499240 2.954208 3 0 0.000000
1653857827640349995 202.679096 4.933871 5 0 0.000000
1653857828454120552 203.441136 4.915390 4 0 0.000000
1653857829064782803 203.552999 4.912699 3 0 0.000000
1653857830489062853 284.854451 3.510546 5 0 0.000000
1653857831098121811 609.058108 1.641877 1 0 0.000000
1653857831910258909 406.066625 2.462638 2 0 0.000000
1653857833532171828 324.381129 3.082780 5 0 0.000000
1653857834545611127 202.686764 4.933695 5 0 0.000000
1653857835594266017 349.550611 2.860808 3 0 0.000000
1653857836608433844 202.831592 4.930150 5 0 0.000000
1653857837420801853 203.090217 4.923877 4 0 0.000000
1653857838637009367 405.401259 2.466684 3 0 0.000000
1653857839449677039 406.331772 2.461030 2 0 0.000000
1653857840465168620 203.097064 4.923724 5 0 0.000000
1653857841480560825 203.077263 4.924206 5 0 0.000000
1653857842495387277 202.964258 4.926951 5 0 0.000000
1653857843511907059 203.302816 4.918743 5 0 0.000000
1653857844529012130 203.420127 4.915913 5 0 0.000000
1653857845543903432 202.976505 4.926636 5 0 0.000000
1653857846354924016 202.753719 4.932057 4 0 0.000000
1653857847570951488 304.004323 3.289399 4 0 0.000000
1653857848587448755 203.298305 4.918852 5 0 0.000000
1653857849604719234 203.452901 4.915114 5 0 0.000000
1653857850635060396 206.066409 4.852762 5 0 0.000000
1653857851651519370 203.290344 4.919038 5 0 0.000000
1653857852057109802 202.793828 4.931083 2 0 0.000000
1653857853073760114 338.881758 2.950867 3 0 0.000000
1653857854495718237 284.390282 3.516278 5 0 0.000000
1653857855509334450 337.869793 2.959700 3 0 0.000000
1653857856525120298 203.156003 4.922297 5 0 0.000000
1653857857541190679 203.212573 4.920919 5 0 0.000000
1653857858557878570 203.336356 4.917930 5 0 0.000000
1653857859572745971 202.971901 4.926752 5 0 0.000000
1653857860586035999 337.761986 2.960652 3 0 0.000000
1653857861601874593 203.166226 4.922043 5 0 0.000000
1653857862619442325 203.512473 4.913678 5 0 0.000000
1653857863635494370 203.209163 4.921008 5 0 0.000000
1653857864646224206 202.144050 4.946920 5 0 0.000000
1653857865488016286 210.446645 4.751767 4 0 0.000000
1653857866503139404 338.372536 2.955307 3 0 0.000000
1653857867520131673 203.397047 4.916458 5 0 0.000000
1653857868535173018 338.345301 2.955545 3 0 0.000000
1653857869553175854 339.332913 2.946947 3 0 0.000000
1653857870568556976 203.074725 4.924259 5 0 0.000000
1653857871585825401 203.451856 4.915124 5 0 0.000000
1653857872601775180 203.188932 4.921503 5 0 0.000000
1653857873618447516 203.332718 4.918005 5 0 0.000000
1653857874635717734 203.452974 4.915115 5 0 0.000000
1653857875480878128 211.288172 4.732829 4 0 0.000000
1653857876498184243 203.459564 4.914941 5 0 0.000000
1653857877515280663 203.418019 4.915955 5 0 0.000000
1653857878530239498 338.317728 2.955785 3 0 0.000000
1653857879544838176 202.918497 4.928057 5 0 0.000000
1653857880562521157 203.534791 4.913121 5 0 0.000000
1653857881578548908 203.204627 4.921125 5 0 0.000000
1653857882593428744 202.974963 4.926692 5 0 0.000000
1653857883609008833 203.114996 4.923295 5 0 0.000000
1653857884421261570 203.062137 4.924576 4 0 0.000000
1653857885638204813 304.234468 3.286924 4 0 0.000000
1653857886451418423 203.302378 4.918757 4 0 0.000000
1653857887665274125 303.461944 3.295285 4 0 0.000000
1653857888273301321 202.674082 4.933990 3 0 0.000000
1653857889493961784 305.164166 3.276915 4 0 0.000000
1653857890544548087 210.115636 4.759247 5 0 0.000000
1653857891560134155 203.116142 4.923266 5 0 0.000000
1653857892576046917 203.180935 4.921682 5 0 0.000000
1653857893586711755 336.886015 2.968343 3 0 0.000000
1653857894603526552 203.361377 4.917316 5 0 0.000000
1653857895618695015 338.387651 2.955174 3 0 0.000000
1653857896226432193 202.577644 4.936345 3 0 0.000000
1653857897648826278 284.477441 3.515200 5 0 0.000000
1653857898661028441 337.398564 2.963835 3 0 0.000000
1653857899677187689 338.718230 2.952293 3 0 0.000000
1653857900081523132 202.165527 4.946388 2 0 0.000000
1653857901508220523 475.563920 2.102758 3 0 0.000000
1653857902523565415 203.068007 4.924435 5 0 0.000000
1653857903539604690 203.206535 4.921070 5 0 0.000000
1653857904554201133 338.197555 2.956841 3 0 0.000000
1653857905585844200 206.326802 4.846638 5 0 0.000000
1653857906400180544 203.583046 4.911975 4 0 0.000000
1653857907210598274 405.207788 2.467863 2 0 0.000000
1653857908632237174 284.269739 3.517068 5 0 0.000000
1653857909648235953 203.198505 4.921266 5 0 0.000000
1653857910661048544 337.602671 2.962048 3 0 0.000000
1653857911675157970 202.820471 4.930434 5 0 0.000000
1653857912489018862 203.463810 4.914845 4 0 0.000000
1653857913097919299 202.965467 4.926914 3 0 0.000000
1653857914521148824 474.408560 2.107882 3 0 0.000000
1653857915572285159 210.225219 4.756757 5 0 0.000000
1653857916589111642 203.363864 4.917260 5 0 0.000000
1653857917604986725 203.174085 4.921865 5 0 0.000000
1653857918619753215 202.952256 4.927242 5 0 0.000000
1653857919636646719 203.377404 4.916936 5 0 0.000000
1653857920651256019 202.920175 4.928005 5 0 0.000000
1653857921666407667 203.029091 4.925372 5 0 0.000000
1653857922683571334 203.431071 4.915630 5 0 0.000000
1653857923496645103 203.266597 4.919603 4 0 0.000000
1653857924513478266 203.365767 4.917227 5 0 0.000000
1653857925528905406 203.084364 4.924036 5 0 0.000000
1653857926544999487 203.216684 4.920805 5 0 0.000000
1653857927578668455 344.554773 2.902283 3 0 0.000000
1653857928595021821 203.269595 4.919549 5 0 0.000000
1653857929609130748 202.820694 4.930437 5 0 0.000000
1653857930631657699 204.503924 4.889847 5 0 0.000000
1653857931647596089 203.186248 4.921558 5 0 0.000000
1653857932663938177 203.267160 4.919603 5 0 0.000000
1653857933679959150 203.203221 4.921158 5 0 0.000000
1653857934695733789 203.153694 4.922352 5 0 0.000000
1653857935508488064 203.187554 4.921537 4 0 0.000000
1653857936322773524 407.141263 2.456141 2 0 0.000000
1653857937543800174 305.254714 3.275932 4 0 0.000000
1653857938558682230 202.975001 4.926681 5 0 0.000000
1653857939576163798 203.494654 4.914094 5 0 0.000000
1653857940593043705 203.374645 4.917001 5 0 0.000000
1653857941203626597 203.525617 4.913338 3 0 0.000000
1653857942624692348 473.687211 2.111092 3 0 0.000000
1653857943637447110 337.582937 2.962217 3 0 0.000000
1653857944653390231 203.187222 4.921536 5 0 0.000000
1653857945683094774 343.233960 2.913457 3 0 0.000000
1653857946495944405 203.210940 4.920959 4 0 0.000000
1653857947513107033 339.052953 2.949381 3 0 0.000000
1653857948530130468 203.403172 4.916308 5 0 0.000000
1653857949547890516 203.550499 4.912749 5 0 0.000000
1653857950564966116 203.413495 4.916055 5 0 0.000000
1653857951580523393 203.109468 4.923405 5 0 0.000000
1653857952597171236 203.328577 4.918124 5 0 0.000000
1653857953609991979 337.605071 2.962025 3 0 0.000000
1653857954218865939 202.955823 4.927128 3 0 0.000000
1653857955667716503 289.768372 3.451012 5 0 0.000000
1653857956686031494 203.661878 4.910072 5 0 0.000000
1653857957702527415 338.830003 2.951315 3 0 0.000000
1653857958514547775 203.004150 4.925985 4 0 0.000000
1653857959530900905 203.269159 4.919550 5 0 0.000000
1653857960545414562 202.901239 4.928470 5 0 0.000000
1653857961562744686 203.464969 4.914825 5 0 0.000000
1653857962579464972 203.343011 4.917773 5 0 0.000000
1653857963594442800 507.488083 1.970486 2 0 0.000000
1653857964611565527 203.423169 4.915828 5 0 0.000000
1653857965424435799 203.215494 4.920834 4 0 0.000000
1653857966642388742 304.486064 3.284199 4 0 0.000000
1653857967656268538 202.775073 4.931551 5 0 0.000000
1653857968673726514 203.490215 4.914208 5 0 0.000000
1653857969689907539 203.235009 4.920383 5 0 0.000000
1653857970723558447 206.729004 4.837223 5 0 0.000000
1653857971537667143 203.524702 4.913348 4 0 0.000000
1653857972554631733 203.391329 4.916593 5 0 0.000000
1653857973568178338 202.707816 4.933172 5 0 0.000000
1653857974584713285 338.843406 2.951202 3 0 0.000000
1653857975600957023 203.246844 4.920080 5 0 0.000000
1653857976617946039 203.396417 4.916474 5 0 0.000000
1653857977632720942 202.953456 4.927201 5 0 0.000000
1653857978440719625 403.997548 2.475252 2 0 0.000000
1653857979456173119 338.482664 2.954345 3 0 0.000000
1653857980708252544 313.017662 3.194686 4 0 0.000000
1653857981726261434 203.600219 4.911548 5 0 0.000000
1653857982538728685 203.115510 4.923275 4 0 0.000000
1653857983554795622 203.212263 4.920936 5 0 0.000000
1653857984571934040 203.426531 4.915752 5 0 0.000000
1653857985587217290 338.426057 2.954840 3 0 0.000000
1653857986603794719 203.314091 4.918465 5 0 0.000000
1653857987620921648 203.423953 4.915807 5 0 0.000000
1653857988640023325 339.698990 2.943769 3 0 0.000000
1653857989655892897 203.172664 4.921892 5 0 0.000000
1653857990672783836 203.376815 4.916948 5 0 0.000000
1653857991688659395 203.173958 4.921863 5 0 0.000000
1653857992706318502 203.530571 4.913237 5 0 0.000000
1653857993720705109 202.876077 4.929087 5 0 0.000000
1653857994736229210 338.506354 2.954140 3 0 0.000000
1653857995548763984 203.132599 4.922866 4 0 0.000000
1653857996564346381 203.115623 4.923283 5 0 0.000000
1653857997174266994 203.305649 4.918673 3 0 0.000000
1653857998594188313 283.982735 3.521322 5 0 0.000000
1653857999611478822 203.456982 4.915017 5 0 0.000000
1653858000628677427 203.438585 4.915461 5 0 0.000000
1653858001644435803 203.150695 4.922430 5 0 0.000000
1653858002255121496 203.559948 4.912511 3 0 0.000000
1653858003673940689 283.761847 3.524057 5 0 0.000000
1653858004692142069 203.638827 4.910620 5 0 0.000000
1653858005540553736 212.101820 4.714692 4 0 0.000000
1653858006556866424 203.261481 4.919746 5 0 0.000000
1653858007573723401 203.369929 4.917112 5 0 0.000000
1653858008589600395 338.624486 2.953113 3 0 0.000000
1653858009605308350 203.140408 4.922675 5 0 0.000000
1653858010620943736 203.125434 4.923027 5 0 0.000000
1653858011638256051 339.102348 2.948947 3 0 0.000000
1653858012655719358 203.491060 4.914182 5 0 0.000000
1653858013265345927 203.207541 4.921045 3 0 0.000000
1653858014282433283 339.027342 2.949599 3 0 0.000000
1653858015701973355 283.906569 3.522268 5 0 0.000000
1653858016719991846 203.601853 4.911502 5 0 0.000000
1653858017737223837 203.445330 4.915300 5 0 0.000000
1653858018551336006 203.527186 4.913328 4 0 0.000000
1653858019569132034 203.557666 4.912576 5 0 0.000000
1653858019976140458 203.502704 4.913904 2 0 0.000000
1653858021621490805 329.068541 3.038866 5 0 0.000000
1653858022435304637 406.904787 2.457565 2 0 0.000000
1653858023652795770 608.744289 1.642722 2 0 0.000000
1653858024668788178 203.197313 4.921297 5 0 0.000000
1653858025481180435 203.096524 4.923730 4 0 0.000000
1653858026702342888 610.579814 1.637784 2 0 0.000000
1653858026905124610 202.779728 4.931411 1 0 0.000000
1653858028730106409 364.993483 2.739753 5 0 0.000000
1653858029746485774 203.274771 4.919423 5 0 0.000000
1653858030593516253 211.756380 4.722380 4 0 0.000000
1653858031610327176 203.360327 4.917335 5 0 0.000000
1653858032625063278 202.946315 4.927389 5 0 0.000000
