1653857214403771188 275.479292 3.629696 3 0 0.000000
1653857215422142671 203.672512 4.909800 5 0 0.000000
1653857216439632119 203.495976 4.914056 5 0 0.000000
1653857217457176612 203.507107 4.913790 5 0 0.000000
1653857217660624773 203.445465 4.915257 1 0 0.000000
1653857219486781734 608.716847 1.642794 3 0 0.000000
1653857220500398196 506.805416 1.973133 2 0 0.000000
1653857221513800856 202.678907 4.933873 5 0 0.000000
1653857222537630691 204.764752 4.883624 5 0 0.000000
1653857223549136633 202.299938 4.943125 5 0 0.000000
1653857224563216611 202.814358 4.930578 5 0 0.000000
1653857225576768137 202.709358 4.933148 5 0 0.000000
1653857226386285842 202.377490 4.941214 4 0 0.000000
1653857227399748124 202.689930 4.933583 5 0 0.000000
1653857228411519141 337.255316 2.965097 3 0 0.000000
1653857229222395370 202.715713 4.932937 4 0 0.000000
1653857230435499022 404.365603 2.472996 3 0 0.000000
1653857231448688427 202.636745 4.934911 5 0 0.000000
1653857232460766426 202.413622 4.940331 5 0 0.000000
1653857233472240002 202.293106 4.943283 5 0 0.000000
1653857234484076421 202.366020 4.941510 5 0 0.000000
1653857235496555899 202.494621 4.938372 5 0 0.000000
1653857236506005928 201.888950 4.953192 5 0 0.000000
1653857237550341194 208.865789 4.787734 5 0 0.000000
1653857238563634555 202.656494 4.934406 5 0 0.000000
1653857239580207045 338.856622 2.951093 3 0 0.000000
1653857240389923740 202.427368 4.940000 4 0 0.000000
1653857241401967738 202.407784 4.940497 5 0 0.000000
1653857242413536575 202.312024 4.942817 5 0 0.000000
1653857243425899085 202.471362 4.938942 5 0 0.000000
1653857244436649678 202.149153 4.946819 5 0 0.000000
1653857245449621605 202.592656 4.935971 5 0 0.000000
1653857246462083074 202.490845 4.938460 5 0 0.000000
1653857247475824518 202.745716 4.932224 5 0 0.000000
1653857248486205072 202.074908 4.948631 5 0 0.000000
1653857249497512358 202.260039 4.944096 5 0 0.000000
1653857250508801732 202.256727 4.944183 5 0 0.000000
1653857251521085203 202.455173 4.939328 5 0 0.000000
1653857252331256515 202.541703 4.937228 4 0 0.000000
1653857253547018958 303.939018 3.290116 4 0 0.000000
1653857254557287249 202.051598 4.949180 5 0 0.000000
1653857255570443445 202.630133 4.935073 5 0 0.000000
1653857256381655545 202.802043 4.930893 4 0 0.000000
1653857257416349122 344.895842 2.899409 3 0 0.000000
1653857258428570747 202.442730 4.939630 5 0 0.000000
1653857259439287597 202.141819 4.946984 5 0 0.000000
1653857260450151595 202.171287 4.946264 5 0 0.000000
1653857261462015802 337.285881 2.964825 3 0 0.000000
1653857262474487552 202.492917 4.938409 5 0 0.000000
1653857263282814411 202.080102 4.948493 4 0 0.000000
1653857264497282440 303.615159 3.293623 4 0 0.000000
1653857265103181323 201.965115 4.951321 3 0 0.000000
1653857266522251207 283.810945 3.523435 5 0 0.000000
1653857267535915813 202.731492 4.932598 5 0 0.000000
1653857268548887119 202.592885 4.935974 5 0 0.000000
1653857269154989136 202.031985 4.949662 3 0 0.000000
1653857270572373972 472.459982 2.116574 3 0 0.000000
1653857271583176749 202.159261 4.946563 5 0 0.000000
1653857272416805455 208.404559 4.798299 4 0 0.000000
1653857273427960596 337.050318 2.966904 3 0 0.000000
1653857274440380032 202.482641 4.938665 5 0 0.000000
1653857275452901612 202.502899 4.938166 5 0 0.000000
1653857276463339349 202.086193 4.948351 5 0 0.000000
1653857277068904754 201.851973 4.954048 3 0 0.000000
1653857278485329521 283.282933 3.530015 5 0 0.000000
1653857279496356037 202.203784 4.945469 5 0 0.000000
1653857280508695331 202.466173 4.939056 5 0 0.000000
1653857281520203173 202.300438 4.943115 5 0 0.000000
1653857282531753558 202.308873 4.942908 5 0 0.000000
1653857283544280237 202.504127 4.938141 5 0 0.000000
1653857284555983440 202.339004 4.942161 5 0 0.000000
1653857285570170299 338.061181 2.958035 3 0 0.000000
1653857286582985904 202.561808 4.936733 5 0 0.000000
1653857287594071872 202.215627 4.945178 5 0 0.000000
1653857288604868107 202.157676 4.946595 5 0 0.000000
1653857289615510594 202.126830 4.947348 5 0 0.000000
1653857290424874747 202.339964 4.942151 4 0 0.000000
1653857291435985166 202.220441 4.945058 5 0 0.000000
1653857292454347464 203.670284 4.909844 5 0 0.000000
1653857293464473186 202.023215 4.949879 5 0 0.000000
1653857294475340030 202.171902 4.946250 5 0 0.000000
1653857295486721592 202.274736 4.943732 5 0 0.000000
1653857296498537501 202.361563 4.941610 5 0 0.000000
1653857297519994217 204.289888 4.894970 5 0 0.000000
1653857298531849071 202.369572 4.941420 5 0 0.000000
1653857299543544657 202.337392 4.942198 5 0 0.000000
1653857300556130126 337.526827 2.962713 3 0 0.000000
1653857301567292443 202.230736 4.944805 5 0 0.000000
1653857302577012292 201.941583 4.951869 5 0 0.000000
1653857303589134815 202.422890 4.940113 5 0 0.000000
1653857304600401321 337.087680 2.966577 3 0 0.000000
1653857305612785868 202.475469 4.938835 5 0 0.000000
1653857306623280727 202.097116 4.948071 5 0 0.000000
1653857307432464336 202.295033 4.943254 4 0 0.000000
1653857308442710941 202.047834 4.949287 5 0 0.000000
1653857309453171478 202.090789 4.948239 5 0 0.000000
1653857310464815901 202.327897 4.942448 5 0 0.000000
1653857311478463796 202.728010 4.932679 5 0 0.000000
1653857312526513623 209.608709 4.770765 5 0 0.000000
1653857313538356261 202.367165 4.941480 5 0 0.000000
1653857314549938500 202.315150 4.942752 5 0 0.000000
1653857315561137802 202.238746 4.944624 5 0 0.000000
1653857316572476546 202.266120 4.943942 5 0 0.000000
1653857317585253082 202.553718 4.936923 5 0 0.000000
1653857318595524965 202.052716 4.949163 5 0 0.000000
1653857319609427447 202.778693 4.931441 5 0 0.000000
1653857320622018658 337.528760 2.962696 3 0 0.000000
1653857321634402841 202.475434 4.938837 5 0 0.000000
1653857322444548329 202.534659 4.937385 4 0 0.000000
1653857323454549358 201.998767 4.950490 5 0 0.000000
1653857324465242078 202.137532 4.947102 5 0 0.000000
1653857325476834528 202.317338 4.942702 5 0 0.000000
1653857326287070549 202.557492 4.936833 4 0 0.000000
1653857327503303629 608.101566 1.644422 2 0 0.000000
1653857328516236860 202.585476 4.936160 5 0 0.000000
1653857329528184371 202.387603 4.940968 5 0 0.000000
1653857330134346001 202.052648 4.949174 3 0 0.000000
1653857331550985651 283.326016 3.529479 5 0 0.000000
1653857332574720152 204.745398 4.884078 5 0 0.000000
1653857333585770993 202.207952 4.945350 5 0 0.000000
1653857334596739549 202.192119 4.945752 5 0 0.000000
1653857335607279012 202.104825 4.947852 5 0 0.000000
1653857336617427381 202.028101 4.949768 5 0 0.000000
1653857337634759853 203.464625 4.914814 5 0 0.000000
1653857338647471718 202.540662 4.937239 5 0 0.000000
1653857339456870968 202.348610 4.941937 4 0 0.000000
1653857340468072769 202.239352 4.944611 5 0 0.000000
1653857341479660436 202.315978 4.942726 5 0 0.000000
1653857342493054155 202.676788 4.933917 5 0 0.000000
1653857343300679236 201.904865 4.952793 4 0 0.000000
1653857344112497914 405.907390 2.463604 2 0 0.000000
1653857345530606612 472.701884 2.115494 3 0 0.000000
1653857346542283461 202.334043 4.942290 5 0 0.000000
1653857347581680062 207.878392 4.810483 5 0 0.000000
1653857348592546891 336.954528 2.967750 3 0 0.000000
1653857349605240512 202.536424 4.937328 5 0 0.000000
1653857350615491316 336.748759 2.969560 3 0 0.000000
1653857351627200911 202.340252 4.942130 5 0 0.000000
1653857352647339939 340.044068 2.940776 3 0 0.000000
1653857353456516491 202.292052 4.943296 4 0 0.000000
1653857354467413242 336.963483 2.967663 3 0 0.000000
1653857355479200425 202.355754 4.941751 5 0 0.000000
1653857356489370293 202.032465 4.949663 5 0 0.000000
1653857357501080033 202.340417 4.942129 5 0 0.000000
1653857358511739081 202.130180 4.947267 5 0 0.000000
1653857359527275069 338.510476 2.954105 3 0 0.000000
1653857360537718364 202.087575 4.948323 5 0 0.000000
1653857361550652337 202.585656 4.936156 5 0 0.000000
1653857362593413511 347.585786 2.876977 3 0 0.000000
1653857363603757872 202.066791 4.948808 5 0 0.000000
1653857364614291760 202.105393 4.947879 5 0 0.000000
1653857365625873958 202.314913 4.942752 5 0 0.000000
1653857366636786960 202.181104 4.946024 5 0 0.000000
1653857367646438564 336.548350 2.971322 3 0 0.000000
1653857368655829529 201.876376 4.953482 5 0 0.000000
1653857369467048619 202.803681 4.930850 4 0 0.000000
1653857370477617237 336.855228 2.968626 3 0 0.000000
1653857371488971030 202.269282 4.943868 5 0 0.000000
1653857372498167353 336.397101 2.972662 3 0 0.000000
1653857373507904011 336.577566 2.971072 3 0 0.000000
1653857374521930918 338.007673 2.958501 3 0 0.000000
1653857375535329606 202.678806 4.933892 5 0 0.000000
1653857376546962388 202.324242 4.942505 5 0 0.000000
1653857377559693023 202.544786 4.937147 5 0 0.000000
1653857378572149364 202.490106 4.938485 5 0 0.000000
1653857379585068184 202.582469 4.936230 5 0 0.000000
1653857380597457921 202.476683 4.938809 5 0 0.000000
1653857381610218024 202.550688 4.937003 5 0 0.000000
1653857382630970198 204.148701 4.898349 5 0 0.000000
1653857383642303344 202.264433 4.943969 5 0 0.000000
1653857384654108376 202.359544 4.941663 5 0 0.000000
1653857385667147917 202.606578 4.935642 5 0 0.000000
1653857386478968517 202.953532 4.927197 4 0 0.000000
1653857387085142500 202.056809 4.949074 3 0 0.000000
1653857388502215615 283.412844 3.528399 5 0 0.000000
1653857389511976803 336.585336 2.970999 3 0 0.000000
1653857390522759990 202.154810 4.946660 5 0 0.000000
1653857391533760346 202.198270 4.945597 5 0 0.000000
1653857392542321722 201.710323 4.957557 5 0 0.000000
1653857393554184630 202.371081 4.941381 5 0 0.000000
1653857394566733226 202.508786 4.938035 5 0 0.000000
1653857395576608382 201.974067 4.951107 5 0 0.000000
1653857396183462708 202.283897 4.943526 3 0 0.000000
1653857397638735728 291.052961 3.435781 5 0 0.000000
1653857398650838731 202.419472 4.940209 5 0 0.000000
1653857399664256583 202.682210 4.933799 5 0 0.000000
1653857400676503969 202.448173 4.939504 5 0 0.000000
1653857401486088669 202.394963 4.940805 4 0 0.000000
1653857402091962645 201.956606 4.951525 3 0 0.000000
1653857403511049077 283.816170 3.523394 5 0 0.000000
1653857404522783271 202.345660 4.942010 5 0 0.000000
1653857405535515872 202.545514 4.937137 5 0 0.000000
1653857406546769154 202.249522 4.944360 5 0 0.000000
1653857407558670655 202.378290 4.941192 5 0 0.000000
1653857408168024390 203.116289 4.923249 3 0 0.000000
1653857409583788588 471.919315 2.118997 3 0 0.000000
1653857410596174431 202.476073 4.938828 5 0 0.000000
1653857411608342815 202.432056 4.939890 5 0 0.000000
1653857412620498247 202.430074 4.939953 5 0 0.000000
1653857413633577705 202.614145 4.935447 5 0 0.000000
1653857414644254440 202.133957 4.947180 5 0 0.000000
1653857415453604507 202.336435 4.942237 4 0 0.000000
1653857416671214613 304.401016 3.285124 4 0 0.000000
1653857417482302145 202.770883 4.931650 4 0 0.000000
1653857418514218946 206.381906 4.845352 5 0 0.000000
1653857419526243031 202.403528 4.940594 5 0 0.000000
1653857420535785963 336.512918 2.971642 3 0 0.000000
1653857421547026316 202.247011 4.944423 5 0 0.000000
1653857422558893631 202.372258 4.941359 5 0 0.000000
1653857423571327464 202.485266 4.938594 5 0 0.000000
1653857424584331714 202.598972 4.935813 5 0 0.000000
1653857425193300467 202.987931 4.926361 3 0 0.000000
1653857426610671732 283.473075 3.527657 5 0 0.000000
1653857427624935933 202.851361 4.929682 5 0 0.000000
1653857428635742590 202.159386 4.946544 5 0 0.000000
1653857429646253017 336.835403 2.968797 3 0 0.000000
1653857430659988783 337.910543 2.959351 3 0 0.000000
1653857431674604956 202.922122 4.927972 5 0 0.000000
1653857432486428432 405.910761 2.463590 2 0 0.000000
1653857433524243425 207.560807 4.817814 5 0 0.000000
1653857434537081006 202.565927 4.936626 5 0 0.000000
1653857435551968679 202.976300 4.926654 5 0 0.000000
1653857436563873070 202.379870 4.941178 5 0 0.000000
1653857437578405175 202.904311 4.928380 5 0 0.000000
1653857438589620702 202.241751 4.944544 5 0 0.000000
1653857439600752077 202.224864 4.944956 5 0 0.000000
1653857440411418192 202.664998 4.934214 4 0 0.000000
1653857441626502676 303.769250 3.291952 4 0 0.000000
1653857442637528728 337.007502 2.967283 3 0 0.000000
1653857443650935985 202.673671 4.933851 5 0 0.000000
1653857444664951688 202.802149 4.930890 5 0 0.000000
1653857445678028154 202.614449 4.935461 5 0 0.000000
1653857446691148677 202.622592 4.935247 5 0 0.000000
1653857447502546656 202.848320 4.929763 4 0 0.000000
1653857448108871848 606.324260 1.649280 1 0 0.000000
1653857449526229243 283.469613 3.527692 5 0 0.000000
1653857450541780899 203.109355 4.923433 5 0 0.000000
1653857451554603247 202.562845 4.936700 5 0 0.000000
1653857452569803884 203.038681 4.925135 5 0 0.000000
1653857453598627936 205.763706 4.859918 5 0 0.000000
1653857454610979404 202.469192 4.938996 5 0 0.000000
1653857455624361383 202.675331 4.933974 5 0 0.000000
1653857456635276545 202.182105 4.946014 5 0 0.000000
1653857457646405895 202.224331 4.944966 5 0 0.000000
1653857458659351669 202.587105 4.936098 5 0 0.000000
1653857459671870465 202.502278 4.938180 5 0 0.000000
1653857460685842706 337.989351 2.958661 3 0 0.000000
1653857461698554104 202.541204 4.937241 5 0 0.000000
1653857462710555985 202.399258 4.940702 5 0 0.000000
1653857463519670480 202.276720 4.943676 4 0 0.000000
1653857464127035199 202.453648 4.939372 3 0 0.000000
1653857465341808198 303.691900 3.292796 4 0 0.000000
1653857466557011209 303.798521 3.291631 4 0 0.000000
1653857467570864638 202.768979 4.931679 5 0 0.000000
1653857468607448457 207.315423 4.823537 5 0 0.000000
1653857469621966013 202.902130 4.928451 5 0 0.000000
1653857470635055923 202.616858 4.935396 5 0 0.000000
1653857471444995015 202.483811 4.938643 4 0 0.000000
1653857472658460387 404.487232 2.472258 3 0 0.000000
1653857473670313670 202.369637 4.941428 5 0 0.000000
1653857474684802435 202.896499 4.928591 5 0 0.000000
1653857475700204317 338.466423 2.954495 3 0 0.000000
1653857476308336381 202.709629 4.933139 3 0 0.000000
1653857477523385353 607.522246 1.646024 2 0 0.000000
1653857478538388980 338.332990 2.955655 3 0 0.000000
1653857479550419392 202.404780 4.940563 5 0 0.000000
1653857480156066140 201.880947 4.953383 3 0 0.000000
1653857481576571011 284.099315 3.519875 5 0 0.000000
1653857482589742337 202.632280 4.935000 5 0 0.000000
1653857483635521165 209.154671 4.781126 5 0 0.000000
1653857484649060782 202.706687 4.933206 5 0 0.000000
1653857485663033515 202.792869 4.931099 5 0 0.000000
1653857486677888539 202.969808 4.926812 5 0 0.000000
1653857487689486333 202.318266 4.942676 5 0 0.000000
1653857488700640339 202.228080 4.944845 5 0 0.000000
1653857489713627900 337.661131 2.961537 3 0 0.000000
1653857490726145945 202.502607 4.938184 5 0 0.000000
1653857491537534747 405.692869 2.464910 2 0 0.000000
1653857492550228820 202.537139 4.937325 5 0 0.000000
1653857493564242814 202.801064 4.930898 5 0 0.000000
1653857494576744473 202.498655 4.938264 5 0 0.000000
1653857495589502369 202.550391 4.937014 5 0 0.000000
1653857496601383722 337.291270 2.964774 3 0 0.000000
1653857497614790924 202.679929 4.933851 5 0 0.000000
1653857498641384754 205.316987 4.870475 5 0 0.000000
1653857499655007899 202.723529 4.932800 5 0 0.000000
1653857500668352016 202.667078 4.934158 5 0 0.000000
1653857501682079946 202.744243 4.932290 5 0 0.000000
1653857502694352048 202.452775 4.939383 5 0 0.000000
1653857503712308515 339.317743 2.947081 3 0 0.000000
1653857504726391183 202.815329 4.930564 5 0 0.000000
1653857505335522286 203.042084 4.925048 3 0 0.000000
1653857506552721941 304.298554 3.286232 4 0 0.000000
1653857507564600533 202.374570 4.941304 5 0 0.000000
1653857508578594200 202.797160 4.930997 5 0 0.000000
1653857509588287298 336.562699 2.971200 3 0 0.000000
1653857510600923574 202.526149 4.937607 5 0 0.000000
1653857511614447803 202.702674 4.933281 5 0 0.000000
1653857512625684079 202.245636 4.944443 5 0 0.000000
1653857513661346663 207.131207 4.827827 5 0 0.000000
1653857514675481729 202.825252 4.930310 5 0 0.000000
1653857515688236167 337.583019 2.962219 3 0 0.000000
1653857516700506410 202.452526 4.939392 5 0 0.000000
1653857517713316550 202.561044 4.936760 5 0 0.000000
1653857518724490904 202.233302 4.944746 5 0 0.000000
1653857519737737200 202.647786 4.934634 5 0 0.000000
1653857520548371448 202.657482 4.934408 4 0 0.000000
1653857521560777354 202.479410 4.938731 5 0 0.000000
1653857522572732117 202.389925 4.940932 5 0 0.000000
1653857523583874378 202.227172 4.944903 5 0 0.000000
1653857524595613263 202.346436 4.941987 5 0 0.000000
1653857525610488089 202.973711 4.926716 5 0 0.000000
1653857526625438090 202.988293 4.926351 5 0 0.000000
1653857527638065834 202.523719 4.937649 5 0 0.000000
1653857528685820094 349.249910 2.863267 3 0 0.000000
1653857529702006717 203.236046 4.920356 5 0 0.000000
1653857530715215845 202.640449 4.934815 5 0 0.000000
1653857531730629664 203.081369 4.924101 5 0 0.000000
1653857532742719297 202.416258 4.940274 5 0 0.000000
1653857533578948081 209.055445 4.783380 4 0 0.000000
1653857534595776096 203.364605 4.917252 5 0 0.000000
1653857535608252696 202.493757 4.938386 5 0 0.000000
1653857536622845522 202.917054 4.928085 5 0 0.000000
1653857537637216144 202.873012 4.929165 5 0 0.000000
1653857538650045897 202.564995 4.936664 5 0 0.000000
1653857539664705840 202.929877 4.927759 5 0 0.000000
1653857540679174286 202.892780 4.928689 5 0 0.000000
1653857541692403840 202.644839 4.934716 5 0 0.000000
1653857542708912714 203.300727 4.918796 5 0 0.000000
1653857543730526365 204.321169 4.894218 5 0 0.000000
1653857544743962237 202.685351 4.933711 5 0 0.000000
1653857545757762547 202.759016 4.931938 5 0 0.000000
1653857546368172380 610.408932 1.638244 1 0 0.000000
1653857547586108157 304.482567 3.284245 4 0 0.000000
1653857548601260133 203.029528 4.925371 5 0 0.000000
1653857549612016452 202.149006 4.946791 5 0 0.000000
1653857550627029344 203.001270 4.926046 5 0 0.000000
1653857551643904365 203.372967 4.917025 5 0 0.000000
1653857552658739600 202.965957 4.926908 5 0 0.000000
1653857553671835735 202.617201 4.935366 5 0 0.000000
1653857554688217430 203.274924 4.919412 5 0 0.000000
1653857555703166482 202.982629 4.926356 5 0 0.000000
1653857556718201707 203.005957 4.925937 5 0 0.000000
1653857557734084872 203.175721 4.921826 5 0 0.000000
1653857558760487969 205.279676 4.871380 5 0 0.000000
1653857559570405809 202.477236 4.938774 4 0 0.000000
1653857560578936272 201.704313 4.957708 5 0 0.000000
1653857561594221905 203.055978 4.924722 5 0 0.000000
1653857562609962923 203.147180 4.922515 5 0 0.000000
1653857563621454820 337.162113 2.965916 3 0 0.000000
1653857564636281543 202.963651 4.926949 5 0 0.000000
1653857565648460048 202.434805 4.939840 5 0 0.000000
1653857566662032859 202.713380 4.933045 5 0 0.000000
1653857567673825029 202.356729 4.941726 5 0 0.000000
1653857568687370277 202.707845 4.933179 5 0 0.000000
1653857569699818217 202.488051 4.938526 5 0 0.000000
1653857570713837754 202.802334 4.930871 5 0 0.000000
1653857571728429294 202.916911 4.928092 5 0 0.000000
1653857572742393207 337.986772 2.958685 3 0 0.000000
1653857573758615466 203.242827 4.920184 5 0 0.000000
1653857574773329685 202.941686 4.927496 5 0 0.000000
1653857575582538699 202.300793 4.943099 4 0 0.000000
1653857576596450359 202.780352 4.931396 5 0 0.000000
1653857577611867303 203.081812 4.924086 5 0 0.000000
1653857578661905508 210.005764 4.761731 5 0 0.000000
1653857579677294599 203.076582 4.924221 5 0 0.000000
1653857580490661208 203.340666 4.917832 4 0 0.000000
1653857581710589358 304.979906 3.278882 4 0 0.000000
1653857582725548541 202.990845 4.926306 5 0 0.000000
1653857583740219852 202.932876 4.927704 5 0 0.000000
1653857584753357566 202.626050 4.935163 5 0 0.000000
1653857585769384539 203.204018 4.921129 5 0 0.000000
1653857586782502444 337.705003 2.961156 3 0 0.000000
1653857587593110350 202.650173 4.934568 4 0 0.000000
1653857588606382791 202.653230 4.934507 5 0 0.000000
1653857589620224870 337.946054 2.959041 3 0 0.000000
1653857590635405128 203.034467 4.925234 5 0 0.000000
1653857591650989735 203.115170 4.923273 5 0 0.000000
1653857592667545552 203.309773 4.918569 5 0 0.000000
1653857593702798831 207.049287 4.829736 5 0 0.000000
1653857594718975254 203.234243 4.920405 5 0 0.000000
1653857595734489773 203.101787 4.923613 5 0 0.000000
1653857596749371685 202.975042 4.926682 5 0 0.000000
1653857597762742952 202.673342 4.934026 5 0 0.000000
1653857598776974281 338.075356 2.957905 3 0 0.000000
1653857599793021866 203.207876 4.921029 5 0 0.000000
1653857600606931026 406.953242 2.457277 2 0 0.000000
1653857601622690876 203.150916 4.922423 5 0 0.000000
1653857602637310557 202.922562 4.927955 5 0 0.000000
1653857603652841365 203.104855 4.923534 5 0 0.000000
1653857604667472594 202.925376 4.927899 5 0 0.000000
1653857605679614111 202.427346 4.940021 5 0 0.000000
1653857606696417091 203.359141 4.917373 5 0 0.000000
1653857607710223498 202.759512 4.931908 5 0 0.000000
1653857608521401177 202.793273 4.931102 4 0 0.000000
1653857609735050401 303.411066 3.295845 4 0 0.000000
1653857610750550130 203.098285 4.923684 5 0 0.000000
1653857611764838044 202.856250 4.929567 5 0 0.000000
1653857612777886902 337.681697 2.961358 3 0 0.000000
1653857613790941888 337.681465 2.961340 3 0 0.000000
1653857614602695828 202.937308 4.927602 4 0 0.000000
1653857615414800951 203.025276 4.925471 4 0 0.000000
1653857616633831809 304.756435 3.281295 4 0 0.000000
1653857617647966152 202.825606 4.930313 5 0 0.000000
1653857618661963716 202.797792 4.930978 5 0 0.000000
1653857619674581961 202.521946 4.937695 5 0 0.000000
1653857620690566990 338.660407 2.952799 3 0 0.000000
1653857621705411868 202.967300 4.926861 5 0 0.000000
1653857622722476428 339.019994 2.949665 3 0 0.000000
1653857623741438046 203.789973 4.906956 5 0 0.000000
1653857624758459892 203.403115 4.916316 5 0 0.000000
1653857625774154245 203.137883 4.922741 5 0 0.000000
1653857626787367562 202.641582 4.934795 5 0 0.000000
1653857627804707278 339.112284 2.948867 3 0 0.000000
1653857628613516831 202.200848 4.945540 4 0 0.000000
1653857629629399237 203.175026 4.921830 5 0 0.000000
1653857630642929187 337.842188 2.959952 3 0 0.000000
1653857631656450438 202.703004 4.933296 5 0 0.000000
1653857632670848502 202.877815 4.929032 5 0 0.000000
1653857633685993105 203.027892 4.925407 5 0 0.000000
1653857634699865177 202.773252 4.931589 5 0 0.000000
1653857635715000778 203.026068 4.925450 5 0 0.000000
1653857636728683960 202.735372 4.932508 5 0 0.000000
1653857637744300639 203.122161 4.923117 5 0 0.000000
1653857638786129585 208.363960 4.799252 5 0 0.000000
1653857639802647028 203.302349 4.918755 5 0 0.000000
1653857640615346933 203.174062 4.921866 4 0 0.000000
1653857641625594344 202.047709 4.949283 5 0 0.000000
1653857642639349816 202.750034 4.932156 5 0 0.000000
1653857643655471304 203.222967 4.920671 5 0 0.000000
1653857644668447017 202.593610 4.935952 5 0 0.000000
1653857645682314611 202.771924 4.931610 5 0 0.000000
1653857646698357243 203.207544 4.921053 5 0 0.000000
1653857647713830704 338.489794 2.954287 3 0 0.000000
1653857648730956253 339.040183 2.949488 3 0 0.000000
1653857649744690856 202.745388 4.932257 5 0 0.000000
1653857650758846707 202.829824 4.930209 5 0 0.000000
1653857651775714413 203.372162 4.917060 5 0 0.000000
1653857652789767755 202.809354 4.930707 5 0 0.000000
1653857653627471569 209.424107 4.774957 4 0 0.000000
1653857654643187794 203.141983 4.922635 5 0 0.000000
1653857655656735027 202.708110 4.933169 5 0 0.000000
1653857656671677184 202.987355 4.926389 5 0 0.000000
1653857657484585294 203.226020 4.920605 4 0 0.000000
1653857658700756298 304.040797 3.289011 4 0 0.000000
1653857659717275515 203.301792 4.918746 5 0 0.000000
1653857660733071321 203.157885 4.922249 5 0 0.000000
1653857661745766806 202.537893 4.937318 5 0 0.000000
1653857662758769966 202.599327 4.935819 5 0 0.000000
1653857663569337767 202.639105 4.934812 4 0 0.000000
1653857664788847124 304.875994 3.280008 4 0 0.000000
1653857665803681721 202.965993 4.926911 5 0 0.000000
1653857666818966579 203.055154 4.924726 5 0 0.000000
1653857667833077951 202.771697 4.930425 5 0 0.000000
1653857668657336839 206.062761 4.852844 4 0 0.000000
1653857669671035910 202.738762 4.932430 5 0 0.000000
1653857670683431181 337.464142 2.963269 3 0 0.000000
1653857671697802046 202.872821 4.929164 5 0 0.000000
1653857672711972952 202.833101 4.930136 5 0 0.000000
1653857673728352047 203.273964 4.919424 5 0 0.000000
1653857674744091700 203.146492 4.922521 5 0 0.000000
1653857675760632684 203.307203 4.918641 5 0 0.000000
1653857676369452580 202.939097 4.927566 3 0 0.000000
1653857677787774983 354.579138 2.820233 4 0 0.000000
1653857678800978021 202.638931 4.934845 5 0 0.000000
1653857679815749489 202.953446 4.927218 5 0 0.000000
1653857680832894387 203.427743 4.915720 5 0 0.000000
1653857681645732481 203.207988 4.921029 4 0 0.000000
1653857682661983564 338.749015 2.952026 3 0 0.000000
1653857683067904464 202.959238 4.927068 2 0 0.000000
1653857684702024724 326.822954 3.059750 5 0 0.000000
1653857685715231343 202.640376 4.934828 5 0 0.000000
1653857686729624493 202.877199 4.929055 5 0 0.000000
1653857687541861207 203.058140 4.924673 4 0 0.000000
1653857688759718135 608.925328 1.642229 2 0 0.000000
1653857689772937382 202.642633 4.934766 5 0 0.000000
1653857690586846238 203.475469 4.914555 4 0 0.000000
1653857691804597901 304.436415 3.284742 4 0 0.000000
1653857692820358932 338.585688 2.953451 3 0 0.000000
1653857693835146797 202.956487 4.927138 5 0 0.000000
1653857694647765813 203.153855 4.922356 4 0 0.000000
1653857695664595455 203.364898 4.917245 5 0 0.000000
1653857696680071895 203.094234 4.923797 5 0 0.000000
1653857697290357798 203.427649 4.915729 3 0 0.000000
1653857698525802918 308.859482 3.237699 4 0 0.000000
1653857699541116385 338.435625 2.954753 3 0 0.000000
1653857700761117782 304.998759 3.278685 4 0 0.000000
1653857701776127987 203.000220 4.926059 5 0 0.000000
1653857702789490960 202.671160 4.934066 5 0 0.000000
1653857703802058457 202.512039 4.937942 5 0 0.000000
1653857704814589244 202.503823 4.938121 5 0 0.000000
1653857705830581202 203.196542 4.921299 5 0 0.000000
1653857706845386942 338.267181 2.956231 3 0 0.000000
1653857707657850988 203.114762 4.923295 4 0 0.000000
1653857708699299327 208.288522 4.801006 5 0 0.000000
1653857709717454493 339.384197 2.946506 3 0 0.000000
1653857710530683972 203.306260 4.918661 4 0 0.000000
1653857711748803108 304.528830 3.283751 4 0 0.000000
1653857712358840665 203.344306 4.917730 3 0 0.000000
1653857713779340660 284.098470 3.519887 5 0 0.000000
1653857714789869596 336.841399 2.968742 3 0 0.000000
1653857715807583139 339.236976 2.947784 3 0 0.000000
1653857716821230739 202.728278 4.932681 5 0 0.000000
1653857717429731236 202.832280 4.930152 3 0 0.000000
1653857718851804896 284.413624 3.515992 5 0 0.000000
1653857719663067218 202.814283 4.930588 4 0 0.000000
1653857720677704364 202.926301 4.927870 5 0 0.000000
1653857721692893262 338.395024 2.955115 3 0 0.000000
1653857722709423153 203.304982 4.918695 5 0 0.000000
1653857723741313181 206.376814 4.845478 5 0 0.000000
1653857724758037351 203.343736 4.917755 5 0 0.000000
1653857725772331689 338.096155 2.957721 3 0 0.000000
1653857726788386057 338.683103 2.952598 3 0 0.000000
1653857727398295008 203.301267 4.918767 3 0 0.000000
1653857728411304834 337.668824 2.961472 3 0 0.000000
1653857729831048141 473.246259 2.113058 3 0 0.000000
1653857730847239213 338.728464 2.952201 3 0 0.000000
1653857731859719961 202.494667 4.938365 5 0 0.000000
1653857732672450220 203.179747 4.921682 4 0 0.000000
1653857733512015765 209.890307 4.764369 4 0 0.000000
1653857734725222008 303.299958 3.297049 4 0 0.000000
1653857735333824890 202.866705 4.929323 3 0 0.000000
1653857736757790275 284.791795 3.511321 5 0 0.000000
1653857737771249630 202.690182 4.933597 5 0 0.000000
1653857738787467576 203.242517 4.920204 5 0 0.000000
1653857739802664053 203.038246 4.925155 5 0 0.000000
1653857740817824038 203.031055 4.925332 5 0 0.000000
1653857741830551204 202.544097 4.937164 5 0 0.000000
1653857742843274542 337.573103 2.962310 3 0 0.000000
1653857743864462738 204.235576 4.896257 5 0 0.000000
1653857744677163756 203.174373 4.921859 4 0 0.000000
1653857745690755041 202.717259 4.932955 5 0 0.000000
1653857746502688958 202.982478 4.926509 4 0 0.000000
1653857747718691491 303.999178 3.289467 4 0 0.000000
1653857748756675956 207.595839 4.817028 5 0 0.000000
1653857749772314226 203.126582 4.923013 5 0 0.000000
1653857750787676175 203.070688 4.924352 5 0 0.000000
1653857751802745030 203.012429 4.925774 5 0 0.000000
1653857752818760378 203.202270 4.921185 5 0 0.000000
1653857753834489204 203.144543 4.922574 5 0 0.000000
1653857754849066286 338.191325 2.956897 3 0 0.000000
1653857755865929814 203.371251 4.917081 5 0 0.000000
1653857756881547601 203.122249 4.923112 5 0 0.000000
1653857757692104001 202.638091 4.934882 4 0 0.000000
1653857758708281279 203.234181 4.920401 5 0 0.000000
1653857759720934792 202.529342 4.937523 5 0 0.000000
1653857760735441348 202.899748 4.928504 5 0 0.000000
1653857761750529581 203.016763 4.925680 5 0 0.000000
1653857762766579655 203.208173 4.921017 5 0 0.000000
1653857763802811207 207.244836 4.825176 5 0 0.000000
1653857764819346694 203.306210 4.918667 5 0 0.000000
1653857765834129800 202.955695 4.927161 5 0 0.000000
1653857766848149239 507.007836 1.972349 2 0 0.000000
1653857767863337737 203.036277 4.925194 5 0 0.000000
1653857768879084629 203.147966 4.922486 5 0 0.000000
1653857769692403041 203.328433 4.918123 4 0 0.000000
1653857770707003964 338.199406 2.956828 3 0 0.000000
1653857771720119875 506.556598 1.974108 2 0 0.000000
1653857772733464972 202.667423 4.934153 5 0 0.000000
1653857773783167213 209.938553 4.763255 5 0 0.000000
1653857774799757422 203.317064 4.918403 5 0 0.000000
1653857775815675687 203.182180 4.921656 5 0 0.000000
1653857776829484929 202.760448 4.931894 5 0 0.000000
1653857777844517553 203.005152 4.925950 5 0 0.000000
1653857778861151679 203.324976 4.918190 5 0 0.000000
1653857779875116982 337.987402 2.958681 3 0 0.000000
1653857780890845047 203.144210 4.922577 5 0 0.000000
1653857781702868294 203.004951 4.925967 4 0 0.000000
1653857782716548097 202.733979 4.932524 5 0 0.000000
1653857783730466523 202.782389 4.931363 5 0 0.000000
1653857784744316607 337.948332 2.959017 3 0 0.000000
1653857785554713608 202.598018 4.935852 4 0 0.000000
1653857786774205639 304.863798 3.280054 4 0 0.000000
1653857787788196123 202.797097 4.931013 5 0 0.000000
1653857788816635709 205.686603 4.861734 5 0 0.000000
1653857789830130935 202.697715 4.933422 5 0 0.000000
1653857790845884795 203.149416 4.922452 5 0 0.000000
1653857791861768524 203.175686 4.921823 5 0 0.000000
1653857792877659994 203.177388 4.921786 5 0 0.000000
1653857793891776768 338.037612 2.958239 3 0 0.000000
1653857794905904719 202.824171 4.930344 5 0 0.000000
1653857795719615093 203.426494 4.915754 4 0 0.000000
1653857796735742786 203.223976 4.920641 5 0 0.000000
1653857797750638403 202.978113 4.926615 5 0 0.000000
1653857798766162274 203.103526 4.923567 5 0 0.000000
1653857799782940875 203.354654 4.917491 5 0 0.000000
1653857800799337955 203.278354 4.919337 5 0 0.000000
1653857801812968709 337.875168 2.959657 3 0 0.000000
1653857802827762362 202.956326 4.927111 5 0 0.000000
1653857803850304180 340.846261 2.933865 3 0 0.000000
1653857804866762686 203.290082 4.919040 5 0 0.000000
1653857805882413703 203.129194 4.922951 5 0 0.000000
1653857806899850206 339.144149 2.948587 3 0 0.000000
1653857807712121519 203.066814 4.924463 4 0 0.000000
1653857808725877073 202.750011 4.932155 5 0 0.000000
1653857809741624409 203.148273 4.922484 5 0 0.000000
1653857810757613335 203.196585 4.921313 5 0 0.000000
1653857811772928321 203.061564 4.924580 5 0 0.000000
1653857812382215797 203.094837 4.923784 3 0 0.000000
1653857813797826600 283.120532 3.532044 5 0 0.000000
1653857814812344917 202.902754 4.928447 5 0 0.000000
1653857815827026864 202.935205 4.927653 5 0 0.000000
1653857816839849647 202.563685 4.936698 5 0 0.000000
1653857817449681160 203.276202 4.919392 3 0 0.000000
1653857818894043048 288.870456 3.461736 5 0 0.000000
1653857819910841769 338.931474 2.950436 3 0 0.000000
1653857820721873647 202.756034 4.931989 4 0 0.000000
1653857821805686581 361.269071 2.768005 3 0 0.000000
1653857822822411387 203.342917 4.917752 5 0 0.000000
1653857823838318824 203.180255 4.921708 5 0 0.000000
1653857824852558765 202.846936 4.929800 5 0 0.000000
1653857825665690735 203.281655 4.919251 4 0 0.000000
1653857826884700928 609.503284 1.640675 2 0 0.000000
1653857827900491795 203.157202 4.922273 5 0 0.000000
1653857828509551110 203.018306 4.925629 3 0 0.000000
1653857829726035800 304.119692 3.288163 4 0 0.000000
1653857830743480294 339.146054 2.948564 3 0 0.000000
1653857831557347144 203.465778 4.914809 4 0 0.000000
1653857832776849113 304.874155 3.280027 4 0 0.000000
1653857833387152628 203.433536 4.915587 3 0 0.000000
1653857834806371503 354.803464 2.818452 4 0 0.000000
1653857835821686995 203.060762 4.924578 5 0 0.000000
1653857836430496484 202.935087 4.927650 3 0 0.000000
1653857837853628402 284.624837 3.513378 5 0 0.000000
1653857838902726213 209.817769 4.766000 5 0 0.000000
1653857839919706629 203.394973 4.916516 5 0 0.000000
1653857840733304107 203.397985 4.916436 4 0 0.000000
1653857841748551377 203.048302 4.924909 5 0 0.000000
1653857842765636011 203.415941 4.916012 5 0 0.000000
1653857843779284951 337.880552 2.959605 3 0 0.000000
1653857844794184241 202.978413 4.926597 5 0 0.000000
1653857845809845026 203.130840 4.922904 5 0 0.000000
1653857846823998255 202.829546 4.930221 5 0 0.000000
1653857847839832594 203.165357 4.922062 5 0 0.000000
1653857848857353063 203.502645 4.913906 5 0 0.000000
1653857849872317799 202.991569 4.926280 5 0 0.000000
1653857850887365665 203.007946 4.925876 5 0 0.000000
1653857851903109902 203.147669 4.922499 5 0 0.000000
1653857852919312405 203.239142 4.920279 5 0 0.000000
1653857853935754821 203.287577 4.919118 5 0 0.000000
1653857854748169017 203.102560 4.923597 4 0 0.000000
1653857855765004079 338.943678 2.950331 3 0 0.000000
1653857856781365436 203.270524 4.919510 5 0 0.000000
1653857857391272449 203.301420 4.918783 3 0 0.000000
1653857858813135043 284.370769 3.516514 5 0 0.000000
1653857859828038045 202.979312 4.926579 5 0 0.000000
1653857860843352914 203.061782 4.924581 5 0 0.000000
1653857861858967690 338.536091 2.953876 3 0 0.000000
1653857862872474986 202.700225 4.933364 5 0 0.000000
1653857863888912545 203.286309 4.919141 5 0 0.000000
1653857864702539861 203.405957 4.916256 4 0 0.000000
1653857865917771096 303.806814 3.291555 4 0 0.000000
1653857866934807342 203.406293 4.916246 5 0 0.000000
1653857867747205510 203.098543 4.923694 4 0 0.000000
1653857868784369133 345.720316 2.892504 3 0 0.000000
1653857869801065722 203.337204 4.917888 5 0 0.000000
1653857870815842061 202.953468 4.927194 5 0 0.000000
1653857871831281158 203.086821 4.923978 5 0 0.000000
1653857872847228513 203.187876 4.921515 5 0 0.000000
1653857873864699122 203.492597 4.914147 5 0 0.000000
1653857874879487940 202.956171 4.927134 5 0 0.000000
1653857875896856676 203.472577 4.914639 5 0 0.000000
1653857876913277716 203.282763 4.919221 5 0 0.000000
1653857877522656997 203.125535 4.923042 3 0 0.000000
1653857878740265906 304.400021 3.285127 4 0 0.000000
1653857879756508142 338.745989 2.952052 3 0 0.000000
1653857880772906054 203.278370 4.919333 5 0 0.000000
1653857881788824159 338.637923 2.952994 3 0 0.000000
1653857882805486093 203.331276 4.918056 5 0 0.000000
1653857883415151937 203.218949 4.920728 3 0 0.000000
1653857884845594490 286.086841 3.495422 5 0 0.000000
1653857885862055179 203.290795 4.919029 5 0 0.000000
1653857886878432164 203.274379 4.919435 5 0 0.000000
1653857887893297215 202.971852 4.926763 5 0 0.000000
1653857888908677437 338.459249 2.954558 3 0 0.000000
1653857889925744229 203.411176 4.916098 5 0 0.000000
1653857890942231346 203.295893 4.918901 5 0 0.000000
1653857891958795722 203.311356 4.918528 5 0 0.000000
1653857892771404874 203.151121 4.922416 4 0 0.000000
1653857893787041125 203.126296 4.923022 5 0 0.000000
1653857894801799681 202.950523 4.927281 5 0 0.000000
1653857895819660314 203.571275 4.912264 5 0 0.000000
1653857896832864601 337.733042 2.960903 3 0 0.000000
1653857897849924518 203.410495 4.916131 5 0 0.000000
1653857898695846349 211.479318 4.728569 4 0 0.000000
1653857899913893395 609.021348 1.641973 2 0 0.000000
1653857900930727780 338.942544 2.950333 3 0 0.000000
1653857901946788467 203.210556 4.920966 5 0 0.000000
1653857902760110896 203.329608 4.918099 4 0 0.000000
1653857903787608949 205.492964 4.866189 5 0 0.000000
1653857904801785478 202.834162 4.930108 5 0 0.000000
1653857905817865985 203.215121 4.920870 5 0 0.000000
1653857906834836436 203.392774 4.916564 5 0 0.000000
1653857907851590555 203.349620 4.917610 5 0 0.000000
1653857908886468860 206.974295 4.831486 5 0 0.000000
1653857909903220501 203.348819 4.917622 5 0 0.000000
1653857910918971487 203.148729 4.922466 5 0 0.000000
1653857911728995318 202.504631 4.938126 4 0 0.000000
1653857912950106059 305.276295 3.275706 4 0 0.000000
1653857913966720928 203.321877 4.918283 5 0 0.000000
1653857914778905815 203.044063 4.924987 4 0 0.000000
1653857915795148119 203.247122 4.920086 5 0 0.000000
1653857916812633842 203.496038 4.914074 5 0 0.000000
1653857917828736912 203.219654 4.920761 5 0 0.000000
1653857918843987125 203.048930 4.924894 5 0 0.000000
1653857919860152118 203.231381 4.920461 5 0 0.000000
1653857920877226332 203.413934 4.916062 5 0 0.000000
1653857921894259582 203.405710 4.916260 5 0 0.000000
1653857922909905681 203.128304 4.922975 5 0 0.000000
1653857923926233292 203.264444 4.919674 5 0 0.000000
1653857924954934345 205.738271 4.860499 5 0 0.000000
1653857925970985484 203.208637 4.921012 5 0 0.000000
1653857926784456807 203.366413 4.917198 4 0 0.000000
1653857927799372912 202.981738 4.926516 5 0 0.000000
1653857928816324020 203.389208 4.916657 5 0 0.000000
1653857929832133358 203.160465 4.922184 5 0 0.000000
1653857930849664040 339.175668 2.948314 3 0 0.000000
1653857931863258306 337.863653 2.959764 3 0 0.000000
1653857932879672709 203.281751 4.919253 5 0 0.000000
1653857933917774447 207.619297 4.816484 5 0 0.000000
1653857934933496808 203.142420 4.922605 5 0 0.000000
1653857935950812633 203.461546 4.914894 5 0 0.000000
1653857936966752448 203.186877 4.921551 5 0 0.000000
1653857937980950566 338.065117 2.958002 3 0 0.000000
1653857938388051423 203.548946 4.912787 2 0 0.000000
1653857939806788034 354.682200 2.819410 4 0 0.000000
1653857940822176786 338.461718 2.954533 3 0 0.000000
1653857941839359309 203.434864 4.915539 5 0 0.000000
1653857942853599781 202.846832 4.929797 5 0 0.000000
1653857943869728532 203.224898 4.920636 5 0 0.000000
1653857944886242739 203.301551 4.918771 5 0 0.000000
1653857945902752631 203.301067 4.918791 5 0 0.000000
1653857946918195142 203.087549 4.923962 5 0 0.000000
1653857947934637914 338.813242 2.951470 3 0 0.000000
1653857948958482805 341.279680 2.930131 3 0 0.000000
1653857949974953626 203.293034 4.918980 5 0 0.000000
1653857950992167604 203.441025 4.915387 5 0 0.000000
1653857951805910378 203.433943 4.915558 4 0 0.000000
1653857952821041753 203.025149 4.925471 5 0 0.000000
1653857953838236524 203.437011 4.915480 5 0 0.000000
1653857954853705828 203.092504 4.923832 5 0 0.000000
1653857955869249966 203.107936 4.923469 5 0 0.000000
1653857956885462522 203.241485 4.920230 5 0 0.000000
1653857957901740013 203.254494 4.919916 5 0 0.000000
1653857958918485795 203.347772 4.917650 5 0 0.000000
1653857959932857934 202.873207 4.929157 5 0 0.000000
1653857960949454042 203.317675 4.918374 5 0 0.000000
1653857961964926883 203.093047 4.923815 5 0 0.000000
1653857962979488646 202.910439 4.928236 5 0 0.000000
1653857963816528424 209.258687 4.778745 4 0 0.000000
1653857964832498447 203.192255 4.921405 5 0 0.000000
1653857965849193874 203.337729 4.917894 5 0 0.000000
1653857966864272980 203.014771 4.925724 5 0 0.000000
1653857967879509984 338.410786 2.954975 3 0 0.000000
1653857968896032987 203.303180 4.918728 5 0 0.000000
1653857969912634007 203.318815 4.918350 5 0 0.000000
1653857970928648430 203.201320 4.921190 5 0 0.000000
1653857971945289382 203.326616 4.918157 5 0 0.000000
1653857972962179864 203.377169 4.916950 5 0 0.000000
1653857973978616808 203.285966 4.919144 5 0 0.000000
1653857974384715706 203.047460 4.924909 2 0 0.000000
1653857976005679444 324.191341 3.084585 5 0 0.000000
1653857976614934705 203.083938 4.924044 3 0 0.000000
1653857977831923209 304.245633 3.286802 4 0 0.000000
1653857978873304296 347.126017 2.880790 3 0 0.000000
1653857979890915029 203.520682 4.913470 5 0 0.000000
1653857980094362648 203.446888 4.915267 1 0 0.000000
1653857981919641249 456.318067 2.191446 4 0 0.000000
1653857982936058520 203.282133 4.919239 5 0 0.000000
1653857983952551365 203.296926 4.918873 5 0 0.000000
1653857984968305836 203.149221 4.922450 5 0 0.000000
1653857985986103887 203.557703 4.912566 5 0 0.000000
1653857987003563304 203.490178 4.914201 5 0 0.000000
1653857987816857183 203.322493 4.918271 4 0 0.000000
1653857988833180903 203.262833 4.919692 5 0 0.000000
1653857989850165847 203.395622 4.916494 5 0 0.000000
1653857990867434085 203.452399 4.915124 5 0 0.000000
1653857991884713336 203.454762 4.915071 5 0 0.000000
1653857992495028079 203.437082 4.915496 3 0 0.000000
1653857993932650754 479.206059 2.086778 3 0 0.000000
1653857994948693161 203.206786 4.921055 5 0 0.000000
1653857995963436210 202.947429 4.927356 5 0 0.000000
1653857996776538548 203.273859 4.919430 4 0 0.000000
1653857997996811750 305.066269 3.277954 4 0 0.000000
1653857999014506479 203.537860 4.913064 5 0 0.000000
1653857999421481596 203.486136 4.914307 2 0 0.000000
1653858000841982100 284.098506 3.519886 5 0 0.000000
1653858001859203176 339.072620 2.949211 3 0 0.000000
1653858002875275518 338.689655 2.952546 3 0 0.000000
1653858003921062810 209.156619 4.781087 5 0 0.000000
1653858004937878924 203.361774 4.917310 5 0 0.000000
1653858005954060819 203.235435 4.920379 5 0 0.000000
1653858006970075072 203.201135 4.921191 5 0 0.000000
1653858007984727259 202.929440 4.927797 5 0 0.000000
1653858009000589041 338.619825 2.953157 3 0 0.000000
1653858010016576600 338.660489 2.952792 3 0 0.000000
1653858010846140781 207.389297 4.821810 4 0 0.000000
1653858011860206276 338.020292 2.958389 3 0 0.000000
1653858012876053619 203.168445 4.921999 5 0 0.000000
1653858013903205708 205.428739 4.867828 5 0 0.000000
1653858014918490620 203.055199 4.924726 5 0 0.000000
1653858015931371531 337.624970 2.961849 3 0 0.000000
1653858016948833575 203.491315 4.914188 5 0 0.000000
1653858017963430522 202.838311 4.928065 5 0 0.000000
1653858018979756497 203.264205 4.919681 5 0 0.000000
1653858019995129926 203.073251 4.924297 5 0 0.000000
1653858020605191784 203.352900 4.917534 3 0 0.000000
1653858022027927031 284.545957 3.514357 5 0 0.000000
1653858022839739524 202.952194 4.927246 4 0 0.000000
1653858023856648786 203.380845 4.916860 5 0 0.000000
1653858024874608200 1017.958552 0.982357 1 0 0.000000
1653858025889016864 202.879557 4.928980 5 0 0.000000
1653858026903979266 202.991106 4.926291 5 0 0.000000
1653858027920748551 203.352446 4.917536 5 0 0.000000
1653858028971963772 210.241860 4.756400 5 0 0.000000
