1653857214311913538 273.874705 3.650896 3 0 0.000000
1653857215332070306 204.028825 4.901208 5 0 0.000000
1653857216349879082 203.559878 4.912514 5 0 0.000000
1653857217367344284 203.490760 4.914173 5 0 0.000000
1653857218383658579 508.151557 1.967895 2 0 0.000000
1653857219397036700 202.673122 4.933993 5 0 0.000000
1653857220412606036 203.111761 4.923347 5 0 0.000000
1653857221426803532 338.063284 2.958004 3 0 0.000000
1653857222446753868 203.987761 4.902199 5 0 0.000000
1653857223461887476 203.024646 4.925460 5 0 0.000000
1653857224474438293 202.509067 4.938024 5 0 0.000000
1653857225488029279 202.716724 4.932956 5 0 0.000000
1653857226297020182 202.245977 4.944431 4 0 0.000000
1653857227309432057 202.480008 4.938702 5 0 0.000000
1653857228322601601 202.632907 4.935008 5 0 0.000000
1653857228726858009 202.124893 4.947355 2 0 0.000000
1653857230151393604 474.842680 2.105949 3 0 0.000000
1653857231367190541 303.946123 3.290023 4 0 0.000000
1653857232378089006 202.178074 4.946095 5 0 0.000000
1653857233390393967 202.459760 4.939223 5 0 0.000000
1653857234405151313 338.250776 2.956372 3 0 0.000000
1653857235416979929 202.364206 4.941548 5 0 0.000000
1653857236429716046 202.546177 4.937120 5 0 0.000000
1653857237451400102 204.334998 4.893881 5 0 0.000000
1653857238463343983 202.387586 4.940985 5 0 0.000000
1653857239069955040 202.197798 4.945508 3 0 0.000000
1653857240483830147 282.773041 3.536380 5 0 0.000000
1653857241495282755 202.288683 4.943385 5 0 0.000000
1653857242310079031 203.697043 4.909203 4 0 0.000000
1653857243322215439 202.426294 4.940046 5 0 0.000000
1653857244333433366 202.242217 4.944533 5 0 0.000000
1653857245346544209 202.620012 4.935294 5 0 0.000000
1653857246358242335 337.231312 2.965311 3 0 0.000000
1653857247369320878 202.213499 4.945215 5 0 0.000000
1653857248379511757 202.036834 4.949559 5 0 0.000000
1653857249388627200 201.820871 4.954835 5 0 0.000000
1653857250399332523 202.139558 4.947040 5 0 0.000000
1653857251006420500 202.361614 4.941623 3 0 0.000000
1653857252419953085 282.705080 3.537237 5 0 0.000000
1653857253431623685 202.332798 4.942320 5 0 0.000000
1653857254444497799 202.573392 4.936448 5 0 0.000000
1653857255456160693 202.331206 4.942358 5 0 0.000000
1653857256469007175 202.567659 4.936582 5 0 0.000000
1653857257506378439 207.472345 4.819875 5 0 0.000000
1653857258315723150 202.335119 4.942270 4 0 0.000000
1653857259327086710 337.119026 2.966292 3 0 0.000000
1653857260335642889 201.710002 4.957582 5 0 0.000000
1653857261345805137 202.029229 4.949700 5 0 0.000000
1653857262358793772 202.596002 4.935889 5 0 0.000000
1653857262964250087 201.816447 4.954941 3 0 0.000000
1653857264379151488 282.978926 3.533815 5 0 0.000000
1653857265389908498 202.149310 4.946787 5 0 0.000000
1653857266400874009 202.192044 4.945767 5 0 0.000000
1653857267412123963 202.247638 4.944376 5 0 0.000000
1653857268017754282 605.628776 1.651172 1 0 0.000000
1653857269433107285 283.068469 3.532688 5 0 0.000000
1653857270443224444 202.022209 4.949921 5 0 0.000000
1653857271455334667 202.420291 4.940173 5 0 0.000000
1653857272466870764 202.304522 4.942977 5 0 0.000000
1653857273482780778 1015.909062 0.984339 1 0 0.000000
1653857274491921584 201.826226 4.954710 5 0 0.000000
1653857275504462563 202.506220 4.938072 5 0 0.000000
1653857275909260876 202.397599 4.940732 2 0 0.000000
1653857277339739290 357.617480 2.796267 4 0 0.000000
1653857278350078771 202.066303 4.948832 5 0 0.000000
1653857279360343942 202.051547 4.949196 5 0 0.000000
1653857280372234683 202.376677 4.941245 5 0 0.000000
1653857281384762832 202.504217 4.938134 5 0 0.000000
1653857282414381679 205.922034 4.856166 5 0 0.000000
1653857283021264231 202.292140 4.943296 3 0 0.000000
1653857284442566348 473.765699 2.110740 3 0 0.000000
1653857285453694412 202.223941 4.944972 5 0 0.000000
1653857286464480382 202.155679 4.946646 5 0 0.000000
1653857287475545793 202.211708 4.945279 5 0 0.000000
1653857288486673177 202.224345 4.944975 5 0 0.000000
1653857289498811073 202.425884 4.940038 5 0 0.000000
1653857290106952246 202.712328 4.933065 3 0 0.000000
1653857291524822442 283.572771 3.526416 5 0 0.000000
1653857292333984733 202.289095 4.943384 4 0 0.000000
1653857293344476764 202.096975 4.948085 5 0 0.000000
1653857294357306504 202.564856 4.936664 5 0 0.000000
1653857294964377663 202.355987 4.941760 3 0 0.000000
1653857296381541517 354.289418 2.822539 4 0 0.000000
1653857297421278472 207.946014 4.808909 5 0 0.000000
1653857298432903163 202.323133 4.942544 5 0 0.000000
1653857299444407937 202.299408 4.943131 5 0 0.000000
1653857300459266054 338.284085 2.956078 3 0 0.000000
1653857301472011349 202.547941 4.937076 5 0 0.000000
1653857302484697740 202.535142 4.937363 5 0 0.000000
1653857303090120927 201.805796 4.955212 3 0 0.000000
1653857304503694642 282.712994 3.537134 5 0 0.000000
1653857305515356274 202.330475 4.942364 5 0 0.000000
1653857306525578155 202.042637 4.949408 5 0 0.000000
1653857307537395956 202.362370 4.941601 5 0 0.000000
1653857308345555866 202.038705 4.949515 4 0 0.000000
1653857309353870564 201.661132 4.958769 5 0 0.000000
1653857310368771938 338.299115 2.955952 3 0 0.000000
1653857310975024168 202.083189 4.948435 3 0 0.000000
1653857312424842742 289.961946 3.448707 5 0 0.000000
1653857313438531816 337.894638 2.959487 3 0 0.000000
1653857314246518460 201.995444 4.950577 4 0 0.000000
1653857315458078836 605.775023 1.650764 2 0 0.000000
1653857316469622040 202.307216 4.942943 5 0 0.000000
1653857317481748425 202.424054 4.940094 5 0 0.000000
1653857318494231026 202.494308 4.938357 5 0 0.000000
1653857319506466831 202.444943 4.939560 5 0 0.000000
1653857320517074151 202.118236 4.947520 5 0 0.000000
1653857321528568742 202.297538 4.943180 5 0 0.000000
1653857322540695826 202.423455 4.940091 5 0 0.000000
1653857323349770823 404.536472 2.471959 2 0 0.000000
1653857324360763466 202.197450 4.945634 5 0 0.000000
1653857325372109520 202.266922 4.943906 5 0 0.000000
1653857326382597593 336.827023 2.968862 3 0 0.000000
1653857327393165273 202.111652 4.947714 5 0 0.000000
1653857327797978048 202.404524 4.940555 2 0 0.000000
1653857329413687507 538.567819 1.856770 3 0 0.000000
1653857330425847444 202.430515 4.939931 5 0 0.000000
1653857331436524531 202.129003 4.947179 5 0 0.000000
1653857332478109544 208.315906 4.800376 5 0 0.000000
1653857333490050545 202.386437 4.941000 5 0 0.000000
1653857334098525138 202.823622 4.930362 3 0 0.000000
1653857335511142439 282.521731 3.539529 5 0 0.000000
1653857336521267619 202.022986 4.949882 5 0 0.000000
1653857337531619111 202.068966 4.948773 5 0 0.000000
1653857338543061616 202.287497 4.943435 5 0 0.000000
1653857339554857892 202.358125 4.941706 5 0 0.000000
1653857340363869260 202.251574 4.944306 4 0 0.000000
1653857341170459567 201.645844 4.959147 4 0 0.000000
1653857342385235188 303.692049 3.292789 4 0 0.000000
1653857343400785893 338.515886 2.954062 3 0 0.000000
1653857344413562597 202.554144 4.936922 5 0 0.000000
1653857345426186071 202.523328 4.937670 5 0 0.000000
1653857346436995172 336.935178 2.967919 3 0 0.000000
1653857347448330257 202.265184 4.943960 5 0 0.000000
1653857348459151927 202.162972 4.946471 5 0 0.000000
1653857349268437804 202.320330 4.942629 4 0 0.000000
1653857350480881132 404.146003 2.474342 3 0 0.000000
1653857351492720743 202.366067 4.941495 5 0 0.000000
1653857352531771202 207.808639 4.812086 5 0 0.000000
1653857353544956642 202.635834 4.934931 5 0 0.000000
1653857354556144276 337.061362 2.966809 3 0 0.000000
1653857355365451873 202.325354 4.942496 4 0 0.000000
1653857356376922113 202.292960 4.943299 5 0 0.000000
1653857357387112261 202.036120 4.949563 5 0 0.000000
1653857358396989690 336.623312 2.970658 3 0 0.000000
1653857359409730455 202.546766 4.937097 5 0 0.000000
1653857360421830567 202.418826 4.940223 5 0 0.000000
1653857361431927773 202.018245 4.950019 5 0 0.000000
1653857362444045515 202.421979 4.940137 5 0 0.000000
1653857363455629453 337.192997 2.965646 3 0 0.000000
1653857364061879920 202.082126 4.948450 3 0 0.000000
1653857365476776456 282.975907 3.533827 5 0 0.000000
1653857366488282353 202.300037 4.943125 5 0 0.000000
1653857367127525581 213.079910 4.693049 3 0 0.000000
1653857368545308560 283.555041 3.526633 5 0 0.000000
1653857369556053014 202.146915 4.946849 5 0 0.000000
1653857370566977802 202.183731 4.945966 5 0 0.000000
1653857371378921216 202.984954 4.926452 4 0 0.000000
1653857372389850590 202.184210 4.945944 5 0 0.000000
1653857373400093886 202.047239 4.949303 5 0 0.000000
1653857374008852112 202.917879 4.928065 3 0 0.000000
1653857375425082813 354.056074 2.824399 4 0 0.000000
1653857376434649135 201.911393 4.952622 5 0 0.000000
1653857377445596493 202.188015 4.945856 5 0 0.000000
1653857378457041352 202.287828 4.943423 5 0 0.000000
1653857379468327041 202.255681 4.944201 5 0 0.000000
1653857380478738660 202.080827 4.948478 5 0 0.000000
1653857381489727037 202.196110 4.945655 5 0 0.000000
1653857382501662990 202.385571 4.941024 5 0 0.000000
1653857383513988019 202.463423 4.939125 5 0 0.000000
1653857384526831669 202.567656 4.936596 5 0 0.000000
1653857385133262681 202.141854 4.946976 3 0 0.000000
1653857386552780023 283.901954 3.522324 5 0 0.000000
1653857387577292010 204.900127 4.880372 5 0 0.000000
1653857388386200319 202.225950 4.944936 4 0 0.000000
1653857389396457312 202.049794 4.949236 5 0 0.000000
1653857390406577696 202.022149 4.949905 5 0 0.000000
1653857391417276453 202.138663 4.947073 5 0 0.000000
1653857392427873338 202.117816 4.947571 5 0 0.000000
1653857393437596773 201.943579 4.951851 5 0 0.000000
1653857394448592151 202.197521 4.945621 5 0 0.000000
1653857395460810069 202.442271 4.939648 5 0 0.000000
1653857396471985300 202.233572 4.944741 5 0 0.000000
1653857397479582593 201.517344 4.962300 5 0 0.000000
1653857398493033026 202.688817 4.933641 5 0 0.000000
1653857399507604207 202.912928 4.928190 5 0 0.000000
1653857400517954185 202.068900 4.948780 5 0 0.000000
1653857401529263249 202.260242 4.944087 5 0 0.000000
1653857402562563312 206.658638 4.838865 5 0 0.000000
1653857403574360467 202.357820 4.941702 5 0 0.000000
1653857404585320591 202.190756 4.945793 5 0 0.000000
1653857405394938266 202.403171 4.940604 4 0 0.000000
1653857406407987113 202.608302 4.935596 5 0 0.000000
1653857407216889114 202.223594 4.944975 4 0 0.000000
1653857408434033475 304.284380 3.286381 4 0 0.000000
1653857409447432743 202.678495 4.933890 5 0 0.000000
1653857410459468284 202.406056 4.940538 5 0 0.000000
1653857411472785365 202.662452 4.934290 5 0 0.000000
1653857412483312705 202.103937 4.947912 5 0 0.000000
1653857413494956045 202.327303 4.942453 5 0 0.000000
1653857414508832810 202.773812 4.931566 5 0 0.000000
1653857415118731190 203.298328 4.918852 3 0 0.000000
1653857416535417885 283.336484 3.529362 5 0 0.000000
1653857417576011574 208.117542 4.804949 5 0 0.000000
1653857418588939134 202.584190 4.936187 5 0 0.000000
1653857419601599621 202.530947 4.937489 5 0 0.000000
1653857420410136500 202.133253 4.947208 4 0 0.000000
1653857421422835456 202.538836 4.937301 5 0 0.000000
1653857422434940539 202.420191 4.940198 5 0 0.000000
1653857423453554649 203.721219 4.908630 5 0 0.000000
1653857424464921764 202.272058 4.943803 5 0 0.000000
1653857425477833082 202.581009 4.936266 5 0 0.000000
1653857426488681302 336.948251 2.967805 3 0 0.000000
1653857427500544502 202.370842 4.941379 5 0 0.000000
1653857428514171808 202.724137 4.932779 5 0 0.000000
1653857429526414005 202.446989 4.939529 5 0 0.000000
1653857430540957114 202.907556 4.928327 5 0 0.000000
1653857431147923713 202.321188 4.942611 3 0 0.000000
1653857432600684502 290.550206 3.441723 5 0 0.000000
1653857433412268056 202.894839 4.928636 4 0 0.000000
1653857434423432616 202.231127 4.944794 5 0 0.000000
1653857435435879709 202.488242 4.938530 5 0 0.000000
1653857436450853737 338.323364 2.955741 3 0 0.000000
1653857437463685398 202.564561 4.936655 5 0 0.000000
1653857438270677019 201.745528 4.956681 4 0 0.000000
1653857439485459685 303.694241 3.292770 4 0 0.000000
1653857440496689418 202.244085 4.944475 5 0 0.000000
1653857441508749627 202.410042 4.940418 5 0 0.000000
1653857442521774583 202.603456 4.935713 5 0 0.000000
1653857443533057331 202.253520 4.944216 5 0 0.000000
1653857444548208088 338.382564 2.955226 3 0 0.000000
1653857445561380466 202.632746 4.934994 5 0 0.000000
1653857446577543868 338.719494 2.952281 3 0 0.000000
1653857447219150672 213.866761 4.675761 3 0 0.000000
1653857448435930687 304.192559 3.287365 4 0 0.000000
1653857449449626139 202.738158 4.932448 5 0 0.000000
1653857450472585264 204.590877 4.887780 5 0 0.000000
1653857451484478996 202.377530 4.941231 5 0 0.000000
1653857452497758845 202.654515 4.934471 5 0 0.000000
1653857453509229312 202.293007 4.943298 5 0 0.000000
1653857454520639363 202.281043 4.943593 5 0 0.000000
1653857455532174016 337.177367 2.965791 3 0 0.000000
1653857456544863463 202.536799 4.937348 5 0 0.000000
1653857457556672088 202.359384 4.941646 5 0 0.000000
1653857458569966356 202.657792 4.934401 5 0 0.000000
1653857459584930412 202.991709 4.926283 5 0 0.000000
1653857460598216852 202.656088 4.934439 5 0 0.000000
1653857461611935061 202.742704 4.932337 5 0 0.000000
1653857462623897296 202.390493 4.940896 5 0 0.000000
1653857463434382979 202.620291 4.935312 4 0 0.000000
1653857464445874139 202.296819 4.943197 5 0 0.000000
1653857465457691759 202.362564 4.941602 5 0 0.000000
1653857466473168928 203.094522 4.923794 5 0 0.000000
1653857467486188379 337.671617 2.961444 3 0 0.000000
1653857468501013954 202.964019 4.926955 5 0 0.000000
1653857469515213985 202.838878 4.929994 5 0 0.000000
1653857470526761072 337.181441 2.965754 3 0 0.000000
1653857471135538221 202.924013 4.927912 3 0 0.000000
1653857472554896280 283.870183 3.522719 5 0 0.000000
1653857473163294167 202.797933 4.930984 3 0 0.000000
1653857474382615122 609.658344 1.640257 2 0 0.000000
1653857475602634124 610.008504 1.639319 2 0 0.000000
1653857476616172364 337.844410 2.959928 3 0 0.000000
1653857477632411578 203.203457 4.920101 5 0 0.000000
1653857478442175632 202.439623 4.939711 4 0 0.000000
1653857479455882846 202.739846 4.932391 5 0 0.000000
1653857480471739849 203.169992 4.921953 5 0 0.000000
1653857481484556118 202.562324 4.936730 5 0 0.000000
1653857482522296148 207.546507 4.818162 5 0 0.000000
1653857483537007395 202.941350 4.927510 5 0 0.000000
1653857484553583146 203.313818 4.918473 5 0 0.000000
1653857485569518463 203.185959 4.921573 5 0 0.000000
1653857486378329552 404.404487 2.472765 2 0 0.000000
1653857487595173057 304.209304 3.287193 4 0 0.000000
1653857488202446430 202.423556 4.940115 3 0 0.000000
1653857489623002068 284.109795 3.519750 5 0 0.000000
1653857490637192771 202.836632 4.930039 5 0 0.000000
1653857491446704614 202.376976 4.941250 4 0 0.000000
1653857492459566573 202.571284 4.936507 5 0 0.000000
1653857493473708458 202.826578 4.930277 5 0 0.000000
1653857494486040709 202.464921 4.939089 5 0 0.000000
1653857495499888979 337.947710 2.959023 3 0 0.000000
1653857496511888060 202.398896 4.940716 5 0 0.000000
1653857496917630706 202.870295 4.929233 2 0 0.000000
1653857498559499913 328.372312 3.045310 5 0 0.000000
1653857499571123633 202.323774 4.942549 5 0 0.000000
1653857500584067366 202.587699 4.936108 5 0 0.000000
1653857501393973057 202.475528 4.938847 4 0 0.000000
1653857502618128877 306.036458 3.267558 4 0 0.000000
1653857503631544597 202.681341 4.933809 5 0 0.000000
1653857504646310625 202.952088 4.927244 5 0 0.000000
1653857505456815252 202.625037 4.935197 4 0 0.000000
1653857506470576343 337.919519 2.959277 3 0 0.000000
1653857507483083160 202.499981 4.938238 5 0 0.000000
1653857508494904720 202.362999 4.941583 5 0 0.000000
1653857509508639675 202.745775 4.932256 5 0 0.000000
1653857510520196825 202.310300 4.942874 5 0 0.000000
1653857511534726996 202.905083 4.928390 5 0 0.000000
1653857512139930555 605.202537 1.652337 1 0 0.000000
1653857513555918550 283.195926 3.531103 5 0 0.000000
1653857514566687342 202.152219 4.946730 5 0 0.000000
1653857515580078088 202.676610 4.933931 5 0 0.000000
1653857516592052676 202.393691 4.940836 5 0 0.000000
1653857517637717630 209.131923 4.781646 5 0 0.000000
1653857518647963503 336.746203 2.969574 3 0 0.000000
1653857519458743340 202.693656 4.933522 4 0 0.000000
1653857520470198216 202.290092 4.943374 5 0 0.000000
1653857521481592316 337.130178 2.966203 3 0 0.000000
1653857522293008491 202.853027 4.929653 4 0 0.000000
1653857523511277378 304.565030 3.283347 4 0 0.000000
1653857524524652735 202.673624 4.934006 5 0 0.000000
1653857525538560849 202.780190 4.931413 5 0 0.000000
1653857526553604468 203.007810 4.925897 5 0 0.000000
1653857527566862259 202.650572 4.934578 5 0 0.000000
1653857528579213006 202.469201 4.939000 5 0 0.000000
1653857529592586700 202.673611 4.934014 5 0 0.000000
1653857530608534025 203.187680 4.921515 5 0 0.000000
1653857531622054709 202.702798 4.933298 5 0 0.000000
1653857532657015022 206.990508 4.831103 5 0 0.000000
1653857533469038216 406.008992 2.462984 2 0 0.000000
1653857534483073760 202.805530 4.930794 5 0 0.000000
1653857535497878313 202.959644 4.927057 5 0 0.000000
1653857536510999488 202.622824 4.935244 5 0 0.000000
1653857537523481723 202.494894 4.938358 5 0 0.000000
1653857538536516102 202.605659 4.935667 5 0 0.000000
1653857539552345017 338.608172 2.953253 3 0 0.000000
1653857540565883216 202.705901 4.933213 5 0 0.000000
1653857541579632257 337.914978 2.959312 3 0 0.000000
1653857542594501437 202.972367 4.926743 5 0 0.000000
1653857542797067442 202.563720 4.936662 1 0 0.000000
1653857544661614422 372.907991 2.681617 5 0 0.000000
1653857545471729469 202.527099 4.937570 4 0 0.000000
1653857546487829849 203.218926 4.920774 5 0 0.000000
1653857547502641992 202.961337 4.927020 5 0 0.000000
1653857548515924988 202.655293 4.934456 5 0 0.000000
1653857549529449148 202.703387 4.933282 5 0 0.000000
1653857550543326482 202.774226 4.931563 5 0 0.000000
1653857551556929830 202.718856 4.932896 5 0 0.000000
1653857552571852721 202.983129 4.926483 5 0 0.000000
1653857553585030018 202.634073 4.934970 5 0 0.000000
1653857554597575989 202.507413 4.938047 5 0 0.000000
1653857555612592480 203.002283 4.926028 5 0 0.000000
1653857556628817856 203.243562 4.920168 5 0 0.000000
1653857557641602541 202.554767 4.936884 5 0 0.000000
1653857558249995819 202.796828 4.931021 3 0 0.000000
1653857559667860546 283.566624 3.526430 5 0 0.000000
1653857560477459623 202.398396 4.940717 4 0 0.000000
1653857561491411931 202.789435 4.931198 5 0 0.000000
1653857562511780534 204.072390 4.900190 5 0 0.000000
1653857563526323615 202.907552 4.928327 5 0 0.000000
1653857564538932260 202.520699 4.937742 5 0 0.000000
1653857565552452090 202.702948 4.933303 5 0 0.000000
1653857566567542854 203.017089 4.925668 5 0 0.000000
1653857567175254046 202.569075 4.936555 3 0 0.000000
1653857568393254269 304.498701 3.284072 4 0 0.000000
1653857569609732168 304.117636 3.288181 4 0 0.000000
1653857570623899094 202.831189 4.930155 5 0 0.000000
1653857571635876444 202.393763 4.940822 5 0 0.000000
1653857572650612123 202.945541 4.927391 5 0 0.000000
1653857573663977001 202.671307 4.934057 5 0 0.000000
1653857574676249010 202.453522 4.939384 5 0 0.000000
1653857575486809662 202.638866 4.934855 4 0 0.000000
1653857576501327448 202.902578 4.928450 5 0 0.000000
1653857577110688674 203.119480 4.923188 3 0 0.000000
1653857578546927924 718.117821 1.392526 2 0 0.000000
1653857579560089362 337.715711 2.961029 3 0 0.000000
1653857580573030978 202.586932 4.936119 5 0 0.000000
1653857581589495255 1016.463015 0.983802 1 0 0.000000
1653857582602448669 202.589008 4.936061 5 0 0.000000
1653857583616582755 202.825753 4.930315 5 0 0.000000
1653857584631983083 203.078411 4.924166 5 0 0.000000
1653857585241398484 203.137097 4.922750 3 0 0.000000
1653857586659933473 283.705213 3.524763 5 0 0.000000
1653857587672353681 202.482332 4.938661 5 0 0.000000
1653857588683924987 337.189277 2.965683 3 0 0.000000
1653857589494724390 202.697754 4.933403 4 0 0.000000
1653857590508839331 202.821245 4.930408 5 0 0.000000
1653857591521589352 202.548523 4.937052 5 0 0.000000
1653857592559383765 207.557129 4.817910 5 0 0.000000
1653857593572566765 202.635203 4.934943 5 0 0.000000
1653857594587393415 202.963962 4.926950 5 0 0.000000
1653857595604244748 203.368606 4.917140 5 0 0.000000
1653857596620349119 338.700438 2.952453 3 0 0.000000
1653857597635225268 202.973985 4.926710 5 0 0.000000
1653857598648948784 202.743633 4.932311 5 0 0.000000
1653857599663340511 202.877190 4.929062 5 0 0.000000
1653857600677904962 202.911101 4.928223 5 0 0.000000
1653857601692243787 202.866819 4.929319 5 0 0.000000
1653857602502462589 202.553248 4.936938 4 0 0.000000
1653857603518984265 203.302448 4.918734 5 0 0.000000
1653857604533420099 202.886159 4.928848 5 0 0.000000
1653857605548627467 203.039997 4.925102 5 0 0.000000
1653857606566564311 339.311019 2.947138 3 0 0.000000
1653857607586535546 203.992455 4.902099 5 0 0.000000
1653857608597985829 202.288317 4.943397 5 0 0.000000
1653857609613219572 203.045568 4.924974 5 0 0.000000
1653857610628081898 202.971359 4.926777 5 0 0.000000
1653857611643264492 203.034896 4.925222 5 0 0.000000
1653857612656694230 202.685052 4.933741 5 0 0.000000
1653857613670595179 202.779226 4.931448 5 0 0.000000
1653857614686388736 203.157677 4.922260 5 0 0.000000
1653857615698202140 202.361330 4.941622 5 0 0.000000
1653857616712669428 202.892265 4.928695 5 0 0.000000
1653857617320357987 202.561290 4.936739 3 0 0.000000
1653857618537473983 304.277649 3.286457 4 0 0.000000
1653857619550961110 337.826982 2.960077 3 0 0.000000
1653857620564449598 202.696758 4.933455 5 0 0.000000
1653857621581420994 338.989300 2.949935 3 0 0.000000
1653857622599070910 203.528737 4.913281 5 0 0.000000
1653857623208296665 203.074150 4.924283 3 0 0.000000
1653857624629227047 355.231133 2.815057 4 0 0.000000
1653857625238223301 202.997816 4.926139 3 0 0.000000
1653857626658048889 283.964216 3.521559 5 0 0.000000
1653857627670487420 202.486659 4.938571 5 0 0.000000
1653857628684754879 202.851709 4.929667 5 0 0.000000
1653857629700202199 203.087771 4.923938 5 0 0.000000
1653857630715714899 203.100913 4.923621 5 0 0.000000
1653857631528323713 203.151267 4.922418 4 0 0.000000
1653857632543466318 203.026926 4.925416 5 0 0.000000
1653857633556559400 337.695774 2.961228 3 0 0.000000
1653857634570948059 338.128441 2.957446 3 0 0.000000
1653857635585559284 202.921087 4.927996 5 0 0.000000
1653857636596860465 337.098473 2.966475 3 0 0.000000
1653857637610394799 202.705596 4.933232 5 0 0.000000
1653857638626675149 338.758727 2.951941 3 0 0.000000
1653857639641155084 202.895053 4.928634 5 0 0.000000
1653857640655260997 202.819884 4.930451 5 0 0.000000
1653857641669769813 202.900106 4.928493 5 0 0.000000
1653857642685590037 203.162534 4.922131 5 0 0.000000
1653857643699615656 202.803783 4.930842 5 0 0.000000
1653857644713112763 202.698175 4.933413 5 0 0.000000
1653857645323160996 203.348426 4.917644 3 0 0.000000
1653857646539985075 304.204986 3.287246 4 0 0.000000
1653857647555889962 338.633396 2.953032 3 0 0.000000
1653857648570676271 202.955773 4.927146 5 0 0.000000
1653857649587320583 338.879791 2.950885 3 0 0.000000
1653857650602040825 202.942346 4.927467 5 0 0.000000
1653857651617329062 203.055738 4.924710 5 0 0.000000
1653857652630689645 202.670415 4.934078 5 0 0.000000
1653857653644764435 202.813790 4.930603 5 0 0.000000
1653857654656932480 202.431960 4.939891 5 0 0.000000
1653857655673479532 203.308178 4.918611 5 0 0.000000
1653857656284168328 203.562027 4.912486 3 0 0.000000
1653857657703376100 283.839649 3.523092 5 0 0.000000
1653857658718216640 338.279115 2.956129 3 0 0.000000
1653857659734258029 203.206847 4.921059 5 0 0.000000
1653857660545997058 202.933262 4.927692 4 0 0.000000
1653857661561185467 203.035894 4.925194 5 0 0.000000
1653857662167058854 201.956460 4.951530 3 0 0.000000
1653857663591068507 284.800323 3.511212 5 0 0.000000
1653857664604406445 202.666265 4.934188 5 0 0.000000
1653857665620237274 203.165332 4.922079 5 0 0.000000
1653857666634387863 202.828571 4.930234 5 0 0.000000
1653857667656478654 204.416561 4.891933 5 0 0.000000
1653857668671037726 202.910657 4.928250 5 0 0.000000
1653857669684070296 202.605586 4.935675 5 0 0.000000
1653857670698919441 202.968655 4.926841 5 0 0.000000
1653857671714771664 203.169000 4.921976 5 0 0.000000
1653857672322925028 202.716846 4.932966 3 0 0.000000
1653857673742976739 284.008699 3.520999 5 0 0.000000
1653857674555981539 203.248921 4.920020 4 0 0.000000
1653857675570510798 202.904726 4.928394 5 0 0.000000
1653857676586937293 203.284383 4.919195 5 0 0.000000
1653857677599341268 202.479729 4.938740 5 0 0.000000
1653857678614468686 203.024095 4.925490 5 0 0.000000
1653857679629624977 203.030184 4.925350 5 0 0.000000
1653857680644524366 202.978415 4.926597 5 0 0.000000
1653857681661511978 338.994635 2.949888 3 0 0.000000
1653857682681777412 204.051766 4.900685 5 0 0.000000
1653857683696871433 203.017319 4.925652 5 0 0.000000
1653857684713516890 203.327517 4.918135 5 0 0.000000
1653857685723099218 336.526484 2.971526 3 0 0.000000
1653857686737375544 202.853580 4.929623 5 0 0.000000
1653857687549201985 405.911337 2.463581 2 0 0.000000
1653857688562429884 202.643338 4.934724 5 0 0.000000
1653857689373489156 202.762944 4.931822 4 0 0.000000
1653857690592653209 609.580634 1.640468 2 0 0.000000
1653857691606643794 202.796308 4.931012 5 0 0.000000
1653857692620774892 202.824903 4.930329 5 0 0.000000
1653857693635152601 202.874480 4.929130 5 0 0.000000
1653857694649542642 202.876975 4.929071 5 0 0.000000
1653857695665054185 203.101433 4.923627 5 0 0.000000
1653857696477143642 203.021148 4.925566 4 0 0.000000
1653857697504516836 342.456419 2.920068 3 0 0.000000
1653857698722753202 304.557351 3.283435 4 0 0.000000
1653857699738149184 338.463701 2.954512 3 0 0.000000
1653857700752550320 338.132189 2.957410 3 0 0.000000
1653857701562317993 404.883020 2.469844 2 0 0.000000
1653857702577880825 203.111051 4.923378 5 0 0.000000
1653857703592960882 203.014727 4.925720 5 0 0.000000
1653857704607077842 338.038015 2.958239 3 0 0.000000
1653857705622099668 203.003277 4.926003 5 0 0.000000
1653857706636555803 202.890299 4.928749 5 0 0.000000
1653857707651297982 202.947107 4.927360 5 0 0.000000
1653857708666302253 202.999477 4.926087 5 0 0.000000
1653857709680615517 202.860619 4.929444 5 0 0.000000
1653857710697523303 203.380666 4.916867 5 0 0.000000
1653857711507996962 405.235672 2.467693 2 0 0.000000
1653857712741802474 411.266264 2.431502 3 0 0.000000
1653857713759029827 203.443445 4.915322 5 0 0.000000
1653857714570299827 405.633306 2.465271 2 0 0.000000
1653857715584420545 202.822941 4.930380 5 0 0.000000
1653857716600661757 203.247162 4.920092 5 0 0.000000
1653857717614231932 202.713033 4.933058 5 0 0.000000
1653857718631066023 203.365538 4.917223 5 0 0.000000
1653857719645980446 202.981973 4.926524 5 0 0.000000
1653857720661332959 203.069256 4.924398 5 0 0.000000
1653857721676530280 203.038498 4.925151 5 0 0.000000
1653857722727154911 210.123273 4.759074 5 0 0.000000
1653857723742735308 203.114921 4.923293 5 0 0.000000
1653857724757813274 203.014055 4.925730 5 0 0.000000
1653857725570296670 203.119928 4.923178 4 0 0.000000
1653857726583953841 337.883907 2.959581 3 0 0.000000
1653857727598564919 202.921051 4.927997 5 0 0.000000
1653857728615850488 203.454855 4.915041 5 0 0.000000
1653857729631338128 203.096454 4.923743 5 0 0.000000
1653857730647975681 203.326421 4.918174 5 0 0.000000
1653857731662634394 202.930220 4.927765 5 0 0.000000
1653857732678702249 203.211214 4.920931 5 0 0.000000
1653857733690882656 202.434444 4.939831 5 0 0.000000
1653857734705303031 338.138809 2.957354 3 0 0.000000
1653857735723205482 339.299374 2.947237 3 0 0.000000
1653857736738786991 203.115206 4.923288 5 0 0.000000
1653857737577509168 209.679194 4.769159 4 0 0.000000
1653857738592822785 203.061032 4.924587 5 0 0.000000
1653857739201605253 202.926511 4.927869 3 0 0.000000
1653857740620705049 283.819057 3.523360 5 0 0.000000
1653857741636849510 203.227764 4.920560 5 0 0.000000
1653857742648849032 202.398722 4.940714 5 0 0.000000
1653857743661607995 202.550606 4.937009 5 0 0.000000
1653857744676377928 202.952568 4.927225 5 0 0.000000
1653857745691740721 203.071082 4.924348 5 0 0.000000
1653857746706443607 202.939619 4.927551 5 0 0.000000
1653857747722349716 203.180216 4.921714 5 0 0.000000
1653857748738650956 203.258907 4.919802 5 0 0.000000
1653857749752321814 202.733222 4.932568 5 0 0.000000
1653857750765115959 337.596439 2.962102 3 0 0.000000
1653857751778788300 202.733334 4.932560 5 0 0.000000
1653857752615687270 209.222651 4.779549 4 0 0.000000
1653857753630118772 202.884882 4.928869 5 0 0.000000
1653857754645648692 203.104780 4.923538 5 0 0.000000
1653857755662274485 203.324070 4.918231 5 0 0.000000
1653857756678055644 203.154743 4.922320 5 0 0.000000
1653857757693961857 203.180129 4.921714 5 0 0.000000
1653857758707136719 202.633646 4.934982 5 0 0.000000
1653857759719937570 202.559176 4.936805 5 0 0.000000
1653857760733191420 337.748715 2.960759 3 0 0.000000
1653857761748999786 203.160627 4.922188 5 0 0.000000
1653857762763949022 202.988336 4.926355 5 0 0.000000
1653857763775494889 337.179488 2.965758 3 0 0.000000
1653857764788518574 202.603178 4.935719 5 0 0.000000
1653857765599161557 405.320425 2.467177 2 0 0.000000
1653857766614834476 203.133267 4.922845 5 0 0.000000
1653857767630516262 338.559440 2.953681 3 0 0.000000
1653857768647041067 203.303460 4.918719 5 0 0.000000
1653857769662312181 203.052662 4.924793 5 0 0.000000
1653857770677957887 203.127865 4.922977 5 0 0.000000
1653857771693227296 338.421603 2.954881 3 0 0.000000
1653857772706881548 202.729209 4.932648 5 0 0.000000
1653857773723497130 203.322030 4.918280 5 0 0.000000
1653857774738991208 203.097852 4.923712 5 0 0.000000
1653857775755203763 338.735231 2.952138 3 0 0.000000
1653857776768015112 337.602280 2.962052 3 0 0.000000
1653857777784974766 203.390737 4.916616 5 0 0.000000
1653857778798742997 202.751829 4.932094 5 0 0.000000
1653857779612685447 203.484645 4.914352 4 0 0.000000
1653857780626893622 202.840240 4.929954 5 0 0.000000
1653857781644067925 203.433805 4.915578 5 0 0.000000
1653857782659860659 338.596613 2.953358 3 0 0.000000
1653857783674488459 338.206835 2.956749 3 0 0.000000
1653857784688411596 202.783487 4.931340 5 0 0.000000
1653857785699735492 202.263721 4.944015 5 0 0.000000
1653857786714033282 202.858500 4.929519 5 0 0.000000
1653857787727536200 202.698993 4.933385 5 0 0.000000
1653857788744239817 203.339724 4.917854 5 0 0.000000
1653857789760593587 203.269678 4.919547 5 0 0.000000
1653857790773809276 202.580188 4.934783 5 0 0.000000
1653857791786631806 202.563344 4.936699 5 0 0.000000
1653857792802614389 203.195486 4.921344 5 0 0.000000
1653857793613194260 202.643465 4.934739 4 0 0.000000
1653857794627433665 202.846444 4.929802 5 0 0.000000
1653857795644673372 203.446455 4.915263 5 0 0.000000
1653857796660737746 203.211013 4.920948 5 0 0.000000
1653857797675117842 202.874611 4.929118 5 0 0.000000
1653857798689321628 202.839665 4.929976 5 0 0.000000
1653857799705688236 203.272266 4.919485 5 0 0.000000
1653857800721446874 203.150698 4.922429 5 0 0.000000
1653857801737608808 203.231291 4.920476 5 0 0.000000
1653857802755678657 203.612421 4.911254 5 0 0.000000
1653857803772032198 203.267971 4.919548 5 0 0.000000
1653857804787718389 338.561071 2.953668 3 0 0.000000
1653857805800715949 337.664612 2.961508 3 0 0.000000
1653857806814466561 202.747956 4.932180 5 0 0.000000
1653857807626907874 203.109088 4.923433 4 0 0.000000
1653857808644532846 203.523419 4.913401 5 0 0.000000
1653857809661957661 203.483751 4.914368 5 0 0.000000
1653857810272073891 203.371122 4.917096 3 0 0.000000
1653857811693969833 284.378036 3.516432 5 0 0.000000
1653857812716866172 204.577849 4.888081 5 0 0.000000
1653857813730620737 202.749102 4.932160 5 0 0.000000
1653857814543303669 203.169796 4.921969 4 0 0.000000
1653857815762886730 304.894074 3.279809 4 0 0.000000
1653857816775457224 337.522142 2.962757 3 0 0.000000
1653857817791737711 203.254921 4.919902 5 0 0.000000
1653857818803980209 337.412520 2.963717 3 0 0.000000
1653857819818146202 202.831672 4.930159 5 0 0.000000
1653857820631416973 203.316688 4.918411 4 0 0.000000
1653857821647401152 203.195870 4.921336 5 0 0.000000
1653857822695227570 209.564214 4.771783 5 0 0.000000
1653857823710505905 203.054032 4.924758 5 0 0.000000
1653857824726828156 338.772635 2.951820 3 0 0.000000
1653857825335397803 202.855350 4.929592 3 0 0.000000
1653857826754495719 283.818241 3.523365 5 0 0.000000
1653857827769906330 203.080479 4.924116 5 0 0.000000
1653857828786065202 203.230675 4.920490 5 0 0.000000
1653857829802785717 203.342762 4.917772 5 0 0.000000
1653857830819828256 203.407554 4.916215 5 0 0.000000
1653857831633350353 203.378793 4.916892 4 0 0.000000
1653857832446531883 203.294233 4.918951 4 0 0.000000
1653857833665361540 304.705967 3.281837 4 0 0.000000
1653857834478121228 203.188845 4.921504 4 0 0.000000
1653857835692830701 607.353505 1.646484 2 0 0.000000
1653857836708271674 203.086988 4.923969 5 0 0.000000
1653857837751534020 208.651195 4.792658 5 0 0.000000
1653857838767474298 203.186639 4.921549 5 0 0.000000
1653857839783839321 203.271702 4.919492 5 0 0.000000
1653857840799327621 338.493882 2.954244 3 0 0.000000
1653857841407794250 202.820240 4.930427 3 0 0.000000
1653857842623467926 303.917032 3.290357 4 0 0.000000
1653857843638168298 338.231868 2.956538 3 0 0.000000
1653857844652039966 337.955165 2.958954 3 0 0.000000
1653857845667446820 203.080265 4.924135 5 0 0.000000
1653857846682778403 203.065290 4.924500 5 0 0.000000
1653857847695429973 337.549294 2.962520 3 0 0.000000
1653857848709349569 202.782689 4.931357 5 0 0.000000
1653857849725167863 203.162661 4.922140 5 0 0.000000
1653857850737951218 337.593520 2.962134 3 0 0.000000
1653857851753983592 338.676316 2.952662 3 0 0.000000
1653857852796223794 208.446546 4.797359 5 0 0.000000
1653857853810035565 337.935801 2.959129 3 0 0.000000
1653857854824886063 202.969188 4.926834 5 0 0.000000
1653857855840241055 203.069990 4.924386 5 0 0.000000
1653857856652390821 203.036570 4.925200 4 0 0.000000
1653857857668899575 203.300424 4.918797 5 0 0.000000
1653857858683856821 202.990407 4.926316 5 0 0.000000
1653857859699035290 203.034614 4.925242 5 0 0.000000
1653857860714756457 203.143225 4.922611 5 0 0.000000
1653857861730144318 203.076628 4.924227 5 0 0.000000
1653857862340244242 203.365666 4.917227 3 0 0.000000
1653857863760764368 284.102647 3.519837 5 0 0.000000
1653857864776406344 203.127415 4.922995 5 0 0.000000
1653857865792929681 203.303653 4.918726 5 0 0.000000
1653857866809867405 203.386589 4.916722 5 0 0.000000
1653857867622131231 203.064371 4.924508 4 0 0.000000
1653857868668725886 209.316332 4.777399 5 0 0.000000
1653857869683106897 202.875216 4.929114 5 0 0.000000
1653857870700196764 203.416891 4.915986 5 0 0.000000
1653857871715715807 203.102392 4.923591 5 0 0.000000
1653857872732152017 203.285982 4.919148 5 0 0.000000
1653857873746286775 202.825581 4.930311 5 0 0.000000
1653857874356090791 203.266553 4.919613 3 0 0.000000
1653857875777384489 284.256924 3.517922 5 0 0.000000
1653857876793665677 203.254787 4.919898 5 0 0.000000
1653857877809059803 203.076625 4.924196 5 0 0.000000
1653857878825292009 203.244918 4.920135 5 0 0.000000
1653857879841933101 203.326948 4.918157 5 0 0.000000
1653857880655278920 203.335258 4.917957 4 0 0.000000
1653857881670189378 202.980863 4.926543 5 0 0.000000
1653857882684799061 202.920904 4.928003 5 0 0.000000
1653857883717373734 344.189741 2.905359 3 0 0.000000
1653857884732524711 203.028618 4.925376 5 0 0.000000
1653857885748827426 338.766393 2.951876 3 0 0.000000
1653857886763186558 338.117350 2.957532 3 0 0.000000
1653857887576567291 203.343610 4.917746 4 0 0.000000
1653857888792813164 304.059755 3.288809 4 0 0.000000
1653857889807428785 202.921649 4.927975 5 0 0.000000
1653857890825057634 203.524594 4.913383 5 0 0.000000
1653857891841537909 203.295073 4.918935 5 0 0.000000
1653857892653404692 202.965616 4.926917 4 0 0.000000
1653857893700392684 209.396108 4.775604 5 0 0.000000
1653857894717161940 203.352366 4.917537 5 0 0.000000
1653857895122581348 202.708712 4.933163 2 0 0.000000
1653857896748628266 406.510215 2.459954 4 0 0.000000
1653857897763122788 202.897373 4.928563 5 0 0.000000
1653857898779188844 203.211781 4.920940 5 0 0.000000
1653857899796357506 203.432807 4.915606 5 0 0.000000
1653857900812738993 338.792890 2.951648 3 0 0.000000
1653857901829943361 203.439358 4.915433 5 0 0.000000
1653857902846427379 203.295834 4.918916 5 0 0.000000
1653857903861414762 202.996246 4.926170 5 0 0.000000
1653857904674753149 203.333262 4.918002 4 0 0.000000
1653857905689664779 202.974535 4.926537 5 0 0.000000
1653857906706608396 338.980087 2.950016 3 0 0.000000
1653857907721492885 202.974782 4.926669 5 0 0.000000
1653857908759837621 346.113102 2.889214 3 0 0.000000
1653857909775539110 203.138855 4.922706 5 0 0.000000
1653857910789261499 202.743055 4.932317 5 0 0.000000
1653857911806446427 203.435555 4.915527 5 0 0.000000
1653857912416421885 203.324268 4.918231 3 0 0.000000
1653857913837366486 284.186906 3.518786 5 0 0.000000
1653857914854020629 203.329883 4.918093 5 0 0.000000
1653857915867943873 202.783148 4.931340 5 0 0.000000
1653857916274960049 203.507081 4.913810 2 0 0.000000
1653857917695194869 284.045261 3.520545 5 0 0.000000
1653857918711825205 203.324568 4.918208 5 0 0.000000
1653857919727807486 203.194809 4.921346 5 0 0.000000
1653857920539861441 203.012462 4.925781 4 0 0.000000
1653857921755646164 303.944338 3.290056 4 0 0.000000
1653857922771087591 203.086454 4.923967 5 0 0.000000
1653857923785932699 202.966685 4.926860 5 0 0.000000
1653857924802939048 203.399749 4.916390 5 0 0.000000
1653857925818635441 203.137699 4.922731 5 0 0.000000
1653857926831288389 202.529464 4.937526 5 0 0.000000
1653857927846834090 203.108112 4.923461 5 0 0.000000
1653857928862159226 203.063504 4.924530 5 0 0.000000
1653857929878125984 203.191695 4.921421 5 0 0.000000
1653857930689464686 202.833553 4.930124 4 0 0.000000
1653857931705677785 203.241634 4.920228 5 0 0.000000
1653857932721574982 203.178518 4.921758 5 0 0.000000
1653857933568175279 211.648379 4.724780 4 0 0.000000
1653857934787038006 304.714525 3.281748 4 0 0.000000
1653857935801577156 202.906427 4.928346 5 0 0.000000
1653857936815891154 202.861724 4.929440 5 0 0.000000
1653857937831678634 203.156270 4.922290 5 0 0.000000
1653857938849126705 203.488631 4.914256 5 0 0.000000
1653857939865133856 203.200336 4.921225 5 0 0.000000
1653857940882398964 203.452058 4.915140 5 0 0.000000
1653857941694359938 202.989272 4.926345 4 0 0.000000
1653857942710484878 203.223165 4.920655 5 0 0.000000
1653857943724624387 202.826226 4.930288 5 0 0.000000
1653857944739370012 202.947925 4.927343 5 0 0.000000
1653857945754142236 202.953499 4.927214 5 0 0.000000
1653857946770982445 203.367064 4.917193 5 0 0.000000
1653857947787519467 203.305363 4.918660 5 0 0.000000
1653857948833448322 209.184563 4.780440 5 0 0.000000
1653857949444100991 203.549567 4.912777 3 0 0.000000
1653857950865933919 473.942890 2.109953 3 0 0.000000
1653857951882722481 338.927888 2.950466 3 0 0.000000
1653857952899083299 203.271262 4.919513 5 0 0.000000
1653857953712230063 203.285121 4.919161 4 0 0.000000
1653857954729473356 203.447326 4.915245 5 0 0.000000
1653857955747418783 339.313275 2.947113 3 0 0.000000
1653857956760900736 337.825237 2.960092 3 0 0.000000
1653857957573791880 203.221318 4.920708 4 0 0.000000
1653857958790174849 304.093834 3.288438 4 0 0.000000
1653857959400625938 203.482724 4.914399 3 0 0.000000
1653857960822600888 284.393669 3.516236 5 0 0.000000
1653857961838968497 203.271865 4.919480 5 0 0.000000
1653857962854047320 203.014130 4.925726 5 0 0.000000
1653857963893240887 207.837215 4.811423 5 0 0.000000
1653857964706753735 406.754430 2.458474 2 0 0.000000
1653857965722670117 203.182124 4.921665 5 0 0.000000
1653857966739322177 203.328857 4.918103 5 0 0.000000
1653857967755693701 338.788952 2.951677 3 0 0.000000
1653857968772271222 203.314094 4.918464 5 0 0.000000
1653857969788185157 203.180677 4.921677 5 0 0.000000
1653857970805462098 339.090383 2.949049 3 0 0.000000
1653857971822958139 203.498260 4.914024 5 0 0.000000
1653857972840618647 203.529912 4.913230 5 0 0.000000
1653857973867224570 205.319614 4.870418 5 0 0.000000
1653857974881737559 338.169547 2.957084 3 0 0.000000
1653857975898627152 203.376602 4.916955 5 0 0.000000
1653857976712372121 203.435195 4.915545 4 0 0.000000
1653857977728910846 203.306513 4.918652 5 0 0.000000
1653857978339218593 203.434343 4.915553 3 0 0.000000
1653857979760800489 473.859714 2.110325 3 0 0.000000
1653857980775481962 202.935283 4.927655 5 0 0.000000
1653857981791805521 338.772589 2.951816 3 0 0.000000
1653857982809375728 339.189040 2.948199 3 0 0.000000
1653857983822793983 202.682084 4.933797 5 0 0.000000
1653857984838634386 203.166992 4.922033 5 0 0.000000
1653857985853586365 202.989430 4.926341 5 0 0.000000
1653857986666548615 203.238614 4.920277 4 0 0.000000
1653857987884096918 304.384981 3.285291 4 0 0.000000
1653857988723863202 209.939940 4.763230 4 0 0.000000
1653857989739018460 203.029980 4.925355 5 0 0.000000
1653857990755333111 203.261728 4.919736 5 0 0.000000
1653857991772820490 339.161408 2.948440 3 0 0.000000
1653857992787462055 202.926602 4.927849 5 0 0.000000
1653857993804699174 339.077437 2.949165 3 0 0.000000
1653857994816855270 202.430041 4.939950 5 0 0.000000
1653857995834466800 203.521057 4.913466 5 0 0.000000
1653857996852146167 203.534367 4.913139 5 0 0.000000
1653857997865118101 202.593196 4.935971 5 0 0.000000
1653857998880215649 338.363288 2.955381 3 0 0.000000
1653857999895076733 202.970774 4.926783 5 0 0.000000
1653858000909961732 202.976016 4.926667 5 0 0.000000
1653858001926671410 203.340856 4.917825 5 0 0.000000
1653858002738196202 202.879991 4.928993 4 0 0.000000
1653858003751761607 337.853098 2.959848 3 0 0.000000
1653858004768618991 203.370431 4.917110 5 0 0.000000
1653858005786290191 203.532781 4.913178 5 0 0.000000
1653858006800676093 202.875944 4.929091 5 0 0.000000
1653858007816527831 203.168664 4.921978 5 0 0.000000
1653858008830812123 202.855502 4.929584 5 0 0.000000
1653858009853224326 204.480864 4.890395 5 0 0.000000
1653858010869341832 203.222401 4.920691 5 0 0.000000
1653858011885297574 203.189770 4.921474 5 0 0.000000
1653858012697483394 203.045558 4.924981 4 0 0.000000
1653858013912885466 607.698922 1.645546 2 0 0.000000
1653858014929524037 203.326492 4.918169 5 0 0.000000
1653858015741189741 202.914891 4.928137 4 0 0.000000
1653858016758387129 203.437822 4.915467 5 0 0.000000
1653858017773521802 338.376461 2.955273 3 0 0.000000
1653858018788448023 202.983603 4.926466 5 0 0.000000
1653858019804704948 203.250299 4.920016 5 0 0.000000
1653858020821693073 203.396517 4.916478 5 0 0.000000
1653858021634421488 203.111855 4.921693 4 0 0.000000
1653858022850271136 303.958342 3.289880 4 0 0.000000
1653858023866912340 203.326311 4.918156 5 0 0.000000
1653858024884091973 203.434901 4.915553 5 0 0.000000
1653858025899292447 338.398478 2.955081 3 0 0.000000
1653858026913412856 202.821908 4.930381 5 0 0.000000
