1653879729693154539 71.117458 0.000000
1653879729699802847 6.634804 0.000000
1653879729704986393 5.179897 0.000000
1653879729712803956 7.813637 0.000000
1653879729882748582 169.940763 0.000000
1653879729968617109 85.865124 0.000000
1653879730209499695 240.877419 0.000000
1653879730225812723 16.284484 0.000000
1653879730235778036 9.961083 0.000000
1653879730246494688 10.713395 0.000000
1653879730541738918 295.240318 0.000000
1653879730710490104 168.747665 0.000000
1653879730790482712 79.986229 0.000000
1653879730924392854 133.906323 0.000000
1653879731023823382 99.425605 0.000000
1653879731156925682 133.097714 0.000000
1653879731164958979 8.028049 0.000000
1653879731185797220 20.835034 0.000000
1653879731196040946 10.239891 0.000000
1653879731202182790 6.138700 0.000000
1653879731506965592 304.779266 0.000000
1653879731514132254 7.162235 0.000000
1653879731819706733 305.571490 0.000000
1653879731826083345 6.372435 0.000000
1653879731846600231 20.512936 0.000000
1653879731916890873 70.288079 0.000000
1653879731922215065 5.318489 0.000000
1653879731927975295 5.753661 0.000000
1653879731933779296 5.801492 0.000000
1653879731939753730 5.971628 0.000000
1653879731944966886 5.208831 0.000000
1653879731950706629 5.736357 0.000000
1653879731956139143 5.429238 0.000000
1653879731961435819 5.293726 0.000000
1653879731967015530 5.576915 0.000000
1653879731972619185 5.600122 0.000000
1653879731977310919 4.688801 0.000000
1653879732021204172 43.890175 0.000000
1653879732184425776 163.196126 0.000000
1653879732192922611 8.493353 0.000000
1653879732198113324 5.187509 0.000000
1653879732203906598 5.790259 0.000000
1653879732208006201 4.096572 0.000000
1653879732221982732 13.954232 0.000000
1653879732226265605 4.280323 0.000000
1653879732230982416 4.714180 0.000000
1653879732236663537 5.676094 0.000000
1653879732242016841 5.350562 0.000000
1653879732428538411 186.518745 0.000000
1653879732766675326 338.131161 0.000000
1653879732800985150 34.305902 0.000000
1653879732907618080 106.628692 0.000000
1653879733193757713 286.135071 0.000000
1653879733492046216 298.283669 0.000000
1653879733495636969 3.585405 0.000000
1653879733507907544 12.266588 0.000000
1653879734338528557 830.618335 0.000000
1653879734343629079 5.095200 0.000000
1653879734421901666 78.268006 0.000000
1653879734428980728 7.074948 0.000000
1653879734513656509 84.664871 0.000000
1653879734979807348 466.146213 0.000000
1653879735002518223 22.705611 0.000000
1653879735008971001 6.448375 0.000000
1653879735016967814 7.992563 0.000000
1653879735063862057 46.889823 0.000000
1653879735340581557 276.715601 0.000000
1653879735460026763 119.438295 0.000000
1653879735568462869 108.430202 0.000000
1653879735644724595 76.255732 0.000000
1653879735897972110 253.242024 0.000000
1653879735972023203 74.046433 0.000000
1653879736070512623 98.483997 0.000000
1653879736080681723 10.164008 0.000000
1653879736176273601 95.587708 0.000000
1653879736182531523 6.254127 0.000000
1653879736190055715 7.519673 0.000000
1653879736197529178 7.470597 0.000000
1653879736378193390 180.661869 0.000000
1653879736388179243 9.981422 0.000000
1653879736396045067 7.862977 0.000000
1653879736409195151 13.145668 0.000000
1653879736424222565 15.023620 0.000000
1653879736512572514 88.346249 0.000000
1653879736673726201 161.150807 0.000000
1653879736691995350 18.263155 0.000000
1653879736700238016 8.239062 0.000000
1653879736877255266 177.014411 0.000000
1653879736884825093 7.565448 0.000000
1653879736892620200 7.792012 0.000000
1653879736899500553 6.878083 0.000000
1653879736942013072 42.507908 0.000000
1653879736956129150 14.111381 0.000000
1653879736970165832 14.033510 0.000000
1653879737001128197 30.957503 0.000000
1653879737008549516 7.416326 0.000000
1653879737015831260 7.277869 0.000000
1653879737162185572 146.349486 0.000000
1653879737336753225 174.563414 0.000000
1653879737399607139 62.849793 0.000000
1653879737407723827 8.110548 0.000000
1653879737665525022 257.797246 0.000000
1653879737775289370 109.759185 0.000000
1653879737781882579 6.586724 0.000000
1653879737815473206 33.586817 0.000000
1653879738281596965 466.120849 0.000000
1653879738292240905 10.638843 0.000000
1653879738507116324 214.869580 0.000000
1653879738791199449 284.077673 0.000000
1653879739195474655 404.269952 0.000000
1653879739211456138 15.976636 0.000000
1653879739217862902 6.402281 0.000000
1653879739225143577 7.277281 0.000000
1653879739246207238 21.061388 0.000000
1653879739455562826 209.349715 0.000000
1653879739463467556 7.899616 0.000000
1653879739490309630 26.837918 0.000000
1653879739514496222 24.182012 0.000000
1653879739639804927 125.305758 0.000000
1653879739966676703 326.866410 0.000000
1653879740069291164 102.608964 0.000000
1653879740216092741 146.796562 0.000000
1653879740711458844 495.362190 0.000000
1653879740972176536 260.713630 0.000000
1653879741188051725 215.868657 0.000000
1653879741198074487 10.017899 0.000000
1653879741306823073 108.745209 0.000000
1653879741331925424 25.098993 0.000000
1653879741365857687 33.929683 0.000000
1653879741383008066 17.146583 0.000000
1653879741456398313 73.386454 0.000000
1653879741463842896 7.440313 0.000000
1653879741739470219 275.622707 0.000000
1653879741901879124 162.403413 0.000000
1653879741911287068 9.401097 0.000000
1653879741920078845 8.786514 0.000000
1653879741939153055 19.070714 0.000000
1653879742058635482 119.478213 0.000000
1653879742079649436 21.009207 0.000000
1653879742092684622 13.031327 0.000000
1653879742157363473 64.674081 0.000000
1653879742173774676 16.408044 0.000000
1653879742552538193 378.759408 0.000000
1653879742562819630 10.276114 0.000000
1653879742722571961 159.747992 0.000000
1653879742730104004 7.526716 0.000000
1653879743042015592 311.908486 0.000000
1653879743115856531 73.837144 0.000000
1653879743222823425 106.962761 0.000000
1653879743234143059 11.314758 0.000000
1653879743330077801 95.931242 0.000000
1653879743342353240 12.271482 0.000000
1653879743362014161 19.657904 0.000000
1653879743367954793 5.937826 0.000000
1653879743386750517 18.791622 0.000000
1653879743394013129 7.259149 0.000000
1653879743403115752 9.099382 0.000000
1653879743411199237 8.079779 0.000000
1653879743632087921 220.885098 0.000000
1653879743642355456 10.263516 0.000000
1653879744024916032 382.556815 0.000000
1653879744205407747 180.485303 0.000000
1653879744247966508 42.552615 0.000000
1653879744588110307 340.139837 0.000000
1653879744594309945 6.195105 0.000000
1653879744606663437 12.350495 0.000000
1653879744618229713 11.563485 0.000000
1653879744730185490 111.952774 0.000000
1653879744832856026 102.665357 0.000000
1653879745097462600 264.600055 0.000000
1653879745302024641 204.556983 0.000000
1653879745662943800 360.913870 0.000000
1653879745801133122 138.184560 0.000000
1653879746055725012 254.586110 0.000000
1653879746108702128 52.971872 0.000000
1653879746204038467 95.330450 0.000000
1653879746212827449 8.784423 0.000000
1653879746221767921 8.936703 0.000000
1653879746231134800 9.363361 0.000000
1653879746238946631 7.809343 0.000000
1653879746259146389 20.196219 0.000000
1653879746272061607 12.911862 0.000000
1653879746296127437 24.061539 0.000000
1653879746368367026 72.236856 0.000000
1653879746375151261 6.779953 0.000000
1653879746485496312 110.341699 0.000000
1653879746782968476 297.465924 0.000000
1653879747119199751 336.227159 0.000000
1653879747254508104 135.303773 0.000000
1653879747842687282 588.172909 0.000000
1653879747943112718 100.420758 0.000000
1653879747951836021 8.717919 0.000000
1653879748134827953 182.987062 0.000000
1653879748479261451 344.428835 0.000000
1653879748513424871 34.158822 0.000000
1653879748552855978 39.425017 0.000000
1653879748910923657 358.062723 0.000000
1653879748924253875 13.324621 0.000000
1653879748939608485 15.351408 0.000000
1653879748949367390 9.754993 0.000000
1653879749053591810 104.220660 0.000000
1653879749236756334 183.159505 0.000000
1653879749243967710 7.206677 0.000000
1653879749257627098 13.656188 0.000000
1653879749313345489 55.714778 0.000000
1653879749458243985 144.895307 0.000000
1653879749710171262 251.921528 0.000000
1653879749806282090 96.101215 0.000000
1653879750371355660 565.068419 0.000000
1653879750395141901 23.782138 0.000000
1653879750404152745 8.998285 0.000000
1653879750412450934 8.294515 0.000000
1653879751444275989 1031.822900 0.000000
1653879751773421197 329.140181 0.000000
1653879751782658984 9.232124 0.000000
1653879752058251439 275.589061 0.000000
1653879752066639942 8.383501 0.000000
1653879752376609571 309.965550 0.000000
1653879752522846263 146.230864 0.000000
1653879752534100531 11.249090 0.000000
1653879752543781871 9.675585 0.000000
1653879752555886029 12.101254 0.000000
1653879752749971666 194.083051 0.000000
1653879752760849280 10.871956 0.000000
1653879753083247018 322.393201 0.000000
1653879753314369537 231.117684 0.000000
1653879753712940210 398.566101 0.000000
1653879754029166679 316.220906 0.000000
1653879754348914253 319.742267 0.000000
1653879754405076404 56.158700 0.000000
1653879755232859215 827.777660 0.000000
1653879755916630987 683.767132 0.000000
1653879756037268680 120.630724 0.000000
1653879756518960182 481.686693 0.000000
1653879756783056076 264.092347 0.000000
1653879756951655450 168.595201 0.000000
1653879756963932150 12.273228 0.000000
1653879757009708894 45.773056 0.000000
1653879757657924832 648.212151 0.000000
1653879758028912029 370.982195 0.000000
1653879758227748901 198.829265 0.000000
1653879758242666879 14.911765 0.000000
1653879758252927884 10.257075 0.000000
1653879758504004474 251.073490 0.000000
1653879758514775647 10.766945 0.000000
1653879758523623081 8.843184 0.000000
1653879759046124364 522.496788 0.000000
1653879759060594036 14.463608 0.000000
1653879759073014334 12.415745 0.000000
1653879759439982350 366.964494 0.000000
1653879759464348240 24.359199 0.000000
1653879759718768490 254.416651 0.000000
1653879759731732155 12.958978 0.000000
1653879759740852715 9.115233 0.000000
1653879759755865104 15.008729 0.000000
1653879759792652652 36.783105 0.000000
1653879759972180298 179.523760 0.000000
1653879760023302837 51.116481 0.000000
1653879760108162717 84.854635 0.000000
1653879760417313837 309.146138 0.000000
1653879760427907500 10.588205 0.000000
1653879760479097593 51.184548 0.000000
1653879760496115795 17.014494 0.000000
1653879760693136835 197.016469 0.000000
1653879760708758151 15.615768 0.000000
1653879760724077007 15.313880 0.000000
1653879760765884676 41.802240 0.000000
1653879761053701446 287.812062 0.000000
1653879761300988588 247.282100 0.000000
1653879761315204831 14.210955 0.000000
1653879761325123932 9.916694 0.000000
1653879761333283535 8.155451 0.000000
1653879761348404592 15.118547 0.000000
1653879761485179239 136.770120 0.000000
1653879761499515998 14.331387 0.000000
1653879761939850472 440.329443 0.000000
1653879762282355353 342.500902 0.000000
1653879762295858431 13.494372 0.000000
1653879762311233777 15.371489 0.000000
1653879762335135313 23.897966 0.000000
1653879762469153824 134.015334 0.000000
1653879762499686473 30.528151 0.000000
1653879762639958103 140.267268 0.000000
1653879762847520913 207.557934 0.000000
1653879762862632692 15.108332 0.000000
1653879763084773905 222.136973 0.000000
1653879763202204508 117.425058 0.000000
1653879763274574091 72.364674 0.000000
1653879763492704666 218.125691 0.000000
1653879763502859959 10.150180 0.000000
1653879763538344941 35.482499 0.000000
1653879764348993821 810.644172 0.000000
1653879764662327729 313.329912 0.000000
1653879765127632675 465.299777 0.000000
1653879765351711826 224.075135 0.000000
1653879765700864676 349.148018 0.000000
1653879765711323762 10.453551 0.000000
1653879765998467441 287.139936 0.000000
1653879766008733754 10.261010 0.000000
1653879766476794964 468.057325 0.000000
1653879766802799269 325.999297 0.000000
1653879766815392411 12.586160 0.000000
1653879766827883511 12.486695 0.000000
1653879766964500747 136.612926 0.000000
1653879767062587895 98.081780 0.000000
1653879767120036905 57.442890 0.000000
1653879767189558922 69.516179 0.000000
1653879767272604038 83.040393 0.000000
1653879767285814763 13.205312 0.000000
1653879767903758405 617.939597 0.000000
1653879767964607386 60.843474 0.000000
1653879768039166486 74.554282 0.000000
1653879768051976425 12.806393 0.000000
1653879768426452684 374.472467 0.000000
1653879768643059036 216.600750 0.000000
1653879768732450043 89.383583 0.000000
1653879768821641391 89.186044 0.000000
1653879769012009397 190.363217 0.000000
1653879769109315756 97.301227 0.000000
1653879769237244808 127.922637 0.000000
1653879769469246027 231.996579 0.000000
1653879769730156995 260.905581 0.000000
1653879769770299567 40.135876 0.000000
1653879769788621004 18.316845 0.000000
1653879769920189653 131.564322 0.000000
1653879769964636190 44.440768 0.000000
1653879769974573097 9.933068 0.000000
1653879770420593541 446.017015 0.000000
1653879770524749016 104.150534 0.000000
1653879771325998498 801.244791 0.000000
1653879771993291004 667.286441 0.000000
1653879772361822996 368.526825 0.000000
1653879772377113757 15.285234 0.000000
1653879772597646676 220.529521 0.000000
1653879772608167697 10.515822 0.000000
1653879772676112911 67.942437 0.000000
1653879772743636862 67.518820 0.000000
1653879772757855531 14.214974 0.000000
1653879772769968383 12.109748 0.000000
1653879773317425390 547.453490 0.000000
1653879773442727028 125.296776 0.000000
1653879773460529496 17.797676 0.000000
1653879773778582263 318.048136 0.000000
1653879773945674636 167.088208 0.000000
1653879773959522473 13.843061 0.000000
1653879773972578251 13.051147 0.000000
1653879773984877937 12.293981 0.000000
1653879774767713514 782.832995 0.000000
1653879774781595702 13.876679 0.000000
1653879775129489718 347.890111 0.000000
1653879775716778770 587.284074 0.000000
1653879775855067965 138.283672 0.000000
1653879775869592255 14.518126 0.000000
1653879775881395920 11.799662 0.000000
1653879775897089814 15.691298 0.000000
1653879776065057836 167.965144 0.000000
1653879776076975373 11.912103 0.000000
1653879776234693589 157.714904 0.000000
1653879776794733318 560.034524 0.000000
1653879776804387992 9.650867 0.000000
1653879776814444973 10.054782 0.000000
1653879776831169242 16.721372 0.000000
1653879777064073117 232.900121 0.000000
1653879777215654894 151.578384 0.000000
1653879777228358239 12.699507 0.000000
1653879777241949138 13.588567 0.000000
1653879777285388623 43.436075 0.000000
1653879777300017015 14.624332 0.000000
1653879777959121238 659.101789 0.000000
1653879778064283248 105.155604 0.000000
1653879778081800755 17.512431 0.000000
1653879778594529598 512.725050 0.000000
1653879778740363951 145.828926 0.000000
1653879778962202262 221.832534 0.000000
1653879778996973670 34.766218 0.000000
1653879779259261246 262.284058 0.000000
1653879780091435509 832.168159 0.000000
1653879780384785687 293.344274 0.000000
1653879780488821708 104.017147 0.000000
1653879781014106375 525.279155 0.000000
1653879781028136143 14.025032 0.000000
1653879781452688033 424.547193 0.000000
1653879781468552128 15.857013 0.000000
1653879781648922595 180.366252 0.000000
1653879781877990879 229.062686 0.000000
1653879782231226181 353.228537 0.000000
1653879782321177173 89.944271 0.000000
1653879782335993064 14.810811 0.000000
1653879782350366343 14.368938 0.000000
1653879782501000393 150.630449 0.000000
1653879782774767461 273.761833 0.000000
1653879783271278307 496.503248 0.000000
1653879783470576094 199.291928 0.000000
1653879783967883835 497.303148 0.000000
1653879783981329146 13.440646 0.000000
1653879784146435094 165.103412 0.000000
1653879784485929876 339.488037 0.000000
1653879784623585398 137.650989 0.000000
1653879784643224562 19.632929 0.000000
1653879784663013634 19.783875 0.000000
1653879785347849386 684.831770 0.000000
1653879785370091420 22.237369 0.000000
1653879785665224298 295.129383 0.000000
1653879785859975602 194.746857 0.000000
1653879785872736750 12.755378 0.000000
1653879785920152795 47.411305 0.000000
1653879786079502141 159.344470 0.000000
1653879786144081678 64.574250 0.000000
1653879786176034265 31.947415 0.000000
1653879786226381107 50.343181 0.000000
1653879786412458019 186.071382 0.000000
1653879786605814170 193.351297 0.000000
1653879786638469743 32.650837 0.000000
1653879786654504028 16.029821 0.000000
1653879786860945888 206.437862 0.000000
1653879786872797471 11.847304 0.000000
1653879786982875504 110.074741 0.000000
1653879787835906524 853.025190 0.000000
1653879787851708156 15.796217 0.000000
1653879788240387124 388.673991 0.000000
1653879788525832665 285.441123 0.000000
1653879788539607739 13.771288 0.000000
1653879788549825757 10.214941 0.000000
1653879788565925725 16.096691 0.000000
1653879788712715762 146.787211 0.000000
1653879788762077740 49.358063 0.000000
1653879788785051676 22.969191 0.000000
1653879789192642088 407.586393 0.000000
1653879789433009866 240.362109 0.000000
1653879790115507024 682.491971 0.000000
1653879790265984449 150.471807 0.000000
1653879790448539467 182.549957 0.000000
1653879790634237703 185.693329 0.000000
1653879791262047299 627.804895 0.000000
1653879791444362434 182.311825 0.000000
1653879791459567527 15.196465 0.000000
1653879791742765962 283.194545 0.000000
1653879791838116057 95.346663 0.000000
1653879791857713378 19.590911 0.000000
1653879791876970919 19.253411 0.000000
1653879791966162712 89.188134 0.000000
1653879792122719437 156.552733 0.000000
1653879792135675498 12.952202 0.000000
1653879792333626566 197.947150 0.000000
1653879792349986569 16.355704 0.000000
1653879792362580983 12.591430 0.000000
1653879792513408501 150.825411 0.000000
1653879792551771433 38.358635 0.000000
1653879792613466573 61.691753 0.000000
1653879792628894799 15.423234 0.000000
