1653879729647586281 13.523957 0.000000
1653879729732067539 84.468121 0.000000
1653879729735517377 3.446663 0.000000
1653879729766216579 30.695898 0.000000
1653879730411518325 645.296925 0.000000
1653879731101776982 690.254132 0.000000
1653879731107232878 5.450739 0.000000
1653879731296835385 189.598537 0.000000
1653879731321516142 24.675786 0.000000
1653879731410901394 89.381373 0.000000
1653879731416599991 5.694707 0.000000
1653879731421806494 5.203418 0.000000
1653879731426391623 4.580825 0.000000
1653879731433032806 6.637535 0.000000
1653879731438777471 5.741702 0.000000
1653879731445237796 6.456297 0.000000
1653879731536414165 91.172685 0.000000
1653879731552662718 16.246011 0.000000
1653879731676445107 123.778784 0.000000
1653879731752425889 75.977064 0.000000
1653879731869410470 116.980070 0.000000
1653879732289636290 420.221099 0.000000
1653879732300615449 10.974907 0.000000
1653879732479674245 179.052981 0.000000
1653879732489986514 10.307102 0.000000
1653879732987680732 497.688787 0.000000
1653879732994540758 6.854794 0.000000
1653879733127313503 132.768754 0.000000
1653879733138856674 11.538245 0.000000
1653879733637854853 498.994507 0.000000
1653879733655354917 17.495780 0.000000
1653879733759241998 103.883227 0.000000
1653879733887413858 128.166408 0.000000
1653879733934832508 47.412487 0.000000
1653879733947047827 12.211231 0.000000
1653879734019574489 72.521942 0.000000
1653879734029243753 9.664764 0.000000
1653879734063203328 33.956313 0.000000
1653879734076091596 12.884737 0.000000
1653879734668748708 592.654594 0.000000
1653879734700675144 31.921246 0.000000
1653879734753098854 52.419455 0.000000
1653879734760387068 7.284024 0.000000
1653879734847656829 87.266167 0.000000
1653879734858757721 11.095241 0.000000
1653879734912880388 54.120127 0.000000
1653879735074705905 161.821922 0.000000
1653879735529976377 455.266011 0.000000
1653879736016387865 486.404426 0.000000
1653879736638267792 621.875057 0.000000
1653879736800489548 162.217489 0.000000
1653879736902651640 102.157471 0.000000
1653879736907910679 5.253195 0.000000
1653879736916371870 8.456520 0.000000
1653879736922775997 6.400692 0.000000
1653879737141967255 219.188781 0.000000
1653879737151216511 9.243758 0.000000
1653879737156625222 5.406824 0.000000
1653879737248814289 92.184640 0.000000
1653879737256616177 7.798580 0.000000
1653879737613211445 356.592332 0.000000
1653879737641973904 28.758412 0.000000
1653879737648392653 6.414549 0.000000
1653879737655263263 6.867976 0.000000
1653879737662400908 7.134076 0.000000
1653879738560771248 898.367690 0.000000
1653879738567858327 7.080836 0.000000
1653879738719540249 151.679296 0.000000
1653879738783267618 63.722523 0.000000
1653879738903404444 120.131694 0.000000
1653879739202183118 298.773913 0.000000
1653879739208328687 6.139741 0.000000
1653879739282993166 74.661535 0.000000
1653879739293199926 10.202028 0.000000
1653879739567335498 274.131127 0.000000
1653879739875996958 308.656643 0.000000
1653879739954680240 78.678492 0.000000
1653879739962482362 7.797682 0.000000
1653879739969697101 7.209746 0.000000
1653879739976998634 7.297259 0.000000
1653879739983827793 6.826252 0.000000
1653879739992011851 8.179970 0.000000
1653879740000776781 8.761609 0.000000
1653879740050554562 49.775265 0.000000
1653879740057325453 6.767777 0.000000
1653879740124063168 66.734671 0.000000
1653879740387446508 263.379278 0.000000
1653879740408402624 20.950472 0.000000
1653879740415975696 7.569572 0.000000
1653879740423621175 7.640659 0.000000
1653879740430845706 7.221472 0.000000
1653879740437712511 6.861798 0.000000
1653879740446223711 8.507680 0.000000
1653879740454114220 7.886585 0.000000
1653879740461415269 7.298225 0.000000
1653879740576248275 114.829406 0.000000
1653879740626071234 49.818584 0.000000
1653879740636232888 10.156728 0.000000
1653879740870415349 234.178296 0.000000
1653879741018541633 148.119227 0.000000
1653879741028123040 9.575512 0.000000
1653879741051337678 23.210873 0.000000
1653879741458119116 406.777902 0.000000
1653879741683681723 225.557926 0.000000
1653879741715781253 32.095916 0.000000
1653879742044929830 329.144377 0.000000
1653879742250935217 206.000480 0.000000
1653879743143493648 892.554445 0.000000
1653879743712871502 569.373059 0.000000
1653879743724695551 11.818892 0.000000
1653879743774759416 50.059629 0.000000
1653879743782661194 7.897217 0.000000
1653879743816684825 34.020198 0.000000
1653879743832534723 15.845814 0.000000
1653879743917217835 84.679373 0.000000
1653879743924660560 7.438660 0.000000
1653879743933289711 8.625904 0.000000
1653879744025836449 92.543530 0.000000
1653879744033702508 7.862151 0.000000
1653879744128250537 94.544385 0.000000
1653879744137375060 9.120131 0.000000
1653879744340348329 202.968197 0.000000
1653879744349061368 8.709812 0.000000
1653879744479492997 130.427410 0.000000
1653879744514502591 35.004908 0.000000
1653879744755635570 241.127501 0.000000
1653879744768234557 12.593611 0.000000
1653879745049593909 281.352421 0.000000
1653879745056566545 6.967769 0.000000
1653879745597481710 540.911281 0.000000
1653879745607256550 9.770154 0.000000
1653879745878472593 271.211890 0.000000
1653879745969855182 91.377988 0.000000
1653879746159655145 189.795186 0.000000
1653879746319433672 159.772759 0.000000
1653879746440260668 120.822065 0.000000
1653879746519127014 78.860653 0.000000
1653879746532888467 13.756361 0.000000
1653879746811805219 278.893574 0.000000
1653879747219439096 407.628456 0.000000
1653879747509103780 289.659535 0.000000
1653879747650748795 141.639835 0.000000
1653879747992662709 341.908901 0.000000
1653879748255771748 263.104643 0.000000
1653879748341883257 86.106402 0.000000
1653879748472440639 130.552516 0.000000
1653879748661219824 188.773667 0.000000
1653879748698843536 37.617928 0.000000
1653879748711898757 13.049743 0.000000
1653879748734594537 22.691916 0.000000
1653879748854707180 120.109107 0.000000
1653879748980538956 125.827897 0.000000
1653879748990724755 10.180241 0.000000
1653879748999063728 8.334487 0.000000
1653879749007038931 7.970071 0.000000
1653879749015847774 8.805079 0.000000
1653879749112818395 96.966276 0.000000
1653879749591676442 478.853941 0.000000
1653879749600578218 8.896965 0.000000
1653879749688679845 88.096965 0.000000
1653879749821398806 132.716049 0.000000
1653879750109248466 287.844848 0.000000
1653879750118397323 9.145375 0.000000
1653879750289452873 171.051340 0.000000
1653879750651681596 362.224299 0.000000
1653879750658723222 7.036269 0.000000
1653879750842399748 183.672682 0.000000
1653879750905115755 62.710532 0.000000
1653879751597905492 692.784820 0.000000
1653879751612215420 14.304206 0.000000
1653879751828653779 216.434320 0.000000
1653879751837447453 8.787103 0.000000
1653879752328042244 490.591655 0.000000
1653879752753352292 425.304956 0.000000
1653879752902167345 148.810838 0.000000
1653879752911607985 9.435543 0.000000
1653879753044369139 132.756811 0.000000
1653879753053929289 9.556071 0.000000
1653879753145317887 91.384272 0.000000
1653879753158915230 13.591675 0.000000
1653879753225668794 66.748795 0.000000
1653879753508586785 282.914289 0.000000
1653879753519140217 10.549477 0.000000
1653879754035731296 516.587788 0.000000
1653879754178193049 142.458379 0.000000
1653879754187986741 9.789603 0.000000
1653879754507857673 319.865191 0.000000
1653879754621868853 114.006717 0.000000
1653879754631896842 10.021984 0.000000
1653879754639984666 8.076307 0.000000
1653879754721943907 81.955617 0.000000
1653879755178892873 456.944314 0.000000
1653879755296589374 117.689580 0.000000
1653879755306584666 9.989156 0.000000
1653879755553178093 246.590758 0.000000
1653879755884516207 331.333994 0.000000
1653879756494615108 610.092811 0.000000
1653879756505602791 10.980760 0.000000
1653879756517666748 12.061744 0.000000
1653879756732485404 214.814873 0.000000
1653879756979338127 246.847139 0.000000
1653879756994685715 15.342203 0.000000
1653879757003351801 8.663247 0.000000
1653879757040263835 36.909504 0.000000
1653879757265782187 225.514740 0.000000
1653879757309021679 43.232877 0.000000
1653879758205442620 896.416218 0.000000
1653879758316137046 110.689545 0.000000
1653879758324406080 8.263181 0.000000
1653879758333759688 9.349609 0.000000
1653879758344547876 10.783714 0.000000
1653879758473279236 128.728760 0.000000
1653879758646344784 173.060131 0.000000
1653879758754560638 108.210411 0.000000
1653879759285028127 530.462554 0.000000
1653879759371278337 86.245453 0.000000
1653879759385747996 14.464841 0.000000
1653879760865428748 1479.677689 0.000000
1653879760937913211 72.479141 0.000000
1653879760953559416 15.641725 0.000000
1653879760964490676 10.927323 0.000000
1653879760975652936 11.157763 0.000000
1653879761460112762 484.455952 0.000000
1653879761485136914 25.017180 0.000000
1653879761679423859 194.282106 0.000000
1653879761703853423 24.422413 0.000000
1653879761870724515 166.866264 0.000000
1653879762064711951 193.981348 0.000000
1653879762075399691 10.682955 0.000000
1653879762096310997 20.907981 0.000000
1653879762538284130 441.969932 0.000000
1653879764034738185 1496.448026 0.000000
1653879764051246706 16.502482 0.000000
1653879764068089780 16.839209 0.000000
1653879764077068764 8.975150 0.000000
1653879764263161502 186.089903 0.000000
1653879764612877510 349.710692 0.000000
1653879764740071808 127.188351 0.000000
1653879764867478212 127.402564 0.000000
1653879764905699008 38.215624 0.000000
1653879764917093128 11.389243 0.000000
1653879765395840338 478.743020 0.000000
1653879765446525388 50.680314 0.000000
1653879765460027250 13.495708 0.000000
1653879765549362171 89.330261 0.000000
1653879765772948324 223.580910 0.000000
1653879766935916732 1162.963546 0.000000
1653879766985824846 49.903189 0.000000
1653879768874737611 1888.909085 0.000000
1653879768936123431 61.380410 0.000000
1653879769318498270 382.369245 0.000000
1653879769852496298 533.992089 0.000000
1653879770299922095 447.420268 0.000000
1653879770423000099 123.072861 0.000000
1653879771214370582 791.363878 0.000000
1653879771624265856 409.889229 0.000000
1653879771851670850 227.398569 0.000000
1653879771885005785 33.329427 0.000000
1653879772519316863 634.305354 0.000000
1653879772617301448 97.978522 0.000000
1653879773214361293 597.055104 0.000000
1653879773226154723 11.787499 0.000000
1653879773387334264 161.176660 0.000000
1653879773509363501 122.023935 0.000000
1653879773597869323 88.490521 0.000000
1653879774067232617 469.357927 0.000000
1653879774231963228 164.725909 0.000000
1653879774741178516 509.210810 0.000000
1653879774828369626 87.186838 0.000000
1653879774998619410 170.244598 0.000000
1653879775018553523 19.927477 0.000000
1653879775171140919 152.582950 0.000000
1653879775188926098 17.780358 0.000000
1653879775797361200 608.431063 0.000000
1653879775970730496 173.364189 0.000000
1653879775988147640 17.412344 0.000000
1653879776132377671 144.224332 0.000000
1653879776361315247 228.932815 0.000000
1653879776480018791 118.698507 0.000000
1653879776906833444 426.809351 0.000000
1653879777186967624 280.129522 0.000000
1653879777417740118 230.767991 0.000000
1653879777431204733 13.459750 0.000000
1653879777672786314 241.578222 0.000000
1653879777784942065 112.150975 0.000000
1653879777898228688 113.282021 0.000000
1653879777990335908 92.100855 0.000000
1653879778357325912 366.984752 0.000000
1653879778489993435 132.662923 0.000000
1653879778662050472 172.052445 0.000000
1653879778872432378 210.377547 0.000000
1653879778899711552 27.274319 0.000000
1653879779013524956 113.809012 0.000000
1653879779659621338 646.091292 0.000000
1653879779959486445 299.860265 0.000000
1653879780252233762 292.741294 0.000000
1653879780557906523 305.667904 0.000000
1653879780711349562 153.437912 0.000000
1653879780853549926 142.196486 0.000000
1653879780872060816 18.505449 0.000000
1653879780928840632 56.774580 0.000000
1653879781022019256 93.174899 0.000000
1653879781036088465 14.064320 0.000000
1653879781378064434 341.972101 0.000000
1653879782369885435 991.815328 0.000000
1653879782403923190 34.031175 0.000000
1653879782824518217 420.589576 0.000000
1653879783767396554 942.873463 0.000000
1653879784795224815 1027.823263 0.000000
1653879784812855630 17.625799 0.000000
1653879784825363296 12.502689 0.000000
1653879785093906632 268.538412 0.000000
1653879785230396262 136.484428 0.000000
1653879785504613196 274.210216 0.000000
1653879785960061338 455.442259 0.000000
1653879786308123437 348.057674 0.000000
1653879786556704597 248.576421 0.000000
1653879787411627629 854.916890 0.000000
1653879787432917013 21.284781 0.000000
1653879787461825865 28.904419 0.000000
1653879787788546831 326.714646 0.000000
1653879788562585102 774.031545 0.000000
1653879788619872582 57.282610 0.000000
1653879788936232669 316.356534 0.000000
1653879789095472617 159.232991 0.000000
1653879789137316586 41.837706 0.000000
1653879789238552401 101.229457 0.000000
1653879789252466185 13.908994 0.000000
1653879789266433375 13.962861 0.000000
1653879789278753283 12.314640 0.000000
1653879789453307226 174.550399 0.000000
1653879789569315785 116.004320 0.000000
