1653879729554863114 9.247865 0.000000
1653879729721801178 166.926390 0.000000
1653879729791367447 69.563000 0.000000
1653879729814917697 23.544947 0.000000
1653879729819199908 4.277402 0.000000
1653879729824391626 5.188234 0.000000
1653879729829889122 5.492594 0.000000
1653879730433425510 603.529743 0.000000
1653879730533499415 100.069310 0.000000
1653879731128059463 594.554335 0.000000
1653879731619731515 491.665496 0.000000
1653879731631610351 11.873709 0.000000
1653879731635216764 3.602310 0.000000
1653879731646986488 11.766320 0.000000
1653879731657141096 10.151317 0.000000
1653879731668788954 11.645067 0.000000
1653879731745390614 76.598585 0.000000
1653879731802564565 57.170414 0.000000
1653879731811809510 9.239833 0.000000
1653879731817968448 6.154691 0.000000
1653879731822523259 4.551046 0.000000
1653879732081103646 258.576866 0.000000
1653879732267023641 185.914667 0.000000
1653879732278076958 11.049070 0.000000
1653879732457702933 179.621334 0.000000
1653879732550598507 92.891234 0.000000
1653879732555692636 5.089506 0.000000
1653879732599456254 43.760396 0.000000
1653879732883335387 283.875600 0.000000
1653879732889827641 6.488617 0.000000
1653879732896660312 6.829506 0.000000
1653879732902572007 5.907838 0.000000
1653879733415833422 513.258403 0.000000
1653879733522651064 106.811506 0.000000
1653879733530779836 8.123239 0.000000
1653879733541605385 10.821768 0.000000
1653879733547742393 6.133903 0.000000
1653879733552316149 4.568229 0.000000
1653879733707969392 155.650294 0.000000
1653879733766065732 58.091278 0.000000
1653879734108497939 342.427831 0.000000
1653879734113178096 4.675779 0.000000
1653879734124384310 11.203547 0.000000
1653879734278021621 153.633905 0.000000
1653879734305913870 27.884777 0.000000
1653879734316226985 10.308842 0.000000
1653879734327192722 10.962375 0.000000
1653879734391823418 64.627023 0.000000
1653879734461441215 69.611943 0.000000
1653879734471029370 9.582319 0.000000
1653879734494249546 23.217492 0.000000
1653879734618170466 123.916707 0.000000
1653879734913588328 295.413756 0.000000
1653879735012529435 98.933148 0.000000
1653879735018591917 6.058660 0.000000
1653879735031828386 13.233669 0.000000
1653879735038166562 6.335277 0.000000
1653879735141582633 103.413143 0.000000
1653879735155913662 14.326074 0.000000
1653879735162213603 6.296193 0.000000
1653879735169278876 7.060798 0.000000
1653879735175864937 6.582547 0.000000
1653879735180649570 4.780625 0.000000
1653879735476989251 296.335250 0.000000
1653879736004389840 527.393983 0.000000
1653879736110079378 105.684281 0.000000
1653879736116543815 6.458127 0.000000
1653879736121409718 4.861831 0.000000
1653879736196803390 75.390455 0.000000
1653879736694029391 497.221144 0.000000
1653879737068290022 374.255621 0.000000
1653879737089123372 20.827561 0.000000
1653879737171872355 82.743495 0.000000
1653879737321270331 149.393472 0.000000
1653879737706889579 385.613189 0.000000
1653879737843733189 136.838360 0.000000
1653879737849929559 6.191966 0.000000
1653879738386676962 536.743293 0.000000
1653879738392807246 6.125593 0.000000
1653879738452531951 59.720811 0.000000
1653879738603051998 150.515933 0.000000
1653879738874068515 271.011148 0.000000
1653879738997135887 123.062720 0.000000
1653879739059891947 62.751256 0.000000
1653879739074772570 14.875825 0.000000
1653879739571722642 496.946630 0.000000
1653879739653956390 82.228917 0.000000
1653879739661572379 7.611295 0.000000
1653879739669263891 7.688178 0.000000
1653879739676562719 7.292855 0.000000
1653879739683677567 7.111707 0.000000
1653879739799592823 115.912395 0.000000
1653879739854406212 54.808079 0.000000
1653879740270292786 415.881111 0.000000
1653879740694019203 423.721722 0.000000
1653879740702192209 8.168085 0.000000
1653879740793221221 91.023554 0.000000
1653879740800297662 7.071675 0.000000
1653879741805920453 1005.617961 0.000000
1653879741828253127 22.327973 0.000000
1653879742276931967 448.674731 0.000000
1653879742285880863 8.942668 0.000000
1653879742302212083 16.326589 0.000000
1653879742311600920 9.385232 0.000000
1653879742719899347 408.295606 0.000000
1653879742825324092 105.419803 0.000000
1653879743045654720 220.324564 0.000000
1653879743440930453 395.270446 0.000000
1653879743481973493 41.038104 0.000000
1653879743493366674 11.387471 0.000000
1653879743533690616 40.320440 0.000000
1653879744008862431 475.167760 0.000000
1653879744017736708 8.869168 0.000000
1653879744263176259 245.437033 0.000000
1653879744271652577 8.469272 0.000000
1653879744514320674 242.663521 0.000000
1653879744750168493 235.841460 0.000000
1653879744763104831 12.932316 0.000000
1653879745046112365 283.003134 0.000000
1653879745156033851 109.915001 0.000000
1653879745164343225 8.305127 0.000000
1653879745183606172 19.258041 0.000000
1653879745250106652 66.496597 0.000000
1653879745429719709 179.607616 0.000000
1653879745867674561 437.950854 0.000000
1653879745876816767 9.136522 0.000000
1653879746589604943 712.783693 0.000000
1653879746599825961 10.216317 0.000000
1653879747087691207 487.862438 0.000000
1653879747207162581 119.467112 0.000000
1653879747495542817 288.375915 0.000000
1653879747521430933 25.882974 0.000000
1653879747730664354 209.230234 0.000000
1653879747739673141 9.003550 0.000000
1653879748023526676 283.849673 0.000000
1653879748037858122 14.325288 0.000000
1653879748062114586 24.252536 0.000000
1653879748371988256 309.869897 0.000000
1653879748381913383 9.918432 0.000000
1653879748391041453 9.125196 0.000000
1653879748826463419 435.417976 0.000000
1653879749623723926 797.255617 0.000000
1653879749632667795 8.938551 0.000000
1653879749642583911 9.910317 0.000000
1653879749945113308 302.525868 0.000000
1653879750053630343 108.511845 0.000000
1653879750449706196 396.071858 0.000000
1653879750472448386 22.737724 0.000000
1653879750481745980 9.293573 0.000000
1653879750492585583 10.834815 0.000000
1653879750923083201 430.495199 0.000000
1653879750981329060 58.241265 0.000000
1653879751088387071 107.054030 0.000000
1653879751097515755 9.122389 0.000000
1653879751106960375 9.440107 0.000000
1653879751144762573 37.799756 0.000000
1653879751287798940 143.032866 0.000000
1653879751339463124 51.659546 0.000000
1653879751372721761 33.254324 0.000000
1653879751381708240 8.982852 0.000000
1653879751419967213 38.256342 0.000000
1653879751441496765 21.525227 0.000000
1653879751465963540 24.461838 0.000000
1653879751962856553 496.887851 0.000000
1653879751998965651 36.104121 0.000000
1653879752007363039 8.394035 0.000000
1653879752675930821 668.563563 0.000000
1653879752846056130 170.119925 0.000000
1653879752918576572 72.515878 0.000000
1653879753218371046 299.790668 0.000000
1653879753288632801 70.256701 0.000000
1653879753383729032 95.091070 0.000000
1653879753858869181 475.136003 0.000000
1653879753993144547 134.268207 0.000000
1653879754073086564 79.937193 0.000000
1653879754577272205 504.180263 0.000000
1653879754590908359 13.631474 0.000000
1653879755034494035 443.580759 0.000000
1653879755048435128 13.934885 0.000000
1653879755063119711 14.680183 0.000000
1653879755074939652 11.816795 0.000000
1653879755508052205 433.109496 0.000000
1653879755521481893 13.424737 0.000000
1653879755922279931 400.794675 0.000000
1653879756392607796 470.321685 0.000000
1653879756833096184 440.483636 0.000000
1653879756844773404 11.671523 0.000000
1653879757114315675 269.539344 0.000000
1653879757136347965 22.027235 0.000000
1653879757146140119 9.786865 0.000000
1653879757387977373 241.834792 0.000000
1653879757395968754 7.986485 0.000000
1653879757725226439 329.253861 0.000000
1653879757740955311 15.723442 0.000000
1653879758058798404 317.839433 0.000000
1653879758615562952 556.757537 0.000000
1653879758947647413 332.079078 0.000000
1653879759516568778 568.915247 0.000000
1653879759605748682 89.172380 0.000000
1653879759615372536 9.618144 0.000000
1653879759710301620 94.925330 0.000000
1653879759721286272 10.980053 0.000000
1653879759733344316 12.053976 0.000000
1653879759849807102 116.458922 0.000000
1653879760837253371 987.440916 0.000000
1653879760983243775 145.983489 0.000000
1653879761375031695 391.783634 0.000000
1653879761427330787 52.294001 0.000000
1653879761452894846 25.560188 0.000000
1653879761978167296 525.266992 0.000000
1653879761994478447 16.302486 0.000000
1653879762294661927 300.179460 0.000000
1653879762400653723 105.986633 0.000000
1653879762422793964 22.133136 0.000000
1653879762986387481 563.588512 0.000000
1653879762998336535 11.945025 0.000000
1653879763117192203 118.851263 0.000000
1653879763236423821 119.226330 0.000000
1653879763257901706 21.472777 0.000000
1653879763648856382 390.950706 0.000000
1653879763660967601 12.106965 0.000000
1653879763687590287 26.617314 0.000000
1653879763699182340 11.588812 0.000000
1653879763955727353 256.540855 0.000000
1653879763966040359 10.308959 0.000000
1653879763988477849 22.433510 0.000000
1653879764149592792 161.111401 0.000000
1653879764161235800 11.637871 0.000000
1653879764171342793 10.102544 0.000000
1653879764180605938 9.260419 0.000000
1653879764190562931 9.952993 0.000000
1653879764217728867 27.163594 0.000000
1653879764584492492 366.758679 0.000000
1653879764829840316 245.342829 0.000000
1653879764850380183 20.535593 0.000000
1653879764887776595 37.392563 0.000000
1653879764913730843 25.949564 0.000000
1653879764926982786 13.247626 0.000000
1653879764961686338 34.697868 0.000000
1653879764971887371 10.196677 0.000000
1653879765418497338 446.606760 0.000000
1653879765615753235 197.250159 0.000000
1653879765856238879 240.481810 0.000000
1653879766072517805 216.272712 0.000000
1653879766160846035 88.322989 0.000000
1653879766171576192 10.724644 0.000000
1653879766408371115 236.789184 0.000000
1653879766420552423 12.177362 0.000000
1653879766586874378 166.319320 0.000000
1653879767070358375 483.478900 0.000000
1653879767683963597 613.599866 0.000000
1653879767802165996 118.197578 0.000000
1653879768194238657 392.067569 0.000000
1653879768463138419 268.893888 0.000000
1653879768480222378 17.078371 0.000000
1653879768618536798 138.309398 0.000000
1653879768631650115 13.109033 0.000000
1653879768691451192 59.796338 0.000000
1653879769080444300 388.989008 0.000000
1653879769533722711 453.273685 0.000000
1653879769551540512 17.813091 0.000000
1653879770198186202 646.640748 0.000000
1653879770777250993 579.059831 0.000000
1653879770966789571 189.533963 0.000000
1653879770980940275 14.145638 0.000000
1653879770991741829 10.797460 0.000000
1653879771130295082 138.549873 0.000000
1653879771436405462 306.104473 0.000000
1653879771449419734 13.007421 0.000000
1653879771497214012 47.789338 0.000000
1653879771565654838 68.437131 0.000000
1653879771580294727 14.632307 0.000000
1653879772028885416 448.587208 0.000000
1653879772279134905 250.245002 0.000000
1653879772799183424 520.042075 0.000000
1653879772899954874 100.767013 0.000000
1653879773100015965 200.055476 0.000000
1653879773236325503 136.305177 0.000000
1653879773327149326 90.815258 0.000000
1653879773787101154 459.945856 0.000000
1653879774353762671 566.657127 0.000000
1653879774368736887 14.969135 0.000000
1653879775773136177 1404.394823 0.000000
1653879776086468226 313.328118 0.000000
1653879776724520467 638.046939 0.000000
1653879778852883075 2128.356731 0.000000
1653879778866883250 13.995871 0.000000
1653879778879989559 13.103506 0.000000
1653879779189535719 309.542960 0.000000
1653879779484021815 294.480493 0.000000
1653879779496969213 12.943174 0.000000
1653879779740108001 243.134660 0.000000
1653879779948195784 208.061517 0.000000
1653879780625786007 677.584809 0.000000
1653879780646493041 20.701606 0.000000
1653879781243140075 596.607309 0.000000
1653879781260395839 17.250575 0.000000
1653879782165485499 905.085688 0.000000
1653879782184005373 18.513755 0.000000
1653879782643439142 459.430169 0.000000
1653879782911813358 268.369218 0.000000
1653879782945707505 33.887946 0.000000
1653879783062233381 116.521473 0.000000
1653879783189268589 127.030036 0.000000
1653879783293813303 104.538965 0.000000
1653879783576756795 282.937410 0.000000
1653879783725101144 148.339523 0.000000
1653879783905889647 180.784522 0.000000
1653879784038045366 132.150947 0.000000
1653879784460435317 422.384140 0.000000
1653879784768484627 308.043968 0.000000
1653879784976265217 207.773844 0.000000
1653879784994342890 18.073476 0.000000
1653879785031377816 37.031864 0.000000
1653879785045898327 14.517070 0.000000
1653879785157690022 111.788773 0.000000
1653879785400079474 242.383717 0.000000
1653879785591577165 191.492705 0.000000
1653879785971292902 379.709713 0.000000
1653879787179450600 1208.153028 0.000000
1653879787198483061 19.028000 0.000000
1653879787275705355 77.216644 0.000000
1653879787568067967 292.356134 0.000000
1653879787689587080 121.513971 0.000000
1653879788132384417 442.791994 0.000000
1653879788382710972 250.321280 0.000000
