1653946351520387135 108.589200 9.205729 9 0 0.000000
1653946352279483621 94.882151 10.538845 8 0 0.000000
1653946353496267807 173.818736 5.752869 7 0 0.000000
1653946354505387054 112.119471 8.918669 9 0 0.000000
1653946355525102066 92.693913 10.787327 11 0 0.000000
1653946356462604731 93.745172 10.666637 10 0 0.000000
1653946357499524138 94.260793 10.608345 11 0 0.000000
1653946358517380713 113.090298 8.842110 9 0 0.000000
1653946359519464434 111.337665 8.981286 9 0 0.000000
1653946360532250259 92.066580 10.861131 11 0 0.000000
1653946361458381063 92.607814 10.797611 10 0 0.000000
1653946362515076925 117.405489 8.517115 9 0 0.000000
1653946363531570093 92.403722 10.821519 11 0 0.000000
1653946364546210870 92.235304 10.841275 11 0 0.000000
1653946365466209476 91.994711 10.869582 10 0 0.000000
1653946366478824192 92.050890 10.862967 11 0 0.000000
1653946367490692023 91.983062 10.870985 11 0 0.000000
1653946368502908893 92.015053 10.867236 11 0 0.000000
1653946369505288234 111.370420 8.978637 9 0 0.000000
1653946370514257073 91.719794 10.902220 11 0 0.000000
1653946371492902097 139.800784 7.152747 7 0 0.000000
1653946372505039726 112.454994 8.892071 9 0 0.000000
1653946373521705452 112.958068 8.852467 9 0 0.000000
1653946374532950083 91.926756 10.877684 11 0 0.000000
1653946375539453298 91.495314 10.928927 11 0 0.000000
1653946376547231099 91.611306 10.915104 11 0 0.000000
1653946377552159280 91.352397 10.946056 11 0 0.000000
1653946378562615557 91.855482 10.886171 11 0 0.000000
1653946379480601237 91.794183 10.893416 10 0 0.000000
1653946380490202017 112.173343 8.914415 9 0 0.000000
1653946381496184243 91.448578 10.934587 11 0 0.000000
1653946382488407638 110.243039 9.070538 9 0 0.000000
1653946383496280541 91.620810 10.914075 11 0 0.000000
1653946384502291419 91.451700 10.934275 11 0 0.000000
1653946385508868747 91.503036 10.928122 11 0 0.000000
1653946386513940733 91.366434 10.944490 11 0 0.000000
1653946387523296240 91.755284 10.898043 11 0 0.000000
1653946388534948024 112.400217 8.896342 9 0 0.000000
1653946389551461760 112.941483 8.853791 9 0 0.000000
1653946390560406612 91.717943 10.902479 11 0 0.000000
1653946391567087494 91.512135 10.926998 11 0 0.000000
1653946392301421547 91.787342 10.894225 8 0 0.000000
1653946393497483603 108.728826 9.196847 11 0 0.000000
1653946394495822351 110.921840 9.014976 9 0 0.000000
1653946395505113590 91.749332 10.898737 11 0 0.000000
1653946396423984584 91.882654 10.882921 10 0 0.000000
1653946397524753939 110.072959 9.084555 10 0 0.000000
1653946398535661955 91.896797 10.881307 11 0 0.000000
1653946399546553448 91.894772 10.881484 11 0 0.000000
1653946400556760328 91.831613 10.888859 11 0 0.000000
1653946401579175626 146.054445 6.846533 7 0 0.000000
1653946402498064321 91.882811 10.882711 10 0 0.000000
1653946403507115109 91.727503 10.901334 11 0 0.000000
1653946404424658372 91.750478 10.898669 10 0 0.000000
1653946405532939029 110.824109 9.022985 10 0 0.000000
1653946406543515706 112.281905 8.905806 9 0 0.000000
1653946407354438170 115.841690 8.632145 7 0 0.000000
1653946408536970757 107.498654 9.302069 11 0 0.000000
1653946409545038953 91.638260 10.911960 11 0 0.000000
1653946410548086873 111.445673 8.972652 9 0 0.000000
1653946411549426029 111.255881 8.987963 9 0 0.000000
1653946412557889666 91.672485 10.907681 11 0 0.000000
1653946413553615818 110.632107 9.038630 9 0 0.000000
1653946414469803907 152.693725 6.548874 6 0 0.000000
1653946415572503273 220.535638 4.534328 5 0 0.000000
1653946416588039652 92.317535 10.831714 11 0 0.000000
1653946417504586300 91.650909 10.910519 10 0 0.000000
1653946418501593399 110.774383 9.027017 9 0 0.000000
1653946419509673952 91.639838 10.911826 11 0 0.000000
1653946420525921877 112.912366 8.856107 9 0 0.000000
1653946421444451063 91.849022 10.886970 10 0 0.000000
1653946422553314655 110.882127 9.018242 10 0 0.000000
1653946423561981509 91.692596 10.905484 11 0 0.000000
1653946424572064474 91.821343 10.890195 11 0 0.000000
1653946425585382334 92.115791 10.855429 11 0 0.000000
1653946426595469175 91.821952 10.890153 11 0 0.000000
1653946427512789438 91.728014 10.901318 10 0 0.000000
1653946428520981778 112.017290 8.926868 9 0 0.000000
1653946429438685177 91.765817 10.896767 10 0 0.000000
1653946430542169575 110.344391 9.062203 10 0 0.000000
1653946431563068184 92.805118 10.774821 11 0 0.000000
1653946432574423974 91.937155 10.876489 11 0 0.000000
1653946433591057097 112.955056 8.852751 9 0 0.000000
1653946434512065500 92.096612 10.857664 10 0 0.000000
1653946435513285085 143.027080 6.991473 7 0 0.000000
1653946436534550065 113.469687 8.812600 9 0 0.000000
1653946437543675950 91.734991 10.900523 11 0 0.000000
1653946438556537907 92.074498 10.860315 11 0 0.000000
1653946439567811195 91.929770 10.877376 11 0 0.000000
1653946440579432312 112.398029 8.896611 9 0 0.000000
1653946441575474513 110.666830 9.035762 9 0 0.000000
1653946442584589010 91.733406 10.900646 11 0 0.000000
1653946443607460010 146.120383 6.843483 7 0 0.000000
1653946444603251836 124.469974 8.033808 8 0 0.000000
1653946445526592526 92.330128 10.830239 10 0 0.000000
1653946446523719791 110.787912 9.025929 9 0 0.000000
1653946447544574935 113.424354 8.816138 9 0 0.000000
1653946448539597253 124.374207 8.040020 8 0 0.000000
1653946449551175867 91.957353 10.874093 11 0 0.000000
1653946450379147187 91.993025 10.869942 9 0 0.000000
1653946451560646233 107.404853 9.310206 11 0 0.000000
1653946452570405641 91.791674 10.893684 11 0 0.000000
1653946453586336389 92.353039 10.827510 11 0 0.000000
1653946454600425289 112.672256 8.874962 9 0 0.000000
1653946455597185527 110.744761 9.029253 9 0 0.000000
1653946456615086319 92.531801 10.806554 11 0 0.000000
1653946457534680347 91.955443 10.874364 10 0 0.000000
1653946458453435733 91.871016 10.884290 10 0 0.000000
1653946459266004787 135.423913 7.383988 6 0 0.000000
1653946460565290003 129.924465 7.696540 10 0 0.000000
1653946461575137432 112.200987 8.912237 9 0 0.000000
1653946462588015699 92.075614 10.860140 11 0 0.000000
1653946463573518615 140.781901 7.102972 7 0 0.000000
1653946464583299695 91.794082 10.893450 11 0 0.000000
1653946465581156046 110.868718 9.019334 9 0 0.000000
1653946466504819181 115.453458 8.661166 8 0 0.000000
1653946467593333624 108.847326 9.186833 10 0 0.000000
1653946468590867269 142.500256 7.017307 7 0 0.000000
1653946469617069110 93.286877 10.719139 11 0 0.000000
1653946470539665799 92.255321 10.838973 10 0 0.000000
1653946471556633637 112.992275 8.849837 9 0 0.000000
1653946472569353682 92.061070 10.861837 11 0 0.000000
1653946473580228800 91.893843 10.881661 11 0 0.000000
1653946474590738668 91.860548 10.885594 11 0 0.000000
1653946475603925325 92.103944 10.856835 11 0 0.000000
1653946476613942821 91.815357 10.890900 11 0 0.000000
1653946477629118478 92.284874 10.835563 11 0 0.000000
1653946478454991550 91.759773 10.897558 9 0 0.000000
1653946479560619323 110.558862 9.044635 10 0 0.000000
1653946480386654561 91.777544 10.895418 9 0 0.000000
1653946481379937285 110.360365 9.060865 9 0 0.000000
1653946482590053111 134.453225 7.437305 9 0 0.000000
1653946483602496103 92.036245 10.864809 11 0 0.000000
1653946484616669976 92.193580 10.846266 11 0 0.000000
1653946485629555366 112.538371 8.885507 9 0 0.000000
1653946486559794200 155.035820 6.449957 6 0 0.000000
1653946487556890045 110.783822 9.026214 9 0 0.000000
1653946488574770472 92.530663 10.806770 11 0 0.000000
1653946489593227058 92.583185 10.800657 11 0 0.000000
1653946490593927123 111.185078 8.993703 9 0 0.000000
1653946491614900210 113.437160 8.815120 9 0 0.000000
1653946492628563481 92.147262 10.851730 11 0 0.000000
1653946493639230178 91.874880 10.883905 11 0 0.000000
1653946494558470805 91.920217 10.878544 10 0 0.000000
1653946495561993427 111.498374 8.968408 9 0 0.000000
1653946496574839222 92.073051 10.860488 11 0 0.000000
1653946497601425989 114.060940 8.766916 9 0 0.000000
1653946498613795739 92.029701 10.865595 11 0 0.000000
1653946499627291926 92.132014 10.853519 11 0 0.000000
1653946500645068402 92.520757 10.807874 11 0 0.000000
1653946501555822216 101.190009 9.881924 9 0 0.000000
1653946502385645787 92.197942 10.845679 9 0 0.000000
1653946503398622000 112.548879 8.884710 9 0 0.000000
1653946504616067024 135.267794 7.392531 9 0 0.000000
1653946505614486033 110.931286 9.014252 9 0 0.000000
1653946506626696357 92.014976 10.867307 11 0 0.000000
1653946507457782765 92.337137 10.829199 9 0 0.000000
1653946508459917728 111.344379 8.980826 9 0 0.000000
1653946509641223041 118.126636 8.465212 10 0 0.000000
1653946510563825961 92.256243 10.838899 10 0 0.000000
1653946511561939029 110.897513 9.017015 9 0 0.000000
1653946512575110416 92.102657 10.856998 11 0 0.000000
1653946513590010773 92.259815 10.838502 11 0 0.000000
1653946514603146949 112.566611 8.883308 9 0 0.000000
1653946515613000042 91.800826 10.892673 11 0 0.000000
1653946516632324525 145.613439 6.867293 7 0 0.000000
1653946517645434596 92.097131 10.857655 11 0 0.000000
1653946518567251349 92.177909 10.848143 10 0 0.000000
1653946519580692545 92.126618 10.854108 11 0 0.000000
1653946520594910248 92.197624 10.845798 11 0 0.000000
1653946521608085403 92.102448 10.856958 11 0 0.000000
1653946522637777222 114.406291 8.740479 9 0 0.000000
1653946523650993590 92.106718 10.856517 11 0 0.000000
1653946524570856694 114.978676 8.696946 8 0 0.000000
1653946525585252358 112.706285 8.872277 9 0 0.000000
1653946526598032508 92.066730 10.861193 11 0 0.000000
1653946527610649708 92.052271 10.862940 11 0 0.000000
1653946528625423806 92.248212 10.839851 11 0 0.000000
1653946529636564856 91.917914 10.878799 11 0 0.000000
