1653946351329039440 195.181839 5.122731 5 0 0.000000
1653946352335109475 100.600752 9.939666 10 0 0.000000
1653946353324931432 98.977138 10.102827 10 0 0.000000
1653946354332514447 143.935173 6.947318 7 0 0.000000
1653946355281642254 158.183084 6.321593 6 0 0.000000
1653946356063672649 97.748603 10.229781 8 0 0.000000
1653946357241021559 117.729493 8.493659 10 0 0.000000
1653946358269366493 102.829666 9.724363 10 0 0.000000
1653946359338673935 97.205252 10.287033 11 0 0.000000
1653946360309300808 97.057921 10.302620 10 0 0.000000
1653946361280379700 97.103164 10.297825 10 0 0.000000
1653946362350699084 97.297313 10.277306 11 0 0.000000
1653946363318803045 96.806016 10.329469 10 0 0.000000
1653946364361257238 208.485692 4.796374 5 0 0.000000
1653946365331130914 96.982731 10.310621 10 0 0.000000
1653946366304357778 97.317709 10.275097 10 0 0.000000
1653946367274150066 96.974318 10.311486 10 0 0.000000
1653946367924903574 130.146135 7.683401 5 0 0.000000
1653946369303447250 275.703131 3.627016 5 0 0.000000
1653946370272775474 96.927992 10.316423 10 0 0.000000
1653946371333065030 96.385423 10.374525 11 0 0.000000
1653946372301635273 96.852407 10.324496 10 0 0.000000
1653946373104456607 100.347818 9.964857 8 0 0.000000
1653946374165481955 117.887041 8.482361 9 0 0.000000
1653946375299354716 113.382350 8.819332 10 0 0.000000
1653946376362438572 96.638930 10.347255 11 0 0.000000
1653946377201628252 119.880071 8.341380 7 0 0.000000
1653946378359530488 115.785421 8.636308 10 0 0.000000
1653946379327606538 96.803465 10.329767 10 0 0.000000
1653946380291934032 96.427789 10.369921 10 0 0.000000
1653946381355515938 96.684831 10.342410 11 0 0.000000
1653946382321807954 96.625247 10.348838 10 0 0.000000
1653946383346418817 113.841025 8.783823 9 0 0.000000
1653946384311380147 96.492253 10.363110 10 0 0.000000
1653946385181761242 96.704558 10.340298 9 0 0.000000
1653946386370411082 118.861000 8.412907 10 0 0.000000
1653946387304392209 155.659241 6.424113 6 0 0.000000
1653946388365683330 96.476814 10.364734 11 0 0.000000
1653946389364712323 124.874583 8.007776 8 0 0.000000
1653946390331234750 96.647698 10.346371 10 0 0.000000
1653946391325114365 124.230150 8.049265 8 0 0.000000
1653946392289911990 96.475430 10.364868 10 0 0.000000
1653946393350997407 96.458303 10.366743 11 0 0.000000
1653946394317589940 120.819721 8.276497 8 0 0.000000
1653946395349863001 114.692720 8.718623 9 0 0.000000
1653946396287651262 117.219475 8.530710 8 0 0.000000
1653946397380456307 99.341009 10.065840 11 0 0.000000
1653946398346742566 96.624259 10.348900 10 0 0.000000
1653946399332486467 123.213072 8.115698 8 0 0.000000
1653946400302149076 96.961518 10.312865 10 0 0.000000
1653946401367457206 96.841370 10.325651 11 0 0.000000
1653946402142990698 96.937355 10.315480 8 0 0.000000
1653946403370715505 111.606210 8.959663 11 0 0.000000
1653946404334736489 96.397543 10.373218 10 0 0.000000
1653946405301377209 96.659799 10.345105 10 0 0.000000
1653946406364924163 96.680627 10.342750 11 0 0.000000
1653946407234365889 96.600438 10.351470 9 0 0.000000
1653946408323423927 121.002083 8.264023 9 0 0.000000
1653946409388500216 96.821148 10.327899 11 0 0.000000
1653946410354070434 96.552355 10.356575 10 0 0.000000
1653946411319336684 120.653790 8.287869 8 0 0.000000
1653946412382700902 96.665258 10.344527 11 0 0.000000
1653946413350552929 96.781639 10.332158 10 0 0.000000
1653946414377616235 114.113950 8.762848 9 0 0.000000
1653946415150013007 128.724686 7.768028 6 0 0.000000
1653946416314938373 116.488316 8.584241 10 0 0.000000
1653946417312168159 99.718674 10.027779 10 0 0.000000
1653946418342646922 114.493221 8.733804 9 0 0.000000
1653946419308864149 96.617683 10.349640 10 0 0.000000
1653946420373630631 96.792792 10.330904 11 0 0.000000
1653946421341487673 96.781841 10.332104 10 0 0.000000
1653946422336465195 142.135360 7.035335 7 0 0.000000
1653946423305886755 96.938030 10.315430 10 0 0.000000
1653946424399916825 156.285858 6.398362 7 0 0.000000
1653946425368120771 96.815297 10.328402 10 0 0.000000
1653946426334388243 120.779732 8.279281 8 0 0.000000
1653946427331359597 99.693112 10.030379 10 0 0.000000
1653946428397661610 96.932111 10.316026 11 0 0.000000
1653946429326439247 132.678129 7.536788 7 0 0.000000
1653946430197548510 96.785587 10.331654 9 0 0.000000
1653946431393315708 132.859026 7.526549 9 0 0.000000
1653946432360311912 120.870030 8.273042 8 0 0.000000
1653946433355622670 124.409248 8.037690 8 0 0.000000
1653946434321030481 96.536476 10.358317 10 0 0.000000
1653946435319591212 99.851938 10.014413 10 0 0.000000
1653946436286156205 96.652301 10.345916 10 0 0.000000
1653946437343099629 176.152839 5.676746 6 0 0.000000
1653946438377961828 114.980604 8.696811 9 0 0.000000
1653946439368944987 123.868816 8.072791 8 0 0.000000
1653946440337269064 96.827864 10.327121 10 0 0.000000
1653946441374493845 115.242795 8.677001 9 0 0.000000
1653946442345520578 97.098411 10.298378 10 0 0.000000
1653946443371229968 102.566476 9.749350 10 0 0.000000
1653946444115280159 186.007358 5.375981 4 0 0.000000
1653946445343591511 136.474375 7.327133 9 0 0.000000
1653946446412633558 118.778508 8.418752 9 0 0.000000
1653946447381438843 96.876140 10.321991 10 0 0.000000
1653946448378723628 99.724378 10.027227 10 0 0.000000
1653946449350227321 97.145886 10.293321 10 0 0.000000
1653946450321772349 121.438849 8.234307 8 0 0.000000
1653946451356787468 114.997850 8.695525 9 0 0.000000
1653946452327898490 97.107159 10.297484 10 0 0.000000
1653946453322351940 99.441001 10.055775 10 0 0.000000
1653946454343567783 145.883473 6.854575 7 0 0.000000
1653946455410756808 97.012566 10.307452 11 0 0.000000
1653946456406034374 124.405216 8.037959 8 0 0.000000
1653946457372912700 96.683371 10.342563 10 0 0.000000
1653946458248191728 97.247594 10.282436 9 0 0.000000
1653946459409152548 116.091820 8.613555 10 0 0.000000
1653946460379651323 97.045572 10.303980 10 0 0.000000
1653946461349575897 96.987958 10.310080 10 0 0.000000
1653946462415991493 96.940883 10.314928 11 0 0.000000
1653946463381967739 120.742579 8.281777 8 0 0.000000
1653946464351409108 96.940059 10.315219 10 0 0.000000
1653946465414903695 96.676844 10.343259 11 0 0.000000
1653946466288315227 97.041182 10.304422 9 0 0.000000
1653946467424007859 113.564928 8.805199 10 0 0.000000
1653946468394083424 97.003433 10.308476 10 0 0.000000
1653946469363363764 96.923642 10.316932 10 0 0.000000
1653946470347633352 123.029274 8.127854 8 0 0.000000
1653946471416920776 97.203257 10.287225 11 0 0.000000
1653946472385846796 96.888671 10.320705 10 0 0.000000
1653946473357208336 97.131959 10.294828 10 0 0.000000
1653946474379702265 170.411376 5.868006 6 0 0.000000
1653946475349470986 96.972557 10.311737 10 0 0.000000
1653946476319383859 96.986961 10.310204 10 0 0.000000
1653946477323411856 143.428257 6.971917 7 0 0.000000
1653946478421540074 156.870921 6.374483 7 0 0.000000
1653946479396466396 97.488904 10.257185 10 0 0.000000
1653946480371191293 121.835700 8.207444 8 0 0.000000
1653946481343343373 97.211046 10.286456 10 0 0.000000
1653946482341992239 166.437054 6.008118 6 0 0.000000
1653946483408579521 96.958748 10.313268 11 0 0.000000
1653946484376387456 96.776698 10.332629 10 0 0.000000
1653946485348269173 97.184294 10.289318 10 0 0.000000
1653946486418810971 97.318123 10.275171 11 0 0.000000
1653946487348755002 132.845333 7.527335 7 0 0.000000
1653946488220944154 124.593570 8.025782 7 0 0.000000
1653946489200331991 163.227063 6.126276 6 0 0.000000
1653946490362100033 116.172718 8.607570 10 0 0.000000
1653946491359612139 99.745306 10.024941 10 0 0.000000
1653946492427305519 97.058890 10.302583 11 0 0.000000
1653946493398633685 97.128917 10.295182 10 0 0.000000
1653946494369315208 97.063981 10.302040 10 0 0.000000
1653946495436661776 97.027584 10.305931 11 0 0.000000
1653946496378702998 117.751034 8.492197 8 0 0.000000
1653946497444567343 96.892916 10.320263 11 0 0.000000
1653946498416254574 97.164809 10.291377 10 0 0.000000
1653946499385740987 96.944337 10.314740 10 0 0.000000
1653946500356553012 97.077068 10.300655 10 0 0.000000
1653946501199079436 120.356804 8.308345 7 0 0.000000
1653946502392023864 119.289672 8.382620 10 0 0.000000
1653946503168710287 97.081210 10.300167 8 0 0.000000
1653946504398407502 136.629101 7.318875 9 0 0.000000
1653946505430645635 114.688636 8.718919 9 0 0.000000
1653946506400527549 121.231389 8.248427 8 0 0.000000
1653946507371447123 97.087929 10.299514 10 0 0.000000
1653946508439909835 97.129044 10.295165 11 0 0.000000
1653946509414129019 97.417413 10.264631 10 0 0.000000
1653946510452411994 115.359629 8.668157 9 0 0.000000
1653946511424426365 97.196715 10.287914 10 0 0.000000
1653946512450347395 102.588032 9.747339 10 0 0.000000
1653946513392416920 117.754748 8.491942 8 0 0.000000
1653946514368424322 97.596665 10.245824 10 0 0.000000
1653946515367111912 166.443180 6.007885 6 0 0.000000
1653946516340151127 97.299852 10.277078 10 0 0.000000
1653946517434356630 121.572199 8.225146 9 0 0.000000
1653946518408126549 97.372597 10.269366 10 0 0.000000
1653946519380126485 97.196111 10.288067 10 0 0.000000
1653946520451408218 97.385259 10.268074 11 0 0.000000
1653946521419478724 121.004623 8.263861 8 0 0.000000
1653946522391233810 97.171291 10.290659 10 0 0.000000
1653946523226877050 139.269736 7.180097 6 0 0.000000
1653946524431611937 133.855130 7.470524 9 0 0.000000
1653946525447882496 127.029613 7.871919 8 0 0.000000
1653946526414795832 120.859775 8.273751 8 0 0.000000
1653946527387563401 97.272682 10.279948 10 0 0.000000
1653946528387470115 124.984512 8.000747 8 0 0.000000
1653946529421898776 114.932543 8.700455 9 0 0.000000
1653946530393489626 97.155147 10.292398 10 0 0.000000
1653946531433457093 115.548031 8.654117 9 0 0.000000
1653946532375781064 117.785986 8.489649 8 0 0.000000
