1653946352973652271 170.803516 5.848809 3 0 0.000000
1653946354356619721 197.562375 5.061580 7 0 0.000000
1653946355373048736 127.048733 7.870692 8 0 0.000000
1653946356258348060 126.466325 7.906930 7 0 0.000000
1653946357438113834 168.533249 5.933381 7 0 0.000000
1653946358442776011 125.577983 7.962876 8 0 0.000000
1653946359219658836 258.956113 3.861586 3 0 0.000000
1653946360056027238 209.087521 4.782582 4 0 0.000000
1653946361358139546 216.943727 4.607897 6 0 0.000000
1653946362360219435 125.255148 7.983395 8 0 0.000000
1653946363398444501 173.032414 5.779094 6 0 0.000000
1653946364399654923 125.146828 7.990328 8 0 0.000000
1653946365398915468 124.902216 8.005920 8 0 0.000000
1653946366400200697 250.316230 3.994866 4 0 0.000000
1653946367402919985 125.334832 7.978304 8 0 0.000000
1653946368403583388 125.077411 7.994696 8 0 0.000000
1653946369404016308 125.048732 7.996538 8 0 0.000000
1653946370404303297 125.031159 7.997705 8 0 0.000000
1653946371399051174 165.785819 6.031679 6 0 0.000000
1653946372396896941 124.726048 8.017271 8 0 0.000000
1653946373392991301 124.505397 8.031368 8 0 0.000000
1653946374390883609 124.731521 8.016897 8 0 0.000000
1653946375140367931 124.908980 8.005504 6 0 0.000000
1653946376390368804 156.245172 6.399996 8 0 0.000000
1653946377387927646 124.686015 8.019577 8 0 0.000000
1653946378379455500 165.249762 6.051267 6 0 0.000000
1653946379380177183 125.085581 7.994231 8 0 0.000000
1653946380378523260 249.582214 4.006627 4 0 0.000000
1653946381128788734 125.039740 7.997169 6 0 0.000000
1653946382452295228 220.579542 4.533412 6 0 0.000000
1653946383454451386 167.021494 5.987091 6 0 0.000000
1653946384372553763 183.615540 5.446016 5 0 0.000000
1653946385370072745 166.248514 6.014923 6 0 0.000000
1653946386364120153 165.669965 6.035930 6 0 0.000000
1653946387359743679 124.445289 8.035166 8 0 0.000000
1653946388482329876 124.727217 8.017202 9 0 0.000000
1653946389394501756 182.429547 5.481423 5 0 0.000000
1653946390384939776 247.603679 4.038617 4 0 0.000000
1653946391381749145 124.596847 8.025607 8 0 0.000000
1653946392420789433 129.875621 7.699413 8 0 0.000000
1653946393413748927 165.489025 6.042542 6 0 0.000000
1653946394412195294 124.801633 8.012448 8 0 0.000000
1653946395412519761 125.035469 7.997405 8 0 0.000000
1653946396405889647 165.556915 6.040046 6 0 0.000000
1653946397402426526 124.562694 8.027801 8 0 0.000000
1653946398401563833 124.887077 8.006908 8 0 0.000000
1653946399401978660 166.731195 5.997512 6 0 0.000000
1653946400400745336 124.841118 8.009879 8 0 0.000000
1653946401398795786 124.751306 8.015627 8 0 0.000000
1653946402400132032 125.162395 7.989324 8 0 0.000000
1653946403398997558 124.853904 8.009086 8 0 0.000000
1653946404399167979 125.016517 7.998637 8 0 0.000000
1653946405399663801 125.057235 7.996035 8 0 0.000000
1653946406147740830 124.674504 8.020565 6 0 0.000000
1653946407391980504 207.368185 4.822222 6 0 0.000000
1653946408392856874 125.105278 7.992995 8 0 0.000000
1653946409391092560 124.774977 8.014139 8 0 0.000000
1653946410411053854 127.490216 7.843435 8 0 0.000000
1653946411407318723 166.039214 6.022495 6 0 0.000000
1653946412394374365 246.753218 4.052456 4 0 0.000000
1653946413393640517 124.904180 8.005875 8 0 0.000000
1653946414499105870 184.239711 5.427579 6 0 0.000000
1653946415367398595 173.653615 5.758427 5 0 0.000000
1653946416489802767 160.339227 6.236613 7 0 0.000000
1653946417491282555 166.908755 5.991134 6 0 0.000000
1653946418483675452 165.394229 6.045993 6 0 0.000000
1653946419475404303 165.282704 6.050041 6 0 0.000000
1653946420348686000 124.749990 8.015741 7 0 0.000000
1653946421458984694 222.055184 4.503293 5 0 0.000000
1653946422504173906 174.193550 5.740587 6 0 0.000000
1653946423503059824 124.856452 8.008923 8 0 0.000000
1653946424168712335 133.125945 7.511427 5 0 0.000000
1653946425050925536 176.438058 5.667564 5 0 0.000000
1653946426419047713 171.010898 5.847431 8 0 0.000000
1653946427172095933 188.257059 5.311745 4 0 0.000000
1653946428413411968 155.160063 6.444773 8 0 0.000000
1653946429451497499 129.754169 7.706494 8 0 0.000000
1653946430421372497 323.286912 3.093182 3 0 0.000000
1653946431420949724 124.942991 8.003383 8 0 0.000000
1653946432408502892 246.883018 4.050415 4 0 0.000000
1653946433408832356 125.036061 7.997365 8 0 0.000000
1653946434199197685 131.722909 7.591426 6 0 0.000000
1653946435456210396 209.497487 4.773221 6 0 0.000000
1653946436454276504 124.753956 8.015501 8 0 0.000000
1653946437453168054 124.855939 8.008877 8 0 0.000000
1653946438326551683 124.764186 8.014806 7 0 0.000000
1653946439201106687 174.906159 5.717193 5 0 0.000000
1653946440441181942 155.004823 6.451221 8 0 0.000000
1653946441191784210 125.095326 7.993581 6 0 0.000000
1653946442445691406 156.734164 6.380057 8 0 0.000000
1653946443401703542 136.568891 7.322083 7 0 0.000000
1653946444399472602 166.290065 6.013416 6 0 0.000000
1653946445399684511 125.021936 7.998305 8 0 0.000000
1653946446440325334 130.075948 7.687570 8 0 0.000000
1653946447441566827 125.150579 7.990081 8 0 0.000000
1653946448432893233 165.216261 6.052497 6 0 0.000000
1653946449428651970 165.955769 6.025556 6 0 0.000000
1653946450174861935 186.548259 5.360422 4 0 0.000000
1653946451413268742 154.796496 6.459913 8 0 0.000000
1653946452411895254 124.823706 8.011003 8 0 0.000000
1653946453413033844 125.137293 7.990902 8 0 0.000000
1653946454155257414 247.403536 4.041909 3 0 0.000000
1653946455409544425 156.780983 6.378126 8 0 0.000000
1653946456410426796 125.105400 7.992947 8 0 0.000000
1653946457414085856 167.271723 5.978126 6 0 0.000000
1653946458407304141 165.531682 6.040968 6 0 0.000000
1653946459529904290 124.728563 8.017102 9 0 0.000000
1653946460520133621 165.033831 6.059203 6 0 0.000000
1653946461522261542 167.016991 5.987259 6 0 0.000000
1653946462522274921 124.996955 7.999893 8 0 0.000000
1653946463527388162 167.514396 5.969477 6 0 0.000000
1653946464531687594 167.378182 5.974314 6 0 0.000000
1653946465528715642 166.166770 6.017885 6 0 0.000000
1653946466532379585 125.453090 7.970795 8 0 0.000000
1653946467532841885 125.053308 7.996303 8 0 0.000000
1653946468538424823 167.592557 5.966688 6 0 0.000000
1653946469416452648 175.600976 5.694580 5 0 0.000000
1653946470416169174 124.960286 8.002268 8 0 0.000000
1653946471423199349 125.873826 7.944151 8 0 0.000000
1653946472422282300 124.881058 8.007343 8 0 0.000000
1653946473540530161 159.743310 6.259793 7 0 0.000000
1653946474540819667 125.031577 7.997685 8 0 0.000000
1653946475420539873 175.939118 5.683625 5 0 0.000000
1653946476409284038 247.180438 4.045536 4 0 0.000000
1653946477431140296 255.458091 3.914445 4 0 0.000000
1653946478432816678 125.205168 7.986611 8 0 0.000000
1653946479431049281 998.228236 1.001770 1 0 0.000000
1653946480431738107 125.081676 7.994494 8 0 0.000000
1653946481462227330 171.743379 5.822477 6 0 0.000000
1653946482211361940 124.851798 8.009241 6 0 0.000000
1653946483377423465 291.510984 3.430351 4 0 0.000000
1653946484511709128 162.033356 6.171285 7 0 0.000000
1653946485512189155 125.055740 7.996162 8 0 0.000000
1653946486377043666 172.965968 5.781319 5 0 0.000000
1653946487382962282 167.648694 5.964697 6 0 0.000000
1653946488385201050 167.035038 5.986597 6 0 0.000000
1653946489516957328 161.674697 6.185077 7 0 0.000000
1653946490436605796 183.925100 5.436860 5 0 0.000000
1653946491437312707 125.083946 7.994349 8 0 0.000000
1653946492478519608 173.527643 5.762543 6 0 0.000000
1653946493353878659 125.046990 7.996719 7 0 0.000000
1653946494526114620 234.442803 4.265353 5 0 0.000000
1653946495533048468 167.818259 5.958683 6 0 0.000000
1653946496537301910 167.370766 5.974587 6 0 0.000000
1653946497538034827 125.084704 7.994141 8 0 0.000000
1653946498540003693 125.241818 7.984280 8 0 0.000000
1653946499538528378 166.416306 6.008865 6 0 0.000000
1653946500529939399 165.229907 6.051981 6 0 0.000000
1653946501529843067 166.645847 6.000578 6 0 0.000000
1653946502530818754 125.117770 7.992203 8 0 0.000000
1653946503534347576 125.436918 7.971869 8 0 0.000000
1653946504535555917 125.146985 7.990345 8 0 0.000000
1653946505285803615 125.037027 7.997359 6 0 0.000000
1653946506492914952 172.439954 5.798968 7 0 0.000000
1653946507497747788 167.464321 5.971142 6 0 0.000000
1653946508248600889 125.137810 7.990911 6 0 0.000000
1653946509503276865 209.108313 4.782111 6 0 0.000000
1653946510255026004 125.286796 7.981386 6 0 0.000000
1653946511494890694 154.978250 6.452317 8 0 0.000000
1653946512541507494 174.431500 5.732757 6 0 0.000000
1653946513419181846 125.377305 7.975623 7 0 0.000000
1653946514538845634 159.947358 6.251877 7 0 0.000000
1653946515290200244 125.219040 7.985577 6 0 0.000000
1653946516532200516 155.245250 6.441222 8 0 0.000000
1653946517539337574 167.851911 5.957481 6 0 0.000000
1653946518542311962 125.367178 7.976275 8 0 0.000000
1653946519549267811 167.821210 5.958553 6 0 0.000000
1653946520551576751 125.284109 7.981571 8 0 0.000000
1653946521304593472 125.498039 7.967950 6 0 0.000000
1653946522546621606 155.248723 6.441078 8 0 0.000000
1653946523537187753 165.089927 6.057142 6 0 0.000000
1653946524404113502 173.380319 5.767506 5 0 0.000000
1653946525553040535 164.127709 6.092641 7 0 0.000000
1653946526544553943 165.247608 6.051355 6 0 0.000000
1653946527467087837 184.501996 5.419855 5 0 0.000000
1653946528514372910 174.542410 5.729099 6 0 0.000000
1653946529515800242 125.173800 7.988598 8 0 0.000000
1653946530561497823 174.278700 5.737797 6 0 0.000000
1653946531567577316 125.755821 7.951658 8 0 0.000000
1653946532568575428 166.829087 5.994017 6 0 0.000000
1653946533573034273 125.553668 7.964488 8 0 0.000000
