1653873609026633965 7.730169 129.314216 129 0 0.000000
1653873610028211635 3.271153 305.517993 306 0 0.000000
1653873610948860607 6.868610 145.549501 134 0 0.000000
1653873611995402867 6.539000 152.884414 160 0 0.000000
1653873613026213512 7.690924 129.994778 134 0 0.000000
1653873614031437445 5.521510 181.054185 182 0 0.000000
1653873614979408285 4.469888 223.635571 212 0 0.000000
1653873616032502151 5.135307 194.664507 205 0 0.000000
1653873617031887305 4.420392 226.139043 226 0 0.000000
1653873618031742421 3.595027 278.040284 278 0 0.000000
1653873619032903819 3.909164 255.703027 256 0 0.000000
1653873620033873277 4.034520 247.759807 248 0 0.000000
1653873620976951132 5.068538 197.226559 186 0 0.000000
1653873622035952365 8.271726 120.868602 128 0 0.000000
1653873622984939000 3.316487 301.374107 286 0 0.000000
1653873624038463042 3.606275 277.165008 292 0 0.000000
1653873624986287947 4.287188 233.165431 221 0 0.000000
1653873626023937936 5.996066 166.722885 173 0 0.000000
1653873627020365869 4.065434 245.878291 245 0 0.000000
1653873628039777769 7.177135 139.296001 142 0 0.000000
1653873628976372917 5.088516 196.456281 184 0 0.000000
1653873630041018993 5.217119 191.612973 204 0 0.000000
1653873631041142221 7.517953 132.983593 133 0 0.000000
1653873632042033780 5.528097 180.838799 181 0 0.000000
1653873633041268471 5.175738 193.147818 193 0 0.000000
1653873634006300389 6.746786 148.181626 143 0 0.000000
1653873635042873807 4.246614 235.390951 244 0 0.000000
1653873636037466665 3.868276 258.397188 257 0 0.000000
1653873637044165012 4.792109 208.602709 210 0 0.000000
1653873638045470689 5.786213 172.774411 173 0 0.000000
1653873639045864073 5.181583 192.924109 193 0 0.000000
1653873640009759698 4.866499 205.416432 198 0 0.000000
1653873641046798158 5.081714 196.714016 204 0 0.000000
1653873642009541549 4.455450 224.358850 216 0 0.000000
1653873643048258249 6.072656 164.626215 171 0 0.000000
1653873644014156993 6.437421 155.295783 150 0 0.000000
1653873645047171250 7.171907 139.397882 144 0 0.000000
1653873646049742481 5.166182 193.502460 194 0 0.000000
1653873647045940520 4.697274 212.809090 212 0 0.000000
1653873648044273486 5.308523 188.313928 188 0 0.000000
1653873649053560311 6.552088 152.582987 154 0 0.000000
1653873650053865539 5.988035 166.949042 167 0 0.000000
1653873651026086728 6.703237 149.143016 145 0 0.000000
1653873652043662318 4.623662 216.200155 220 0 0.000000
1653873653042495653 4.379059 228.266313 228 0 0.000000
1653873654052734083 5.488718 182.135221 184 0 0.000000
1653873655054161396 6.630210 150.784783 151 0 0.000000
1653873656044574247 5.625534 177.703672 176 0 0.000000
1653873657056754351 5.189035 192.653461 195 0 0.000000
1653873658058154683 4.429163 225.683968 226 0 0.000000
1653873659057390683 4.872662 205.156740 205 0 0.000000
1653873660054505391 7.439183 134.387747 134 0 0.000000
1653873661058647078 4.421765 226.063717 227 0 0.000000
1653873662053688796 5.851443 170.847106 170 0 0.000000
1653873663035512055 5.305264 188.424953 185 0 0.000000
1653873664060404978 5.821451 171.725255 176 0 0.000000
1653873665061167813 5.652327 176.865083 177 0 0.000000
1653873666059654346 5.484434 182.275847 182 0 0.000000
1653873667059534954 6.576318 152.018168 152 0 0.000000
1653873668037381229 6.186991 161.579588 158 0 0.000000
1653873669063750302 6.256530 159.786576 164 0 0.000000
1653873670062781005 5.517625 181.175613 181 0 0.000000
1653873671056607461 4.376370 228.410102 227 0 0.000000
1653873672065050660 5.250424 190.392478 192 0 0.000000
1653873673065887513 6.582608 151.872905 152 0 0.000000
1653873674067699376 4.909120 203.631048 204 0 0.000000
1653873675067800789 5.100740 195.980123 196 0 0.000000
1653873676065187636 6.271048 159.416582 159 0 0.000000
1653873677066763666 5.688937 175.723053 176 0 0.000000
1653873678066475918 7.869786 127.036556 127 0 0.000000
1653873679068574579 4.659244 214.549733 215 0 0.000000
1653873680041433532 5.314338 188.105358 183 0 0.000000
1653873681069994788 5.300020 188.612993 194 0 0.000000
1653873682071098881 6.216172 160.822418 161 0 0.000000
1653873683071367187 5.617755 177.952278 178 0 0.000000
1653873684072398694 5.852121 170.823792 171 0 0.000000
1653873685071960102 5.983543 167.073277 167 0 0.000000
1653873686072885400 6.028023 165.846544 166 0 0.000000
1653873687032816790 4.920905 203.139516 195 0 0.000000
1653873688076724368 6.067448 164.765546 172 0 0.000000
1653873689075136849 8.388143 119.189215 119 0 0.000000
1653873690050861770 5.737790 174.229433 170 0 0.000000
1653873691020518272 6.213975 160.881699 156 0 0.000000
1653873692029057660 6.341182 157.653741 159 0 0.000000
1653873693049736861 7.394402 135.204091 138 0 0.000000
1653873694050657029 6.455822 154.857505 155 0 0.000000
1653873695061188134 7.955165 125.676489 127 0 0.000000
1653873696081600745 7.133902 140.139389 143 0 0.000000
1653873697076728601 6.721976 148.724608 148 0 0.000000
1653873698047087902 6.218411 160.765193 156 0 0.000000
1653873699080479351 6.456919 154.830002 160 0 0.000000
1653873700076926292 5.929368 168.599042 168 0 0.000000
1653873701041810978 5.543708 180.332430 174 0 0.000000
1653873702034144569 6.986430 143.097040 142 0 0.000000
1653873703084011079 5.642543 177.165355 186 0 0.000000
1653873704084146613 5.746100 173.976445 174 0 0.000000
1653873705083977104 7.809368 128.021702 128 0 0.000000
1653873706083865404 6.366908 157.017537 157 0 0.000000
1653873707086478999 6.343803 157.588130 158 0 0.000000
1653873708082160583 5.889822 169.732978 169 0 0.000000
1653873709080585747 6.049287 165.260256 165 0 0.000000
1653873710086612518 6.573483 152.083430 153 0 0.000000
1653873711090059173 6.079726 164.433254 165 0 0.000000
1653873712090412335 5.555830 179.936455 180 0 0.000000
1653873713089756472 6.572752 152.099757 152 0 0.000000
1653873714087053415 7.789549 128.346928 128 0 0.000000
1653873715013267363 7.914438 126.320706 117 0 0.000000
1653873716090628420 6.648620 150.367411 162 0 0.000000
1653873717088000822 8.106841 123.324052 123 0 0.000000
1653873717819111877 6.705787 149.088157 109 0 0.000000
1653873719089351755 8.037701 124.385945 158 0 0.000000
1653873720093111415 6.271679 159.400725 160 0 0.000000
1653873721092232376 6.614904 151.132852 151 0 0.000000
1653873722091882319 6.618375 151.052868 151 0 0.000000
1653873723005312731 5.371486 186.111617 170 0 0.000000
1653873724065599717 9.217935 108.461201 115 0 0.000000
1653873725094366669 6.902747 144.833579 149 0 0.000000
1653873726094386552 6.577227 151.996978 152 0 0.000000
1653873727097940159 5.832848 171.390944 172 0 0.000000
1653873728098431226 7.814500 127.937173 128 0 0.000000
1653873729097535078 5.840971 171.153380 171 0 0.000000
1653873730051275217 5.641493 177.197112 169 0 0.000000
1653873731098834573 9.974931 100.232984 105 0 0.000000
1653873732097927612 6.321712 158.143432 158 0 0.000000
1653873733100043344 7.366763 135.712868 136 0 0.000000
1653873734097769384 7.792915 128.291712 128 0 0.000000
1653873735100112011 7.890675 126.703200 127 0 0.000000
1653873736100895460 5.749724 173.863787 174 0 0.000000
1653873737103143566 6.035828 165.627651 166 0 0.000000
1653873738099092367 5.410973 184.748453 184 0 0.000000
1653873739100165878 8.410548 118.872389 119 0 0.000000
1653873740103393872 7.715280 129.581711 130 0 0.000000
1653873741099924122 8.443102 118.410856 118 0 0.000000
1653873742102251574 8.147177 122.714387 123 0 0.000000
1653873743104148537 8.786687 113.784141 114 0 0.000000
1653873744107276980 6.387456 156.510387 157 0 0.000000
1653873745106040098 5.705276 175.216724 175 0 0.000000
1653873746088363613 15.590465 64.133657 63 0 0.000000
1653873747107297235 9.177673 108.937420 111 0 0.000000
1653873748090076715 7.860287 127.190284 125 0 0.000000
1653873749076631480 6.125788 163.194184 161 0 0.000000
1653873750105133622 7.451015 134.175704 138 0 0.000000
1653873751103137079 6.651528 150.300081 150 0 0.000000
1653873752111791570 8.265843 120.953212 122 0 0.000000
1653873753111671217 7.089451 141.016972 141 0 0.000000
1653873754109994782 7.078558 141.236756 141 0 0.000000
1653873755110987647 7.879900 126.874049 127 0 0.000000
1653873756111618842 10.421431 95.939443 96 0 0.000000
1653873757112179284 7.754327 128.927745 129 0 0.000000
1653873758005440655 8.930677 111.949317 100 0 0.000000
1653873759114151022 14.980601 66.744212 74 0 0.000000
1653873760115548483 8.705935 114.839516 115 0 0.000000
1653873761117647710 16.161035 61.870121 62 0 0.000000
1653873762060719275 7.142536 139.968169 132 0 0.000000
1653873763118625385 11.496981 86.964239 92 0 0.000000
1653873764100921493 7.920034 126.234848 124 0 0.000000
1653873765117380744 6.431468 155.441549 158 0 0.000000
1653873766116453806 8.761879 114.105769 114 0 0.000000
1653873766635803397 7.211178 138.634941 72 0 0.000000
1653873768095944757 13.152633 76.020031 111 0 0.000000
1653873769122246522 10.916312 91.591006 94 0 0.000000
1653873770121377589 7.238336 138.120017 138 0 0.000000
1653873771123390015 6.814522 146.704768 147 0 0.000000
1653873772021944141 6.910103 144.676872 130 0 0.000000
1653873773124047121 8.885932 112.512171 124 0 0.000000
1653873774120470042 10.712348 93.333855 93 0 0.000000
1653873775124619897 7.069495 141.413169 142 0 0.000000
1653873776121953765 7.331391 136.363562 136 0 0.000000
1653873777031212152 9.182499 108.879943 99 0 0.000000
1653873778127537913 37.802347 26.451992 29 0 0.000000
1653873779125714602 12.321367 81.147958 81 0 0.000000
1653873780127812300 14.521301 68.855561 69 0 0.000000
1653873781119029562 10.542629 94.832893 94 0 0.000000
1653873782129278411 10.306944 97.005801 98 0 0.000000
1653873783125908022 16.072885 62.209671 62 0 0.000000
1653873784124932597 7.237309 138.134740 138 0 0.000000
1653873785129704362 11.959441 83.601075 84 0 0.000000
1653873786126505352 8.101927 123.394741 123 0 0.000000
1653873787128289125 6.419997 155.722208 156 0 0.000000
1653873788132100083 7.272117 137.476100 138 0 0.000000
1653873789108070016 7.070554 141.397799 138 0 0.000000
1653873790132273194 8.462448 118.140623 121 0 0.000000
1653873791131715609 7.401455 135.075316 135 0 0.000000
1653873792130436298 7.800448 128.163962 128 0 0.000000
1653873793133371068 8.795358 113.666414 114 0 0.000000
1653873794106553213 7.101410 140.775293 137 0 0.000000
1653873795133571612 10.923532 91.527085 94 0 0.000000
1653873796130334111 7.273707 137.444978 137 0 0.000000
1653873797042769308 7.239616 138.091999 126 0 0.000000
1653873798133591259 11.360691 88.007030 96 0 0.000000
1653873799018032222 8.187177 122.111033 108 0 0.000000
1653873800129634050 10.103383 98.956296 110 0 0.000000
1653873801136283487 9.149342 109.273395 110 0 0.000000
1653873802067495878 9.598084 104.165281 97 0 0.000000
1653873803134785119 8.892048 112.434375 120 0 0.000000
1653873804095148242 9.058006 110.374918 106 0 0.000000
1653873805140050755 10.997059 90.917573 95 0 0.000000
1653873806132467249 9.360437 106.809993 106 0 0.000000
1653873807119455352 7.769741 128.674297 127 0 0.000000
1653873808137768018 9.089873 109.985867 112 0 0.000000
1653873809140723073 8.286877 120.643492 121 0 0.000000
1653873810134520105 10.349943 96.599201 96 0 0.000000
1653873811129841037 11.181388 89.418396 89 0 0.000000
1653873812143636479 10.449600 95.680051 97 0 0.000000
1653873813142601992 9.791565 102.105627 102 0 0.000000
1653873813940288847 9.382539 106.558104 85 0 0.000000
1653873815140656196 9.524839 104.967868 126 0 0.000000
1653873816144044479 9.375559 106.638678 107 0 0.000000
1653873816875673125 12.612052 79.275190 58 0 0.000000
1653873818143328707 11.316320 88.352074 112 0 0.000000
1653873819143638889 8.772741 113.964650 114 0 0.000000
1653873820110188885 8.052693 124.152916 120 0 0.000000
1653873821132555020 7.571155 132.046626 135 0 0.000000
1653873821907823666 11.073430 90.291282 70 0 0.000000
1653873823139545067 20.190025 49.524186 61 0 0.000000
1653873824148970076 8.625667 115.907571 117 0 0.000000
1653873825145482775 7.723090 129.451436 129 0 0.000000
1653873826000120291 6.946306 143.920665 123 0 0.000000
1653873827151135455 11.743040 85.142232 98 0 0.000000
1653873828149013434 8.828679 113.240298 113 0 0.000000
1653873829151919352 10.899001 91.733430 92 0 0.000000
1653873830154253625 8.790516 113.734513 114 0 0.000000
1653873831153650504 10.195927 98.059141 98 0 0.000000
1653873832154309232 8.478408 117.922320 118 0 0.000000
1653873833149380438 8.430743 118.584480 118 0 0.000000
1653873834154893586 8.447592 118.347527 119 0 0.000000
1653873835155687315 10.005860 99.920676 100 0 0.000000
1653873836154048776 11.743560 85.139509 85 0 0.000000
1653873837155983905 9.024338 110.785630 111 0 0.000000
1653873838155345162 9.001458 111.070946 111 0 0.000000
1653873839158580471 10.235019 97.683962 98 0 0.000000
1653873840158423781 9.087537 110.017239 110 0 0.000000
1653873841154865635 9.056616 110.392794 110 0 0.000000
1653873842155263114 9.805711 101.959473 102 0 0.000000
1653873843159933885 9.300480 107.497902 108 0 0.000000
1653873844155311509 10.052263 99.459739 99 0 0.000000
1653873845157586151 9.635251 103.763975 104 0 0.000000
1653873846087972463 9.030813 110.706701 103 0 0.000000
1653873847159026113 15.298461 65.356204 70 0 0.000000
1653873848158398553 10.743937 93.058399 93 0 0.000000
1653873849162197252 9.838951 101.614000 102 0 0.000000
1653873850163480327 12.513878 79.897486 80 0 0.000000
1653873851126989648 13.196326 75.764705 73 0 0.000000
1653873852160221709 12.012274 83.233965 86 0 0.000000
1653873853151690377 8.619029 115.989545 115 0 0.000000
1653873854161152473 9.992250 100.053286 101 0 0.000000
1653873855166933978 8.898661 112.350444 113 0 0.000000
1653873856099875880 8.717021 114.690959 107 0 0.000000
1653873857099874978 8.618649 116.000103 116 0 0.000000
1653873858167285819 8.272330 120.853186 129 0 0.000000
1653873859163124314 9.857917 101.422067 101 0 0.000000
1653873860167865402 8.166845 122.419599 123 0 0.000000
1653873861160613725 8.783490 113.825425 113 0 0.000000
1653873862166542740 8.522657 117.304500 118 0 0.000000
1653873863163906245 26.244264 38.100452 38 0 0.000000
1653873864140063368 9.958829 100.393674 98 0 0.000000
1653873865169701591 11.069363 90.322987 93 0 0.000000
1653873865946469838 35.305415 28.322476 22 0 0.000000
1653873867168087303 15.268181 65.486948 80 0 0.000000
1653873868145905611 10.290825 97.155064 95 0 0.000000
1653873869169303155 11.244135 88.919501 91 0 0.000000
1653873870173187344 9.468342 105.589870 106 0 0.000000
1653873871169007365 8.657369 115.482714 115 0 0.000000
1653873872144662418 10.838185 92.245717 90 0 0.000000
1653873873175843460 9.818615 101.824991 105 0 0.000000
1653873874175091223 8.840565 113.085062 113 0 0.000000
1653873875174369552 9.425215 106.076557 106 0 0.000000
1653873876174002275 12.188447 82.030129 82 0 0.000000
1653873877179159799 11.963957 83.568991 84 0 0.000000
1653873878179870614 10.531839 94.932521 95 0 0.000000
1653873879176697408 9.582720 104.331057 104 0 0.000000
1653873880175934214 12.036685 83.063398 83 0 0.000000
1653873881180132975 8.654623 115.514981 116 0 0.000000
1653873882178264275 9.688668 103.192835 103 0 0.000000
1653873883137862625 7.613808 131.304929 126 0 0.000000
1653873884144120239 10.371524 96.396792 97 0 0.000000
1653873885178766565 8.994981 111.149091 115 0 0.000000
1653873886184621530 10.261681 97.429554 98 0 0.000000
1653873887182611020 9.978114 100.201456 100 0 0.000000
1653873888185461564 13.021797 76.781132 77 0 0.000000
1653873889181233929 8.732600 114.483997 114 0 0.000000
1653873890181991983 10.644307 93.928784 94 0 0.000000
1653873891187837516 10.585552 94.447914 95 0 0.000000
1653873892183159163 8.884787 112.526440 112 0 0.000000
1653873893183812838 8.775653 113.925530 114 0 0.000000
1653873894168863881 8.638691 115.730043 114 0 0.000000
1653873895189122349 9.107339 109.776089 112 0 0.000000
1653873896175035500 9.569906 104.471692 103 0 0.000000
1653873897184942402 14.849528 67.332939 68 0 0.000000
1653873898192413141 9.592913 104.221389 105 0 0.000000
1653873899188097693 12.443908 80.346731 80 0 0.000000
1653873900187660585 8.689662 115.050273 115 0 0.000000
1653873901187203498 11.103805 90.041169 90 0 0.000000
1653873902124501368 11.024887 90.686207 85 0 0.000000
1653873903180694228 10.775394 92.786096 98 0 0.000000
1653873904197115775 8.329448 120.028938 122 0 0.000000
1653873905199657965 8.715580 114.708377 115 0 0.000000
1653873906201082166 12.674193 78.887658 79 0 0.000000
1653873907109700324 9.664139 103.453798 94 0 0.000000
1653873908196334405 10.651182 93.867846 102 0 0.000000
1653873909202370321 11.833448 84.490025 85 0 0.000000
1653873910198246884 11.577647 86.356084 86 0 0.000000
1653873911096815643 9.074386 110.175208 99 0 0.000000
1653873912185546808 12.230867 81.746535 89 0 0.000000
1653873913200761842 11.667035 85.696130 87 0 0.000000
1653873913436336770 8.411302 118.858144 28 0 0.000000
1653873914847346757 33.593474 29.765913 42 0 0.000000
1653873916208607109 20.940455 47.749866 65 0 0.000000
1653873917205247209 9.226012 108.364092 108 0 0.000000
1653873918206085180 9.809966 101.914598 102 0 0.000000
1653873919184221994 11.642486 85.877558 84 0 0.000000
1653873920188768304 13.215511 75.656044 76 0 0.000000
1653873921210783227 10.870397 91.975162 94 0 0.000000
