1653873609047646301 8.182593 122.165252 122 0 0.000000
1653873610049143382 5.470920 182.726442 183 0 0.000000
1653873611049199944 4.200338 237.986539 238 0 0.000000
1653873612049716522 4.048436 246.872474 247 0 0.000000
1653873613051043653 5.268583 189.748177 190 0 0.000000
1653873614052618610 4.103292 243.616317 244 0 0.000000
1653873615027995577 4.062505 246.058709 240 0 0.000000
1653873616051780287 3.433986 291.076825 298 0 0.000000
1653873616955584655 5.047691 198.051690 179 0 0.000000
1653873618053374077 5.514995 181.273396 199 0 0.000000
1653873619054700947 4.570761 218.709801 219 0 0.000000
1653873620055578313 3.356932 297.738774 298 0 0.000000
1653873621013883164 4.354410 229.572038 220 0 0.000000
1653873621987778738 5.206522 192.012343 187 0 0.000000
1653873623059696845 6.054436 165.124562 177 0 0.000000
1653873624058355080 4.456854 224.300984 224 0 0.000000
1653873625058996914 3.746158 266.828738 267 0 0.000000
1653873626019904046 6.579925 151.939742 146 0 0.000000
1653873627062295167 6.393451 156.371246 163 0 0.000000
1653873628046923233 4.996524 200.075577 197 0 0.000000
1653873629043857248 4.723331 211.648910 211 0 0.000000
1653873630062786993 4.157411 240.448376 245 0 0.000000
1653873631003875377 4.611654 216.770288 204 0 0.000000
1653873632037556928 7.176724 139.307894 144 0 0.000000
1653873633065311771 5.676564 176.112036 181 0 0.000000
1653873634046819863 4.809719 207.843385 204 0 0.000000
1653873635062444637 6.267762 159.507745 162 0 0.000000
1653873636041376788 4.027025 248.229680 243 0 0.000000
1653873636969506956 4.548037 219.796758 204 0 0.000000
1653873638066846944 5.174517 193.194454 212 0 0.000000
1653873639057737641 4.306736 232.114398 230 0 0.000000
1653873640067817844 5.458260 183.153754 185 0 0.000000
1653873641070220097 5.826390 171.587808 172 0 0.000000
1653873642069693886 7.930622 126.066335 126 0 0.000000
1653873643071550674 5.891788 169.684946 170 0 0.000000
1653873644070581129 4.688758 213.206696 213 0 0.000000
1653873645046704952 5.986997 166.987027 163 0 0.000000
1653873646069783456 5.946613 168.120041 172 0 0.000000
1653873647072285166 4.912603 203.490898 204 0 0.000000
1653873648014486291 4.733194 211.207559 199 0 0.000000
1653873649074954098 6.386823 156.534686 166 0 0.000000
1653873650075481758 6.099292 163.913534 164 0 0.000000
1653873651055711198 7.101649 140.783367 138 0 0.000000
1653873652076911151 5.970314 167.450052 171 0 0.000000
1653873653076266237 4.324738 231.149057 231 0 0.000000
1653873654039720989 4.608338 216.927710 209 0 0.000000
1653873655079060486 4.701398 212.635044 221 0 0.000000
1653873656059207000 4.899126 204.051126 200 0 0.000000
1653873657065848551 5.352913 186.759621 188 0 0.000000
1653873658081340857 5.050664 197.933557 201 0 0.000000
1653873659082392222 5.654083 176.814079 177 0 0.000000
1653873660071766880 5.404738 184.965348 183 0 0.000000
1653873661081538093 6.118347 163.403333 165 0 0.000000
1653873662069571370 5.225993 191.289125 189 0 0.000000
1653873663084297206 5.424651 184.286209 187 0 0.000000
1653873664068760895 6.650288 150.335679 148 0 0.000000
1653873665085755845 6.315237 158.309530 161 0 0.000000
1653873666060857377 4.849554 206.132368 201 0 0.000000
1653873667076504154 5.769226 173.288611 176 0 0.000000
1653873668086949184 5.772546 173.191016 175 0 0.000000
1653873669085188845 5.394304 185.326237 185 0 0.000000
1653873670083138200 4.618540 216.443849 216 0 0.000000
1653873671086247773 5.334140 187.417212 188 0 0.000000
1653873672069877324 5.202733 192.145508 189 0 0.000000
1653873673085706904 6.155084 162.428818 165 0 0.000000
1653873674089341244 6.689187 149.456823 150 0 0.000000
1653873675090561517 5.029659 198.757464 199 0 0.000000
1653873676087724944 6.191866 161.457987 161 0 0.000000
1653873677090481995 10.230564 97.730551 98 0 0.000000
1653873678086002375 4.807602 207.931427 207 0 0.000000
1653873679090167072 6.120423 163.319845 164 0 0.000000
1653873680048912183 6.798029 147.067243 141 0 0.000000
1653873681046849525 9.781786 102.210819 102 0 0.000000
1653873681944822745 8.016113 124.725331 112 0 0.000000
1653873683089448448 8.353377 119.689781 137 0 0.000000
1653873684090786763 6.067075 164.779475 165 0 0.000000
1653873685090399184 5.843905 171.066300 171 0 0.000000
1653873686095535297 6.654872 150.228410 151 0 0.000000
1653873687095249589 5.913845 169.048293 169 0 0.000000
1653873688054429978 5.776610 173.064428 166 0 0.000000
1653873689098292888 7.673755 130.285307 136 0 0.000000
1653873690074569580 7.394278 135.207572 132 0 0.000000
1653873691096496090 8.808025 113.511087 116 0 0.000000
1653873692098565790 8.348902 119.752161 120 0 0.000000
1653873693099734596 5.560619 179.789861 180 0 0.000000
1653873694083251025 5.923150 168.782132 166 0 0.000000
1653873695101522607 8.344657 119.810865 122 0 0.000000
1653873696073519664 6.435391 155.350258 151 0 0.000000
1653873697090780275 7.589931 131.726328 134 0 0.000000
1653873698084484282 8.419503 118.747635 118 0 0.000000
1653873699093975631 6.960283 143.636694 145 0 0.000000
1653873700073371676 6.399658 156.218724 153 0 0.000000
1653873701024437103 6.296845 158.769308 151 0 0.000000
1653873702106817137 7.166505 139.507376 151 0 0.000000
1653873703013429504 6.615963 151.111993 137 0 0.000000
1653873704108477357 7.709921 129.674698 142 0 0.000000
1653873705057660076 6.202139 161.191302 153 0 0.000000
1653873706106382871 8.455693 118.239062 124 0 0.000000
1653873707102141970 6.381357 156.664398 156 0 0.000000
1653873708109552849 5.855350 170.734707 172 0 0.000000
1653873709107998507 6.123674 163.253752 163 0 0.000000
1653873710107519026 6.939652 144.069077 144 0 0.000000
1653873711110234581 7.371402 135.631677 136 0 0.000000
1653873712110982858 6.625955 150.887104 151 0 0.000000
1653873713108246435 5.796275 172.471958 172 0 0.000000
1653873714113796566 7.338186 136.243829 137 0 0.000000
1653873715045277715 5.783890 172.843002 161 0 0.000000
1653873716059492613 7.510880 133.107886 135 0 0.000000
1653873717035004077 7.560432 132.238323 129 0 0.000000
1653873718115147898 6.544783 152.757434 165 0 0.000000
1653873719114610959 9.992904 100.053724 100 0 0.000000
1653873720112549796 7.229577 138.285027 138 0 0.000000
1653873721112808232 7.576021 131.965879 132 0 0.000000
1653873722117013737 7.968130 125.472324 126 0 0.000000
1653873723118415732 6.543448 152.785816 153 0 0.000000
1653873724117555676 7.034532 142.122233 142 0 0.000000
1653873725119172326 7.703203 129.790149 130 0 0.000000
1653873726118101654 6.401706 156.167234 156 0 0.000000
1653873727121497377 7.898881 126.570204 127 0 0.000000
1653873728088199224 8.707301 114.823407 111 0 0.000000
1653873729120186495 7.936510 125.970533 130 0 0.000000
1653873730117614872 6.392028 156.402225 156 0 0.000000
1653873731119572362 9.632455 103.796819 104 0 0.000000
1653873732110131088 9.432322 106.000782 105 0 0.000000
1653873733121265887 6.607201 151.315114 153 0 0.000000
1653873734028036122 6.295561 158.805414 144 0 0.000000
1653873735063396834 6.273160 159.364751 165 0 0.000000
1653873736124238577 7.685715 130.085362 138 0 0.000000
1653873737126072845 6.503953 153.718061 154 0 0.000000
1653873738089607960 13.569242 73.686988 71 0 0.000000
1653873739125002245 6.635449 150.667241 156 0 0.000000
1653873740122054776 7.551647 132.390216 132 0 0.000000
1653873741127446481 8.817601 113.388625 114 0 0.000000
1653873742102803726 7.928113 126.107650 123 0 0.000000
1653873743107463095 7.726461 129.397099 130 0 0.000000
1653873744128619379 7.914236 126.327383 129 0 0.000000
1653873745128914886 6.896910 144.957163 145 0 0.000000
1653873746131930825 8.796564 113.657218 114 0 0.000000
1653873747128758424 6.513426 153.486922 153 0 0.000000
1653873748133245819 7.277181 137.383506 138 0 0.000000
1653873749132852141 6.798343 147.057894 147 0 0.000000
1653873750133519717 7.877462 126.915271 127 0 0.000000
1653873751086527156 7.443764 134.311651 128 0 0.000000
1653873752134903861 8.385379 119.231952 125 0 0.000000
1653873753130416709 8.655076 115.518347 115 0 0.000000
1653873754135258921 7.668912 130.368728 131 0 0.000000
1653873755136470049 6.903152 144.824577 145 0 0.000000
1653873756132999478 6.967068 143.498040 143 0 0.000000
1653873757136869864 7.272701 137.467946 138 0 0.000000
1653873758134847745 7.445724 134.271514 134 0 0.000000
1653873759067448479 8.038057 124.383329 116 0 0.000000
1653873760050793387 7.928431 126.100205 124 0 0.000000
1653873761135539169 19.721010 50.703132 55 0 0.000000
1653873762131944684 8.099190 123.443715 123 0 0.000000
1653873763139921258 6.377876 156.749676 158 0 0.000000
1653873764138297488 6.698859 149.242335 149 0 0.000000
1653873765136003508 7.916579 126.289689 126 0 0.000000
1653873766137776142 9.274165 107.808907 108 0 0.000000
1653873767119157169 7.432839 134.504331 132 0 0.000000
1653873768137721342 7.714604 129.594194 132 0 0.000000
1653873769094539083 7.192320 139.002438 133 0 0.000000
1653873770141493846 8.579882 116.528436 122 0 0.000000
1653873771140363213 7.741284 129.146015 129 0 0.000000
1653873772138215459 8.244987 121.260438 121 0 0.000000
1653873773144262796 7.236129 138.164474 139 0 0.000000
1653873774143138926 6.701999 149.167644 149 0 0.000000
1653873774800377447 9.001318 111.070789 73 0 0.000000
1653873776144588605 9.599820 104.150303 140 0 0.000000
1653873776545496181 6.464528 154.649114 62 0 0.000000
1653873778144926734 47.040585 21.257566 34 0 0.000000
1653873779144039028 8.394161 119.105715 119 0 0.000000
1653873780147034971 7.895722 126.620668 127 0 0.000000
1653873781147281336 7.519038 132.967242 133 0 0.000000
1653873782144373182 8.668599 115.335413 115 0 0.000000
1653873783102124788 6.469715 154.528557 148 0 0.000000
1653873784126988502 7.017942 142.457991 146 0 0.000000
1653873785147427680 7.908834 126.416158 129 0 0.000000
1653873785683454183 7.998590 124.993799 67 0 0.000000
1653873787149986503 10.942569 91.372012 134 0 0.000000
1653873788151167185 7.640698 130.845513 131 0 0.000000
1653873789149167949 8.112020 123.246378 123 0 0.000000
1653873790149972223 8.933983 111.910012 112 0 0.000000
1653873791147466146 8.042659 124.311536 124 0 0.000000
1653873792130197331 9.924619 100.739653 99 0 0.000000
1653873793050594276 8.847905 112.994727 104 0 0.000000
1653873794153188065 7.988078 125.159420 138 0 0.000000
1653873795156024772 7.161423 139.603984 140 0 0.000000
1653873796156491454 9.618017 103.951488 104 0 0.000000
1653873797156910697 7.093169 140.940913 141 0 0.000000
1653873798157596510 8.853855 112.922556 113 0 0.000000
1653873799154463045 8.236717 121.380341 121 0 0.000000
1653873800147150726 7.753546 128.942871 128 0 0.000000
1653873801154430312 7.515255 133.031585 134 0 0.000000
1653873802153355626 13.141963 76.081755 76 0 0.000000
1653873803156112963 8.568880 116.678293 117 0 0.000000
1653873804159718493 7.839075 127.540137 128 0 0.000000
1653873805157716905 9.879364 101.202575 101 0 0.000000
1653873806159740643 9.362657 106.783889 107 0 0.000000
1653873807132661268 9.825683 101.755484 99 0 0.000000
1653873808159607489 8.347211 119.772580 123 0 0.000000
1653873809158385825 6.746859 148.181027 148 0 0.000000
1653873810159171054 8.004458 124.901923 125 0 0.000000
1653873811162363658 9.462138 105.662661 106 0 0.000000
1653873811990016710 7.880553 126.864755 105 0 0.000000
1653873813142123470 12.125550 82.457635 95 0 0.000000
1653873814163041159 7.504903 133.213483 136 0 0.000000
1653873815165342737 17.582694 56.869111 57 0 0.000000
1653873816166586637 9.183895 108.864584 109 0 0.000000
1653873817159336792 10.448436 95.693749 95 0 0.000000
1653873818163895683 10.248708 97.555272 98 0 0.000000
1653873819166704223 7.653249 130.633110 131 0 0.000000
1653873820168446710 8.142368 122.786048 123 0 0.000000
1653873821165679250 8.982212 111.308037 111 0 0.000000
1653873822170179490 8.583786 116.475834 117 0 0.000000
1653873823153277422 7.226886 138.338200 136 0 0.000000
1653873824166558837 7.914590 126.322263 128 0 0.000000
1653873825169240088 8.216863 121.673761 122 0 0.000000
1653873826161213782 8.476603 117.946677 117 0 0.000000
1653873827170464660 8.851317 112.955065 114 0 0.000000
1653873828171359122 8.408910 118.893643 119 0 0.000000
1653873829171840648 7.635531 130.936964 131 0 0.000000
1653873830166043722 11.045081 90.524765 90 0 0.000000
1653873831174980149 8.848308 112.990271 114 0 0.000000
1653873832173044761 8.909452 112.217184 112 0 0.000000
1653873833175186837 8.145620 122.737088 123 0 0.000000
1653873834168464542 10.678662 93.629404 93 0 0.000000
1653873835165921832 9.497759 105.267664 105 0 0.000000
1653873836158370638 8.780988 113.859767 113 0 0.000000
1653873837173799688 10.359357 96.510937 98 0 0.000000
1653873838169656209 9.051521 110.457680 110 0 0.000000
1653873839166808636 12.782182 78.222734 78 0 0.000000
1653873840178019717 9.815576 101.858060 103 0 0.000000
1653873841174327175 7.968651 125.463280 125 0 0.000000
1653873842146245782 11.299605 88.484789 86 0 0.000000
1653873843174087612 8.858886 112.857831 116 0 0.000000
1653873844175668001 7.643932 130.793279 131 0 0.000000
1653873845177610140 11.008729 90.823619 91 0 0.000000
1653873846180168927 8.215953 121.688610 122 0 0.000000
1653873847174484711 10.464318 95.543100 95 0 0.000000
1653873848180100384 9.575216 104.413643 105 0 0.000000
1653873849175723806 8.580980 116.509903 116 0 0.000000
1653873850179021171 11.399011 87.710786 88 0 0.000000
1653873851183562464 9.047946 110.498198 111 0 0.000000
1653873852176899608 8.275595 120.804919 120 0 0.000000
1653873853180570214 8.432199 118.564797 119 0 0.000000
1653873854140534191 9.054551 110.420809 106 0 0.000000
1653873855181827031 9.464615 105.637912 110 0 0.000000
1653873856177959889 10.374628 96.372686 96 0 0.000000
1653873857179124415 7.943931 125.853430 126 0 0.000000
1653873858184681366 10.472791 95.469488 96 0 0.000000
1653873859111921234 8.664162 115.396232 107 0 0.000000
1653873860182249037 11.032640 90.626452 97 0 0.000000
1653873861185842317 9.741720 102.631206 103 0 0.000000
1653873862177552141 8.774236 113.944632 113 0 0.000000
1653873863187007199 9.798763 102.035251 103 0 0.000000
1653873864166263215 9.693608 103.139526 101 0 0.000000
1653873865130195999 9.006759 111.003589 107 0 0.000000
1653873866189216649 8.823279 113.312239 120 0 0.000000
1653873867189458950 10.309895 96.976502 97 0 0.000000
1653873868187652760 9.784411 102.184565 102 0 0.000000
1653873869187825450 10.309264 96.983252 97 0 0.000000
1653873870189758398 10.544980 94.816724 95 0 0.000000
1653873871187456046 10.075722 99.228445 99 0 0.000000
1653873872193857292 8.455052 118.243113 119 0 0.000000
1653873873193720389 9.171151 109.014923 109 0 0.000000
1653873874190802129 8.593480 116.339497 116 0 0.000000
1653873875189823163 12.805932 78.076431 78 0 0.000000
1653873876194856408 8.588042 116.414077 117 0 0.000000
1653873877173733861 12.389212 80.704680 79 0 0.000000
1653873878192917753 9.523590 104.985972 107 0 0.000000
1653873879197927042 8.662189 115.421819 116 0 0.000000
1653873880175958073 8.502591 117.583181 115 0 0.000000
1653873881199174094 10.128698 98.708383 101 0 0.000000
1653873882198641566 11.103370 90.047948 90 0 0.000000
1653873883180106291 8.683516 115.134048 113 0 0.000000
1653873884198686628 10.950495 91.303549 93 0 0.000000
1653873885192619828 11.555558 86.524929 86 0 0.000000
1653873886139172053 11.266358 88.743123 84 0 0.000000
1653873887060389468 10.964904 91.183687 84 0 0.000000
1653873888200962277 10.860656 92.059007 105 0 0.000000
1653873889204456167 8.957997 111.610046 112 0 0.000000
1653873890200148323 11.576010 86.372065 86 0 0.000000
1653873891202032998 11.514027 86.836354 87 0 0.000000
1653873892203031608 11.503703 86.913208 87 0 0.000000
1653873893204050615 9.623707 103.894131 104 0 0.000000
1653873894178091315 8.934535 111.904974 109 0 0.000000
1653873895153381713 10.715433 93.305531 91 0 0.000000
1653873896208297063 13.351601 74.887535 79 0 0.000000
1653873897206176950 10.180502 98.208212 98 0 0.000000
1653873898205659349 11.228143 89.046090 89 0 0.000000
1653873899207982628 13.362565 74.826159 75 0 0.000000
1653873900202280271 8.569841 116.665267 116 0 0.000000
1653873901208985204 9.585989 104.300670 105 0 0.000000
1653873902212514329 10.033205 99.648330 100 0 0.000000
1653873903207843170 12.924282 77.361366 77 0 0.000000
1653873904214126472 9.674164 103.350617 104 0 0.000000
1653873905213273038 9.698628 103.087965 103 0 0.000000
1653873906168814016 8.606562 116.164569 111 0 0.000000
1653873907211048158 11.841585 84.434010 88 0 0.000000
1653873908211285515 10.526759 94.977455 95 0 0.000000
1653873909214963739 9.040144 110.593213 111 0 0.000000
1653873910206663628 8.774417 113.945753 113 0 0.000000
1653873911216868349 11.882875 84.141368 85 0 0.000000
1653873912215289682 9.243144 108.170751 108 0 0.000000
1653873913211598404 11.582967 86.318638 86 0 0.000000
1653873913668725386 9.140738 109.378767 50 0 0.000000
1653873914838311835 18.862229 53.010196 62 0 0.000000
1653873916217833824 25.544766 39.143994 54 0 0.000000
1653873917221005274 10.670360 93.702826 94 0 0.000000
1653873918219105172 8.247056 121.230350 121 0 0.000000
1653873919220760352 8.276367 120.800038 121 0 0.000000
1653873920217396940 10.600659 94.317241 94 0 0.000000
1653873921220267845 11.140993 89.742357 90 0 0.000000
1653873922220194446 10.523477 95.006974 95 0 0.000000
1653873923219082535 11.613110 86.095731 86 0 0.000000
1653873924219219572 9.708217 102.985887 103 0 0.000000
1653873925221382546 7.951662 125.728042 126 0 0.000000
1653873926220698108 9.607069 104.071239 104 0 0.000000
