1653873608980267564 15.246155 65.574583 61 0 0.000000
1653873610050419918 5.690462 175.675917 188 0 0.000000
1653873611050215995 5.178686 193.039392 193 0 0.000000
1653873612047993172 4.317711 231.514614 231 0 0.000000
1653873613048184607 5.318680 187.964019 188 0 0.000000
1653873614052043714 4.288453 233.100440 234 0 0.000000
1653873615022943225 4.010488 249.253393 242 0 0.000000
1653873616050447042 4.755418 210.218171 216 0 0.000000
1653873617031423411 4.172819 239.557280 235 0 0.000000
1653873618054384209 5.945819 168.139387 172 0 0.000000
1653873619025897656 4.335388 230.568088 224 0 0.000000
1653873620056894461 7.469417 133.851045 138 0 0.000000
1653873621055105688 3.882471 257.460538 257 0 0.000000
1653873622054769699 5.259882 190.063861 190 0 0.000000
1653873623047652333 5.196689 192.369135 191 0 0.000000
1653873624059073816 5.525155 180.933495 183 0 0.000000
1653873625010528400 6.341455 157.653349 150 0 0.000000
1653873626061239764 6.036902 165.602092 174 0 0.000000
1653873627059565606 5.091779 196.328685 196 0 0.000000
1653873628026607608 4.581569 218.191143 211 0 0.000000
1653873629058709143 5.210968 191.841590 198 0 0.000000
1653873630060457373 5.472350 182.680632 183 0 0.000000
1653873631063022555 4.576428 218.439660 219 0 0.000000
1653873632062298032 6.283089 159.115284 159 0 0.000000
1653873633011043290 5.612350 178.130006 169 0 0.000000
1653873634064521463 5.213721 191.745788 202 0 0.000000
1653873635063437932 5.486850 182.197417 182 0 0.000000
1653873636045888248 5.677233 176.090330 173 0 0.000000
1653873637066661761 5.076874 196.909498 201 0 0.000000
1653873638012250368 4.774041 209.393384 198 0 0.000000
1653873639053366243 5.364919 186.338507 194 0 0.000000
1653873640058210178 5.580788 179.132316 180 0 0.000000
1653873641069312296 6.201477 161.210225 163 0 0.000000
1653873642069588084 5.208164 191.947063 192 0 0.000000
1653873643065154835 5.995666 166.739198 166 0 0.000000
1653873644066828574 5.109017 195.672495 196 0 0.000000
1653873645032261070 4.801566 208.196843 201 0 0.000000
1653873646070334987 9.104150 109.818769 114 0 0.000000
1653873647052316777 6.544764 152.752323 150 0 0.000000
1653873648069858759 8.073923 123.827816 126 0 0.000000
1653873649072655168 5.304147 188.472951 189 0 0.000000
1653873650071015811 6.789845 147.241375 147 0 0.000000
1653873651048394777 4.652585 214.860375 210 0 0.000000
1653873652051600781 6.005607 166.466307 167 0 0.000000
1653873653075054239 5.652731 176.852206 181 0 0.000000
1653873654075132850 5.289757 188.985144 189 0 0.000000
1653873654995388533 5.644120 177.124662 163 0 0.000000
1653873656073799680 5.444834 183.603466 198 0 0.000000
1653873657078298823 8.099061 123.444604 124 0 0.000000
1653873658075584316 6.154465 162.440937 162 0 0.000000
1653873659020377722 5.940337 168.290770 159 0 0.000000
1653873660042395816 8.659436 115.457840 118 0 0.000000
1653873660995726209 6.270240 159.441051 152 0 0.000000
1653873662079080834 6.016900 166.150581 180 0 0.000000
1653873663080382257 6.376059 156.795942 157 0 0.000000
1653873664080331009 6.022086 166.008508 166 0 0.000000
1653873665082288591 6.908270 144.716705 145 0 0.000000
1653873666029835744 5.475538 182.576664 173 0 0.000000
1653873666937968110 6.930576 144.252099 131 0 0.000000
1653873668060782176 7.015934 142.499092 160 0 0.000000
1653873669037538479 7.629097 131.046009 128 0 0.000000
1653873670082417569 7.254412 137.814989 144 0 0.000000
1653873671084042718 8.632933 115.811789 116 0 0.000000
1653873672084437756 5.917701 168.933263 169 0 0.000000
1653873673074561729 5.822580 171.695673 170 0 0.000000
1653873674033656482 5.607106 178.293122 171 0 0.000000
1653873675073205893 6.748713 148.141106 154 0 0.000000
1653873676033630238 8.974078 111.409089 107 0 0.000000
1653873677086515592 6.191783 161.461074 170 0 0.000000
1653873678086811937 6.024203 165.950821 166 0 0.000000
1653873679086285367 6.055694 165.086930 165 0 0.000000
1653873680086876793 9.177968 108.935573 109 0 0.000000
1653873681088451192 6.501928 153.757924 154 0 0.000000
1653873682087240334 5.738516 174.210945 174 0 0.000000
1653873683090118226 6.150874 162.532250 163 0 0.000000
1653873684090464707 5.235709 190.933843 191 0 0.000000
1653873685089168474 8.320852 120.155750 120 0 0.000000
1653873686092685472 7.065183 141.502337 142 0 0.000000
1653873687092979089 7.143210 139.958907 140 0 0.000000
1653873688091937771 6.361174 157.163656 157 0 0.000000
1653873689093368850 6.257214 159.771356 160 0 0.000000
1653873690009251671 7.630724 131.021128 120 0 0.000000
1653873691052668266 7.451379 134.174595 140 0 0.000000
1653873692094470891 6.897708 144.941084 151 0 0.000000
1653873693055784392 5.754769 173.720642 167 0 0.000000
1653873694088350181 6.411770 155.922252 161 0 0.000000
1653873695093400384 6.567259 152.231220 153 0 0.000000
1653873696095200536 6.721648 148.732259 149 0 0.000000
1653873697071181025 7.019808 142.420878 139 0 0.000000
1653873698092245004 7.088959 141.029362 144 0 0.000000
1653873699011068012 7.012184 142.573703 131 0 0.000000
1653873700090400021 9.900058 100.988389 109 0 0.000000
1653873701098143440 8.611421 116.100980 117 0 0.000000
1653873702101068554 9.459776 105.690843 106 0 0.000000
1653873703099215552 9.504443 105.194927 105 0 0.000000
1653873704096253016 6.152730 162.481355 162 0 0.000000
1653873705073639473 7.880408 126.868958 124 0 0.000000
1653873706093330315 8.425586 118.663416 121 0 0.000000
1653873707103152166 6.231888 160.424336 162 0 0.000000
1653873708102467780 8.122762 123.084237 123 0 0.000000
1653873709105530664 6.114520 163.499222 164 0 0.000000
1653873710106152487 8.133459 122.923563 123 0 0.000000
1653873711015719751 6.403638 156.118194 142 0 0.000000
1653873712103368610 11.327717 88.263781 96 0 0.000000
1653873713108604106 5.521560 181.052102 182 0 0.000000
1653873714104716231 8.368927 119.464462 119 0 0.000000
1653873715109006892 6.519748 153.342063 154 0 0.000000
1653873716107688876 6.612055 151.199283 151 0 0.000000
1653873717087395692 5.900090 169.438446 166 0 0.000000
1653873718099571486 7.495944 133.376041 135 0 0.000000
1653873719109997704 6.274148 159.338700 161 0 0.000000
1653873720109486317 7.628006 131.067026 131 0 0.000000
1653873721089104943 7.419605 134.746314 132 0 0.000000
1653873722108147537 7.174520 139.346483 142 0 0.000000
1653873723109477761 7.700877 129.827299 130 0 0.000000
1653873724059124851 9.129441 109.514367 104 0 0.000000
1653873725108663066 8.968758 111.477600 117 0 0.000000
1653873726111423751 10.665999 93.741188 94 0 0.000000
1653873727114354795 7.213545 138.593807 139 0 0.000000
1653873728112227526 9.069889 110.234498 110 0 0.000000
1653873729094147099 6.544381 152.762002 150 0 0.000000
1653873730114075875 12.590066 79.417310 81 0 0.000000
1653873731110431826 10.377107 96.351108 96 0 0.000000
1653873732117405950 9.069975 110.231233 111 0 0.000000
1653873733066336995 9.211138 108.543188 103 0 0.000000
1653873734117820068 8.149194 122.683858 129 0 0.000000
1653873735120477348 7.831628 127.660768 128 0 0.000000
1653873736100708173 6.853093 145.884008 143 0 0.000000
1653873737096241002 7.160344 139.623723 139 0 0.000000
1653873738116545102 9.904039 100.950295 103 0 0.000000
1653873739118731524 5.999570 166.635662 167 0 0.000000
1653873740103596350 6.520587 153.320533 151 0 0.000000
1653873741123249304 7.607616 131.417264 134 0 0.000000
1653873742112029706 13.924462 71.805630 71 0 0.000000
1653873743120661717 8.067297 123.930233 125 0 0.000000
1653873744125484539 7.668390 130.371224 131 0 0.000000
1653873745125259208 10.199878 98.022101 98 0 0.000000
1653873746111401053 7.249300 137.911195 136 0 0.000000
1653873747124203475 8.438284 118.483129 120 0 0.000000
1653873748123601082 8.467685 118.071124 118 0 0.000000
1653873749126230212 8.567555 116.693200 117 0 0.000000
1653873750124914298 7.507088 133.175246 133 0 0.000000
1653873751125064223 7.352308 135.979613 136 0 0.000000
1653873752054186936 7.314060 136.688082 127 0 0.000000
1653873753046144436 14.169112 70.567539 70 0 0.000000
1653873754123869906 10.070548 99.283169 107 0 0.000000
1653873755111698976 7.481857 133.626357 132 0 0.000000
1653873756088199618 7.178196 139.272822 136 0 0.000000
1653873757129625119 9.296567 107.544898 112 0 0.000000
1653873758128415143 6.839246 146.176872 146 0 0.000000
1653873759134146032 10.812386 92.470052 93 0 0.000000
1653873760127838910 10.799185 92.583949 92 0 0.000000
1653873761092932120 6.563441 152.316894 147 0 0.000000
1653873762083263538 12.533881 79.771276 79 0 0.000000
1653873762983626922 8.655462 115.508918 104 0 0.000000
1653873764137811773 12.822412 77.977110 90 0 0.000000
1653873765136647015 11.096370 90.104940 90 0 0.000000
1653873766117216410 8.524828 117.278814 115 0 0.000000
1653873767135018830 9.879874 101.198423 103 0 0.000000
1653873767764629120 5.619776 177.887817 112 0 0.000000
1653873769106073791 18.891820 52.928006 71 0 0.000000
1653873770139986228 7.128739 140.244004 145 0 0.000000
1653873771137149896 9.494842 105.298663 105 0 0.000000
1653873772138673133 6.953186 143.780987 144 0 0.000000
1653873773128036161 8.382551 119.268657 118 0 0.000000
1653873774137848800 7.949481 125.765905 127 0 0.000000
1653873775141191178 10.449491 95.680201 96 0 0.000000
1653873776138732268 8.748401 114.281006 114 0 0.000000
1653873776928795124 11.790189 84.803366 67 0 0.000000
1653873778141397975 63.818872 15.668774 19 0 0.000000
1653873779141692819 8.772630 113.966411 114 0 0.000000
1653873779648104675 9.041426 110.581899 56 0 0.000000
1653873781141443028 13.573790 73.660468 110 0 0.000000
1653873782147673166 8.525533 117.269411 118 0 0.000000
1653873783147352720 7.138768 140.044877 140 0 0.000000
1653873784129434853 7.494976 133.390065 131 0 0.000000
1653873785127054351 8.043358 124.295887 124 0 0.000000
1653873786043736432 8.985313 111.270855 102 0 0.000000
1653873787065318070 16.213669 61.669080 63 0 0.000000
1653873788143108219 9.886169 101.132861 109 0 0.000000
1653873789149463354 8.749049 114.273775 115 0 0.000000
1653873790139212407 7.222360 138.418924 137 0 0.000000
1653873791151791488 7.669126 130.360189 132 0 0.000000
1653873792148150021 17.176649 58.211977 58 0 0.000000
1653873793050079032 7.706953 129.721944 117 0 0.000000
1653873794149873433 15.709408 63.648267 70 0 0.000000
1653873795154595216 14.558984 68.675729 69 0 0.000000
1653873796155185695 11.769512 84.949828 85 0 0.000000
1653873797041858946 11.664784 85.713662 76 0 0.000000
1653873798151934665 11.561400 86.480587 96 0 0.000000
1653873798915996241 8.680628 115.173963 88 0 0.000000
1653873800149942682 11.215433 89.144860 110 0 0.000000
1653873801135325039 7.944567 125.839501 124 0 0.000000
1653873802155341794 6.843894 146.076030 149 0 0.000000
1653873803153633883 9.156746 109.186482 109 0 0.000000
1653873804155757029 7.766479 128.726693 129 0 0.000000
1653873805154655845 8.609105 116.127879 116 0 0.000000
1653873806075802072 9.302535 107.474793 99 0 0.000000
1653873807157617812 11.756729 85.042209 92 0 0.000000
1653873808115772642 9.775074 102.279921 98 0 0.000000
1653873809157127588 10.108363 98.909598 103 0 0.000000
1653873810160281873 7.013118 142.550357 143 0 0.000000
1653873811151588616 13.215405 75.657711 75 0 0.000000
1653873812142775913 8.258054 121.066927 120 0 0.000000
1653873813158971316 8.396608 119.071588 121 0 0.000000
1653873814162961264 8.962191 111.554903 112 0 0.000000
1653873815164556969 13.718289 72.883698 73 0 0.000000
1653873815950408649 8.184094 122.160458 96 0 0.000000
1653873817162229701 13.314887 75.093596 91 0 0.000000
1653873818163982888 10.542805 94.833739 95 0 0.000000
1653873819145456401 9.526953 104.944248 103 0 0.000000
1653873820166645496 11.735587 85.194799 87 0 0.000000
1653873821098731205 10.020297 99.776231 93 0 0.000000
1653873822166908146 8.899515 112.340940 120 0 0.000000
1653873823132095255 8.539404 117.075745 113 0 0.000000
1653873824123836169 11.141020 89.741177 89 0 0.000000
1653873825132727774 10.292784 97.136305 98 0 0.000000
1653873826163699078 9.911256 100.875747 104 0 0.000000
1653873827169215216 12.726087 78.566616 79 0 0.000000
1653873828054526481 7.564924 132.156909 117 0 0.000000
1653873829129945213 9.686507 103.215609 111 0 0.000000
1653873830133256952 9.834136 101.663319 102 0 0.000000
1653873830943368581 10.124458 98.751823 80 0 0.000000
1653873832093785825 15.757262 63.455237 73 0 0.000000
1653873833171349197 10.882420 91.873948 99 0 0.000000
1653873834168821294 10.497783 95.240759 95 0 0.000000
1653873835158734277 19.408098 51.519679 51 0 0.000000
1653873836125664563 8.192290 122.035686 118 0 0.000000
1653873837176192551 10.003163 99.949741 105 0 0.000000
1653873837926159399 11.027238 90.670675 68 0 0.000000
1653873839174763983 11.146233 89.700120 112 0 0.000000
1653873840135109821 8.973100 111.418220 107 0 0.000000
1653873840671156871 16.749016 59.696252 32 0 0.000000
1653873842177256020 19.557432 51.125452 77 0 0.000000
1653873843178001681 8.268625 120.909842 121 0 0.000000
1653873844178360745 8.131133 122.955852 123 0 0.000000
1653873845132765650 10.044423 99.538466 95 0 0.000000
1653873846124448612 10.547640 94.788357 94 0 0.000000
1653873847054347674 10.686316 93.558542 87 0 0.000000
1653873848174438516 9.654059 103.563029 116 0 0.000000
1653873849185935034 9.631276 103.806587 105 0 0.000000
1653873850183748255 10.962959 91.199433 91 0 0.000000
1653873851184354376 10.208564 97.940635 98 0 0.000000
1653873852185538771 8.628819 115.862761 116 0 0.000000
1653873853112068785 10.408372 96.057342 89 0 0.000000
1653873854152680739 9.815251 101.863138 106 0 0.000000
1653873855177208471 12.051290 82.965056 85 0 0.000000
1653873856170074794 12.892265 77.553240 77 0 0.000000
1653873857183095594 17.167991 58.241647 59 0 0.000000
1653873858187301843 7.548605 132.442912 133 0 0.000000
1653873859188900629 10.884862 91.853146 92 0 0.000000
1653873860193980475 9.391236 106.459204 107 0 0.000000
1653873861191548415 8.108456 123.299873 123 0 0.000000
1653873862192014582 8.851666 112.947338 113 0 0.000000
1653873863020560163 10.899652 91.727009 76 0 0.000000
1653873864194740670 9.782907 102.198936 120 0 0.000000
1653873865183986371 7.912029 126.358884 125 0 0.000000
1653873866181922587 11.468537 87.179923 87 0 0.000000
1653873867196035385 12.365205 80.858865 82 0 0.000000
1653873868198633226 12.530291 79.792711 80 0 0.000000
1653873869197911307 10.859773 92.066453 92 0 0.000000
1653873870170524475 11.050527 90.477913 88 0 0.000000
1653873871196418635 9.676340 103.324500 106 0 0.000000
1653873872195772406 10.629494 94.060785 94 0 0.000000
1653873873199822698 12.393617 80.673249 81 0 0.000000
1653873874197478631 8.905437 112.263153 112 0 0.000000
1653873875200157387 10.552519 94.746197 95 0 0.000000
1653873876198397383 9.784738 102.179837 102 0 0.000000
1653873877201699458 8.358872 119.605041 120 0 0.000000
1653873878203984202 8.946767 111.744705 112 0 0.000000
1653873879199437256 10.053171 99.452205 99 0 0.000000
1653873880195314947 7.839514 127.525699 127 0 0.000000
1653873881205812588 9.101370 109.846867 111 0 0.000000
1653873882192876319 10.388111 96.245053 95 0 0.000000
1653873883203614911 10.105310 98.937550 100 0 0.000000
1653873884181125745 12.859705 77.748484 76 0 0.000000
1653873885202026112 9.363966 106.768519 109 0 0.000000
1653873886205074000 11.139804 89.726524 90 0 0.000000
1653873887203314738 11.605253 86.151562 86 0 0.000000
1653873888207934615 9.387043 106.507947 107 0 0.000000
1653873889006091766 10.230402 97.725100 78 0 0.000000
1653873890055357021 13.804174 72.431646 76 0 0.000000
1653873891196443522 22.819629 43.817888 50 0 0.000000
1653873892203201726 9.319905 107.275014 108 0 0.000000
1653873893191367314 9.147570 109.293423 108 0 0.000000
1653873894208202074 9.966856 100.311283 102 0 0.000000
1653873895204765798 9.580402 104.358606 104 0 0.000000
1653873896212791167 8.998244 111.108315 112 0 0.000000
1653873897211119950 10.290102 97.162378 97 0 0.000000
1653873898214119918 9.371728 106.679964 107 0 0.000000
1653873899214886995 11.500707 86.933316 87 0 0.000000
1653873900197048661 12.753306 78.398499 77 0 0.000000
1653873901211703665 10.043808 99.541223 101 0 0.000000
1653873902050943602 13.318723 75.067924 63 0 0.000000
1653873903212641594 20.027156 49.926918 58 0 0.000000
1653873904194608491 11.973292 83.505869 82 0 0.000000
1653873905217404586 11.890997 84.083232 86 0 0.000000
1653873906217311503 9.705752 103.009588 103 0 0.000000
1653873907209974777 9.730004 102.753876 102 0 0.000000
1653873908150517977 10.808881 92.499739 87 0 0.000000
1653873909222694422 11.652130 85.806772 92 0 0.000000
1653873910197764914 9.464680 105.633388 103 0 0.000000
1653873911222574492 10.785331 92.700148 95 0 0.000000
1653873912169403803 13.921961 71.818647 68 0 0.000000
1653873913208518540 11.416923 87.574545 91 0 0.000000
1653873914222179536 9.471489 105.557972 107 0 0.000000
1653873915221640067 8.327067 120.064772 120 0 0.000000
1653873916226471525 11.819503 84.591301 85 0 0.000000
1653873917225719286 11.225255 89.067000 89 0 0.000000
1653873918222498673 10.169144 98.316639 98 0 0.000000
1653873919208596128 9.213761 108.508545 107 0 0.000000
1653873920228333660 13.778299 72.567694 74 0 0.000000
1653873921216663532 10.401368 96.121753 95 0 0.000000
1653873922223480330 10.167675 98.329693 99 0 0.000000
1653873923226657988 8.721460 114.635742 115 0 0.000000
1653873924227117416 13.702997 72.966478 73 0 0.000000
