1653873608898488779 6.389229 156.440430 133 0 0.000000
1653873610040145104 6.236440 160.293423 183 0 0.000000
1653873611007855375 4.986388 200.473226 194 0 0.000000
1653873612040959141 4.988468 200.367097 207 0 0.000000
1653873613049487554 3.847385 259.784451 262 0 0.000000
1653873614051683610 4.659657 214.528880 215 0 0.000000
1653873614993953070 5.476658 182.538020 172 0 0.000000
1653873616051956462 5.508767 181.473896 192 0 0.000000
1653873617052630749 5.816175 171.884103 172 0 0.000000
1653873618019950672 5.372351 186.081146 180 0 0.000000
1653873619055169138 4.241035 235.699041 244 0 0.000000
1653873620008074001 3.952230 252.910870 241 0 0.000000
1653873621049901933 5.691336 175.652808 183 0 0.000000
1653873621993883608 4.790149 208.690490 197 0 0.000000
1653873623042253789 7.595150 131.632894 138 0 0.000000
1653873624054818280 8.366505 119.498561 121 0 0.000000
1653873625058528035 6.432244 155.423417 156 0 0.000000
1653873626014669491 5.864167 170.476867 163 0 0.000000
1653873627057251099 8.338957 119.894690 125 0 0.000000
1653873628041777308 5.073163 197.049068 194 0 0.000000
1653873629057200335 5.767676 173.326801 176 0 0.000000
1653873629985297070 4.255586 234.889311 218 0 0.000000
1653873631062207584 5.788006 172.716299 186 0 0.000000
1653873632063215718 4.204249 237.760306 238 0 0.000000
1653873633063249858 7.351398 135.995358 136 0 0.000000
1653873634063097805 5.492034 182.027678 182 0 0.000000
1653873635043472839 6.806326 146.882565 144 0 0.000000
1653873636065072111 6.079165 164.448042 168 0 0.000000
1653873637066181840 6.628090 150.832615 151 0 0.000000
1653873638066105676 4.828858 207.015769 207 0 0.000000
1653873639006957497 6.623983 150.927038 142 0 0.000000
1653873640066326202 5.487119 182.183996 193 0 0.000000
1653873641068512992 5.137627 194.574508 195 0 0.000000
1653873642067495086 6.126886 163.166086 163 0 0.000000
1653873643067183175 4.922906 203.063340 203 0 0.000000
1653873644068779486 5.689187 175.719495 176 0 0.000000
1653873645067813178 5.201507 192.185711 192 0 0.000000
1653873646068176465 7.937482 125.954244 126 0 0.000000
1653873647069854060 5.188310 192.676766 193 0 0.000000
1653873648066054288 4.526408 220.839136 220 0 0.000000
1653873648998767663 6.386699 156.532548 146 0 0.000000
1653873650071314282 6.344641 157.568907 169 0 0.000000
1653873651068613807 7.496634 133.360137 133 0 0.000000
1653873652053076733 4.920523 203.156457 200 0 0.000000
1653873653047607237 5.316581 188.028404 187 0 0.000000
1653873654058984159 5.912493 169.076446 171 0 0.000000
1653873655075947659 5.842876 171.097586 174 0 0.000000
1653873656064448212 9.236271 108.244754 107 0 0.000000
1653873657078611071 7.190689 139.030926 141 0 0.000000
1653873658040116774 8.216171 121.684146 117 0 0.000000
1653873659079523801 5.937716 168.365225 175 0 0.000000
1653873659961114998 5.508138 181.490018 160 0 0.000000
1653873661078155272 6.647044 150.397441 168 0 0.000000
1653873662083321689 4.546546 219.864093 221 0 0.000000
1653873663083372028 7.935123 125.993658 126 0 0.000000
1653873664076394757 5.738097 174.215523 173 0 0.000000
1653873665084110807 5.113459 195.491604 197 0 0.000000
1653873666085270663 5.469089 182.787994 183 0 0.000000
1653873667084462456 4.419415 226.182803 226 0 0.000000
1653873668086027287 5.187582 192.698459 193 0 0.000000
1653873669086016565 6.170948 162.001737 162 0 0.000000
1653873670084528472 6.610899 151.225034 151 0 0.000000
1653873671069710886 6.839705 146.165826 144 0 0.000000
1653873672031446493 6.163096 162.206743 156 0 0.000000
1653873673052506719 7.291467 137.112384 140 0 0.000000
1653873674088086850 5.336259 187.334608 194 0 0.000000
1653873675089162081 6.498657 153.834592 154 0 0.000000
1653873676071561001 5.709727 175.081627 172 0 0.000000
1653873677089576704 4.822965 207.265930 211 0 0.000000
1653873678087979936 6.238150 160.255912 160 0 0.000000
1653873679088798895 6.670412 149.877258 150 0 0.000000
1653873680084128885 4.925733 202.947766 202 0 0.000000
1653873681092663990 6.185440 161.620553 163 0 0.000000
1653873682091790891 6.571323 152.132827 152 0 0.000000
1653873683095759138 6.352398 157.375495 158 0 0.000000
1653873684084203137 6.099545 163.893949 162 0 0.000000
1653873685096250642 6.131619 163.035835 165 0 0.000000
1653873686055718810 7.266853 137.576214 132 0 0.000000
1653873687097128842 8.263215 120.989809 126 0 0.000000
1653873688080888788 5.924362 168.740351 166 0 0.000000
1653873689097114965 5.183008 192.870450 196 0 0.000000
1653873690097875906 6.806133 146.888228 147 0 0.000000
1653873691096068117 5.869809 170.307879 170 0 0.000000
1653873692000196390 5.946384 168.117738 152 0 0.000000
1653873693097398325 6.529068 153.116757 168 0 0.000000
1653873694065399009 5.864718 170.454425 165 0 0.000000
1653873695102316396 5.261741 189.986206 197 0 0.000000
1653873696101174646 6.202234 161.183993 161 0 0.000000
1653873697104345367 6.916510 144.541733 145 0 0.000000
1653873698103312166 5.909223 169.174791 169 0 0.000000
1653873699095093149 6.082631 164.350802 163 0 0.000000
1653873700102223905 6.214937 160.852997 162 0 0.000000
1653873701105587960 5.392607 185.376382 186 0 0.000000
1653873702103886803 5.513621 181.308436 181 0 0.000000
1653873703105134716 7.360243 135.830494 136 0 0.000000
1653873704103958762 6.656922 150.176601 150 0 0.000000
1653873705100798326 6.733691 148.469227 148 0 0.000000
1653873706090111102 8.041301 124.328730 123 0 0.000000
1653873707109125053 8.085331 123.648945 126 0 0.000000
1653873708109131581 6.058757 164.998923 165 0 0.000000
1653873709107009797 6.927730 144.306187 144 0 0.000000
1653873710101030582 6.495049 153.920321 153 0 0.000000
1653873711061367563 7.007796 142.658259 137 0 0.000000
1653873712073435258 7.385503 135.366439 137 0 0.000000
1653873713080661231 7.350113 136.017144 137 0 0.000000
1653873714105813631 7.706099 129.736807 133 0 0.000000
1653873715110562093 6.927223 144.314728 145 0 0.000000
1653873716046243660 7.424196 134.661197 126 0 0.000000
1653873717072749455 9.329937 107.159648 110 0 0.000000
1653873718112021710 9.446014 105.843295 110 0 0.000000
1653873719112498245 9.093208 109.947606 110 0 0.000000
1653873720116175443 7.016720 142.476087 143 0 0.000000
1653873721107850264 9.720306 102.856277 102 0 0.000000
1653873722090589760 6.593529 151.617015 149 0 0.000000
1653873723112855974 7.801482 128.146659 131 0 0.000000
1653873724116614847 6.689838 149.438279 150 0 0.000000
1653873725115141313 5.803511 172.253824 172 0 0.000000
1653873726115368394 6.535438 152.965263 153 0 0.000000
1653873727118761242 8.573938 116.604380 117 0 0.000000
1653873728106422554 7.963173 125.549110 124 0 0.000000
1653873729118866386 7.726702 129.389877 131 0 0.000000
1653873730118264620 6.938128 144.086727 144 0 0.000000
1653873731121593859 5.541476 180.399407 181 0 0.000000
1653873732103159157 8.110091 123.272492 121 0 0.000000
1653873733119963815 8.688584 115.066348 117 0 0.000000
1653873734085076230 8.852114 112.940211 109 0 0.000000
1653873735120520921 8.847867 112.994931 117 0 0.000000
1653873736124160644 6.431653 155.434262 156 0 0.000000
1653873737125424267 6.255882 159.798075 160 0 0.000000
1653873738120011473 6.498616 153.832663 153 0 0.000000
1653873739127757215 8.760781 114.116087 115 0 0.000000
1653873740101166649 9.830276 101.704376 99 0 0.000000
1653873741075169577 6.047750 165.297244 161 0 0.000000
1653873742124331290 6.206211 161.080984 169 0 0.000000
1653873743129885505 6.657409 150.165945 151 0 0.000000
1653873744128001890 7.127529 140.264204 140 0 0.000000
1653873745128962258 8.626782 115.888680 116 0 0.000000
1653873745808424150 6.725414 148.647087 101 0 0.000000
1653873747131873979 11.213415 89.160917 118 0 0.000000
1653873748124959151 7.194359 138.960891 138 0 0.000000
1653873749130759425 6.529068 153.111907 154 0 0.000000
1653873750131364545 7.301711 136.917150 137 0 0.000000
1653873751134285434 7.372535 135.603916 136 0 0.000000
1653873752105071906 6.343106 157.604172 153 0 0.000000
1653873753131930123 7.178783 139.259733 143 0 0.000000
1653873754127605481 6.680527 149.647169 149 0 0.000000
1653873755133255240 8.378419 119.325839 120 0 0.000000
1653873756137244226 6.046202 165.340459 166 0 0.000000
1653873757138118558 8.552582 116.897793 117 0 0.000000
1653873758138816105 8.699697 114.919838 115 0 0.000000
1653873759137499255 8.758495 114.150319 114 0 0.000000
1653873760136939415 6.938512 144.080662 144 0 0.000000
1653873761110423248 10.579576 94.505927 92 0 0.000000
1653873762129276565 6.790426 147.224345 150 0 0.000000
1653873763138822178 7.531944 132.732964 134 0 0.000000
1653873764137652666 7.396707 135.158088 135 0 0.000000
1653873765141457608 7.378943 135.484488 136 0 0.000000
1653873766137329131 6.341191 157.650860 157 0 0.000000
1653873767142005678 6.521947 153.283163 154 0 0.000000
1653873768136740641 8.879504 112.592806 112 0 0.000000
1653873769141932883 7.851205 127.338826 128 0 0.000000
1653873770141324654 7.627018 131.079726 131 0 0.000000
1653873771127296895 7.411320 134.892236 133 0 0.000000
1653873772144644933 8.921919 112.056047 114 0 0.000000
1653873773132290115 9.228372 108.338502 107 0 0.000000
1653873774147746745 9.400467 106.356092 108 0 0.000000
1653873775108157386 11.569146 86.421359 83 0 0.000000
1653873776109679719 7.946547 125.808488 126 0 0.000000
1653873776518319923 7.565083 132.145588 54 0 0.000000
1653873778093911718 32.153256 31.099426 49 0 0.000000
1653873779148818029 7.273304 137.452965 145 0 0.000000
1653873779654726840 13.311475 75.112349 38 0 0.000000
1653873781125394662 13.615294 73.436026 108 0 0.000000
1653873782002938935 7.250483 137.884780 121 0 0.000000
1653873783150914276 23.425287 42.683844 49 0 0.000000
1653873784121593557 8.020054 124.654972 121 0 0.000000
1653873785110931768 7.726975 129.379400 128 0 0.000000
1653873786146960574 8.029100 124.513927 129 0 0.000000
1653873787153755204 12.128133 82.439853 83 0 0.000000
1653873788153200061 7.188308 139.077206 139 0 0.000000
1653873788950055230 6.927180 144.317293 115 0 0.000000
1653873790154206657 9.479615 105.468474 127 0 0.000000
1653873791151431718 7.552893 132.367313 132 0 0.000000
1653873792157201453 7.393651 135.219816 136 0 0.000000
1653873793156533911 9.337394 107.071476 107 0 0.000000
1653873794156938210 9.176061 108.955949 109 0 0.000000
1653873795159760902 8.718507 114.676304 115 0 0.000000
1653873796159902365 9.433119 105.985007 106 0 0.000000
1653873797160583890 8.478344 117.919635 118 0 0.000000
1653873798160564466 7.934345 126.002431 126 0 0.000000
1653873799101294816 6.576548 152.009573 143 0 0.000000
1653873800156250271 7.324031 136.498654 144 0 0.000000
1653873801130583669 9.103910 109.818673 107 0 0.000000
1653873802162626617 9.130975 109.491566 113 0 0.000000
1653873803162002399 8.921002 112.069956 112 0 0.000000
1653873804166379226 8.367638 119.477071 120 0 0.000000
1653873804951198006 7.846116 127.417950 100 0 0.000000
1653873806162998765 14.424232 69.318326 84 0 0.000000
1653873807167464014 8.966347 111.502115 112 0 0.000000
1653873808165008416 8.672121 115.283089 115 0 0.000000
1653873809163854943 9.161443 109.125874 109 0 0.000000
1653873810163752905 8.544124 117.011940 117 0 0.000000
1653873811165725082 10.327652 96.809075 97 0 0.000000
1653873811979485376 8.563816 116.741995 95 0 0.000000
1653873813168210450 10.611600 94.218590 112 0 0.000000
1653873814171695976 8.430394 118.586662 119 0 0.000000
1653873815166352801 10.044841 99.531817 99 0 0.000000
1653873816169203262 8.569250 116.667443 117 0 0.000000
1653873817171658086 7.768839 128.684104 129 0 0.000000
1653873818160009248 8.099069 123.437908 122 0 0.000000
1653873819159207420 8.324533 120.096297 120 0 0.000000
1653873820173120841 8.590489 116.380745 118 0 0.000000
1653873821173335099 9.174320 108.976652 109 0 0.000000
1653873822146202170 7.718966 129.514097 126 0 0.000000
1653873823173212175 10.923374 91.527832 94 0 0.000000
1653873824147597346 9.550709 104.681382 102 0 0.000000
1653873825176668190 11.691805 85.514046 88 0 0.000000
1653873826144276523 8.485758 117.816265 114 0 0.000000
1653873827176767831 9.216586 108.475488 112 0 0.000000
1653873828178518306 10.769327 92.837491 93 0 0.000000
1653873829137213627 10.649970 93.877583 90 0 0.000000
1653873830177244679 8.664943 115.381170 120 0 0.000000
1653873831179780564 10.663293 93.762230 94 0 0.000000
1653873832177881715 9.326078 107.203562 107 0 0.000000
1653873833181835232 8.029549 124.507758 125 0 0.000000
1653873834176973993 8.727119 114.556888 114 0 0.000000
1653873835182260431 8.816124 113.400514 114 0 0.000000
1653873836182009924 9.004770 111.027814 111 0 0.000000
1653873837145904122 9.265921 107.895658 104 0 0.000000
1653873838138132840 13.227768 75.587412 75 0 0.000000
1653873839157977407 9.440956 105.898489 108 0 0.000000
1653873840175718761 8.139919 122.820991 125 0 0.000000
1653873841183493015 9.077149 110.143714 111 0 0.000000
1653873842185830001 7.708152 129.696900 130 0 0.000000
1653873843179795776 10.038012 99.601015 99 0 0.000000
1653873844183260538 8.501912 117.592557 118 0 0.000000
1653873845187003692 9.742685 102.615905 103 0 0.000000
1653873846138244381 9.057151 110.382158 105 0 0.000000
1653873847187710596 12.491302 80.040690 84 0 0.000000
1653873848183011984 9.129068 109.514565 109 0 0.000000
1653873849158174559 10.262775 97.419654 95 0 0.000000
1653873850060843306 12.196356 81.979132 74 0 0.000000
1653873851185795734 11.247506 88.892647 100 0 0.000000
1653873852184504358 11.610674 86.111202 86 0 0.000000
1653873853186401161 7.949364 125.761457 126 0 0.000000
1653873854183179356 9.770335 102.329686 102 0 0.000000
1653873855168773964 8.010908 124.797759 123 0 0.000000
1653873856192841673 10.238745 97.649794 100 0 0.000000
1653873857191427539 9.243930 108.152942 108 0 0.000000
1653873858189125847 8.043860 124.286069 124 0 0.000000
1653873859189015020 9.800736 102.011306 102 0 0.000000
1653873860193553508 9.213862 108.507540 109 0 0.000000
1653873861182888627 10.411986 96.024085 95 0 0.000000
1653873862190033900 11.442530 87.375677 88 0 0.000000
1653873863195902863 8.595284 116.317338 117 0 0.000000
1653873864178383239 11.979221 83.462216 82 0 0.000000
1653873865195603248 10.593872 94.374876 96 0 0.000000
1653873866162135605 10.504015 95.185625 92 0 0.000000
1653873867192626688 10.100579 98.981946 102 0 0.000000
1653873868197198217 8.887552 112.485769 113 0 0.000000
1653873869195805267 9.244318 108.150648 108 0 0.000000
1653873870195904190 10.868681 91.990899 92 0 0.000000
1653873871191611109 9.571960 104.448407 104 0 0.000000
1653873872198070490 7.344301 136.120744 137 0 0.000000
1653873873199605798 9.020794 110.829841 111 0 0.000000
1653873874200072477 9.261611 107.949623 108 0 0.000000
1653873875202461145 25.700213 38.907064 39 0 0.000000
1653873876185304668 11.040838 90.553569 89 0 0.000000
1653873877194366903 9.517060 105.048041 106 0 0.000000
1653873878200125781 9.576481 104.398781 105 0 0.000000
1653873879200030467 11.901326 84.008007 84 0 0.000000
1653873880200214828 13.698864 72.986544 73 0 0.000000
1653873881206835400 9.148930 109.276526 110 0 0.000000
1653873882203625481 9.582478 104.334908 104 0 0.000000
1653873883203529140 9.800505 102.009827 102 0 0.000000
1653873884204895598 9.719818 102.859448 103 0 0.000000
1653873885205099108 9.345699 106.978215 107 0 0.000000
1653873886207124881 9.632810 103.789758 104 0 0.000000
1653873887205986018 7.801554 128.145942 128 0 0.000000
1653873888208379309 8.351361 119.713491 120 0 0.000000
1653873889209163336 13.165835 75.940460 76 0 0.000000
1653873890129582299 8.763608 114.078485 105 0 0.000000
1653873891209889674 12.273944 81.458297 88 0 0.000000
1653873892208750182 10.974267 91.103799 91 0 0.000000
1653873893214250656 13.585036 73.595202 74 0 0.000000
1653873894143010517 8.216997 121.667618 113 0 0.000000
1653873895209847827 11.593756 86.236204 92 0 0.000000
1653873896207096974 10.278779 97.267569 97 0 0.000000
1653873897210955598 8.960963 111.569496 112 0 0.000000
1653873898212337297 9.815271 101.859261 102 0 0.000000
1653873899210103933 11.736502 85.190261 85 0 0.000000
1653873900214314915 9.653697 103.563893 104 0 0.000000
1653873901211823634 10.073433 99.247253 99 0 0.000000
1653873902212571247 8.776590 113.914837 114 0 0.000000
1653873903212186070 9.253584 108.041615 108 0 0.000000
1653873904192638588 9.610171 104.033595 102 0 0.000000
1653873905217405388 10.245345 97.583177 100 0 0.000000
1653873906098514524 12.067809 82.850123 73 0 0.000000
1653873907217867843 10.658428 93.804162 105 0 0.000000
1653873908213697900 9.573006 104.435489 104 0 0.000000
1653873909223235331 10.737697 93.111952 94 0 0.000000
1653873910223467576 12.195852 81.980948 82 0 0.000000
1653873911214799237 9.910984 100.874429 100 0 0.000000
1653873912220877676 11.430593 87.468328 88 0 0.000000
1653873913224268774 9.645897 103.648519 104 0 0.000000
1653873913712290189 18.072118 55.325441 27 0 0.000000
1653873915224724449 18.220066 54.878418 83 0 0.000000
1653873916216256611 9.532120 104.888176 104 0 0.000000
1653873917183872045 9.484441 105.413779 102 0 0.000000
1653873918221552264 9.975452 100.223533 104 0 0.000000
1653873919184323855 10.026665 99.712147 96 0 0.000000
1653873920224739652 12.095842 82.659260 86 0 0.000000
1653873921228527817 8.803281 113.569780 114 0 0.000000
1653873922227937334 10.408446 96.056720 96 0 0.000000
1653873923213493301 10.595194 94.362981 93 0 0.000000
1653873924214125533 9.349634 106.932379 107 0 0.000000
1653873925223548252 10.404292 96.094527 97 0 0.000000
1653873926231166888 10.717308 93.289278 94 0 0.000000
1653873927233813824 8.149920 122.675285 123 0 0.000000
1653873928230766308 7.667219 130.397389 130 0 0.000000
1653873929232930644 8.145911 122.734362 123 0 0.000000
