1653876684907160437 7.576681 131.611915 131 0 0.000000
1653876685912306453 7.424321 134.308843 135 0 0.000000
1653876686910520405 7.108607 140.250494 140 0 0.000000
1653876687912406267 6.984686 142.730831 143 0 0.000000
1653876688919127702 7.548047 132.112016 133 0 0.000000
1653876689916734832 6.858193 145.347796 145 0 0.000000
1653876690922139869 6.865735 145.215113 146 0 0.000000
1653876691918905261 7.417944 134.434844 134 0 0.000000
1653876692925138111 6.429553 155.033698 156 0 0.000000
1653876693895246668 7.441756 134.005620 130 0 0.000000
1653876694924888106 7.179430 138.883299 143 0 0.000000
1653876695926775490 6.570076 151.713661 152 0 0.000000
1653876696929008877 6.751029 147.670193 148 0 0.000000
1653876697930709186 6.569802 151.741992 152 0 0.000000
1653876698936026003 8.218753 121.354779 122 0 0.000000
1653876699936452788 6.739129 147.936864 148 0 0.000000
1653876700935007954 6.636462 150.217043 150 0 0.000000
1653876701940345223 7.162386 139.256745 140 0 0.000000
1653876702939792973 6.554672 152.083987 152 0 0.000000
1653876703945516860 7.655940 130.254443 131 0 0.000000
1653876704945707852 6.691577 148.971542 149 0 0.000000
1653876705946846801 6.653182 149.829357 150 0 0.000000
1653876706950685487 7.253946 137.472283 138 0 0.000000
1653876707951000652 7.558185 131.958411 132 0 0.000000
1653876708951449493 7.502234 132.940334 133 0 0.000000
1653876709949502306 6.860651 144.280939 144 0 0.000000
1653876710956377263 7.437598 134.078219 135 0 0.000000
1653876711952426355 7.412671 134.531522 134 0 0.000000
1653876712958628335 7.065443 141.124745 142 0 0.000000
1653876713956067311 7.369355 135.346629 135 0 0.000000
1653876714958794255 7.752021 128.649179 129 0 0.000000
1653876715962946371 7.308560 136.433512 137 0 0.000000
1653876716956322780 7.177276 138.920150 138 0 0.000000
1653876717957839816 7.396813 134.795512 135 0 0.000000
1653876718967174001 7.803105 127.807024 129 0 0.000000
1653876719965461181 7.374148 135.231627 135 0 0.000000
1653876720973330716 7.856671 126.008374 127 0 0.000000
1653876721970572856 7.422308 134.370576 134 0 0.000000
1653876722977733106 7.727458 129.075781 130 0 0.000000
1653876723974993495 7.591832 131.359878 131 0 0.000000
1653876724975603623 8.605586 115.929265 116 0 0.000000
1653876725977302675 9.340698 106.818514 107 0 0.000000
1653876726979477422 8.127089 122.733085 123 0 0.000000
1653876727978266173 7.906539 126.152805 126 0 0.000000
1653876728983863929 7.715071 129.276341 130 0 0.000000
1653876729982664797 9.491742 105.126059 105 0 0.000000
1653876730990288009 8.105526 123.061875 124 0 0.000000
1653876731986736122 7.825599 127.452696 127 0 0.000000
1653876732992698101 8.811711 112.330287 113 0 0.000000
1653876733988735316 9.051124 109.433662 109 0 0.000000
1653876734991219898 8.063580 123.692675 124 0 0.000000
1653876735991923673 8.050413 123.912801 124 0 0.000000
1653876736997896995 8.157481 122.269641 123 0 0.000000
1653876737996106133 8.161181 122.218878 122 0 0.000000
1653876738996402517 9.343778 105.968594 106 0 0.000000
1653876740003256154 9.215669 108.258037 109 0 0.000000
1653876741004116619 8.183782 121.895110 122 0 0.000000
1653876742002998374 8.899231 112.125386 112 0 0.000000
1653876743006912788 8.410227 118.536001 119 0 0.000000
1653876744010119819 9.542489 103.667534 104 0 0.000000
1653876745006636886 10.147167 98.342523 98 0 0.000000
1653876746010110325 8.705605 114.601936 115 0 0.000000
1653876747010988023 9.422136 105.907046 106 0 0.000000
1653876748016865296 8.433003 118.304685 119 0 0.000000
1653876749012478880 8.789834 113.497853 113 0 0.000000
1653876750013611911 8.536203 116.867585 117 0 0.000000
1653876751016093242 9.347803 106.735155 107 0 0.000000
1653876752023335787 9.392101 106.230619 107 0 0.000000
1653876753024640056 8.840013 112.852811 113 0 0.000000
1653876754024609594 8.828607 113.003441 113 0 0.000000
1653876754987200750 9.145856 109.080578 105 0 0.000000
1653876756027952586 9.705214 102.810294 107 0 0.000000
1653876757023659098 8.949978 111.478630 111 0 0.000000
1653876758030409809 8.888873 112.242284 113 0 0.000000
1653876759031220119 9.599431 103.915795 104 0 0.000000
1653876760026593294 9.028554 110.511320 110 0 0.000000
1653876761034948275 8.982981 111.071990 112 0 0.000000
1653876762037351807 9.271608 106.743444 107 0 0.000000
1653876763029668378 9.339809 106.820751 106 0 0.000000
1653876764038259673 9.771003 102.122632 103 0 0.000000
1653876765034452760 9.289379 107.408896 107 0 0.000000
1653876766034482846 9.070323 109.996691 110 0 0.000000
1653876767039831259 9.554860 104.441404 105 0 0.000000
1653876768045846992 10.038359 99.402027 100 0 0.000000
1653876769044584442 9.141717 109.137793 109 0 0.000000
1653876770040906896 10.357782 96.354344 96 0 0.000000
1653876771050177363 9.411413 106.017172 107 0 0.000000
1653876772049762048 9.780178 102.042379 102 0 0.000000
1653876773047586530 9.482781 105.228928 105 0 0.000000
1653876774047782886 9.504423 104.979386 105 0 0.000000
1653876775051357851 9.537169 104.625966 105 0 0.000000
1653876776052617204 9.337357 106.865421 107 0 0.000000
1653876777057758151 9.551946 104.462961 105 0 0.000000
1653876778053991917 9.752917 101.381828 101 0 0.000000
1653876779057990823 9.726232 102.589751 103 0 0.000000
1653876780055166425 9.566930 104.294569 104 0 0.000000
1653876781062165594 9.569347 104.270196 105 0 0.000000
1653876782064847370 9.810827 101.727192 102 0 0.000000
1653876783060265373 10.681593 93.428086 93 0 0.000000
1653876784058125719 9.957748 100.214424 100 0 0.000000
1653876785065357452 10.052087 99.282018 100 0 0.000000
1653876786069133831 10.018094 99.623787 100 0 0.000000
1653876787068747143 10.612939 94.036361 94 0 0.000000
1653876788066592319 10.161267 98.211623 98 0 0.000000
1653876789069908852 9.815665 101.662835 102 0 0.000000
1653876790075843210 9.939519 100.404167 101 0 0.000000
1653876791069696696 10.121455 98.606082 98 0 0.000000
1653876792009521202 9.977427 100.018674 94 0 0.000000
1653876793073916359 10.730863 93.010567 99 0 0.000000
1653876794078862687 12.087309 82.591479 83 0 0.000000
1653876795078196140 10.177810 98.065352 98 0 0.000000
1653876796080903884 10.423078 95.740772 96 0 0.000000
1653876797040504807 10.300731 95.873189 92 0 0.000000
1653876798085609424 11.216842 88.986306 93 0 0.000000
1653876799080673940 10.564848 94.466234 94 0 0.000000
1653876800086810888 10.570217 94.420548 95 0 0.000000
1653876801082996235 10.249600 97.371437 97 0 0.000000
1653876802090355895 10.473031 95.298635 96 0 0.000000
1653876803092185475 10.750803 92.830162 93 0 0.000000
1653876804093013198 11.224116 88.926389 89 0 0.000000
1653876805098254160 10.906383 91.520350 92 0 0.000000
1653876806098922345 12.181971 81.945244 82 0 0.000000
1653876807093857818 10.677464 93.473399 93 0 0.000000
1653876808101946341 10.818471 92.253801 93 0 0.000000
1653876809103498506 10.521115 94.852773 95 0 0.000000
1653876810103236390 10.846546 92.024122 92 0 0.000000
1653876811096841697 10.663428 93.598533 93 0 0.000000
1653876812084035023 10.594127 94.206463 93 0 0.000000
1653876813106053349 10.853026 91.974873 94 0 0.000000
1653876814108696727 11.500933 86.770635 87 0 0.000000
1653876815104318407 10.684797 93.408978 93 0 0.000000
1653876816107280997 10.650210 93.722337 94 0 0.000000
1653876817116975728 10.607113 94.087842 95 0 0.000000
1653876818110480396 10.778603 92.601478 92 0 0.000000
1653876819116495961 11.035007 90.455854 91 0 0.000000
1653876820113444197 11.572963 86.263258 86 0 0.000000
1653876821108754519 11.039227 90.424057 90 0 0.000000
1653876822111743467 11.919509 83.749678 84 0 0.000000
1653876823120618053 10.944398 91.190720 92 0 0.000000
1653876824122314987 10.986909 90.845841 91 0 0.000000
1653876825127184167 10.903261 91.554209 92 0 0.000000
1653876826128709001 10.866462 91.859928 92 0 0.000000
1653876827130347833 11.625452 85.859292 86 0 0.000000
1653876828121342146 10.990741 90.817874 90 0 0.000000
1653876829128790689 11.694799 85.364163 86 0 0.000000
1653876830047362284 11.045448 90.357681 83 0 0.000000
1653876831128189000 12.262244 81.419156 88 0 0.000000
1653876832131618598 11.382898 87.699228 88 0 0.000000
1653876833136512708 11.527979 86.576289 87 0 0.000000
1653876834138170000 11.493550 86.856054 87 0 0.000000
1653876835139379843 11.488134 86.894868 87 0 0.000000
1653876836141924800 11.243624 88.774074 89 0 0.000000
1653876837142388824 11.889418 83.961039 84 0 0.000000
1653876838136957100 11.679786 85.464220 85 0 0.000000
1653876839146333146 11.854289 84.210437 85 0 0.000000
1653876840139425993 11.662499 85.591192 85 0 0.000000
1653876841145597103 11.544691 86.466406 87 0 0.000000
1653876842150473037 11.529910 86.577855 87 0 0.000000
1653876843153034341 13.713395 72.813503 73 0 0.000000
1653876844151912829 12.623884 79.088698 79 0 0.000000
1653876845144687631 11.939370 83.604056 83 0 0.000000
1653876846148883642 11.792574 84.644828 85 0 0.000000
1653876847147094687 11.452540 87.155919 87 0 0.000000
1653876848157217034 12.298876 81.178288 82 0 0.000000
1653876849152721764 12.743347 78.352211 78 0 0.000000
1653876850150722261 12.454741 80.160282 80 0 0.000000
1653876851150362638 11.879534 84.030222 84 0 0.000000
1653876852160332227 11.860900 84.160947 85 0 0.000000
1653876853159287780 12.162685 82.085732 82 0 0.000000
1653876854157315349 12.004066 83.164040 83 0 0.000000
1653876855160376614 11.509392 86.734482 87 0 0.000000
1653876856157466988 13.268988 75.218860 75 0 0.000000
1653876857161736784 11.794554 84.638608 85 0 0.000000
1653876858166605424 12.539988 79.612395 80 0 0.000000
1653876859163508330 13.825257 72.223683 72 0 0.000000
1653876860137313338 12.463978 80.098175 78 0 0.000000
1653876861165291970 12.364843 80.740976 83 0 0.000000
1653876862165533708 12.640148 78.980906 79 0 0.000000
1653876863172182997 13.401384 74.504599 75 0 0.000000
1653876864172042766 12.172481 82.011499 82 0 0.000000
1653876865169211321 12.139842 82.232838 82 0 0.000000
1653876866173959415 12.085560 82.607772 83 0 0.000000
1653876867156433582 11.961234 83.462749 82 0 0.000000
1653876868181441187 12.328715 80.975011 83 0 0.000000
1653876869181875929 12.329717 80.964801 81 0 0.000000
1653876870185789828 13.365397 74.707602 75 0 0.000000
1653876871179247793 12.881757 77.507053 77 0 0.000000
1653876872177894547 12.157888 82.111116 82 0 0.000000
1653876873189050470 12.310120 81.095311 82 0 0.000000
1653876874181273315 13.571118 73.572182 73 0 0.000000
1653876875180872433 12.171446 82.032881 82 0 0.000000
1653876876192119333 13.463973 74.165867 75 0 0.000000
1653876877191714436 12.474267 80.032405 80 0 0.000000
1653876878192001797 12.482896 79.977019 80 0 0.000000
1653876879190247840 12.303276 81.142318 81 0 0.000000
1653876880192188572 12.503545 79.845043 80 0 0.000000
1653876881194860069 12.672024 78.789516 79 0 0.000000
1653876882192367784 12.768578 78.194884 78 0 0.000000
1653876883201844967 12.598321 79.248941 80 0 0.000000
1653876884203173726 12.654831 78.895168 79 0 0.000000
1653876885204771031 12.657595 78.874015 79 0 0.000000
1653876886206978732 13.522208 73.836991 74 0 0.000000
1653876887206826021 12.635017 79.012064 79 0 0.000000
1653876888207898569 12.651455 78.915362 79 0 0.000000
1653876889205984429 12.613957 79.151505 79 0 0.000000
1653876890209512810 13.726838 72.743336 73 0 0.000000
1653876891207455801 12.939314 77.158715 77 0 0.000000
1653876892206825229 13.859618 72.045430 72 0 0.000000
1653876893216888766 17.393423 57.422130 58 0 0.000000
1653876894215877178 13.853298 72.072910 72 0 0.000000
1653876895214177872 12.616497 79.134473 79 0 0.000000
1653876896216975558 12.835823 77.782390 78 0 0.000000
1653876897217713892 12.809141 77.942450 78 0 0.000000
1653876898219956866 12.829255 77.825442 78 0 0.000000
1653876899212158604 13.386959 74.581601 74 0 0.000000
1653876900224370455 12.956450 77.058975 78 0 0.000000
1653876901224346887 12.799558 78.001837 78 0 0.000000
1653876902215979463 12.858553 77.649726 77 0 0.000000
1653876903219689063 13.012986 76.715418 77 0 0.000000
1653876904218371951 13.119061 76.100232 76 0 0.000000
1653876905225108816 13.226201 75.491426 76 0 0.000000
1653876906223109369 12.774451 78.156270 78 0 0.000000
1653876907223359888 12.970166 76.980715 77 0 0.000000
1653876908229614738 13.220063 75.527584 76 0 0.000000
1653876909234593590 13.747802 72.638342 73 0 0.000000
1653876910233043048 13.292697 75.116472 75 0 0.000000
1653876911224843336 13.029177 76.628332 76 0 0.000000
1653876912231597991 13.403214 74.496799 75 0 0.000000
1653876913233769203 14.294606 69.848344 70 0 0.000000
1653876914229665622 12.911726 77.317278 77 0 0.000000
1653876915232559731 13.532319 73.786452 74 0 0.000000
1653876916236653557 15.192134 65.730909 66 0 0.000000
1653876917240460035 13.187593 75.711804 76 0 0.000000
1653876918244221844 13.920433 71.730167 72 0 0.000000
1653876919242457826 12.943140 77.136070 77 0 0.000000
1653876920240830261 13.290003 75.122266 75 0 0.000000
1653876921241183908 13.497483 73.973839 74 0 0.000000
1653876922247863209 14.157857 70.528917 71 0 0.000000
1653876923244428285 13.266521 75.258508 75 0 0.000000
1653876924241197438 13.450144 74.239855 74 0 0.000000
1653876925243097646 13.163743 75.855859 76 0 0.000000
1653876926249021960 13.392202 74.558295 75 0 0.000000
1653876927249787937 14.482928 68.947184 69 0 0.000000
1653876928251706122 13.516701 73.858329 74 0 0.000000
1653876929254299358 13.527596 73.808595 74 0 0.000000
1653876930259360092 13.380126 74.622360 75 0 0.000000
1653876931261918300 13.712974 72.813724 73 0 0.000000
1653876932264864353 13.909112 71.788508 72 0 0.000000
1653876933258839798 13.595423 73.442451 73 0 0.000000
1653876934262590926 13.543845 73.723460 74 0 0.000000
1653876935266160089 14.314782 69.751050 70 0 0.000000
1653876936262379863 13.815008 72.273207 72 0 0.000000
1653876937268426145 13.574645 73.555266 74 0 0.000000
1653876938263928077 13.616917 73.329839 73 0 0.000000
1653876939260995754 13.638190 73.214690 73 0 0.000000
1653876940266302667 13.565267 73.609363 74 0 0.000000
1653876941268347861 13.705528 72.851004 73 0 0.000000
1653876942272684635 13.549693 73.680466 74 0 0.000000
1653876943272025389 13.669616 73.048155 73 0 0.000000
1653876944274467024 14.099177 70.827068 71 0 0.000000
1653876945281755877 15.475689 64.529652 65 0 0.000000
1653876946275802704 13.978777 71.425207 71 0 0.000000
