1653876693396888868 6.507011 153.102869 153 0 0.000000
1653876694397919090 6.521822 152.842542 153 0 0.000000
1653876695398714822 7.921194 125.899815 126 0 0.000000
1653876696397396529 7.321925 136.179524 136 0 0.000000
1653876697399538325 7.293999 136.707204 137 0 0.000000
1653876698390619205 6.630233 150.340904 149 0 0.000000
1653876699405166589 8.031175 124.193312 126 0 0.000000
1653876700406031852 8.681903 114.900584 115 0 0.000000
1653876701411239874 6.381651 156.186573 157 0 0.000000
1653876702411937141 7.076273 140.901755 141 0 0.000000
1653876703411030811 7.219685 138.125185 138 0 0.000000
1653876704411996725 6.608779 150.854291 151 0 0.000000
1653876705417377777 7.426885 134.277446 135 0 0.000000
1653876706417204587 6.643433 150.025983 150 0 0.000000
1653876707419207731 8.147673 120.758101 121 0 0.000000
1653876708419627720 7.444904 133.943747 134 0 0.000000
1653876709425017604 6.772768 147.206574 148 0 0.000000
1653876710426360328 7.926997 125.831042 126 0 0.000000
1653876711423734436 6.905475 144.379127 144 0 0.000000
1653876712430219516 6.921292 144.065722 145 0 0.000000
1653876713430200020 8.674971 115.002236 115 0 0.000000
1653876714430109557 7.332157 136.012312 136 0 0.000000
1653876715429799685 8.748198 114.035333 114 0 0.000000
1653876716432430109 7.065384 139.632711 140 0 0.000000
1653876717432521802 7.792474 127.988266 128 0 0.000000
1653876718439753852 7.671560 129.066581 130 0 0.000000
1653876719441350276 7.238042 137.780049 138 0 0.000000
1653876720440371454 7.166964 139.136184 139 0 0.000000
1653876721444560130 7.885592 126.470261 127 0 0.000000
1653876722447873701 7.357361 135.550840 136 0 0.000000
1653876723445923201 7.372830 135.263832 135 0 0.000000
1653876724450898571 7.479416 133.336601 134 0 0.000000
1653876725449674401 7.489000 133.163014 133 0 0.000000
1653876726448179578 9.310992 107.160189 107 0 0.000000
1653876727454911679 7.723578 129.130680 130 0 0.000000
1653876728451035843 7.762148 128.498034 128 0 0.000000
1653876729457249418 7.545385 132.178702 133 0 0.000000
1653876730458750178 8.842401 112.830667 113 0 0.000000
1653876731456909797 8.228468 121.223098 121 0 0.000000
1653876732463252590 7.661354 130.174326 131 0 0.000000
1653876733460085336 7.829291 127.403521 127 0 0.000000
1653876734460075992 7.916073 126.001176 126 0 0.000000
1653876735466476049 7.904375 126.192363 127 0 0.000000
1653876736467386770 7.860837 126.884444 127 0 0.000000
1653876737462373436 9.454892 105.529055 105 0 0.000000
1653876738472585192 7.872436 126.706109 128 0 0.000000
1653876739468317489 8.142410 122.522891 122 0 0.000000
1653876740475658295 8.170329 122.103656 123 0 0.000000
1653876741473834941 7.966136 125.228337 125 0 0.000000
1653876742472477693 9.675801 103.139989 103 0 0.000000
1653876743479675691 9.054049 110.206729 111 0 0.000000
1653876744480349708 8.181673 121.917827 122 0 0.000000
1653876745482094048 8.845026 112.803232 113 0 0.000000
1653876746479369385 9.128382 109.297800 109 0 0.000000
1653876747480053528 8.250699 120.917276 121 0 0.000000
1653876748482368462 8.196314 121.718232 122 0 0.000000
1653876749481845809 8.522201 117.061182 117 0 0.000000
1653876750490658049 8.760180 113.004182 114 0 0.000000
1653876751486805741 9.743771 102.394452 102 0 0.000000
1653876752492393793 8.502226 117.344275 118 0 0.000000
1653876753493303453 9.247433 107.901841 108 0 0.000000
1653876754490758766 9.131401 109.278082 109 0 0.000000
1653876755492529008 8.615739 115.795015 116 0 0.000000
1653876756496192500 9.186998 108.602138 109 0 0.000000
1653876757494515888 8.440121 118.198173 118 0 0.000000
1653876758496174831 8.540478 116.806223 117 0 0.000000
1653876759498072469 8.542731 116.778399 117 0 0.000000
1653876760444734864 8.744119 114.085025 108 0 0.000000
1653876761499606904 11.201200 89.110331 94 0 0.000000
1653876762504550501 8.870665 111.449041 112 0 0.000000
1653876763507624502 9.016580 110.659831 111 0 0.000000
1653876764505109815 9.663622 103.259668 103 0 0.000000
1653876765510909594 9.468009 105.388767 106 0 0.000000
1653876766509881506 9.773388 102.104973 102 0 0.000000
1653876767515200608 10.237362 97.481487 98 0 0.000000
1653876768513311808 8.892057 112.211940 112 0 0.000000
1653876769517157111 9.018418 110.574815 111 0 0.000000
1653876770522336835 9.034778 110.428011 111 0 0.000000
1653876771515888863 9.011733 110.713882 110 0 0.000000
1653876772520491363 9.926470 100.537277 101 0 0.000000
1653876773524573379 9.107263 109.552800 110 0 0.000000
1653876774526385373 9.087343 109.801041 110 0 0.000000
1653876775527300375 9.989418 99.908586 100 0 0.000000
1653876776532472969 9.118293 109.433940 110 0 0.000000
1653876777527639840 9.367848 106.514797 106 0 0.000000
1653876778531096443 9.628625 103.641757 104 0 0.000000
1653876779529691161 9.312253 107.150576 107 0 0.000000
1653876780536578545 9.301893 107.261250 108 0 0.000000
1653876781531646718 9.279709 107.530321 107 0 0.000000
1653876782537128352 9.647926 103.433018 104 0 0.000000
1653876783540760083 10.654924 93.659853 94 0 0.000000
1653876784537633798 9.473837 105.329291 105 0 0.000000
1653876785542425636 9.458593 105.494489 106 0 0.000000
1653876786539126770 9.655962 103.340904 103 0 0.000000
1653876787549251383 9.508092 104.937551 106 0 0.000000
1653876788546236798 9.566323 104.314462 104 0 0.000000
1653876789548563518 9.526308 104.756261 105 0 0.000000
1653876790553168174 9.828818 101.532477 102 0 0.000000
1653876791546906313 10.550375 94.592325 94 0 0.000000
1653876792550252190 9.626004 103.653189 104 0 0.000000
1653876793555650857 9.645940 103.441554 104 0 0.000000
1653876794553135162 9.575842 103.259769 103 0 0.000000
1653876795560731858 9.762443 102.223442 103 0 0.000000
1653876796553422992 9.905933 100.736265 100 0 0.000000
1653876797560575969 9.852576 101.275580 102 0 0.000000
1653876798557805265 9.756695 102.283398 102 0 0.000000
1653876799557659913 9.781931 102.014828 102 0 0.000000
1653876800561332488 9.917220 100.630422 101 0 0.000000
1653876801561040982 9.976890 100.029160 100 0 0.000000
1653876802561822747 9.987627 99.921885 100 0 0.000000
1653876803566295292 10.024712 99.554737 100 0 0.000000
1653876804567584856 11.104214 89.884088 90 0 0.000000
1653876805567188664 9.976625 100.039637 100 0 0.000000
1653876806569083471 9.899520 100.808987 101 0 0.000000
1653876807572948361 11.258844 88.657348 89 0 0.000000
1653876808570187670 10.698333 92.254687 92 0 0.000000
1653876809574175929 10.019063 99.602758 100 0 0.000000
1653876810572695907 10.272687 97.143775 97 0 0.000000
1653876811572567191 10.182302 98.012617 98 0 0.000000
1653876812583890603 10.734391 92.947517 94 0 0.000000
1653876813582553527 10.170776 98.131208 98 0 0.000000
1653876814581296367 10.067793 99.124618 99 0 0.000000
1653876815581094233 10.965232 91.018396 91 0 0.000000
1653876816581914172 10.404272 95.921351 96 0 0.000000
1653876817588858471 10.691711 93.351736 94 0 0.000000
1653876818588439492 10.501386 95.039819 95 0 0.000000
1653876819592403587 10.660239 93.628847 94 0 0.000000
1653876820587873382 10.570111 94.427777 94 0 0.000000
1653876821594390127 10.574008 94.384918 95 0 0.000000
1653876822588284678 10.552586 94.577439 94 0 0.000000
1653876823592461882 11.390007 87.633934 88 0 0.000000
1653876824597473867 10.339406 96.516261 97 0 0.000000
1653876825598305049 10.741081 92.922769 93 0 0.000000
1653876826594985380 10.471038 95.316418 95 0 0.000000
1653876827597373156 10.632773 92.778465 93 0 0.000000
1653876828599065477 10.636485 93.841191 94 0 0.000000
1653876829602323888 11.644289 85.720689 86 0 0.000000
1653876830606807930 11.659709 85.616094 86 0 0.000000
1653876831609582427 10.647305 93.739915 94 0 0.000000
1653876832611536249 10.753250 92.818651 93 0 0.000000
1653876833613260011 10.524416 94.836523 95 0 0.000000
1653876834608545069 10.680351 93.440567 93 0 0.000000
1653876835606483057 10.710043 93.192163 93 0 0.000000
1653876836613485880 10.693192 93.346313 94 0 0.000000
1653876837608386931 10.912738 91.466383 91 0 0.000000
1653876838617580895 12.137654 82.243853 83 0 0.000000
1653876839613425758 11.044513 90.375523 90 0 0.000000
1653876840615099234 11.109767 89.849639 90 0 0.000000
1653876841619166837 12.076157 82.663755 83 0 0.000000
1653876842622578340 11.512987 86.704210 87 0 0.000000
1653876843618306961 11.167271 89.381787 89 0 0.000000
1653876844616794731 11.074660 90.136301 90 0 0.000000
1653876845622878060 11.156840 89.455816 90 0 0.000000
1653876846629805099 10.925530 91.367097 92 0 0.000000
1653876847621968888 14.153186 70.552866 70 0 0.000000
1653876848622808858 12.809788 77.934536 78 0 0.000000
1653876849625125327 12.352555 80.812801 81 0 0.000000
1653876850632146269 11.423448 87.386464 88 0 0.000000
1653876851629109823 12.440898 80.243656 80 0 0.000000
1653876852635399358 11.547244 86.456228 87 0 0.000000
1653876853629470445 11.276655 88.524857 88 0 0.000000
1653876854637861356 11.184752 89.251102 90 0 0.000000
1653876855633484485 11.166979 89.391254 89 0 0.000000
1653876856638683386 11.148935 89.534520 90 0 0.000000
1653876857637430053 11.329688 88.110430 88 0 0.000000
1653876858638701359 12.043590 82.894616 83 0 0.000000
1653876859639951536 11.229693 88.888875 89 0 0.000000
1653876860636033401 12.126778 82.322551 82 0 0.000000
1653876861640223885 11.521286 86.636948 87 0 0.000000
1653876862641053711 11.482926 86.927864 87 0 0.000000
1653876863638482863 11.313768 88.226821 88 0 0.000000
1653876864644177456 11.673985 85.513036 86 0 0.000000
1653876865646306517 11.768337 84.819415 85 0 0.000000
1653876866644051404 11.317387 88.198898 88 0 0.000000
1653876867640698091 11.568699 86.289358 86 0 0.000000
1653876868650808915 11.725649 85.139170 86 0 0.000000
1653876869645095961 11.816161 84.482648 84 0 0.000000
1653876870654598778 12.141860 82.218688 83 0 0.000000
1653876871647922028 11.945702 82.551175 82 0 0.000000
1653876872656962425 11.991931 83.247410 84 0 0.000000
1653876873655220732 11.587707 86.150047 86 0 0.000000
1653876874661056084 11.541650 86.495268 87 0 0.000000
1653876875652914562 12.695174 78.640254 78 0 0.000000
1653876876655869022 11.920468 83.752555 84 0 0.000000
1653876877662813836 11.959549 82.427558 83 0 0.000000
1653876878664425994 11.627000 85.861578 86 0 0.000000
1653876879660643185 13.087196 76.288583 76 0 0.000000
1653876880664304873 12.370308 80.704485 81 0 0.000000
1653876881666298741 12.199685 81.836830 82 0 0.000000
1653876882664757345 14.041258 71.109607 71 0 0.000000
1653876883672641428 12.577407 79.374207 80 0 0.000000
1653876884674593363 11.767886 84.834409 85 0 0.000000
1653876885674020199 12.021090 83.047601 83 0 0.000000
1653876886672070917 12.151231 82.160154 82 0 0.000000
1653876887672978874 12.039967 82.924705 83 0 0.000000
1653876888675745684 11.639481 85.762714 86 0 0.000000
1653876889674000203 12.006053 83.145128 83 0 0.000000
1653876890676032704 12.349214 80.835701 81 0 0.000000
1653876891683742540 12.120534 82.364981 83 0 0.000000
1653876892678445465 12.109804 82.436670 82 0 0.000000
1653876893680404899 12.661987 78.845507 79 0 0.000000
1653876894683392289 11.918696 83.749809 84 0 0.000000
1653876895688152457 13.028231 76.635205 77 0 0.000000
1653876896689719074 12.046525 82.870174 83 0 0.000000
1653876897685399225 12.425744 80.347085 80 0 0.000000
1653876898682084816 14.637356 68.226130 68 0 0.000000
1653876899681680377 12.321290 81.032771 81 0 0.000000
1653876900685896879 12.690833 78.668294 79 0 0.000000
1653876901695498138 12.292941 81.220184 82 0 0.000000
1653876902673829060 12.057887 82.794074 81 0 0.000000
1653876903697424233 12.936317 77.178949 79 0 0.000000
1653876904693130842 12.427038 80.344951 80 0 0.000000
1653876905691831678 12.621741 79.102769 79 0 0.000000
1653876906695287047 13.182442 75.738295 76 0 0.000000
1653876907696280687 12.650556 78.921581 79 0 0.000000
1653876908692638074 12.591701 79.288817 79 0 0.000000
1653876909704936935 12.324851 81.003748 82 0 0.000000
1653876910706574318 13.334329 74.877398 75 0 0.000000
1653876911704813408 12.944359 77.135826 77 0 0.000000
1653876912699642934 12.260961 81.420989 81 0 0.000000
1653876913699557936 12.635988 79.006713 79 0 0.000000
1653876914631484848 12.745769 78.332324 73 0 0.000000
1653876915708243882 13.783549 72.439602 78 0 0.000000
1653876916710319000 13.521742 73.846763 74 0 0.000000
1653876917716965019 12.721386 78.478430 79 0 0.000000
1653876918713960628 13.098311 76.229023 76 0 0.000000
1653876919717570925 13.014697 76.723005 77 0 0.000000
1653876920713595612 12.916173 77.307323 77 0 0.000000
1653876921708823016 12.739166 78.374045 78 0 0.000000
1653876922721630968 12.800548 78.000970 79 0 0.000000
1653876923722623879 12.467207 78.921638 79 0 0.000000
1653876924713443681 12.678531 78.722690 78 0 0.000000
1653876925719179642 12.551874 79.543738 80 0 0.000000
1653876926721365438 12.995497 76.832061 77 0 0.000000
1653876927717984790 12.757666 78.264586 78 0 0.000000
1653876928719741204 12.348120 80.857981 81 0 0.000000
1653876929728215709 13.077237 76.352944 77 0 0.000000
1653876930728765261 12.974384 76.957710 77 0 0.000000
1653876931724934656 13.087632 76.292244 76 0 0.000000
1653876932731633821 13.402574 74.500907 75 0 0.000000
1653876933724544363 13.219236 75.535506 75 0 0.000000
1653876934725256505 14.075123 70.949472 71 0 0.000000
1653876935705512031 13.406981 74.470382 73 0 0.000000
1653876936723881376 13.205256 75.611072 77 0 0.000000
1653876937727404371 12.845883 77.726170 78 0 0.000000
1653876938725687800 12.779531 78.134122 78 0 0.000000
1653876939729933413 13.022019 76.674470 77 0 0.000000
1653876940727929802 12.940186 77.154590 77 0 0.000000
1653876941740031654 12.955637 77.067341 78 0 0.000000
1653876942733422032 13.588010 73.485712 73 0 0.000000
1653876943742047436 13.251377 75.350077 76 0 0.000000
1653876944735491750 13.776254 72.475125 72 0 0.000000
1653876945735860886 13.317554 74.972323 75 0 0.000000
1653876946740482079 13.555132 73.659604 74 0 0.000000
1653876947742393838 13.519043 73.858801 74 0 0.000000
