1653876687424589089 6.877404 144.919500 144 0 0.000000
1653876688429036331 6.810573 146.349146 147 0 0.000000
1653876689430480677 6.699918 148.785104 149 0 0.000000
1653876690432505697 6.401837 155.684737 156 0 0.000000
1653876691432658037 6.515562 152.976695 153 0 0.000000
1653876692437494245 6.379073 156.244365 157 0 0.000000
1653876693437327135 7.018876 142.023734 142 0 0.000000
1653876694440974358 6.713049 148.458541 149 0 0.000000
1653876695439928932 6.594289 151.158025 151 0 0.000000
1653876696443322541 7.093913 140.523119 141 0 0.000000
1653876697444789491 7.681996 129.809569 130 0 0.000000
1653876698446298132 6.481688 153.768027 154 0 0.000000
1653876699452144999 6.729773 148.133882 149 0 0.000000
1653876700454165856 6.401179 155.685382 156 0 0.000000
1653876701450912509 6.409513 155.505915 155 0 0.000000
1653876702456888925 6.511203 153.085099 154 0 0.000000
1653876703455375533 7.161817 139.210680 139 0 0.000000
1653876704459274174 6.999194 142.444660 143 0 0.000000
1653876705461519003 7.085553 140.684189 141 0 0.000000
1653876706464416369 7.143615 139.595537 140 0 0.000000
1653876707466127043 6.701151 148.745549 149 0 0.000000
1653876708465250392 6.821860 145.127222 145 0 0.000000
1653876709466839920 7.032694 141.774649 142 0 0.000000
1653876710468475906 6.887109 144.763167 145 0 0.000000
1653876711468562999 6.829509 145.987284 146 0 0.000000
1653876712470875394 6.891133 144.665473 145 0 0.000000
1653876713478462422 7.497835 132.990997 134 0 0.000000
1653876714469947095 7.111788 140.193795 139 0 0.000000
1653876715475117286 7.159152 139.279895 140 0 0.000000
1653876716481510681 7.489024 133.148732 134 0 0.000000
1653876717478975114 7.259679 137.348254 137 0 0.000000
1653876718484031893 7.208686 138.300647 139 0 0.000000
1653876719484788079 7.283530 136.896477 137 0 0.000000
1653876720483441524 7.268421 137.184729 137 0 0.000000
1653876721489822798 7.902946 126.194717 127 0 0.000000
1653876722484569193 7.347658 134.707700 134 0 0.000000
1653876723491333847 7.435575 134.092907 135 0 0.000000
1653876724487468248 7.471635 132.512243 132 0 0.000000
1653876725490370232 8.624561 115.664341 116 0 0.000000
1653876726494967189 8.014877 124.428012 125 0 0.000000
1653876727499012506 8.010539 124.496369 125 0 0.000000
1653876728499321251 7.557245 131.959260 132 0 0.000000
1653876729497262407 7.962056 125.257884 125 0 0.000000
1653876730503780568 8.509568 117.235841 118 0 0.000000
1653876731501211184 7.711777 129.332304 129 0 0.000000
1653876732502396776 8.321774 119.857896 120 0 0.000000
1653876733504079169 7.744164 128.783336 129 0 0.000000
1653876734504329771 8.455246 117.970437 118 0 0.000000
1653876735510719302 7.841590 127.187331 128 0 0.000000
1653876736509187621 8.096472 123.188690 123 0 0.000000
1653876737513219403 8.943956 111.550253 112 0 0.000000
1653876738515728165 8.474831 117.704705 118 0 0.000000
1653876739514917227 8.518073 117.094962 117 0 0.000000
1653876740515561169 8.181219 121.921487 122 0 0.000000
1653876741512978558 8.884089 112.290000 112 0 0.000000
1653876742522439500 7.991144 124.819095 126 0 0.000000
1653876743518596640 8.794182 113.435918 113 0 0.000000
1653876744525803858 8.234567 121.127010 122 0 0.000000
1653876745526629799 9.986735 99.917476 100 0 0.000000
1653876746529820491 8.201387 121.611974 122 0 0.000000
1653876747529724234 8.311212 120.011550 120 0 0.000000
1653876748534019236 8.865191 111.521017 112 0 0.000000
1653876749533183415 8.236570 121.101221 121 0 0.000000
1653876750534712905 8.920975 111.828956 112 0 0.000000
1653876751536540166 8.542092 116.786601 117 0 0.000000
1653876752539891984 9.017651 110.629192 111 0 0.000000
1653876753541341470 8.841743 112.836443 113 0 0.000000
1653876754541768384 8.603044 115.950500 116 0 0.000000
1653876755543718964 8.543632 116.772230 117 0 0.000000
1653876756544020833 9.073696 109.966801 110 0 0.000000
1653876757546389505 8.474025 117.721159 118 0 0.000000
1653876758540460138 8.697910 114.679978 114 0 0.000000
1653876759542445613 9.613988 103.793921 104 0 0.000000
1653876760543164192 8.533404 116.915989 117 0 0.000000
1653876761533529728 8.821144 113.089553 112 0 0.000000
1653876762546199365 8.939093 111.586243 113 0 0.000000
1653876763552080794 9.123261 109.356828 110 0 0.000000
1653876764555646216 8.938939 111.602093 112 0 0.000000
1653876765554876587 8.667883 115.088574 115 0 0.000000
1653876766559514585 9.108025 108.496790 109 0 0.000000
1653876767557556234 8.890262 112.219768 112 0 0.000000
1653876768559637114 8.926995 111.767422 112 0 0.000000
1653876769558082639 9.223737 108.168147 108 0 0.000000
1653876770559558500 9.083386 109.837895 110 0 0.000000
1653876771560469643 9.888606 100.908058 101 0 0.000000
1653876772563909155 10.115341 98.660654 99 0 0.000000
1653876773570314429 10.145588 98.369915 99 0 0.000000
1653876774562321370 9.166240 107.862146 107 0 0.000000
1653876775571475125 9.237159 108.011292 109 0 0.000000
1653876776571410736 9.782680 102.006568 102 0 0.000000
1653876777566904323 9.550654 104.470785 104 0 0.000000
1653876778570886894 9.274445 107.571593 108 0 0.000000
1653876779566369662 10.033647 99.449233 99 0 0.000000
1653876780574369492 9.142515 109.127006 110 0 0.000000
1653876781576279694 9.255645 107.794091 108 0 0.000000
1653876782576154087 9.879672 101.012686 101 0 0.000000
1653876783575064450 9.314433 107.116718 107 0 0.000000
1653876784575652478 10.189868 97.942409 98 0 0.000000
1653876785582692828 9.479621 105.258937 106 0 0.000000
1653876786581220231 9.673881 103.151904 103 0 0.000000
1653876787580815419 9.498695 105.042521 105 0 0.000000
1653876788578936194 10.268373 97.182628 97 0 0.000000
1653876789587135776 9.580971 104.146048 105 0 0.000000
1653876790587802363 9.694280 102.931388 103 0 0.000000
1653876791590842361 11.920039 83.745414 84 0 0.000000
1653876792584719002 9.535664 104.640750 104 0 0.000000
1653876793588823240 9.635216 103.574907 104 0 0.000000
1653876794591227749 10.002174 99.760125 100 0 0.000000
1653876795593040659 9.612067 103.811799 104 0 0.000000
1653876796595098420 9.802692 101.790539 102 0 0.000000
1653876797599884408 10.783618 92.557022 93 0 0.000000
1653876798600321954 9.787209 101.955389 102 0 0.000000
1653876799600741677 9.983704 99.958047 100 0 0.000000
1653876800600259935 9.974677 100.048198 100 0 0.000000
1653876801599084345 9.967411 100.117695 100 0 0.000000
1653876802606907032 9.957508 100.216042 101 0 0.000000
1653876803603513532 9.945744 100.340507 100 0 0.000000
1653876804608482149 10.029090 99.505593 100 0 0.000000
1653876805605702664 10.052041 99.275938 99 0 0.000000
1653876806610804362 9.930358 100.487345 101 0 0.000000
1653876807588034217 10.717663 93.120364 91 0 0.000000
1653876808614371825 11.133390 89.639117 92 0 0.000000
1653876809614721066 10.185937 97.965786 98 0 0.000000
1653876810613652917 10.276775 97.103724 97 0 0.000000
1653876811617699309 10.121494 98.601019 99 0 0.000000
1653876812618784333 12.040536 82.910040 83 0 0.000000
1653876813622253332 10.431441 95.668129 96 0 0.000000
1653876814615460137 10.218092 97.663446 97 0 0.000000
1653876815623829211 10.374005 96.194938 97 0 0.000000
1653876816625643144 10.098495 98.820747 99 0 0.000000
1653876817621307951 10.243109 97.422346 97 0 0.000000
1653876818623688221 11.241451 88.788658 89 0 0.000000
1653876819626475105 10.999646 90.747096 91 0 0.000000
1653876820631779919 10.451428 95.493426 96 0 0.000000
1653876821630043640 10.829251 92.160015 92 0 0.000000
1653876822634364367 11.657462 85.630016 86 0 0.000000
1653876823636843132 10.644542 93.767572 94 0 0.000000
1653876824639982477 10.427790 95.699568 96 0 0.000000
1653876825635551996 10.799111 92.409416 92 0 0.000000
1653876826634175791 10.490725 95.130915 95 0 0.000000
1653876827639515029 10.450811 95.490161 96 0 0.000000
1653876828642780286 10.766452 92.697319 93 0 0.000000
1653876829645183858 10.757636 92.777002 93 0 0.000000
1653876830644974447 10.846575 92.019270 92 0 0.000000
1653876831647091018 10.752638 92.803576 93 0 0.000000
1653876832644097548 10.816283 92.276226 92 0 0.000000
1653876833646792474 10.645209 93.747358 94 0 0.000000
1653876834650903163 10.894041 91.623366 92 0 0.000000
1653876835648597791 10.593124 94.217207 94 0 0.000000
1653876836658791863 10.959073 91.071607 92 0 0.000000
1653876837653290915 10.903108 91.503355 91 0 0.000000
1653876838654515307 10.981837 90.888717 91 0 0.000000
1653876839660470628 11.281746 88.473115 89 0 0.000000
1653876840654040819 10.897601 91.588901 91 0 0.000000
1653876841656353045 11.633409 85.801606 86 0 0.000000
1653876842659225774 11.375733 87.747924 88 0 0.000000
1653876843662811080 11.383546 87.685620 88 0 0.000000
1653876844664550257 10.987809 90.842010 91 0 0.000000
1653876845670233749 11.278141 88.497030 89 0 0.000000
1653876846665861554 11.422592 87.382050 87 0 0.000000
1653876847667757825 11.235855 88.831551 89 0 0.000000
1653876848675218399 11.049922 90.326116 91 0 0.000000
1653876849659764722 11.427605 87.349875 86 0 0.000000
1653876850668188032 11.438022 87.264945 88 0 0.000000
1653876851674553510 11.286565 88.437052 89 0 0.000000
1653876852678143474 11.515516 86.688793 87 0 0.000000
1653876853679568069 11.359824 87.874814 88 0 0.000000
1653876854672381739 11.523123 86.622499 86 0 0.000000
1653876855678534898 11.412714 87.461830 88 0 0.000000
1653876856684865843 11.286672 88.440092 89 0 0.000000
1653876857677470762 11.795771 84.625814 84 0 0.000000
1653876858685052460 11.559698 86.345353 87 0 0.000000
1653876859689941337 11.529411 86.576742 87 0 0.000000
1653876860686818693 11.308245 88.275654 88 0 0.000000
1653876861692146225 11.668401 85.544258 86 0 0.000000
1653876862686846431 11.412339 87.463536 87 0 0.000000
1653876863687774109 11.483903 86.919370 87 0 0.000000
1653876864693743368 12.247150 81.513424 82 0 0.000000
1653876865690369066 11.434774 87.294561 87 0 0.000000
1653876866615544058 11.400575 87.551005 81 0 0.000000
1653876867684089655 11.685657 76.739821 82 0 0.000000
1653876868688269532 11.792916 84.646191 85 0 0.000000
1653876869691389226 12.838891 77.757419 78 0 0.000000
1653876870696324301 11.802238 84.582582 85 0 0.000000
1653876871697057968 11.615133 85.936949 86 0 0.000000
1653876872694572618 11.577432 86.214272 86 0 0.000000
1653876873703727420 11.577977 86.210758 87 0 0.000000
1653876874702270711 12.460617 80.116709 80 0 0.000000
1653876875701414582 12.788621 78.066835 78 0 0.000000
1653876876702896742 11.761270 84.874202 85 0 0.000000
1653876877702447661 11.468366 87.039088 87 0 0.000000
1653876878707955134 13.944325 71.605631 72 0 0.000000
1653876879712142564 11.932948 83.649725 84 0 0.000000
1653876880708347032 11.837129 84.320041 84 0 0.000000
1653876881709235191 11.893402 83.925460 84 0 0.000000
1653876882708681391 11.877003 84.046543 84 0 0.000000
1653876883713396548 11.799282 84.601095 85 0 0.000000
1653876884709987665 11.843668 84.287328 84 0 0.000000
1653876885713445241 11.924616 83.710562 84 0 0.000000
1653876886700006381 12.311271 81.089753 80 0 0.000000
1653876887713512795 12.046095 82.880584 84 0 0.000000
1653876888720624075 12.113583 82.413928 83 0 0.000000
1653876889725183874 11.939350 83.618716 84 0 0.000000
1653876890724172524 12.466783 80.080993 80 0 0.000000
1653876891722194564 11.860067 84.166478 84 0 0.000000
1653876892728850310 11.963411 83.444611 84 0 0.000000
1653876893728484667 12.320174 81.029627 81 0 0.000000
1653876894729315360 12.184753 81.931941 82 0 0.000000
1653876895726140055 11.988350 83.264388 83 0 0.000000
1653876896724173828 12.774626 78.153668 78 0 0.000000
1653876897672135538 12.290146 81.226912 77 0 0.000000
1653876898728863620 13.703636 72.866426 77 0 0.000000
1653876899732913447 12.851895 77.685385 78 0 0.000000
1653876900734786519 13.338198 74.859784 75 0 0.000000
1653876901730245295 13.431390 74.337585 74 0 0.000000
1653876902731235126 12.337017 80.919903 81 0 0.000000
1653876903733822799 12.511749 79.793519 80 0 0.000000
1653876904739798672 12.246939 81.512889 82 0 0.000000
1653876905738705600 12.465052 80.087542 80 0 0.000000
1653876906743600878 12.700449 78.615158 79 0 0.000000
1653876907733382389 12.834071 77.794945 77 0 0.000000
1653876908743747436 13.449763 74.230592 75 0 0.000000
1653876909741540476 12.451716 80.176954 80 0 0.000000
1653876910737368656 13.256835 75.314196 75 0 0.000000
1653876911748043748 12.611638 79.155011 80 0 0.000000
1653876912745255304 12.602569 79.220909 79 0 0.000000
1653876913742457920 12.427081 79.221613 79 0 0.000000
1653876914754666731 12.792199 78.047134 79 0 0.000000
1653876915747002403 12.866938 77.594714 77 0 0.000000
1653876916745898108 12.013784 83.091756 83 0 0.000000
1653876917751861415 12.552206 79.525761 80 0 0.000000
1653876918753949210 13.164330 75.841661 76 0 0.000000
1653876919754343657 12.341578 79.968456 80 0 0.000000
1653876920758335225 12.851761 77.689898 78 0 0.000000
1653876921751187763 13.042600 76.547111 76 0 0.000000
1653876922764030333 13.306133 75.036347 76 0 0.000000
1653876923759387422 12.579419 79.368500 79 0 0.000000
1653876924761532403 12.659052 78.830909 79 0 0.000000
1653876925758561366 13.636224 73.217530 73 0 0.000000
1653876926753493886 13.244786 75.381997 75 0 0.000000
1653876927759717189 13.218313 75.529954 76 0 0.000000
1653876928762594440 13.908062 71.793432 72 0 0.000000
1653876929763754531 12.653296 78.908459 79 0 0.000000
1653876930761882603 12.942109 77.144411 77 0 0.000000
1653876931772017670 12.765779 78.207363 79 0 0.000000
1653876932764216942 13.034483 76.597516 76 0 0.000000
1653876933768939285 13.198521 75.642787 76 0 0.000000
1653876934767230536 13.113464 76.130088 76 0 0.000000
1653876935774749423 13.412353 74.440292 75 0 0.000000
1653876936767871967 14.372903 69.477832 69 0 0.000000
1653876937780720158 13.483912 74.048607 75 0 0.000000
1653876938771792950 13.019240 76.684578 76 0 0.000000
1653876939777065976 12.704226 78.585619 79 0 0.000000
1653876940776898881 13.675311 73.012200 73 0 0.000000
1653876941777206670 13.316921 74.976924 75 0 0.000000
1653876942775606708 13.290680 75.120186 75 0 0.000000
1653876943783602762 13.242038 75.397122 76 0 0.000000
