1653876699282943534 7.089415 140.634374 140 0 0.000000
1653876700289071712 7.268565 137.159463 138 0 0.000000
1653876701285362335 6.897434 144.536138 144 0 0.000000
1653876702286668894 7.079924 140.816015 141 0 0.000000
1653876703294967065 7.180640 138.847812 140 0 0.000000
1653876704293288885 6.959829 143.240387 143 0 0.000000
1653876705294105455 6.606298 150.876803 151 0 0.000000
1653876706298132614 6.628233 150.394335 151 0 0.000000
1653876707302118124 6.762699 147.412489 148 0 0.000000
1653876708302581979 7.794197 127.940656 128 0 0.000000
1653876709302684072 6.735656 147.984891 148 0 0.000000
1653876710306442523 6.997843 142.464553 143 0 0.000000
1653876711309382894 8.066419 123.636462 124 0 0.000000
1653876712308902003 7.328482 136.065434 136 0 0.000000
1653876713313055341 7.528387 132.449887 133 0 0.000000
1653876714313666237 7.630843 128.921243 129 0 0.000000
1653876715317520613 8.009679 124.520057 125 0 0.000000
1653876716318288061 8.606753 115.911043 116 0 0.000000
1653876717317513008 7.491674 133.103160 133 0 0.000000
1653876718295282449 7.558399 131.932943 129 0 0.000000
1653876719324478319 7.776373 128.255471 132 0 0.000000
1653876720321260066 8.083287 123.397125 123 0 0.000000
1653876721326312598 7.262298 137.306256 138 0 0.000000
1653876722326902006 7.984521 124.926358 125 0 0.000000
1653876723327829016 9.334478 106.900909 107 0 0.000000
1653876724329870319 7.512745 132.729058 133 0 0.000000
1653876725327928932 7.482137 133.258704 133 0 0.000000
1653876726336093900 8.311635 120.020044 121 0 0.000000
1653876727333691214 7.713175 129.310692 129 0 0.000000
1653876728332267588 7.842043 127.181057 127 0 0.000000
1653876729335050961 8.405396 118.669702 119 0 0.000000
1653876730338765450 7.699947 129.518904 130 0 0.000000
1653876731338080797 7.666292 130.089064 130 0 0.000000
1653876732340603735 8.264544 120.695493 121 0 0.000000
1653876733341055772 7.857043 126.942614 127 0 0.000000
1653876734343828674 7.875236 126.648815 127 0 0.000000
1653876735347130356 7.878418 126.582067 127 0 0.000000
1653876736346772537 7.728759 129.046175 129 0 0.000000
1653876737353871078 7.844406 127.097792 128 0 0.000000
1653876738352844957 8.373118 119.122234 119 0 0.000000
1653876739356221769 8.137256 122.586049 123 0 0.000000
1653876740360663685 8.565029 116.482596 117 0 0.000000
1653876741363286651 8.065241 123.675602 124 0 0.000000
1653876742359814874 8.015836 124.432001 124 0 0.000000
1653876743362220626 8.264113 120.709605 121 0 0.000000
1653876744367371259 8.644330 115.405582 116 0 0.000000
1653876745370316705 8.552384 116.656400 117 0 0.000000
1653876746372291592 8.260219 120.761502 121 0 0.000000
1653876747368064008 10.037249 99.420311 99 0 0.000000
1653876748371065689 8.195836 120.637884 121 0 0.000000
1653876749374612967 9.272055 107.618251 108 0 0.000000
1653876750370236722 9.198479 108.474710 108 0 0.000000
1653876751374834008 8.566139 116.464582 117 0 0.000000
1653876752374096064 8.669484 115.084924 115 0 0.000000
1653876753378867223 8.423087 118.434930 119 0 0.000000
1653876754381109769 8.694431 114.742682 115 0 0.000000
1653876755380758579 8.451102 118.041458 118 0 0.000000
1653876756388324313 9.139079 109.174016 110 0 0.000000
1653876757387592183 10.207700 97.071071 97 0 0.000000
1653876758385974574 8.439497 118.191179 118 0 0.000000
1653876759392480160 8.579324 116.243771 117 0 0.000000
1653876760386932292 9.186460 108.602512 108 0 0.000000
1653876761393892236 8.585516 116.191318 117 0 0.000000
1653876762394982289 8.839523 112.876960 113 0 0.000000
1653876763393909750 9.493140 105.112735 105 0 0.000000
1653876764400933508 8.736295 114.197900 115 0 0.000000
1653876765400525360 10.392017 96.039198 96 0 0.000000
1653876766398713820 9.577982 104.188743 104 0 0.000000
1653876767406535273 8.897047 112.123030 113 0 0.000000
1653876768405805872 8.981547 111.081029 111 0 0.000000
1653876769408485321 9.808869 101.727427 102 0 0.000000
1653876770412175786 9.103106 109.595541 110 0 0.000000
1653876771409489439 8.883473 112.301681 112 0 0.000000
1653876772408742843 9.970397 100.074717 100 0 0.000000
1653876773415573591 9.301965 107.267281 108 0 0.000000
1653876774414520000 9.143701 109.114961 109 0 0.000000
1653876775413298368 9.313742 107.130875 107 0 0.000000
1653876776418669983 9.119727 109.412279 110 0 0.000000
1653876777410965293 9.339808 106.823041 106 0 0.000000
1653876778421118392 9.508854 104.934584 106 0 0.000000
1653876779420849575 10.078471 99.026625 99 0 0.000000
1653876780426808567 10.243699 97.419477 98 0 0.000000
1653876781426403667 10.178111 98.039695 98 0 0.000000
1653876782429012570 9.349069 106.721574 107 0 0.000000
1653876783430032900 9.247507 107.889908 108 0 0.000000
1653876784423715963 9.625207 103.654791 103 0 0.000000
1653876785428107366 9.455250 105.536545 106 0 0.000000
1653876786420029012 9.703654 102.830707 102 0 0.000000
1653876787428177744 11.181091 89.272540 90 0 0.000000
1653876788437582945 10.174944 98.077556 99 0 0.000000
1653876789427203384 9.493224 104.080314 103 0 0.000000
1653876790438860240 9.993251 98.847748 100 0 0.000000
1653876791440447610 9.798064 101.838342 102 0 0.000000
1653876792443599244 9.813667 101.679546 102 0 0.000000
1653876793442054687 9.487915 105.162426 105 0 0.000000
1653876794447839192 9.649581 103.401872 104 0 0.000000
1653876795448063730 9.689083 102.976876 103 0 0.000000
1653876796448908702 9.988121 99.915577 100 0 0.000000
1653876797373503668 10.139427 98.421477 91 0 0.000000
1653876798453881859 10.569816 94.411383 102 0 0.000000
1653876799450277278 10.146962 98.354522 98 0 0.000000
1653876800455837001 10.033668 99.447104 100 0 0.000000
1653876801452807753 10.049346 99.300809 99 0 0.000000
1653876802455331107 10.210266 97.753334 98 0 0.000000
1653876803461323045 11.954565 83.499673 84 0 0.000000
1653876804456007872 11.282238 88.470236 88 0 0.000000
1653876805463995199 9.958899 100.199673 101 0 0.000000
1653876806457024550 10.009133 99.694938 99 0 0.000000
1653876807460568299 10.320985 96.657468 97 0 0.000000
1653876808461233722 11.096829 89.940155 90 0 0.000000
1653876809465188850 11.930519 83.669072 84 0 0.000000
1653876810465160118 10.505148 95.002734 95 0 0.000000
1653876811472535651 10.154934 98.275169 99 0 0.000000
1653876812471955367 10.725370 93.053997 93 0 0.000000
1653876813468942835 10.256432 97.293098 97 0 0.000000
1653876814473877834 11.144565 89.558034 90 0 0.000000
1653876815479098879 10.341229 96.496187 97 0 0.000000
1653876816471929198 11.010213 90.649931 90 0 0.000000
1653876817475410064 11.005807 90.684339 91 0 0.000000
1653876818481683976 11.037581 90.432638 91 0 0.000000
1653876819481927254 10.291768 96.976405 97 0 0.000000
1653876820483636608 10.305708 96.834476 97 0 0.000000
1653876821481286832 10.481112 95.223753 95 0 0.000000
1653876822485670024 10.779579 92.594145 93 0 0.000000
1653876823488374889 10.645699 93.746428 94 0 0.000000
1653876824483669101 10.680855 93.439706 93 0 0.000000
1653876825484238153 10.401399 95.945402 96 0 0.000000
1653876826493170383 10.273978 97.132392 98 0 0.000000
1653876827490680447 12.606255 79.197197 79 0 0.000000
1653876828493914208 10.652034 93.697005 94 0 0.000000
1653876829489439092 10.800622 92.413566 92 0 0.000000
1653876830497854436 11.570624 86.273973 87 0 0.000000
1653876831493790322 10.804825 92.375420 92 0 0.000000
1653876832493523772 10.965431 91.024265 91 0 0.000000
1653876833502560867 11.712375 85.229772 86 0 0.000000
1653876834500404813 11.191264 89.192302 89 0 0.000000
1653876835502018678 12.045523 82.866266 83 0 0.000000
1653876836498255963 10.806888 92.347476 92 0 0.000000
1653876837505291408 10.807447 92.350277 93 0 0.000000
1653876838503890208 11.590891 86.120672 86 0 0.000000
1653876839502782848 11.330533 88.097555 88 0 0.000000
1653876840509317642 11.040144 90.409192 91 0 0.000000
1653876841508889090 10.963474 91.039018 91 0 0.000000
1653876842504898654 11.426908 87.348559 87 0 0.000000
1653876843508844856 10.773917 92.634444 93 0 0.000000
1653876844455164979 10.979258 90.878337 86 0 0.000000
1653876845518240437 11.534220 86.541363 92 0 0.000000
1653876846512972228 11.282473 88.466060 88 0 0.000000
1653876847522605022 11.197366 89.141320 90 0 0.000000
1653876848522889511 11.218342 88.974688 89 0 0.000000
1653876849523555822 12.035076 82.944731 83 0 0.000000
1653876850522755636 11.463818 87.069674 87 0 0.000000
1653876851527408386 11.266979 88.587824 89 0 0.000000
1653876852528318358 11.484339 86.920902 87 0 0.000000
1653876853519979917 11.120691 89.748361 89 0 0.000000
1653876854522005709 12.991722 76.844329 77 0 0.000000
1653876855524669620 11.115713 89.760885 90 0 0.000000
1653876856531228004 11.417450 87.426625 88 0 0.000000
1653876857532305340 12.186609 81.911751 82 0 0.000000
1653876858531720116 11.875590 84.049187 84 0 0.000000
1653876859539486801 11.302897 88.314094 89 0 0.000000
1653876860541261820 11.493799 86.845849 87 0 0.000000
1653876861532953034 11.377216 87.728922 87 0 0.000000
1653876862535448521 12.204555 81.795876 82 0 0.000000
1653876863544999082 11.996877 83.205345 84 0 0.000000
1653876864541907002 13.825129 72.223317 72 0 0.000000
1653876865543968618 11.627047 85.823067 86 0 0.000000
1653876866538664479 11.411256 87.463921 87 0 0.000000
1653876867540972962 11.911773 83.806536 84 0 0.000000
1653876868550597645 11.453763 87.161099 88 0 0.000000
1653876869553577031 11.920150 83.750477 84 0 0.000000
1653876870548895515 11.553235 86.404495 86 0 0.000000
1653876871551042880 11.367619 87.811445 88 0 0.000000
1653876872551099622 12.966291 76.995631 77 0 0.000000
1653876873555351689 11.656080 85.635871 86 0 0.000000
1653876874560494405 11.804019 84.565101 85 0 0.000000
1653876875559686026 13.665006 73.059062 73 0 0.000000
1653876876476476544 11.885241 83.988653 77 0 0.000000
1653876877558961096 13.021431 76.675459 83 0 0.000000
1653876878558796697 12.171569 82.013485 82 0 0.000000
1653876879556728551 11.583037 86.178225 86 0 0.000000
1653876880554434122 12.295685 81.186279 81 0 0.000000
1653876881557303137 11.918052 83.759693 84 0 0.000000
1653876882562816510 11.809164 84.533930 85 0 0.000000
1653876883571264094 11.984946 83.296350 84 0 0.000000
1653876884565921131 13.604797 73.392130 73 0 0.000000
1653876885562680859 11.988639 83.269814 83 0 0.000000
1653876886573530325 12.012932 83.098427 84 0 0.000000
1653876887562708918 12.172423 80.875183 80 0 0.000000
1653876888570450139 12.120299 82.362414 83 0 0.000000
1653876889569509612 12.016237 83.078137 83 0 0.000000
1653876890570683631 12.652688 78.907361 79 0 0.000000
1653876891579280566 12.910069 77.335155 78 0 0.000000
1653876892582173718 12.209481 81.763444 82 0 0.000000
1653876893583542676 14.923897 66.908408 67 0 0.000000
1653876894575844141 12.079856 82.636177 82 0 0.000000
1653876895508324254 12.090013 82.575488 77 0 0.000000
1653876896582230693 13.571016 73.563203 79 0 0.000000
1653876897576323844 12.251975 81.481298 81 0 0.000000
1653876898579595507 12.214007 81.732599 82 0 0.000000
1653876899580435611 12.809792 77.934530 78 0 0.000000
1653876900580651620 13.494712 73.984017 74 0 0.000000
1653876901581996414 12.191002 81.889877 82 0 0.000000
1653876902585712494 12.369562 80.700106 81 0 0.000000
1653876903585234928 12.473213 80.038231 80 0 0.000000
1653876904594838810 12.442351 80.229476 81 0 0.000000
1653876905587970034 12.711500 78.539475 78 0 0.000000
1653876906588097028 12.325931 80.989716 81 0 0.000000
1653876907598650255 12.454849 80.154118 81 0 0.000000
1653876908602573665 12.372189 80.683444 81 0 0.000000
1653876909594843351 12.539753 79.615455 79 0 0.000000
1653876910597827795 12.362248 80.758979 81 0 0.000000
1653876911601660208 12.372818 80.690757 81 0 0.000000
1653876912597846712 12.127463 82.313905 82 0 0.000000
1653876913608309256 12.454013 80.161309 81 0 0.000000
1653876914612685014 12.693760 78.655821 79 0 0.000000
1653876915611117976 12.779682 78.122421 78 0 0.000000
1653876916615089096 12.850676 77.691478 78 0 0.000000
1653876917609662706 12.411584 80.436479 80 0 0.000000
1653876918605596674 12.747741 78.318446 78 0 0.000000
1653876919615811629 12.930239 77.211289 78 0 0.000000
1653876920616664022 12.489988 79.931869 80 0 0.000000
1653876921614404052 13.106270 76.172146 76 0 0.000000
1653876922617622559 12.067180 82.733721 83 0 0.000000
1653876923619160545 12.655800 78.878686 79 0 0.000000
1653876924616198357 13.827307 72.213913 72 0 0.000000
1653876925617813442 12.820733 77.874224 78 0 0.000000
1653876926621710252 12.850421 77.697228 78 0 0.000000
1653876927624526375 13.173718 75.786573 76 0 0.000000
1653876928621484950 13.451222 74.225756 74 0 0.000000
1653876929629255901 12.576076 79.383118 80 0 0.000000
1653876930627192356 12.611187 79.163357 79 0 0.000000
1653876931631595103 12.856733 77.658089 78 0 0.000000
1653876932627741688 16.045691 62.239835 62 0 0.000000
1653876933634760356 12.726831 78.449390 79 0 0.000000
1653876934631742303 12.927400 77.233096 77 0 0.000000
1653876935633083830 13.155026 75.898179 76 0 0.000000
1653876936638174133 13.380970 74.620156 75 0 0.000000
1653876937637557348 12.791610 78.048143 78 0 0.000000
1653876938633457117 13.258580 75.308781 75 0 0.000000
1653876939637129569 12.847026 77.714599 78 0 0.000000
1653876940635071519 12.939921 77.158797 77 0 0.000000
1653876941632641344 13.280434 75.182707 75 0 0.000000
1653876942643512685 13.457617 74.193418 75 0 0.000000
1653876943643052818 12.960445 77.035429 77 0 0.000000
1653876944633703210 13.012873 76.717273 76 0 0.000000
1653876945638184170 13.552416 73.669888 74 0 0.000000
1653876946645389980 13.588465 73.470584 74 0 0.000000
1653876947651636857 13.575793 73.540603 74 0 0.000000
1653876948652188406 13.875440 71.960311 72 0 0.000000
