1653850390081197722 285.350543 3.503440 3 0 0.000000
1653850391197433781 223.237754 4.479339 5 0 0.000000
1653850392022695735 206.309926 4.846946 4 0 0.000000
1653850393052531396 205.962204 4.855143 5 0 0.000000
1653850393670806222 206.086985 4.852211 3 0 0.000000
1653850395112115946 360.322669 2.775254 4 0 0.000000
1653850396145567313 344.478875 2.902894 3 0 0.000000
1653850397172823286 205.445886 4.867336 5 0 0.000000
1653850398199034887 205.236796 4.872290 5 0 0.000000
1653850399222668226 204.721179 4.884561 5 0 0.000000
1653850400044918060 205.557262 4.864701 4 0 0.000000
1653850401074065153 343.043917 2.915035 3 0 0.000000
1653850402099013784 341.644810 2.926976 3 0 0.000000
1653850403121987235 204.589756 4.887712 5 0 0.000000
1653850404144793865 204.555630 4.888510 5 0 0.000000
1653850405167366736 204.509479 4.889627 5 0 0.000000
1653850406190588150 341.068387 2.931917 3 0 0.000000
1653850407214637686 204.803404 4.882576 5 0 0.000000
1653850408234207842 203.909009 4.904027 5 0 0.000000
1653850409051106326 204.219027 4.896569 4 0 0.000000
1653850410074147325 341.008637 2.932434 3 0 0.000000
1653850411097705748 204.706313 4.884919 5 0 0.000000
1653850412119501196 204.353894 4.893347 5 0 0.000000
1653850413144238515 341.573605 2.927580 3 0 0.000000
1653850414163478604 339.741659 2.943369 3 0 0.000000
1653850414776729281 204.412494 4.891964 3 0 0.000000
1653850416210432841 477.895813 2.092483 3 0 0.000000
1653850417232001847 204.308310 4.894432 5 0 0.000000
1653850418050979237 409.483688 2.442070 2 0 0.000000
1653850419071330427 204.065264 4.900274 5 0 0.000000
1653850420093114269 340.589392 2.936042 3 0 0.000000
1653850421115382680 204.445340 4.891083 5 0 0.000000
1653850422136898119 204.297843 4.894689 5 0 0.000000
1653850423162648318 341.911915 2.924689 3 0 0.000000
1653850424184653980 204.395337 4.892341 5 0 0.000000
1653850425204926978 204.049446 4.900649 5 0 0.000000
1653850425816463958 203.840182 4.905673 3 0 0.000000
1653850427037282837 305.200231 3.276489 4 0 0.000000
1653850428060376994 341.026905 2.932281 3 0 0.000000
1653850429079740826 203.868138 4.905020 5 0 0.000000
1653850430098997863 339.746638 2.943320 3 0 0.000000
1653850431118532863 203.901766 4.904196 5 0 0.000000
1653850432138888810 204.065726 4.900251 5 0 0.000000
1653850433157567670 203.727476 4.908318 5 0 0.000000
1653850434173757114 338.724261 2.952205 3 0 0.000000
1653850435194881720 340.369954 2.937937 3 0 0.000000
1653850436213284039 203.675407 4.909651 5 0 0.000000
1653850437229940579 203.326590 4.918082 5 0 0.000000
1653850438248162291 203.639873 4.910522 5 0 0.000000
1653850439063372259 203.797591 4.906711 4 0 0.000000
1653850440081049692 203.528958 4.913148 5 0 0.000000
1653850441100058076 203.796750 4.906731 5 0 0.000000
1653850442122016610 340.648254 2.935540 3 0 0.000000
1653850443140905626 203.773621 4.907306 5 0 0.000000
1653850444160110767 203.836562 4.905784 5 0 0.000000
1653850444975121226 203.745925 4.907912 4 0 0.000000
1653850446201055880 306.476541 3.262817 4 0 0.000000
1653850447220437663 203.871473 4.904934 5 0 0.000000
1653850448243228125 340.925353 2.933152 3 0 0.000000
1653850449262134431 203.776188 4.907223 5 0 0.000000
1653850450075023138 203.217487 4.920723 4 0 0.000000
1653850451093123838 203.615470 4.911106 5 0 0.000000
1653850452114893803 340.585312 2.936082 3 0 0.000000
1653850453133058603 203.628116 4.910796 5 0 0.000000
1653850454150247720 203.433519 4.915507 5 0 0.000000
1653850455168588900 203.661630 4.909946 5 0 0.000000
1653850456188214492 203.918120 4.903761 5 0 0.000000
1653850457207424595 203.837729 4.905760 5 0 0.000000
1653850458224752518 203.461576 4.914836 5 0 0.000000
1653850459242348098 203.514232 4.913543 5 0 0.000000
1653850460265862599 341.167105 2.931077 3 0 0.000000
1653850461082165838 408.144952 2.450070 2 0 0.000000
1653850462104932951 340.917154 2.933219 3 0 0.000000
1653850463125416856 204.092012 4.899636 5 0 0.000000
1653850464144277411 203.767158 4.907443 5 0 0.000000
1653850465165054194 340.254378 2.938938 3 0 0.000000
1653850466189042486 341.324432 2.929721 3 0 0.000000
1653850467207077975 203.602318 4.911420 5 0 0.000000
1653850468224842958 203.548522 4.912725 5 0 0.000000
1653850469242410838 203.509356 4.913677 5 0 0.000000
1653850470262259310 203.961001 4.902689 5 0 0.000000
1653850471278730067 203.289911 4.918981 5 0 0.000000
1653850472093640556 203.723174 4.908514 4 0 0.000000
1653850473110443364 203.354789 4.917374 5 0 0.000000
1653850474130729294 204.052258 4.900587 5 0 0.000000
1653850475151508904 204.151313 4.898217 5 0 0.000000
1653850476170407804 203.775218 4.907258 5 0 0.000000
1653850477190867207 204.087384 4.899754 5 0 0.000000
1653850478210143727 203.850689 4.905440 5 0 0.000000
1653850479230911183 204.149319 4.898275 5 0 0.000000
1653850480249509127 203.714899 4.908708 5 0 0.000000
1653850481267219174 203.537378 4.912991 5 0 0.000000
1653850481878379030 203.715264 4.908699 3 0 0.000000
1653850483104374372 306.494725 3.262655 4 0 0.000000
1653850484123795162 203.879316 4.904746 5 0 0.000000
1653850485140696170 203.375800 4.916899 5 0 0.000000
1653850486159808708 203.818293 4.906230 5 0 0.000000
1653850487177604444 203.554818 4.912577 5 0 0.000000
1653850487789665345 204.015659 4.901473 3 0 0.000000
1653850489217920433 285.646150 3.500775 5 0 0.000000
1653850490236978475 203.807317 4.906492 5 0 0.000000
1653850491255344056 203.666443 4.909828 5 0 0.000000
1653850492273817272 203.690324 4.909309 5 0 0.000000
1653850493104483585 207.661862 4.815411 4 0 0.000000
1653850494124098457 203.918622 4.903812 5 0 0.000000
1653850495141883304 203.552688 4.912630 5 0 0.000000
1653850496162603726 204.139627 4.898501 5 0 0.000000
1653850497182493124 203.970198 4.902492 5 0 0.000000
1653850497998397093 203.970881 4.902538 4 0 0.000000
1653850499217883202 304.865848 3.280070 4 0 0.000000
1653850500237447537 203.907832 4.904055 5 0 0.000000
1653850501257341527 203.973788 4.902470 5 0 0.000000
1653850502278559534 204.238490 4.896114 5 0 0.000000
1653850503297949862 203.872664 4.904892 5 0 0.000000
1653850504113856153 203.971457 4.902524 4 0 0.000000
1653850505133079043 203.839722 4.905698 5 0 0.000000
1653850506154652272 340.519923 2.936645 3 0 0.000000
1653850507172550858 339.290416 2.947250 3 0 0.000000
1653850507784310482 203.906847 4.903887 3 0 0.000000
1653850509207480435 284.629389 3.513284 5 0 0.000000
1653850510227145651 203.928134 4.903570 5 0 0.000000
1653850511246717920 203.909806 4.904017 5 0 0.000000
1653850512265324785 203.716758 4.908665 5 0 0.000000
1653850513285033278 203.937606 4.903362 5 0 0.000000
1653850514304426324 203.873452 4.904879 5 0 0.000000
1653850515119138670 203.673597 4.909708 4 0 0.000000
1653850516140183332 340.342909 2.938167 3 0 0.000000
1653850517157711282 203.501549 4.913870 5 0 0.000000
1653850518176790547 203.811593 4.906390 5 0 0.000000
1653850519194953350 203.624917 4.910806 5 0 0.000000
1653850520214485822 203.901818 4.904209 5 0 0.000000
1653850520824080787 609.590293 1.640433 1 0 0.000000
1653850522254113931 286.001864 3.496422 5 0 0.000000
1653850523273372675 203.847341 4.905526 5 0 0.000000
1653850524290071308 338.894659 2.950727 3 0 0.000000
1653850525307216430 203.424464 4.915719 5 0 0.000000
1653850526123913427 204.169750 4.897777 4 0 0.000000
1653850527141847112 203.582281 4.911911 5 0 0.000000
1653850528160422520 339.521319 2.945290 3 0 0.000000
1653850529179168951 203.745266 4.907993 5 0 0.000000
1653850530201562647 340.793719 2.934290 3 0 0.000000
1653850531220246266 203.729857 4.908295 5 0 0.000000
1653850532238461375 203.639008 4.910554 5 0 0.000000
1653850533258992464 204.102053 4.899410 5 0 0.000000
1653850534278285122 203.854112 4.905362 5 0 0.000000
1653850535296354566 203.606524 4.911256 5 0 0.000000
1653850536313358505 203.396894 4.916402 5 0 0.000000
1653850537128207896 203.708024 4.908883 4 0 0.000000
1653850538147944042 203.942159 4.903229 5 0 0.000000
1653850539168901077 204.187359 4.897366 5 0 0.000000
1653850540187385624 203.691946 4.909255 5 0 0.000000
1653850541203635667 203.245478 4.920049 5 0 0.000000
1653850542222190092 203.706186 4.908918 5 0 0.000000
1653850543243721970 204.302157 4.894610 5 0 0.000000
1653850544262877546 203.826619 4.906022 5 0 0.000000
1653850545281781900 203.776724 4.907232 5 0 0.000000
1653850546301843299 204.008154 4.901666 5 0 0.000000
1653850547324053938 204.437742 4.891360 5 0 0.000000
1653850548138708706 203.659027 4.910055 4 0 0.000000
1653850549157438033 203.741481 4.908075 5 0 0.000000
1653850550178964892 340.504439 2.936780 3 0 0.000000
1653850551199600140 204.122754 4.898910 5 0 0.000000
1653850552015885174 204.067108 4.900249 4 0 0.000000
1653850553238253001 305.587019 3.272337 4 0 0.000000
1653850554053945219 203.919132 4.903810 4 0 0.000000
1653850555075607482 340.549537 2.936391 3 0 0.000000
1653850556300320475 306.173827 3.266071 4 0 0.000000
1653850557318604327 339.423210 2.946133 3 0 0.000000
1653850558338971286 204.066233 4.900198 5 0 0.000000
1653850559154427489 203.859255 4.905230 4 0 0.000000
1653850560172715173 203.652774 4.910204 5 0 0.000000
1653850561189780491 339.016437 2.949663 3 0 0.000000
1653850562208210264 339.472207 2.945711 3 0 0.000000
1653850563229160541 204.183461 4.897398 5 0 0.000000
1653850564249726806 204.108642 4.899241 5 0 0.000000
1653850565269227800 203.895884 4.904360 5 0 0.000000
1653850566288408735 203.831369 4.905900 5 0 0.000000
1653850567307622966 203.838623 4.905740 5 0 0.000000
1653850568328079752 204.087357 4.899767 5 0 0.000000
1653850569143789251 203.922678 4.903707 4 0 0.000000
1653850570165093451 204.256575 4.895701 5 0 0.000000
1653850571185343419 204.045537 4.900760 5 0 0.000000
1653850572210699359 341.780950 2.925813 3 0 0.000000
1653850573233362187 204.527773 4.889197 5 0 0.000000
1653850574049410685 204.007730 4.901669 4 0 0.000000
1653850575268537816 609.559391 1.640518 2 0 0.000000
1653850576285722532 339.056447 2.949317 3 0 0.000000
1653850577305478876 203.946946 4.903132 5 0 0.000000
1653850578326398861 204.179653 4.897543 5 0 0.000000
1653850579347632661 204.242463 4.896038 5 0 0.000000
1653850580164929577 408.643544 2.447091 2 0 0.000000
1653850581184866067 203.982490 4.902266 5 0 0.000000
1653850582204884522 203.999305 4.901872 5 0 0.000000
1653850583227103075 204.438984 4.891322 5 0 0.000000
1653850584248079847 204.190310 4.897271 5 0 0.000000
1653850585268316390 204.042974 4.900824 5 0 0.000000
1653850586288629997 204.057919 4.900454 5 0 0.000000
1653850587307782361 203.826092 4.906038 5 0 0.000000
1653850588328863786 204.211377 4.896769 5 0 0.000000
1653850589349247144 204.071680 4.900119 5 0 0.000000
1653850590167033462 204.442131 4.891253 4 0 0.000000
1653850591188148471 204.213165 4.896608 5 0 0.000000
1653850592206550602 203.676290 4.909652 5 0 0.000000
1653850593226686567 204.021342 4.901307 5 0 0.000000
1653850594249780509 204.614776 4.887137 5 0 0.000000
1653850595269737792 203.986730 4.902166 5 0 0.000000
1653850596290328440 204.113614 4.899124 5 0 0.000000
1653850597310470267 204.023623 4.901279 5 0 0.000000
1653850598331670852 204.235533 4.896198 5 0 0.000000
1653850599149474458 204.445722 4.891150 4 0 0.000000
1653850600165919832 338.806797 2.951462 3 0 0.000000
1653850601187277462 204.266914 4.895445 5 0 0.000000
1653850602210190307 204.577894 4.888002 5 0 0.000000
1653850603230637426 204.078590 4.899813 5 0 0.000000
1653850604252080109 204.284014 4.895037 5 0 0.000000
1653850605272259453 204.031479 4.901099 5 0 0.000000
1653850606296424296 204.828628 4.882026 5 0 0.000000
1653850607316650029 204.041127 4.900876 5 0 0.000000
1653850608337827594 204.231380 4.896308 5 0 0.000000
1653850609357883377 204.007116 4.901693 5 0 0.000000
1653850610175108672 204.301344 4.894611 4 0 0.000000
1653850611195380770 204.050219 4.900653 5 0 0.000000
1653850612216406841 340.337499 2.938221 3 0 0.000000
1653850613236592697 204.033130 4.901068 5 0 0.000000
1653850614051957629 203.837408 4.905779 4 0 0.000000
1653850615276520580 306.135979 3.266472 4 0 0.000000
1653850616296842106 204.059341 4.900416 5 0 0.000000
1653850617317584277 204.143572 4.898397 5 0 0.000000
1653850618339550536 204.389107 4.892529 5 0 0.000000
1653850619360412735 204.168056 4.897821 5 0 0.000000
1653850620177333286 204.225783 4.896437 4 0 0.000000
1653850621197144648 203.953280 4.902868 5 0 0.000000
1653850622217424129 204.051887 4.900618 5 0 0.000000
1653850623237063086 203.922471 4.903697 5 0 0.000000
1653850624257360286 204.050489 4.900533 5 0 0.000000
1653850625277991899 204.121505 4.898927 5 0 0.000000
1653850626304338438 342.110810 2.922989 3 0 0.000000
1653850627323482860 203.824650 4.906076 5 0 0.000000
1653850627935959123 204.154740 4.898149 3 0 0.000000
1653850629365176911 476.400381 2.099050 3 0 0.000000
1653850630386083270 204.176850 4.897609 5 0 0.000000
1653850631203837015 204.434352 4.891448 4 0 0.000000
1653850632223640536 203.955605 4.902905 5 0 0.000000
1653850633243855706 204.039247 4.900927 5 0 0.000000
1653850634264512885 204.127302 4.898805 5 0 0.000000
1653850635285293180 204.151471 4.898214 5 0 0.000000
1653850636306545149 204.246423 4.895951 5 0 0.000000
1653850637326571700 204.001157 4.901833 5 0 0.000000
1653850638346306300 203.942365 4.903237 5 0 0.000000
1653850639367151447 204.165054 4.897902 5 0 0.000000
1653850639979653551 204.163377 4.897943 3 0 0.000000
1653850641003143026 341.158536 2.931149 3 0 0.000000
1653850642229422966 306.558005 3.261898 4 0 0.000000
1653850643251115030 204.330162 4.893842 5 0 0.000000
1653850644272270324 204.226838 4.896415 5 0 0.000000
1653850645291309380 203.803365 4.906583 5 0 0.000000
1653850646312240261 204.181554 4.897491 5 0 0.000000
1653850647334816747 340.854333 2.933766 3 0 0.000000
1653850648354981387 204.028287 4.901170 5 0 0.000000
1653850649376383657 204.276317 4.895231 5 0 0.000000
1653850650397985867 204.315784 4.894273 5 0 0.000000
1653850651215363968 204.340572 4.893696 4 0 0.000000
1653850652238519150 341.047451 2.932107 3 0 0.000000
1653850653257243564 203.734333 4.908099 5 0 0.000000
1653850654276803758 203.908190 4.904075 5 0 0.000000
1653850655299429582 204.518853 4.889374 5 0 0.000000
1653850656321169372 204.343283 4.893614 5 0 0.000000
1653850657341402925 204.042634 4.900839 5 0 0.000000
1653850658360100621 339.562038 2.944936 3 0 0.000000
1653850659176294775 204.043800 4.900795 4 0 0.000000
1653850660400127817 407.939232 2.451315 3 0 0.000000
1653850661217558832 204.353138 4.893380 4 0 0.000000
1653850661830469748 204.299344 4.894675 3 0 0.000000
1653850663058286994 306.949313 3.257814 4 0 0.000000
1653850664286795083 307.114511 3.255982 4 0 0.000000
1653850665310657717 341.283648 2.930081 3 0 0.000000
1653850666126750444 204.018996 4.901404 4 0 0.000000
1653850667347924411 305.286990 3.275537 4 0 0.000000
1653850668368413632 204.091836 4.899611 5 0 0.000000
1653850669389846065 204.282271 4.895086 5 0 0.000000
1653850670409796340 203.986151 4.902200 5 0 0.000000
1653850671226107881 204.073763 4.900090 4 0 0.000000
1653850672245433885 203.861211 4.905202 5 0 0.000000
1653850673265381973 203.984734 4.902210 5 0 0.000000
1653850674286349732 204.189214 4.897314 5 0 0.000000
1653850675306391784 204.004456 4.901759 5 0 0.000000
1653850676122938029 204.132535 4.898682 4 0 0.000000
1653850677147499025 341.516314 2.928083 3 0 0.000000
1653850678375510602 306.998521 3.257298 4 0 0.000000
1653850679396150713 204.119744 4.898886 5 0 0.000000
1653850680007954206 203.930555 4.903535 3 0 0.000000
1653850681235360184 306.846919 3.258905 4 0 0.000000
1653850682052248591 204.218229 4.896630 4 0 0.000000
1653850683277812650 306.386531 3.263803 4 0 0.000000
1653850684297453237 203.924325 4.903689 5 0 0.000000
1653850685320304973 204.566109 4.888294 5 0 0.000000
1653850686341050341 204.139126 4.898381 5 0 0.000000
1653850687157713815 204.161773 4.897979 4 0 0.000000
1653850688386752030 307.255081 3.254577 4 0 0.000000
1653850689205827520 204.764407 4.883555 4 0 0.000000
1653850689821270659 615.439160 1.624845 1 0 0.000000
1653850691252113397 286.159780 3.494444 5 0 0.000000
1653850692065719275 406.798911 2.458193 2 0 0.000000
1653850693293170258 306.848333 3.258786 4 0 0.000000
1653850694318738350 341.850809 2.925208 3 0 0.000000
1653850695339074141 204.058382 4.900347 5 0 0.000000
1653850696360261571 204.233240 4.896261 5 0 0.000000
1653850697380236478 203.985248 4.902081 5 0 0.000000
1653850698403206348 204.590091 4.887730 5 0 0.000000
1653850699423730365 204.100724 4.899444 5 0 0.000000
1653850700239759450 408.009909 2.450893 2 0 0.000000
1653850701260189707 204.081529 4.899894 5 0 0.000000
1653850701874379292 204.725043 4.884485 3 0 0.000000
1653850703306358982 286.389964 3.491670 5 0 0.000000
1653850704325431578 203.807405 4.906422 5 0 0.000000
1653850705142463745 204.254112 4.895768 4 0 0.000000
1653850706364091468 305.402741 3.274320 4 0 0.000000
1653850707387122950 204.602230 4.887435 5 0 0.000000
1653850708408248158 204.220873 4.896559 5 0 0.000000
1653850709429496445 204.245520 4.895969 5 0 0.000000
1653850710245058097 203.885692 4.904596 4 0 0.000000
1653850711264506744 203.886112 4.904612 5 0 0.000000
1653850712285389775 204.169002 4.897721 5 0 0.000000
1653850713307062641 204.330013 4.893934 5 0 0.000000
1653850714324959985 339.294707 2.947252 3 0 0.000000
1653850714939174147 204.734282 4.884290 3 0 0.000000
1653850716369852774 286.131380 3.494845 5 0 0.000000
1653850717392150430 340.761430 2.934566 3 0 0.000000
1653850718413336091 204.233149 4.896269 5 0 0.000000
1653850719024936697 203.862931 4.905162 3 0 0.000000
1653850720255875543 307.730372 3.249552 4 0 0.000000
1653850721278157052 204.451956 4.891021 5 0 0.000000
1653850722298235831 204.011296 4.901582 5 0 0.000000
1653850723321214036 204.591398 4.887690 5 0 0.000000
1653850724341753819 204.103879 4.899368 5 0 0.000000
1653850725365341674 341.191803 2.930867 3 0 0.000000
1653850726386463347 204.214634 4.896576 5 0 0.000000
1653850727410021774 204.707641 4.884919 5 0 0.000000
1653850728430755298 204.142544 4.898438 5 0 0.000000
1653850729453078980 204.460909 4.890819 5 0 0.000000
1653850730269156675 204.014995 4.901494 4 0 0.000000
1653850731288720193 339.849907 2.942436 3 0 0.000000
1653850732310061217 204.263927 4.895525 5 0 0.000000
1653850733327496289 339.140674 2.948591 3 0 0.000000
1653850734344020716 338.837023 2.951233 3 0 0.000000
1653850735363158835 339.708908 2.943664 3 0 0.000000
1653850736383374151 204.038904 4.900926 5 0 0.000000
1653850737405882905 204.497462 4.889934 5 0 0.000000
1653850738425984276 204.016120 4.901474 5 0 0.000000
1653850739448057069 204.410123 4.892020 5 0 0.000000
1653850740264844444 204.181178 4.897235 4 0 0.000000
1653850741285990862 204.225213 4.896457 5 0 0.000000
1653850742307788860 204.352973 4.893335 5 0 0.000000
1653850742920174604 204.123843 4.898873 3 0 0.000000
1653850744349939234 285.948401 3.497079 5 0 0.000000
1653850745370853589 204.178907 4.897570 5 0 0.000000
1653850746393026134 204.429870 4.891542 5 0 0.000000
1653850747414526434 204.295591 4.894761 5 0 0.000000
1653850748438147046 204.719830 4.884622 5 0 0.000000
1653850749458244073 204.015052 4.901495 5 0 0.000000
1653850750275122944 204.215806 4.896687 4 0 0.000000
1653850751294953041 203.961804 4.902777 5 0 0.000000
1653850752316909140 204.387035 4.892578 5 0 0.000000
1653850753337528678 204.119230 4.898985 5 0 0.000000
1653850754358659307 204.221505 4.896533 5 0 0.000000
1653850755379307528 204.125517 4.898848 5 0 0.000000
1653850756400383229 204.210659 4.896797 5 0 0.000000
1653850757421006487 204.120537 4.898967 5 0 0.000000
1653850758441010718 203.996645 4.901940 5 0 0.000000
1653850759462850357 204.363244 4.893136 5 0 0.000000
1653850760278962422 204.024005 4.901288 4 0 0.000000
1653850761097274871 204.567970 4.888108 4 0 0.000000
1653850762325966455 614.340457 1.627748 2 0 0.000000
1653850763347308807 204.263816 4.895518 5 0 0.000000
1653850764372185034 204.971003 4.878638 5 0 0.000000
1653850765393151952 204.189212 4.897318 5 0 0.000000
1653850766209145055 203.994140 4.902002 4 0 0.000000
1653850767431888287 305.681344 3.271333 4 0 0.000000
1653850768456274568 204.872698 4.880971 5 0 0.000000
1653850769472808738 338.839431 2.951204 3 0 0.000000
1653850770085454248 204.210729 4.896796 3 0 0.000000
1653850771306269670 305.199140 3.276499 4 0 0.000000
1653850772327214005 204.184258 4.897427 5 0 0.000000
1653850773351374756 204.827383 4.882046 5 0 0.000000
1653850774374381991 204.597614 4.887551 5 0 0.000000
1653850775397453485 204.610251 4.887244 5 0 0.000000
1653850776419321757 204.369581 4.892999 5 0 0.000000
1653850777443098052 204.750888 4.883879 5 0 0.000000
1653850778465012131 204.378852 4.892779 5 0 0.000000
1653850778874576824 204.768653 4.883233 2 0 0.000000
1653850780301458426 285.371467 3.504145 5 0 0.000000
1653850781323851732 204.474302 4.890486 5 0 0.000000
1653850782346206932 204.466701 4.890668 5 0 0.000000
1653850783367382246 204.229215 4.896319 5 0 0.000000
1653850784389423611 204.403976 4.892170 5 0 0.000000
1653850785417617419 342.726713 2.917738 3 0 0.000000
1653850786235123210 204.372558 4.892932 4 0 0.000000
1653850787463064542 306.979921 3.257485 4 0 0.000000
1653850788484760419 204.334966 4.893824 5 0 0.000000
1653850789302876259 204.524498 4.889283 4 0 0.000000
1653850790324317247 204.283927 4.895045 5 0 0.000000
1653850791140327770 203.997818 4.901898 4 0 0.000000
1653850791955724779 407.693596 2.452793 2 0 0.000000
1653850793388565434 286.563729 3.489572 5 0 0.000000
1653850794412039251 204.687712 4.885323 5 0 0.000000
1653850795433742329 204.336132 4.893790 5 0 0.000000
1653850796454647214 204.176600 4.897616 5 0 0.000000
1653850797478023557 204.667187 4.885788 5 0 0.000000
1653850798295040981 204.249441 4.895856 4 0 0.000000
1653850799316426945 204.270093 4.895309 5 0 0.000000
1653850800337556301 204.221520 4.896539 5 0 0.000000
1653850801359699690 204.424592 4.891681 5 0 0.000000
1653850802380808374 204.217478 4.896638 5 0 0.000000
1653850803402950083 204.421489 4.891690 5 0 0.000000
1653850804015078094 204.037949 4.900936 3 0 0.000000
1653850805441502341 285.280445 3.505269 5 0 0.000000
1653850806258588580 204.266391 4.895444 4 0 0.000000
1653850807485627837 306.754623 3.259879 4 0 0.000000
1653850808302479219 204.208930 4.896852 4 0 0.000000
1653850808915436987 204.314553 4.894301 3 0 0.000000
1653850809940960837 341.836502 2.925334 3 0 0.000000
1653850811366876961 285.178730 3.506518 5 0 0.000000
1653850812389614979 204.543104 4.888837 5 0 0.000000
1653850813411039524 204.280299 4.895124 5 0 0.000000
1653850814434178130 204.623056 4.886924 5 0 0.000000
1653850815457651861 204.689841 4.885323 5 0 0.000000
1653850816478917265 204.248481 4.895887 5 0 0.000000
1653850817499674386 204.146952 4.898325 5 0 0.000000
1653850818317573202 204.470415 4.890580 4 0 0.000000
1653850819341608672 204.802910 4.882643 5 0 0.000000
1653850820363299226 204.333737 4.893850 5 0 0.000000
1653850821384650295 204.265618 4.895476 5 0 0.000000
1653850822405682621 204.202271 4.897005 5 0 0.000000
1653850823428627821 204.584270 4.887847 5 0 0.000000
1653850824447325536 339.561605 2.944936 3 0 0.000000
1653850825265970084 204.656719 4.886126 4 0 0.000000
1653850826493734921 306.936832 3.257953 4 0 0.000000
1653850827311954711 204.551289 4.888662 4 0 0.000000
1653850828333973083 204.398829 4.892280 5 0 0.000000
1653850829355344965 204.269892 4.895377 5 0 0.000000
1653850830373702433 339.447964 2.945920 3 0 0.000000
1653850831392535142 339.605758 2.944546 3 0 0.000000
1653850832414948895 204.478443 4.890388 5 0 0.000000
1653850833436945146 204.394951 4.892386 5 0 0.000000
1653850834458773702 204.361754 4.893189 5 0 0.000000
1653850835479902257 204.221420 4.896543 5 0 0.000000
1653850836501585579 204.332687 4.893884 5 0 0.000000
1653850837321266632 409.836181 2.439973 2 0 0.000000
1653850838344459991 341.059643 2.931997 3 0 0.000000
1653850839376648858 344.057582 2.906445 3 0 0.000000
1653850840403021150 342.118888 2.922916 3 0 0.000000
1653850841426509115 204.693564 4.885255 5 0 0.000000
1653850842040103821 204.527328 4.889221 3 0 0.000000
1653850843469791067 476.557613 2.098361 3 0 0.000000
1653850844492173579 204.471888 4.890537 5 0 0.000000
1653850845515438535 204.648792 4.886320 5 0 0.000000
1653850846335964565 410.258564 2.437461 2 0 0.000000
1653850847358612297 204.524829 4.889269 5 0 0.000000
1653850848381520648 204.577713 4.888023 5 0 0.000000
1653850849404583075 204.608265 4.887287 5 0 0.000000
1653850850426833115 204.439682 4.891171 5 0 0.000000
1653850851448680680 204.365335 4.893098 5 0 0.000000
1653850852471987088 204.656822 4.886122 5 0 0.000000
1653850853494620303 204.522447 4.889339 5 0 0.000000
1653850854516402104 204.352006 4.893413 5 0 0.000000
1653850855333681334 204.314863 4.894288 4 0 0.000000
1653850856354978041 204.252226 4.895737 5 0 0.000000
1653850856969042557 204.683879 4.885480 3 0 0.000000
1653850858396953913 285.577813 3.501618 5 0 0.000000
1653850859419340451 204.473068 4.890518 5 0 0.000000
1653850860444326140 341.657837 2.926870 3 0 0.000000
1653850861469273476 204.984847 4.878299 5 0 0.000000
1653850862491729623 204.486705 4.890185 5 0 0.000000
1653850863514789196 204.607668 4.887301 5 0 0.000000
1653850864537742336 204.586716 4.887809 5 0 0.000000
1653850865355063277 204.319291 4.894039 4 0 0.000000
1653850866378322981 204.647435 4.886345 5 0 0.000000
1653850867398334060 203.997833 4.901907 5 0 0.000000
1653850868419866466 204.302332 4.894607 5 0 0.000000
1653850869444038647 204.829659 4.881992 5 0 0.000000
1653850870466465916 204.481467 4.890323 5 0 0.000000
1653850871282788746 204.075966 4.900022 4 0 0.000000
1653850872513959132 615.580217 1.624471 2 0 0.000000
1653850873535925665 204.388875 4.892528 5 0 0.000000
1653850874353356531 204.353792 4.893380 4 0 0.000000
1653850875375452676 204.415005 4.891908 5 0 0.000000
1653850876397384111 204.381976 4.892696 5 0 0.000000
1653850877419758484 204.470722 4.890576 5 0 0.000000
1653850878442998703 204.643866 4.886438 5 0 0.000000
1653850879464659658 204.328086 4.893991 5 0 0.000000
1653850880489459297 341.595987 2.927402 3 0 0.000000
1653850881512333051 204.570516 4.888189 5 0 0.000000
1653850882535774291 204.684410 4.885478 5 0 0.000000
1653850883350083795 407.150053 2.456068 2 0 0.000000
1653850884373539781 204.686451 4.885408 5 0 0.000000
1653850885396397595 204.567370 4.888265 5 0 0.000000
1653850886417603266 204.236859 4.896173 5 0 0.000000
1653850887440118302 204.498685 4.889904 5 0 0.000000
1653850888461021192 340.296993 2.938575 3 0 0.000000
1653850889480481077 339.815449 2.942735 3 0 0.000000
1653850890505606440 205.020882 4.877452 5 0 0.000000
1653850891528918652 204.658178 4.886094 5 0 0.000000
1653850892551684095 204.548890 4.888706 5 0 0.000000
1653850892960104149 204.206212 4.896919 2 0 0.000000
1653850893984113930 341.332156 2.929659 3 0 0.000000
1653850895410748936 285.322188 3.504751 5 0 0.000000
1653850896023688867 204.309248 4.894444 3 0 0.000000
1653850897455528768 477.275033 2.095206 3 0 0.000000
1653850898273936380 204.597793 4.887540 4 0 0.000000
1653850899504527746 307.642778 3.250470 4 0 0.000000
1653850900119030652 204.830303 4.881995 3 0 0.000000
1653850901552197077 286.628441 3.488778 5 0 0.000000
1653850902370068727 204.463580 4.890743 4 0 0.000000
1653850903393330180 341.082317 2.931802 3 0 0.000000
1653850904418435829 341.696318 2.926528 3 0 0.000000
1653850905440733277 204.454156 4.890944 5 0 0.000000
1653850906465235310 204.896161 4.880420 5 0 0.000000
1653850907487184858 204.386051 4.892610 5 0 0.000000
1653850908508389346 204.236952 4.896179 5 0 0.000000
1653850909529667667 204.251564 4.895825 5 0 0.000000
1653850910553541035 204.770314 4.883416 5 0 0.000000
1653850911371894096 204.584242 4.887866 4 0 0.000000
1653850912396628535 341.573278 2.927588 3 0 0.000000
1653850913418654832 204.400507 4.892242 5 0 0.000000
1653850914440046557 204.273758 4.895282 5 0 0.000000
1653850915462988572 204.583951 4.887863 5 0 0.000000
1653850916485678269 204.530362 4.889068 5 0 0.000000
1653850917507073221 204.274613 4.895266 5 0 0.000000
1653850918530396633 341.103688 2.931625 3 0 0.000000
1653850919553180785 204.552964 4.888617 5 0 0.000000
1653850920370103962 204.225616 4.896421 4 0 0.000000
1653850921391295835 1021.187761 0.979248 1 0 0.000000
1653850922414139031 204.564317 4.888335 5 0 0.000000
1653850923436363124 204.440536 4.891295 5 0 0.000000
1653850924462272093 341.965084 2.924236 3 0 0.000000
1653850925483327891 204.207227 4.896892 5 0 0.000000
1653850926506750209 341.136739 2.931341 3 0 0.000000
1653850927524726821 339.319839 2.947023 3 0 0.000000
1653850928547210057 204.492305 4.890056 5 0 0.000000
1653850929572501544 341.759920 2.925997 3 0 0.000000
1653850930391975039 204.864180 4.881183 4 0 0.000000
1653850931413851898 204.371168 4.892958 5 0 0.000000
1653850932436470084 204.519138 4.889410 5 0 0.000000
1653850933457900113 204.281251 4.895098 5 0 0.000000
1653850934482113223 341.399693 2.929078 3 0 0.000000
1653850935504292863 204.431786 4.891508 5 0 0.000000
1653850936525802943 204.297531 4.894714 5 0 0.000000
1653850937547622205 204.359638 4.893234 5 0 0.000000
1653850938570400653 204.551773 4.888644 5 0 0.000000
1653850939388092583 204.418786 4.891818 4 0 0.000000
1653850940413314808 341.735661 2.926195 3 0 0.000000
1653850941436507850 204.634639 4.886663 5 0 0.000000
1653850942455791625 339.757208 2.943243 3 0 0.000000
1653850943480098944 204.856880 4.881348 5 0 0.000000
1653850944500814155 204.139170 4.898526 5 0 0.000000
1653850945519673607 339.615626 2.944469 3 0 0.000000
1653850946543230815 204.707005 4.884925 5 0 0.000000
1653850947566227948 204.594151 4.887599 5 0 0.000000
1653850948590538150 204.857842 4.881334 5 0 0.000000
1653850949409902265 204.836712 4.881835 4 0 0.000000
1653850950432896832 204.594231 4.887611 5 0 0.000000
1653850951456256897 204.667387 4.885866 5 0 0.000000
1653850952479397750 204.623606 4.886913 5 0 0.000000
1653850953298410713 204.748914 4.883928 4 0 0.000000
1653850954524423141 306.498561 3.262610 4 0 0.000000
1653850955548769853 204.864448 4.881160 5 0 0.000000
1653850956573813918 205.004310 4.877839 5 0 0.000000
1653850957598827593 204.998536 4.877984 5 0 0.000000
1653850958417227007 204.595735 4.887589 4 0 0.000000
1653850959030675093 204.478247 4.890389 3 0 0.000000
1653850960050540338 339.950361 2.941565 3 0 0.000000
1653850961484753842 286.838202 3.486231 5 0 0.000000
1653850962510128954 205.068200 4.876264 5 0 0.000000
1653850963535433401 205.056627 4.876600 5 0 0.000000
1653850964558661690 204.641689 4.886495 5 0 0.000000
1653850965582070079 204.677293 4.885635 5 0 0.000000
1653850966605873285 204.755957 4.883751 5 0 0.000000
1653850967425603183 204.928271 4.879656 4 0 0.000000
1653850968449025828 204.680098 4.885567 5 0 0.000000
1653850969474974329 341.978204 2.924123 3 0 0.000000
1653850970091657750 616.679110 1.621578 1 0 0.000000
1653850971526603219 286.984297 3.484453 5 0 0.000000
1653850972545208571 509.298494 1.963469 2 0 0.000000
1653850973568559283 204.665628 4.885911 5 0 0.000000
1653850974591828315 204.649654 4.886301 5 0 0.000000
1653850975411408915 204.885353 4.880545 4 0 0.000000
1653850976434205948 204.554816 4.888556 5 0 0.000000
1653850977457727754 204.700143 4.885094 5 0 0.000000
1653850978481765155 204.802679 4.882634 5 0 0.000000
1653850979506887183 205.019895 4.877468 5 0 0.000000
1653850980529806059 204.579627 4.887973 5 0 0.000000
1653850981552509424 340.895266 2.933402 3 0 0.000000
1653850982581075612 342.850664 2.916681 3 0 0.000000
1653850983604268828 204.634113 4.886663 5 0 0.000000
1653850984423720367 204.858206 4.881314 4 0 0.000000
1653850985446619764 204.574998 4.888066 5 0 0.000000
1653850986061286357 204.884324 4.880695 3 0 0.000000
1653850987526802779 293.098557 3.411767 5 0 0.000000
1653850988550161412 204.667122 4.885873 5 0 0.000000
1653850989572069287 204.375243 4.892809 5 0 0.000000
1653850990597776543 341.897244 2.924811 3 0 0.000000
1653850991621213340 204.683310 4.885500 5 0 0.000000
1653850992440581090 204.837976 4.881813 4 0 0.000000
1653850993463458431 204.571456 4.888172 5 0 0.000000
1653850994488101598 341.543244 2.927849 3 0 0.000000
1653850995512553906 204.886142 4.880657 5 0 0.000000
1653850996536072609 204.699692 4.885109 5 0 0.000000
1653850997559428414 204.666835 4.885886 5 0 0.000000
1653850998583266602 204.763380 4.883584 5 0 0.000000
1653850999605854794 204.513411 4.889554 5 0 0.000000
1653851000424691817 204.705328 4.884977 4 0 0.000000
1653851001449116541 204.880774 4.880788 5 0 0.000000
1653851002269992182 205.214823 4.872845 4 0 0.000000
1653851003502126643 308.029377 3.246399 4 0 0.000000
1653851004117600887 615.470064 1.624763 1 0 0.000000
1653851005548933493 286.261815 3.493248 5 0 0.000000
1653851006571919362 204.592915 4.887653 5 0 0.000000
1653851007595821689 204.774022 4.883278 5 0 0.000000
1653851008620269121 204.885456 4.880680 5 0 0.000000
1653851009440447142 205.040113 4.876990 4 0 0.000000
1653851010463130451 204.532635 4.889099 5 0 0.000000
1653851011486061521 204.581750 4.887915 5 0 0.000000
1653851012509047449 204.587711 4.887653 5 0 0.000000
1653851013533463152 204.879063 4.880831 5 0 0.000000
1653851014556591693 204.620985 4.886972 5 0 0.000000
1653851015582634284 342.010323 2.923855 3 0 0.000000
1653851016606031300 204.675411 4.885689 5 0 0.000000
1653851017629253628 204.640048 4.886524 5 0 0.000000
1653851018446011816 204.185630 4.897410 4 0 0.000000
1653851019468585570 204.510819 4.889623 5 0 0.000000
1653851020490572662 204.393207 4.892430 5 0 0.000000
1653851021512264427 204.331234 4.893844 5 0 0.000000
1653851022535441611 204.631263 4.886739 5 0 0.000000
1653851023558767441 204.661117 4.886029 5 0 0.000000
1653851024583268512 204.895104 4.880424 5 0 0.000000
1653851025607769048 204.890940 4.880427 5 0 0.000000
1653851026631535323 204.748882 4.883927 5 0 0.000000
1653851027452501646 205.236866 4.872307 4 0 0.000000
1653851028473249907 340.244069 2.939020 3 0 0.000000
1653851029496488450 204.643168 4.886446 5 0 0.000000
1653851030519395485 204.577194 4.888030 5 0 0.000000
1653851031541660073 204.448496 4.891102 5 0 0.000000
1653851032561307703 339.877164 2.942193 3 0 0.000000
1653851033585055039 204.745411 4.884017 5 0 0.000000
1653851034611778692 205.340269 4.869860 5 0 0.000000
1653851035636522455 204.944409 4.879269 5 0 0.000000
1653851036457199894 205.157866 4.874022 4 0 0.000000
1653851037480135365 204.582669 4.887894 5 0 0.000000
1653851038503546038 204.678260 4.885624 5 0 0.000000
1653851039529243466 205.134768 4.874731 5 0 0.000000
1653851040553622448 341.454673 2.928604 3 0 0.000000
1653851041575485477 204.367567 4.893024 5 0 0.000000
1653851042602136816 205.325560 4.870203 5 0 0.000000
1653851043625773405 204.722914 4.884546 5 0 0.000000
1653851044650949705 341.720824 2.926326 3 0 0.000000
1653851045469303639 204.584330 4.887861 4 0 0.000000
1653851046491987068 204.532005 4.889098 5 0 0.000000
1653851047514775878 204.553249 4.888595 5 0 0.000000
1653851048533946521 339.719717 2.943570 3 0 0.000000
1653851049558293174 204.859642 4.881160 5 0 0.000000
1653851050583684755 205.074150 4.876186 5 0 0.000000
1653851051607336690 341.212277 2.930684 3 0 0.000000
1653851052631179288 204.764253 4.883563 5 0 0.000000
1653851053657117312 205.183769 4.873589 5 0 0.000000
1653851054478706269 205.392978 4.868615 4 0 0.000000
1653851055502775140 204.809495 4.882484 5 0 0.000000
1653851056526860326 204.812918 4.882406 5 0 0.000000
1653851057554304750 342.477412 2.919866 3 0 0.000000
1653851058578712780 204.877666 4.880868 5 0 0.000000
1653851059607110622 342.794932 2.917159 3 0 0.000000
1653851060631555018 341.477075 2.928417 3 0 0.000000
1653851061655776809 204.835919 4.881755 5 0 0.000000
1653851062475054911 204.815097 4.882347 4 0 0.000000
1653851063497587298 204.501213 4.889821 5 0 0.000000
1653851064522065321 204.891272 4.880534 5 0 0.000000
1653851065544943238 204.571242 4.888169 5 0 0.000000
1653851066568982661 204.803732 4.882624 5 0 0.000000
1653851067594920660 205.182896 4.873589 5 0 0.000000
1653851068620039130 205.019569 4.877485 5 0 0.000000
1653851069644838396 204.955624 4.879004 5 0 0.000000
1653851070258212581 204.453996 4.890979 3 0 0.000000
1653851071487069159 307.209853 3.255058 4 0 0.000000
1653851072510305486 204.643246 4.886457 5 0 0.000000
1653851073533135071 204.562146 4.888400 5 0 0.000000
1653851074552846680 339.900046 2.942008 3 0 0.000000
1653851075579723760 342.287308 2.921479 3 0 0.000000
1653851076605618899 205.174872 4.873792 5 0 0.000000
1653851077634011113 205.674148 4.861958 5 0 0.000000
1653851078656470797 204.487836 4.890168 5 0 0.000000
1653851079680911945 204.884060 4.880710 5 0 0.000000
1653851080522899882 210.491648 4.750662 4 0 0.000000
1653851081546824812 204.780581 4.883170 5 0 0.000000
1653851082572015421 205.034106 4.877142 5 0 0.000000
1653851083390512994 204.616744 4.887003 4 0 0.000000
1653851084618613412 307.020727 3.257063 4 0 0.000000
1653851085643306882 204.934453 4.879508 5 0 0.000000
1653851086667285406 204.791319 4.882915 5 0 0.000000
1653851087485354624 204.513097 4.889562 4 0 0.000000
1653851088508970259 204.718767 4.884646 5 0 0.000000
1653851089536953311 205.587439 4.863893 5 0 0.000000
1653851090561605696 204.926294 4.879704 5 0 0.000000
1653851091586183115 204.910215 4.880061 5 0 0.000000
1653851092200166859 204.657106 4.886123 3 0 0.000000
1653851093637668588 479.162883 2.086954 3 0 0.000000
1653851094663848195 205.231858 4.872441 5 0 0.000000
1653851095688110597 204.848493 4.881562 5 0 0.000000
1653851096508243975 205.029085 4.877255 4 0 0.000000
1653851097534665495 205.280085 4.871293 5 0 0.000000
1653851098559664787 204.995728 4.878052 5 0 0.000000
1653851099175032094 205.118330 4.875137 3 0 0.000000
1653851100613754275 287.739886 3.475306 5 0 0.000000
1653851101637601530 204.761380 4.883541 5 0 0.000000
1653851102661526361 204.780375 4.883171 5 0 0.000000
1653851103686960977 205.082544 4.875981 5 0 0.000000
1653851104504679933 204.425586 4.891656 4 0 0.000000
1653851105531062738 205.272506 4.871477 5 0 0.000000
1653851106554959738 204.775251 4.883304 5 0 0.000000
1653851107579057507 204.815859 4.882346 5 0 0.000000
1653851108608322473 205.848869 4.857836 5 0 0.000000
1653851109634355955 205.202522 4.873135 5 0 0.000000
1653851110658198113 204.763980 4.883565 5 0 0.000000
1653851111684537282 205.263425 4.871684 5 0 0.000000
1653851112503865941 204.828030 4.882046 4 0 0.000000
1653851113529060964 205.034745 4.877121 5 0 0.000000
1653851114552405444 204.664473 4.885940 5 0 0.000000
1653851115372140345 204.929217 4.879626 4 0 0.000000
1653851116604813957 616.332396 1.622489 2 0 0.000000
1653851117218273220 204.481936 4.890301 3 0 0.000000
1653851118649751393 286.291297 3.492893 5 0 0.000000
1653851119670682486 340.301413 2.938494 3 0 0.000000
1653851120694213640 204.702131 4.885049 5 0 0.000000
1653851121514212099 204.995647 4.878058 4 0 0.000000
1653851122539165230 204.983846 4.878272 5 0 0.000000
1653851123563532903 204.868903 4.881060 5 0 0.000000
1653851124590001246 205.289256 4.871071 5 0 0.000000
1653851125616429131 205.281622 4.871263 5 0 0.000000
1653851126643263608 342.273620 2.921600 3 0 0.000000
1653851127668932264 205.129345 4.874868 5 0 0.000000
1653851128686932394 339.329682 2.946954 3 0 0.000000
1653851129711365323 341.473110 2.928449 3 0 0.000000
1653851130531488122 205.026445 4.877318 4 0 0.000000
1653851131556800539 205.055349 4.876562 5 0 0.000000
1653851132580783204 204.792603 4.882895 5 0 0.000000
1653851133607060534 342.086989 2.923187 3 0 0.000000
1653851134634867530 205.556937 4.864727 5 0 0.000000
1653851135659164989 204.855173 4.881395 5 0 0.000000
1653851136684110878 204.985035 4.878306 5 0 0.000000
1653851137712046895 342.641149 2.918470 3 0 0.000000
1653851138121870747 204.906920 4.880146 2 0 0.000000
1653851139558512340 478.876056 2.088203 3 0 0.000000
1653851140583439491 204.980890 4.878395 5 0 0.000000
1653851141608418457 204.991730 4.878149 5 0 0.000000
1653851142633816890 205.075383 4.876154 5 0 0.000000
1653851143653168019 339.779025 2.943049 3 0 0.000000
1653851144672236225 339.685510 2.943866 3 0 0.000000
1653851145695979102 204.744118 4.884039 5 0 0.000000
1653851146722822703 205.364395 4.869291 5 0 0.000000
1653851147541382255 204.635737 4.886633 4 0 0.000000
1653851148565929024 204.905123 4.880207 5 0 0.000000
1653851149591731713 205.156884 4.874232 5 0 0.000000
1653851150617507053 205.150804 4.874361 5 0 0.000000
1653851151643368399 205.168043 4.873953 5 0 0.000000
1653851152670753569 205.473052 4.866724 5 0 0.000000
1653851153489596233 204.706040 4.884943 4 0 0.000000
1653851154721542186 307.981921 3.246896 4 0 0.000000
1653851155543046296 205.371664 4.869117 4 0 0.000000
1653851156568445225 205.074832 4.876151 5 0 0.000000
1653851157594564016 205.219296 4.872730 5 0 0.000000
1653851158619413555 204.965502 4.878765 5 0 0.000000
1653851159643873733 204.883668 4.880619 5 0 0.000000
1653851160669296713 205.080321 4.876037 5 0 0.000000
1653851161696101999 342.264073 2.921683 3 0 0.000000
1653851162721604126 205.096366 4.875660 5 0 0.000000
1653851163541353050 204.933032 4.879543 4 0 0.000000
1653851164566787913 205.082766 4.875980 5 0 0.000000
1653851165591368524 204.910803 4.880046 5 0 0.000000
1653851166614649999 204.651571 4.886241 5 0 0.000000
1653851167638697962 341.344304 2.929550 3 0 0.000000
1653851168665687510 205.393082 4.868599 5 0 0.000000
1653851169689477871 204.754007 4.883813 5 0 0.000000
1653851170715629606 205.226254 4.872574 5 0 0.000000
1653851171736219982 340.192153 2.939475 3 0 0.000000
1653851172555277460 204.759667 4.883662 4 0 0.000000
1653851173580207362 204.981610 4.878382 5 0 0.000000
1653851174606478443 205.249705 4.872007 5 0 0.000000
1653851175629851629 204.670190 4.885803 5 0 0.000000
1653851176249051571 206.395638 4.844962 3 0 0.000000
1653851177680887251 286.362092 3.492021 5 0 0.000000
1653851178705880751 204.993520 4.878080 5 0 0.000000
1653851179732990770 205.417616 4.868028 5 0 0.000000
1653851180552793507 204.946620 4.879223 4 0 0.000000
1653851181377190060 206.094883 4.852034 4 0 0.000000
1653851182607670075 307.615494 3.250764 4 0 0.000000
1653851183632957266 205.053240 4.876682 5 0 0.000000
1653851184658943922 205.192990 4.873358 5 0 0.000000
1653851185685294227 205.265722 4.871631 5 0 0.000000
1653851186710440723 205.024806 4.877352 5 0 0.000000
1653851187734807645 204.868974 4.881064 5 0 0.000000
1653851188554890293 205.016200 4.877557 4 0 0.000000
1653851189575934779 340.343721 2.938168 3 0 0.000000
1653851190598889185 340.979937 2.932682 3 0 0.000000
1653851191626395292 205.496725 4.866151 5 0 0.000000
1653851192651324723 204.981752 4.878385 5 0 0.000000
1653851193676861940 205.103332 4.875493 5 0 0.000000
1653851194702369381 341.831205 2.925381 3 0 0.000000
1653851195726431087 341.349039 2.929511 3 0 0.000000
1653851196754177468 205.540608 4.865013 5 0 0.000000
1653851197573888738 204.922383 4.879767 4 0 0.000000
1653851198601855282 205.589210 4.863972 5 0 0.000000
1653851199629360967 342.497428 2.919692 3 0 0.000000
1653851200444808795 407.719249 2.452640 2 0 0.000000
1653851201678547018 308.425512 3.242179 4 0 0.000000
1653851202702692960 341.377360 2.929270 3 0 0.000000
1653851203724313304 510.805629 1.957674 2 0 0.000000
1653851204751124498 342.265684 2.921667 3 0 0.000000
1653851205571447528 205.076516 4.876128 4 0 0.000000
1653851206188000079 205.513000 4.865766 3 0 0.000000
1653851207628144615 288.021491 3.471874 5 0 0.000000
1653851208652556809 204.878245 4.880848 5 0 0.000000
1653851209266231717 204.554288 4.888582 3 0 0.000000
1653851210700348147 286.817976 3.486467 5 0 0.000000
1653851211726644744 205.255489 4.871886 5 0 0.000000
1653851212753430057 342.256232 2.921740 3 0 0.000000
1653851213575434132 205.496638 4.866156 4 0 0.000000
1653851214600823901 205.073672 4.876195 5 0 0.000000
1653851215218096238 205.753528 4.860091 3 0 0.000000
1653851216659378944 480.423287 2.081479 3 0 0.000000
1653851217684465646 205.013003 4.877636 5 0 0.000000
1653851218710001825 205.103072 4.875499 5 0 0.000000
1653851219737531392 342.505716 2.919624 3 0 0.000000
1653851220764382839 205.365696 4.869253 5 0 0.000000
1653851221379530138 205.044084 4.876881 3 0 0.000000
1653851222605679233 306.533133 3.262246 4 0 0.000000
1653851223632599594 342.301560 2.921356 3 0 0.000000
1653851224659928091 205.458595 4.866992 5 0 0.000000
1653851225688680187 205.746512 4.860257 5 0 0.000000
1653851226715021446 205.264042 4.871674 5 0 0.000000
1653851227740427943 205.077041 4.876115 5 0 0.000000
1653851228765914055 205.087920 4.875736 5 0 0.000000
1653851229587958174 205.506646 4.865919 4 0 0.000000
1653851230611399011 204.683801 4.885480 5 0 0.000000
1653851231638790669 205.474221 4.866693 5 0 0.000000
1653851232664595920 205.153703 4.874220 5 0 0.000000
1653851233278967683 204.785975 4.883037 3 0 0.000000
1653851234720589479 288.319928 3.468316 5 0 0.000000
1653851235747658979 205.405766 4.868220 5 0 0.000000
1653851236365932719 206.087266 4.852220 3 0 0.000000
1653851237395152276 343.068542 2.914830 3 0 0.000000
1653851238217251012 411.044136 2.432798 2 0 0.000000
1653851239656702528 479.812041 2.084127 3 0 0.000000
1653851240677866316 340.383400 2.937824 3 0 0.000000
1653851241705430257 205.508359 4.865877 5 0 0.000000
1653851242732571474 205.424296 4.867880 5 0 0.000000
1653851243760566695 205.594482 4.863836 5 0 0.000000
1653851244789211518 205.724816 4.860764 5 0 0.000000
1653851245609730090 205.125332 4.874966 4 0 0.000000
1653851246465309044 213.885965 4.675197 4 0 0.000000
1653851247696418534 307.772515 3.249102 4 0 0.000000
1653851248516296700 204.965143 4.878773 4 0 0.000000
1653851249742299107 306.494663 3.262636 4 0 0.000000
1653851250765838312 341.175484 2.931006 3 0 0.000000
1653851251793037489 205.435076 4.867605 5 0 0.000000
1653851252610771115 204.429120 4.891568 4 0 0.000000
1653851253431145195 205.089648 4.875824 4 0 0.000000
1653851254679287933 312.031025 3.204762 4 0 0.000000
1653851255706821639 205.502771 4.866020 5 0 0.000000
1653851256732917602 205.214837 4.872839 5 0 0.000000
1653851257759908990 205.393325 4.868590 5 0 0.000000
1653851258785194767 205.053465 4.876689 5 0 0.000000
1653851259605476862 205.066541 4.876371 4 0 0.000000
1653851260631153779 205.131466 4.874829 5 0 0.000000
1653851261658421862 205.449771 4.867279 5 0 0.000000
