1653850390214273771 278.898039 3.584995 3 0 0.000000
1653850391250723666 207.284573 4.824160 5 0 0.000000
1653850392286177076 207.085445 4.828803 5 0 0.000000
1653850393316360943 206.031494 4.853502 5 0 0.000000
1653850394348051576 515.840316 1.938566 2 0 0.000000
1653850395375460628 205.477315 4.866611 5 0 0.000000
1653850396196709275 205.306867 4.870632 4 0 0.000000
1653850397223030216 205.259516 4.871770 5 0 0.000000
1653850398247828571 204.954482 4.879009 5 0 0.000000
1653850399270645448 340.934391 2.933076 3 0 0.000000
1653850400294465626 341.267876 2.930202 3 0 0.000000
1653850400908967186 204.828448 4.882005 3 0 0.000000
1653850402334479745 356.373040 2.806008 4 0 0.000000
1653850403357373360 204.573314 4.888094 5 0 0.000000
1653850404380062030 204.533171 4.889073 5 0 0.000000
1653850405199488497 204.852146 4.881463 4 0 0.000000
1653850406219349975 203.967653 4.902626 5 0 0.000000
1653850407238835979 203.892681 4.904432 5 0 0.000000
1653850408261219713 204.471945 4.890532 5 0 0.000000
1653850409283441173 204.439384 4.891308 5 0 0.000000
1653850410303143453 203.935578 4.903392 5 0 0.000000
1653850411324670595 204.300636 4.894632 5 0 0.000000
1653850412346649619 204.391212 4.892468 5 0 0.000000
1653850413368036151 204.270294 4.895306 5 0 0.000000
1653850414388798754 204.147606 4.898299 5 0 0.000000
1653850415203913685 203.774030 4.907283 4 0 0.000000
1653850416227347590 204.682234 4.885513 5 0 0.000000
1653850417248290721 204.183904 4.897432 5 0 0.000000
1653850418267700936 203.877424 4.904797 5 0 0.000000
1653850419290198579 340.827243 2.933992 3 0 0.000000
1653850420310968175 204.145409 4.898265 5 0 0.000000
1653850421126332864 203.836436 4.905780 4 0 0.000000
1653850422353807589 306.863821 3.258723 4 0 0.000000
1653850423376419158 204.518030 4.889442 5 0 0.000000
1653850424397135192 204.136983 4.898522 5 0 0.000000
1653850425211889386 203.683767 4.909456 4 0 0.000000
1653850426229972508 203.611889 4.911190 5 0 0.000000
1653850427252088318 204.418207 4.891813 5 0 0.000000
1653850428271322782 203.842527 4.905643 5 0 0.000000
1653850429085061114 203.429752 4.915585 4 0 0.000000
1653850430310770941 306.422971 3.263415 4 0 0.000000
1653850431125469667 203.670311 4.909790 4 0 0.000000
1653850432349292282 611.905319 1.634224 2 0 0.000000
1653850433369360380 204.005366 4.901634 5 0 0.000000
1653850434386566544 203.436778 4.915424 5 0 0.000000
1653850435404710721 203.624935 4.910896 5 0 0.000000
1653850436218965141 203.559339 4.912469 4 0 0.000000
1653850437031996199 203.253550 4.919861 4 0 0.000000
1653850438257539212 306.381244 3.263859 4 0 0.000000
1653850439276571692 339.672687 2.943969 3 0 0.000000
1653850440295166372 203.715110 4.908724 5 0 0.000000
1653850441313889835 203.740285 4.908103 5 0 0.000000
1653850442129299190 203.848285 4.905512 4 0 0.000000
1653850443348701757 304.846054 3.280295 4 0 0.000000
1653850444367233139 203.702417 4.909029 5 0 0.000000
1653850444571247828 204.010965 4.901608 1 0 0.000000
1653850446404613785 366.668063 2.727224 5 0 0.000000
1653850447221517806 204.221306 4.896536 4 0 0.000000
1653850448240357877 203.763241 4.907542 5 0 0.000000
1653850449259994499 203.922805 4.903708 5 0 0.000000
1653850449871692146 203.894043 4.904384 3 0 0.000000
1653850451304147569 286.487077 3.490510 5 0 0.000000
1653850452119566743 203.850459 4.905453 4 0 0.000000
1653850453137579638 339.332038 2.946917 3 0 0.000000
1653850454360235346 305.658409 3.271567 4 0 0.000000
1653850455380789171 204.106221 4.899301 5 0 0.000000
1653850456399327605 203.703443 4.908995 5 0 0.000000
1653850457418300186 203.785787 4.906903 5 0 0.000000
1653850458233883941 203.890668 4.904463 4 0 0.000000
1653850459254707639 204.160428 4.898005 5 0 0.000000
1653850459864642964 203.302131 4.918554 3 0 0.000000
1653850461293198037 285.704016 3.500040 5 0 0.000000
1653850462315533389 340.773683 2.934458 3 0 0.000000
1653850463333916812 203.672072 4.909742 5 0 0.000000
1653850464351989396 203.610202 4.911241 5 0 0.000000
1653850465370492584 203.696702 4.909165 5 0 0.000000
1653850466390865072 204.067605 4.900171 5 0 0.000000
1653850467410828306 203.988113 4.902137 5 0 0.000000
1653850468427671661 203.364272 4.917178 5 0 0.000000
1653850469241685052 203.498965 4.913924 4 0 0.000000
1653850470056268441 203.641362 4.910486 4 0 0.000000
1653850471278077823 305.448037 3.273833 4 0 0.000000
1653850472295587350 203.497693 4.913959 5 0 0.000000
1653850473314269810 203.732166 4.908301 5 0 0.000000
1653850473926630506 204.110732 4.899073 3 0 0.000000
1653850475355157550 476.170707 2.100065 3 0 0.000000
1653850476375440629 204.051641 4.900601 5 0 0.000000
1653850477396702390 204.248126 4.895904 5 0 0.000000
1653850478245931941 212.303038 4.710152 4 0 0.000000
1653850479268059346 204.420677 4.891758 5 0 0.000000
1653850480083456291 203.845413 4.905586 4 0 0.000000
1653850481306998255 305.881313 3.269197 4 0 0.000000
1653850482324269692 203.450410 4.915109 5 0 0.000000
1653850483340356434 203.213378 4.920840 5 0 0.000000
1653850484360736530 204.069473 4.900135 5 0 0.000000
1653850484768356235 203.805672 4.906534 2 0 0.000000
1653850485992231054 407.953540 2.451231 3 0 0.000000
1653850487422416291 286.032481 3.496051 5 0 0.000000
1653850488441083973 203.728568 4.908372 5 0 0.000000
1653850489256211170 203.778190 4.907210 4 0 0.000000
1653850490274774659 203.708193 4.908874 5 0 0.000000
1653850491294416285 203.924158 4.903684 5 0 0.000000
1653850492314214586 203.955401 4.902930 5 0 0.000000
1653850492925784835 203.852600 4.905405 3 0 0.000000
1653850494357871805 477.357413 2.094845 3 0 0.000000
1653850495378267412 340.127247 2.940036 3 0 0.000000
1653850496397644562 203.870620 4.904956 5 0 0.000000
1653850497417362972 203.938627 4.903314 5 0 0.000000
1653850498436591004 203.840900 4.905674 5 0 0.000000
1653850499251749169 407.575020 2.453512 2 0 0.000000
1653850500271650164 203.975574 4.902437 5 0 0.000000
1653850501288997965 203.465049 4.914740 5 0 0.000000
1653850502310415544 204.276388 4.895158 5 0 0.000000
1653850503329875688 203.888290 4.904557 5 0 0.000000
1653850504144371328 203.618515 4.911015 4 0 0.000000
1653850505366494427 1222.119050 0.818248 1 0 0.000000
1653850506386449784 203.986585 4.902175 5 0 0.000000
1653850507410064909 341.200635 2.930789 3 0 0.000000
1653850508429532390 203.884828 4.904521 5 0 0.000000
1653850509448574484 203.804264 4.906569 5 0 0.000000
1653850510263739213 203.787229 4.906983 4 0 0.000000
1653850511286360733 340.869773 2.933637 3 0 0.000000
1653850512305676571 203.858751 4.905251 5 0 0.000000
1653850513324760929 203.813000 4.906365 5 0 0.000000
1653850514343871783 203.817274 4.906238 5 0 0.000000
1653850515361183597 203.458724 4.914914 5 0 0.000000
1653850515972031107 203.611280 4.911209 3 0 0.000000
1653850517399161659 285.421615 3.503534 5 0 0.000000
1653850518420150219 204.193685 4.897215 5 0 0.000000
1653850519438756803 203.717025 4.908666 5 0 0.000000
1653850520457281324 203.700856 4.909062 5 0 0.000000
1653850521271911747 203.653234 4.910202 4 0 0.000000
1653850522295483837 204.710584 4.884854 5 0 0.000000
1653850523318085616 340.863663 2.933693 3 0 0.000000
1653850524337097396 203.798112 4.906715 5 0 0.000000
1653850525356975760 203.971645 4.902545 5 0 0.000000
1653850526379711530 204.543284 4.888848 5 0 0.000000
1653850527397884997 203.630254 4.910755 5 0 0.000000
1653850528416172559 203.653429 4.910204 5 0 0.000000
1653850529435686552 203.898946 4.904298 5 0 0.000000
1653850530455271789 203.912694 4.903955 5 0 0.000000
1653850531270001073 203.678495 4.909606 4 0 0.000000
1653850532289496476 203.895107 4.904387 5 0 0.000000
1653850533308628540 203.821961 4.906136 5 0 0.000000
1653850534123133864 203.618931 4.910956 4 0 0.000000
1653850535348882461 306.432557 3.263312 4 0 0.000000
1653850536367722887 203.764050 4.907540 5 0 0.000000
1653850537389805641 204.409639 4.891972 5 0 0.000000
1653850538410808610 204.195849 4.897145 5 0 0.000000
1653850539429987665 203.831232 4.905909 5 0 0.000000
1653850540449164300 203.830682 4.905921 5 0 0.000000
1653850541468717645 339.847077 2.942465 3 0 0.000000
1653850542284246695 203.878067 4.904792 4 0 0.000000
1653850542896872419 204.204547 4.896954 3 0 0.000000
1653850544124116571 306.805636 3.259335 4 0 0.000000
1653850544938132465 407.002983 2.456954 2 0 0.000000
1653850546362680976 284.905172 3.509884 5 0 0.000000
1653850547382607447 203.981396 4.902314 5 0 0.000000
1653850548403795919 340.391834 2.937753 3 0 0.000000
1653850549423719684 203.980170 4.902327 5 0 0.000000
1653850550444959480 204.243259 4.896010 5 0 0.000000
1653850551464257291 203.855244 4.905338 5 0 0.000000
1653850552279821663 203.886871 4.904579 4 0 0.000000
1653850553299890700 204.009566 4.901629 5 0 0.000000
1653850554320849368 204.187551 4.897358 5 0 0.000000
1653850554932134124 203.757372 4.907696 3 0 0.000000
1653850556357084055 284.985324 3.508895 5 0 0.000000
1653850557375875073 203.754196 4.907778 5 0 0.000000
1653850558392947347 339.020066 2.949643 3 0 0.000000
1653850559413370080 204.080280 4.899930 5 0 0.000000
1653850560229303105 203.979188 4.902363 4 0 0.000000
1653850561457393435 307.018069 3.257089 4 0 0.000000
1653850562477957547 204.109011 4.899251 5 0 0.000000
1653850563294936225 204.240089 4.896089 4 0 0.000000
1653850564315677179 204.144461 4.898402 5 0 0.000000
1653850565335120570 203.884649 4.904637 5 0 0.000000
1653850566151454932 204.079764 4.899953 4 0 0.000000
1653850567375187903 305.929277 3.268687 4 0 0.000000
1653850568396091110 204.176454 4.897624 5 0 0.000000
1653850569415729070 203.923356 4.903701 5 0 0.000000
1653850570435688353 203.987858 4.902156 5 0 0.000000
1653850571454804526 203.819378 4.906212 5 0 0.000000
1653850572474258297 203.886896 4.904587 5 0 0.000000
1653850573496186609 204.381710 4.892711 5 0 0.000000
1653850574315808826 409.807205 2.440149 2 0 0.000000
1653850575334927419 203.819436 4.906200 5 0 0.000000
1653850576355664105 204.143659 4.898423 5 0 0.000000
1653850577375775343 204.018198 4.901426 5 0 0.000000
1653850578395795322 203.999954 4.901865 5 0 0.000000
1653850579212040807 204.057255 4.900486 4 0 0.000000
1653850580434552824 305.623729 3.271951 4 0 0.000000
1653850581455443261 204.174132 4.897685 5 0 0.000000
1653850582475150603 203.934689 4.903368 5 0 0.000000
1653850583491903175 338.913047 2.950570 3 0 0.000000
1653850584307128221 203.795968 4.906621 4 0 0.000000
1653850585329130347 204.396534 4.892358 5 0 0.000000
1653850586345514468 338.790585 2.951640 3 0 0.000000
1653850587364977225 203.888319 4.904544 5 0 0.000000
1653850588384428550 203.885661 4.904599 5 0 0.000000
1653850589405231134 204.156495 4.898107 5 0 0.000000
1653850590422734921 339.162973 2.948392 3 0 0.000000
1653850591442690837 203.987304 4.902173 5 0 0.000000
1653850592465596480 340.964301 2.932822 3 0 0.000000
1653850593486738891 204.224018 4.896477 5 0 0.000000
1653850594506069259 203.861974 4.905181 5 0 0.000000
1653850595322652882 204.142012 4.898457 4 0 0.000000
1653850596343228873 204.111080 4.899194 5 0 0.000000
1653850597362217901 203.789770 4.906824 5 0 0.000000
1653850598383941932 204.340462 4.893689 5 0 0.000000
1653850599406118958 340.721138 2.934912 3 0 0.000000
1653850600425928689 203.957521 4.902875 5 0 0.000000
1653850601446894072 204.189367 4.897326 5 0 0.000000
1653850602466532579 203.923396 4.903699 5 0 0.000000
1653850603486698880 204.029022 4.901162 5 0 0.000000
1653850604507591549 204.174181 4.897674 5 0 0.000000
1653850605323570358 203.983857 4.902088 4 0 0.000000
1653850606344965021 204.274183 4.895267 5 0 0.000000
1653850607365624847 204.127893 4.898792 5 0 0.000000
1653850608385851635 204.041559 4.900871 5 0 0.000000
1653850609405360525 203.897942 4.904322 5 0 0.000000
1653850610222626407 204.312467 4.894368 4 0 0.000000
1653850611449456211 306.696764 3.260436 4 0 0.000000
1653850612469057591 203.915814 4.903877 5 0 0.000000
1653850613488517867 203.887996 4.904556 5 0 0.000000
1653850614511981652 204.688794 4.885371 5 0 0.000000
1653850615328127421 204.031606 4.901085 4 0 0.000000
1653850616347929960 203.956216 4.902910 5 0 0.000000
1653850617367090593 203.828147 4.905998 5 0 0.000000
1653850618390063063 204.590735 4.887717 5 0 0.000000
1653850619410408768 204.065167 4.900300 5 0 0.000000
1653850620430511647 204.016653 4.901466 5 0 0.000000
1653850621449908751 203.869123 4.904860 5 0 0.000000
1653850622472132172 204.440733 4.891299 5 0 0.000000
1653850623491634316 203.895844 4.904355 5 0 0.000000
1653850624512730499 204.214950 4.896698 5 0 0.000000
1653850625332714255 409.987234 2.439073 2 0 0.000000
1653850626353476200 204.148369 4.898302 5 0 0.000000
1653850627373823839 204.065627 4.900291 5 0 0.000000
1653850628393076898 203.846707 4.905553 5 0 0.000000
1653850629412601981 339.837505 2.942546 3 0 0.000000
1653850630432992776 204.073883 4.900084 5 0 0.000000
1653850631452926922 203.982658 4.902277 5 0 0.000000
1653850632270064215 204.280032 4.895138 4 0 0.000000
1653850632880528174 610.460109 1.638098 1 0 0.000000
1653850634520169376 409.905202 2.439558 4 0 0.000000
1653850635336421778 204.058437 4.900445 4 0 0.000000
1653850635950420828 204.662718 4.886001 3 0 0.000000
1653850637378695209 285.650665 3.500728 5 0 0.000000
1653850638398089182 203.874851 4.904875 5 0 0.000000
1653850639420114396 204.401056 4.892247 5 0 0.000000
1653850640034912325 204.929238 4.879652 3 0 0.000000
1653850641467113498 286.436278 3.491130 5 0 0.000000
1653850642488249044 204.223442 4.896510 5 0 0.000000
1653850643508066082 203.951262 4.902840 5 0 0.000000
1653850644528961865 204.174757 4.897660 5 0 0.000000
1653850645345123595 204.036231 4.900989 4 0 0.000000
1653850646366754953 204.321974 4.894134 5 0 0.000000
1653850647386601178 203.965233 4.902700 5 0 0.000000
1653850648407091376 204.093984 4.899606 5 0 0.000000
1653850649430630346 204.703730 4.885012 5 0 0.000000
1653850650451069174 204.083608 4.899853 5 0 0.000000
1653850651472315031 204.245277 4.895981 5 0 0.000000
1653850652491975675 203.928262 4.903592 5 0 0.000000
1653850653515869463 204.774059 4.883319 5 0 0.000000
1653850654535865023 203.994700 4.901982 5 0 0.000000
1653850655352516319 204.158774 4.898051 4 0 0.000000
1653850655965113980 204.195739 4.897178 3 0 0.000000
1653850656984215537 339.695704 2.943769 3 0 0.000000
1653850658411321483 285.416750 3.503594 5 0 0.000000
1653850659432404128 204.212675 4.896763 5 0 0.000000
1653850660452361388 203.987263 4.902166 5 0 0.000000
1653850661475518816 204.627645 4.886834 5 0 0.000000
1653850662500008071 341.492309 2.928288 3 0 0.000000
1653850663521692266 204.332486 4.893880 5 0 0.000000
1653850664542754757 204.208374 4.896860 5 0 0.000000
1653850665359430420 204.165184 4.897905 4 0 0.000000
1653850666381163900 204.342674 4.893644 5 0 0.000000
1653850667402517354 204.267035 4.895465 5 0 0.000000
1653850668423365871 204.165496 4.897886 5 0 0.000000
1653850669444356319 204.194110 4.897205 5 0 0.000000
1653850670466260537 204.376564 4.892826 5 0 0.000000
1653850671488297585 204.403319 4.892191 5 0 0.000000
1653850672508913775 204.118515 4.899001 5 0 0.000000
1653850673531509769 204.514945 4.889516 5 0 0.000000
1653850674555439741 341.305239 2.929888 3 0 0.000000
1653850675168566240 204.368563 4.892954 3 0 0.000000
1653850676390735911 305.538051 3.272868 4 0 0.000000
1653850677412677245 204.384196 4.892649 5 0 0.000000
1653850678435944138 341.084130 2.931786 3 0 0.000000
1653850679456595546 204.125868 4.898832 5 0 0.000000
1653850680476484047 203.973634 4.902497 5 0 0.000000
1653850681498837639 204.466423 4.890676 5 0 0.000000
1653850682522204372 341.118021 2.931500 3 0 0.000000
1653850683547077828 204.970327 4.878651 5 0 0.000000
1653850684159843094 204.250604 4.895839 3 0 0.000000
1653850685382098265 305.559086 3.272639 4 0 0.000000
1653850686402178638 204.011778 4.901575 5 0 0.000000
1653850687422841386 204.127984 4.898778 5 0 0.000000
1653850688445045645 204.436812 4.891390 5 0 0.000000
1653850689468851243 204.757122 4.883740 5 0 0.000000
1653850690490817455 204.389219 4.892530 5 0 0.000000
1653850691512087690 204.250119 4.895864 5 0 0.000000
1653850692535205627 204.619703 4.887022 5 0 0.000000
1653850693557443693 204.443463 4.891229 5 0 0.000000
1653850694374051653 204.147727 4.898311 4 0 0.000000
1653850695394576011 204.100862 4.899442 5 0 0.000000
1653850696005898697 203.770228 4.907392 3 0 0.000000
1653850697442267925 287.269711 3.480999 5 0 0.000000
1653850698462686958 204.079935 4.899948 5 0 0.000000
1653850699483082099 204.074666 4.900063 5 0 0.000000
1653850700505530646 204.485800 4.890222 5 0 0.000000
1653850701530854036 341.770038 2.925906 3 0 0.000000
1653850702551915525 204.207453 4.896865 5 0 0.000000
1653850703568811068 338.960848 2.950155 3 0 0.000000
1653850704181691096 204.289041 4.894922 3 0 0.000000
1653850705405038408 407.778142 2.452288 3 0 0.000000
1653850706429157109 204.815418 4.882247 5 0 0.000000
1653850707450804566 204.325428 4.894056 5 0 0.000000
1653850708473369922 204.509295 4.889663 5 0 0.000000
1653850709288340058 203.738653 4.908155 4 0 0.000000
1653850710511556277 305.799845 3.270068 4 0 0.000000
1653850711534886720 204.662334 4.886007 5 0 0.000000
1653850712555474963 204.110910 4.899135 5 0 0.000000
1653850713579207134 341.239800 2.930454 3 0 0.000000
1653850714396294347 204.267610 4.895438 4 0 0.000000
1653850715417802851 204.297709 4.894722 5 0 0.000000
1653850716440316056 204.498887 4.889912 5 0 0.000000
1653850717462751329 204.482533 4.890285 5 0 0.000000
1653850718488007966 341.748166 2.926097 3 0 0.000000
1653850719510254514 204.444762 4.891188 5 0 0.000000
1653850720531666196 204.278165 4.895186 5 0 0.000000
1653850721552183632 204.099509 4.899475 5 0 0.000000
1653850722574086345 204.376471 4.892834 5 0 0.000000
1653850722982541414 204.223535 4.896499 2 0 0.000000
1653850724415000966 286.487755 3.490500 5 0 0.000000
1653850725436607971 204.316954 4.894250 5 0 0.000000
1653850726048730956 204.037203 4.900976 3 0 0.000000
1653850727480697973 286.389355 3.491701 5 0 0.000000
1653850728504061256 204.668401 4.885850 5 0 0.000000
1653850729525372557 204.257925 4.895667 5 0 0.000000
1653850730546620680 204.245490 4.895970 5 0 0.000000
1653850731569238449 204.519527 4.889412 5 0 0.000000
1653850732593324109 341.357292 2.929442 3 0 0.000000
1653850733411018217 204.419412 4.891805 4 0 0.000000
1653850734432887782 204.369688 4.892992 5 0 0.000000
1653850735453231792 204.065050 4.900308 5 0 0.000000
1653850736475652251 204.475281 4.890356 5 0 0.000000
1653850737088167130 204.167198 4.897840 3 0 0.000000
1653850738513615700 285.082256 3.507668 5 0 0.000000
1653850739535044296 204.281430 4.895105 5 0 0.000000
1653850740557212401 204.429670 4.891563 5 0 0.000000
1653850741578009956 204.155224 4.898131 5 0 0.000000
1653850742395673901 204.412039 4.891985 4 0 0.000000
1653850743414203517 339.505713 2.945422 3 0 0.000000
1653850744434368091 204.026672 4.901170 5 0 0.000000
1653850745455750002 204.272039 4.895329 5 0 0.000000
1653850746481131162 341.789546 2.925741 3 0 0.000000
1653850747503032813 204.376271 4.892839 5 0 0.000000
1653850748524326062 204.254287 4.895754 5 0 0.000000
1653850749546249218 204.380571 4.892736 5 0 0.000000
1653850750568050345 204.356109 4.893320 5 0 0.000000
1653850751588356692 340.097605 2.940293 3 0 0.000000
1653850752608149573 339.925979 2.941774 3 0 0.000000
1653850753220471238 204.102594 4.899386 3 0 0.000000
1653850754449826958 307.334502 3.253737 4 0 0.000000
1653850755471382621 204.307501 4.894496 5 0 0.000000
1653850756493637788 204.446712 4.891147 5 0 0.000000
1653850757515049150 204.278306 4.895187 5 0 0.000000
1653850758332288543 204.305783 4.894527 4 0 0.000000
1653850759560616247 307.077460 3.256460 4 0 0.000000
1653850760584258166 204.723942 4.884521 5 0 0.000000
1653850761607052504 204.554361 4.888568 5 0 0.000000
1653850762424798231 204.432450 4.891496 4 0 0.000000
1653850763038808998 204.665951 4.885908 3 0 0.000000
1653850764467699148 285.771302 3.499219 5 0 0.000000
1653850765488693185 204.194197 4.897188 5 0 0.000000
1653850766510964710 204.445570 4.891068 5 0 0.000000
1653850767534828592 204.768660 4.883462 5 0 0.000000
1653850768556102265 204.250511 4.895847 5 0 0.000000
1653850769578099559 204.395473 4.892381 5 0 0.000000
1653850770598638063 204.104065 4.899374 5 0 0.000000
1653850771620712661 204.410826 4.892011 5 0 0.000000
1653850772437808331 204.269802 4.895388 4 0 0.000000
1653850773457429686 203.916529 4.903780 5 0 0.000000
1653850774274362984 204.229238 4.896362 4 0 0.000000
1653850775498344641 305.991359 3.268023 4 0 0.000000
1653850776519177189 204.162061 4.897963 5 0 0.000000
1653850777540910626 204.342685 4.893644 5 0 0.000000
1653850778561854894 204.184631 4.897427 5 0 0.000000
1653850779583727935 204.370341 4.892976 5 0 0.000000
1653850780604913641 204.233268 4.896269 5 0 0.000000
1653850781627436672 204.500046 4.889865 5 0 0.000000
1653850782446381599 204.731986 4.884333 4 0 0.000000
1653850783471400360 204.999129 4.877959 5 0 0.000000
1653850784494072422 204.530075 4.889153 5 0 0.000000
1653850785512762601 339.559215 2.944958 3 0 0.000000
1653850786530842547 339.355382 2.946723 3 0 0.000000
1653850787555070314 204.840973 4.881727 5 0 0.000000
1653850788576051295 204.191807 4.897251 5 0 0.000000
1653850789192632944 616.577038 1.621845 1 0 0.000000
1653850790624244812 477.199105 2.095540 3 0 0.000000
1653850791441570800 204.324083 4.894008 4 0 0.000000
1653850792462466617 204.175146 4.897660 5 0 0.000000
1653850793480797095 339.439053 2.945998 3 0 0.000000
1653850794498992652 339.393761 2.946389 3 0 0.000000
1653850795520701735 204.337630 4.893761 5 0 0.000000
1653850796543167416 204.489101 4.890140 5 0 0.000000
1653850797561519176 339.445867 2.945937 3 0 0.000000
1653850798378340336 204.201276 4.897033 4 0 0.000000
1653850799192863412 407.256333 2.455425 2 0 0.000000
1653850800414771975 305.468331 3.273567 4 0 0.000000
1653850801643950951 307.290132 3.254205 4 0 0.000000
1653850802460477319 204.127350 4.898801 4 0 0.000000
1653850803483930818 204.685241 4.885420 5 0 0.000000
1653850804508022613 204.814415 4.882375 5 0 0.000000
1653850805529251503 204.242077 4.896062 5 0 0.000000
1653850806549975175 204.140766 4.898485 5 0 0.000000
1653850807162954668 204.322587 4.894128 3 0 0.000000
1653850808599589910 287.322783 3.480355 5 0 0.000000
1653850809624744848 205.026853 4.877312 5 0 0.000000
1653850810646800201 204.406721 4.892103 5 0 0.000000
1653850811464286104 204.367589 4.893051 4 0 0.000000
1653850812488663799 341.454912 2.928607 3 0 0.000000
1653850813511829039 204.628902 4.886796 5 0 0.000000
1653850814535629614 204.755628 4.883764 5 0 0.000000
1653850815557747603 204.419755 4.891803 5 0 0.000000
1653850816578599306 340.279796 2.938723 3 0 0.000000
1653850817192291739 204.559457 4.888442 3 0 0.000000
1653850818415331920 305.755467 3.270539 4 0 0.000000
1653850819640452263 408.368912 2.448739 3 0 0.000000
1653850820662347416 204.374940 4.892870 5 0 0.000000
1653850821479917698 204.384037 4.892546 4 0 0.000000
1653850821684311279 204.389762 4.892521 1 0 0.000000
1653850823528905756 368.913967 2.710623 5 0 0.000000
1653850824548999015 510.042600 1.960605 2 0 0.000000
1653850825572119284 204.619918 4.887011 5 0 0.000000
1653850826593665842 204.303657 4.894539 5 0 0.000000
1653850827615261612 204.309968 4.894304 5 0 0.000000
1653850828636532499 204.249857 4.895861 5 0 0.000000
1653850829661551099 204.995330 4.877960 5 0 0.000000
1653850830478255276 204.172313 4.897734 4 0 0.000000
1653850831091366392 204.366475 4.893077 3 0 0.000000
1653850832524146536 477.588854 2.093831 3 0 0.000000
1653850833543272647 339.704506 2.943698 3 0 0.000000
1653850834566156862 204.568637 4.888139 5 0 0.000000
1653850835590830487 204.930755 4.879603 5 0 0.000000
1653850836612051473 204.240092 4.896100 5 0 0.000000
1653850837632258908 204.037409 4.900964 5 0 0.000000
1653850838652878987 204.119713 4.898983 5 0 0.000000
1653850839674918898 204.400538 4.892177 5 0 0.000000
1653850840493811067 204.718845 4.884648 4 0 0.000000
1653850841312295530 204.616856 4.887081 4 0 0.000000
1653850842540203282 306.968024 3.257574 4 0 0.000000
1653850843562871017 204.529147 4.889174 5 0 0.000000
1653850844585080507 204.437760 4.891365 5 0 0.000000
1653850845607225433 204.421674 4.891674 5 0 0.000000
1653850846628974194 204.340189 4.893571 5 0 0.000000
1653850847651879776 204.577095 4.888037 5 0 0.000000
1653850848674332177 204.486386 4.890203 5 0 0.000000
1653850849498043154 411.851231 2.428036 2 0 0.000000
1653850850519859296 204.358980 4.893248 5 0 0.000000
1653850851541596705 204.340039 4.893625 5 0 0.000000
1653850852564810274 204.638563 4.886565 5 0 0.000000
1653850853585725492 204.179173 4.897566 5 0 0.000000
1653850854611768148 342.009703 2.923855 3 0 0.000000
1653850855633098152 204.258201 4.895577 5 0 0.000000
1653850856653639248 340.169066 2.939617 3 0 0.000000
1653850857675882053 204.444533 4.891206 5 0 0.000000
1653850858493854250 204.488560 4.890142 4 0 0.000000
1653850859517214494 204.667928 4.885865 5 0 0.000000
1653850860540918088 341.230300 2.930536 3 0 0.000000
1653850861564048141 204.621315 4.886964 5 0 0.000000
1653850862587444042 204.674338 4.885695 5 0 0.000000
1653850863609941800 204.495239 4.889986 5 0 0.000000
1653850864632126915 204.432925 4.891482 5 0 0.000000
1653850865650500132 339.453554 2.945875 3 0 0.000000
1653850866671763795 204.248273 4.895896 5 0 0.000000
1653850867694375252 204.518291 4.889443 5 0 0.000000
1653850868512247033 204.462311 4.890742 4 0 0.000000
1653850869529886008 339.208398 2.948000 3 0 0.000000
1653850870551914873 204.401370 4.892230 5 0 0.000000
1653850871574750076 204.562971 4.888373 5 0 0.000000
1653850872596149529 204.275685 4.895244 5 0 0.000000
1653850873618208659 204.407042 4.892085 5 0 0.000000
1653850874641394633 204.633281 4.886697 5 0 0.000000
1653850875665124926 341.239168 2.930459 3 0 0.000000
1653850876688254220 204.621023 4.886968 5 0 0.000000
1653850877506475989 204.551443 4.888650 4 0 0.000000
1653850878324990412 204.624585 4.886902 4 0 0.000000
1653850879548570414 305.890416 3.269096 4 0 0.000000
1653850880574081771 341.828277 2.925370 3 0 0.000000
1653850881394635260 410.271615 2.437379 2 0 0.000000
1653850882623587110 307.233642 3.254806 4 0 0.000000
1653850883647805965 341.401883 2.929061 3 0 0.000000
1653850884468587303 205.190859 4.873405 4 0 0.000000
1653850885697661032 307.264236 3.254483 4 0 0.000000
1653850886515416148 204.434000 4.891440 4 0 0.000000
1653850887537331670 204.375459 4.892772 5 0 0.000000
1653850888560441891 204.618104 4.887059 5 0 0.000000
1653850889585029854 204.913374 4.880010 5 0 0.000000
1653850890608050220 204.595994 4.887488 5 0 0.000000
1653850891627467324 339.801250 2.942858 3 0 0.000000
1653850892649774112 204.456930 4.890900 5 0 0.000000
1653850893672403606 204.521915 4.889356 5 0 0.000000
1653850894695045506 204.524342 4.889297 5 0 0.000000
1653850895717161176 204.419209 4.891814 5 0 0.000000
1653850896534354437 204.294237 4.894803 4 0 0.000000
1653850897555945591 204.314000 4.894326 5 0 0.000000
1653850898582218484 205.250212 4.871999 5 0 0.000000
1653850899605211750 204.594763 4.887618 5 0 0.000000
1653850900626662637 204.286032 4.894998 5 0 0.000000
1653850901648921671 204.443578 4.891128 5 0 0.000000
1653850902673753416 204.962062 4.878850 5 0 0.000000
1653850903492607099 204.709163 4.884878 4 0 0.000000
1653850904722756399 307.533182 3.251638 4 0 0.000000
1653850905541700970 204.731755 4.884335 4 0 0.000000
1653850906560692615 339.659473 2.944087 3 0 0.000000
1653850907583382227 204.534022 4.889069 5 0 0.000000
1653850908606857218 204.690907 4.885317 5 0 0.000000
1653850909628600530 204.340455 4.893597 5 0 0.000000
1653850910651601361 204.595885 4.887582 5 0 0.000000
1653850911674301893 204.535196 4.889017 5 0 0.000000
1653850912697597946 204.654812 4.886171 5 0 0.000000
1653850913716307598 339.561331 2.944902 3 0 0.000000
1653850914534451882 204.531017 4.889113 4 0 0.000000
1653850915557343839 204.574527 4.888102 5 0 0.000000
1653850916579585976 204.444331 4.891209 5 0 0.000000
1653850917398003671 204.600533 4.887480 4 0 0.000000
1653850918621746330 305.931519 3.268661 4 0 0.000000
1653850919643877754 204.422185 4.891739 5 0 0.000000
1653850920665804189 204.381174 4.892720 5 0 0.000000
1653850921688479150 204.530911 4.889139 5 0 0.000000
1653850922714460377 205.191411 4.873384 5 0 0.000000
1653850923734333780 339.953749 2.941542 3 0 0.000000
1653850924551643803 204.323226 4.894104 4 0 0.000000
1653850925573874302 204.442109 4.891265 5 0 0.000000
1653850926597197366 204.660512 4.886043 5 0 0.000000
1653850927619281538 204.412856 4.891965 5 0 0.000000
1653850928637501887 339.402383 2.946317 3 0 0.000000
1653850929661248303 204.745158 4.884022 5 0 0.000000
1653850930680302940 339.680542 2.943905 3 0 0.000000
1653850931702188095 204.372953 4.892918 5 0 0.000000
1653850932725850637 204.727326 4.884422 5 0 0.000000
1653850933544624695 204.689401 4.885353 4 0 0.000000
1653850934567512494 204.573385 4.888122 5 0 0.000000
1653850935590509928 204.595548 4.887598 5 0 0.000000
1653850936613956879 204.685433 4.885451 5 0 0.000000
1653850937635145463 204.233353 4.896255 5 0 0.000000
1653850938658487358 204.664220 4.885953 5 0 0.000000
1653850939681551647 204.608680 4.887278 5 0 0.000000
1653850940703104790 340.513495 2.936705 3 0 0.000000
1653850941726929169 204.760754 4.883650 5 0 0.000000
1653850942135516221 204.289546 4.894918 2 0 0.000000
1653850943571751914 287.243023 3.481323 5 0 0.000000
1653850944594781446 204.601808 4.887444 5 0 0.000000
1653850945617683767 204.576300 4.888052 5 0 0.000000
1653850946644945520 342.416166 2.920385 3 0 0.000000
1653850947667230417 204.452936 4.891004 5 0 0.000000
1653850948486908981 204.915530 4.879962 4 0 0.000000
1653850949719764211 308.209091 3.244501 4 0 0.000000
1653850950742448783 204.532609 4.889093 5 0 0.000000
1653850951562283547 409.913360 2.439516 2 0 0.000000
1653850952584164892 204.371834 4.892936 5 0 0.000000
1653850953403468833 204.821660 4.882193 4 0 0.000000
1653850954634989477 307.875689 3.248017 4 0 0.000000
1653850955658233076 204.644389 4.886422 5 0 0.000000
1653850956680311539 204.411435 4.891992 5 0 0.000000
1653850957704295724 204.792545 4.882888 5 0 0.000000
1653850958727258919 204.587963 4.887761 5 0 0.000000
1653850959752371237 205.018309 4.877514 5 0 0.000000
1653850960570931167 204.635751 4.886631 4 0 0.000000
1653850961593728936 204.555578 4.888552 5 0 0.000000
1653850962616413271 204.532510 4.889094 5 0 0.000000
1653850963639074627 204.527783 4.889204 5 0 0.000000
1653850964663808407 204.938439 4.879316 5 0 0.000000
1653850965687535636 204.741402 4.884114 5 0 0.000000
1653850966710441937 204.576631 4.888033 5 0 0.000000
1653850967733922638 204.691996 4.885290 5 0 0.000000
1653850968757198949 204.651276 4.886266 5 0 0.000000
1653850969577283186 205.012370 4.877548 4 0 0.000000
1653850970601037758 204.739700 4.883983 5 0 0.000000
1653850971624764139 204.741024 4.884118 5 0 0.000000
1653850972648661473 204.775550 4.883302 5 0 0.000000
1653850973671400904 204.543774 4.888831 5 0 0.000000
1653850974492426168 205.252288 4.871957 4 0 0.000000
1653850975717637477 306.298006 3.264743 4 0 0.000000
1653850976742074452 204.883049 4.880730 5 0 0.000000
1653850977764909400 204.562442 4.888374 5 0 0.000000
1653850978584342067 204.853950 4.881426 4 0 0.000000
1653850979608680458 204.863289 4.881199 5 0 0.000000
1653850980631581786 204.576006 4.888057 5 0 0.000000
1653850981656875953 205.054793 4.876649 5 0 0.000000
1653850982680111158 204.635622 4.886462 5 0 0.000000
1653850983699785695 339.887267 2.942115 3 0 0.000000
1653850984722122431 204.462766 4.890757 5 0 0.000000
1653850985336706608 204.851546 4.881349 3 0 0.000000
1653850986764114349 285.477095 3.502853 5 0 0.000000
1653850987581905670 204.443307 4.891223 4 0 0.000000
1653850988605007573 204.616051 4.887099 5 0 0.000000
1653850989627590169 204.512111 4.889581 5 0 0.000000
1653850990447149608 204.885984 4.880671 4 0 0.000000
1653850991671282324 306.028150 3.267620 4 0 0.000000
1653850992285372178 204.692237 4.885279 3 0 0.000000
1653850993715273974 285.975201 3.496744 5 0 0.000000
1653850994740879210 205.116633 4.875170 5 0 0.000000
1653850995764370645 341.158862 2.931143 3 0 0.000000
1653850996583772152 204.845895 4.881612 4 0 0.000000
1653850997403532575 204.935615 4.879474 4 0 0.000000
1653850998633373322 307.455650 3.252454 4 0 0.000000
1653850999656743338 204.669238 4.885818 5 0 0.000000
1653851000679671707 204.581592 4.887928 5 0 0.000000
1653851001701592508 204.380286 4.892747 5 0 0.000000
1653851002724843171 204.646276 4.886388 5 0 0.000000
1653851003748827082 204.792595 4.882889 5 0 0.000000
1653851004770498388 204.329934 4.893942 5 0 0.000000
1653851005590084570 204.892695 4.880512 4 0 0.000000
1653851006614048530 204.788876 4.882984 5 0 0.000000
1653851007633857079 339.931834 2.941729 3 0 0.000000
1653851008659217579 205.067818 4.876334 5 0 0.000000
1653851009681963138 204.545072 4.888802 5 0 0.000000
1653851010705508857 204.705116 4.884980 5 0 0.000000
1653851011730332112 204.959812 4.878890 5 0 0.000000
1653851012754528387 204.834850 4.881877 5 0 0.000000
1653851013778719247 204.832547 4.881903 5 0 0.000000
1653851014596881751 204.536697 4.889004 4 0 0.000000
1653851015621207371 204.860956 4.881260 5 0 0.000000
1653851016644570719 204.668636 4.885850 5 0 0.000000
1653851017260081762 205.165588 4.873999 3 0 0.000000
1653851018694511680 286.881240 3.485705 5 0 0.000000
1653851019713712748 339.729200 2.943482 3 0 0.000000
1653851020737260470 204.705523 4.884970 5 0 0.000000
1653851021761392438 204.822418 4.882183 5 0 0.000000
1653851022789163220 205.549963 4.864898 5 0 0.000000
1653851023608507766 204.831848 4.881951 4 0 0.000000
1653851024631035020 204.501161 4.889845 5 0 0.000000
1653851025245586005 204.846192 4.881613 3 0 0.000000
1653851026676594578 357.747785 2.795231 4 0 0.000000
1653851027700807430 204.838332 4.881798 5 0 0.000000
1653851028725525207 204.934759 4.879392 5 0 0.000000
1653851029749604927 204.811719 4.882432 5 0 0.000000
1653851030363134631 204.505826 4.889739 3 0 0.000000
1653851031794173875 286.203285 3.493964 5 0 0.000000
1653851032614557456 205.091896 4.875768 4 0 0.000000
1653851033636729941 204.430296 4.891542 5 0 0.000000
1653851034664683367 342.646645 2.918420 3 0 0.000000
1653851035687513851 204.561901 4.888396 5 0 0.000000
1653851036711233260 204.739510 4.884151 5 0 0.000000
1653851037733695335 204.487939 4.890157 5 0 0.000000
1653851038759560051 205.168725 4.873937 5 0 0.000000
1653851039782980331 204.679900 4.885578 5 0 0.000000
1653851040805482648 204.496248 4.889964 5 0 0.000000
1653851041624568735 204.766904 4.883492 4 0 0.000000
1653851042649500088 204.982166 4.878375 5 0 0.000000
1653851043672601702 204.610874 4.887100 5 0 0.000000
1653851044698285989 205.132830 4.874794 5 0 0.000000
1653851045311538095 204.413518 4.891952 3 0 0.000000
1653851046742454771 476.966293 2.096558 3 0 0.000000
1653851047765403874 204.585782 4.887829 5 0 0.000000
1653851048789243707 204.763779 4.883576 5 0 0.000000
1653851049813524708 204.852154 4.881473 5 0 0.000000
1653851050633416461 204.968980 4.878693 4 0 0.000000
1653851051658342706 204.981124 4.878400 5 0 0.000000
1653851052685741456 342.462007 2.919996 3 0 0.000000
1653851053709738094 204.794884 4.882828 5 0 0.000000
1653851054325991815 205.413328 4.868125 3 0 0.000000
1653851055754458965 285.689264 3.500255 5 0 0.000000
1653851056784678789 1030.212667 0.970667 1 0 0.000000
1653851057809033085 204.863580 4.881124 5 0 0.000000
1653851058629394326 205.086311 4.875901 4 0 0.000000
1653851059652732336 204.663634 4.885971 5 0 0.000000
1653851060692894279 208.028362 4.806944 5 0 0.000000
1653851061718827647 205.181929 4.873611 5 0 0.000000
1653851062741335752 204.497407 4.889937 5 0 0.000000
1653851063765301937 204.788408 4.882974 5 0 0.000000
1653851064790910420 205.117170 4.875155 5 0 0.000000
1653851065816054024 205.024323 4.877365 5 0 0.000000
1653851066636049998 204.994780 4.878073 4 0 0.000000
1653851067659575622 204.700989 4.885075 5 0 0.000000
1653851068684568660 341.660534 2.926849 3 0 0.000000
1653851069708916057 204.864901 4.881157 5 0 0.000000
1653851070733063560 204.825525 4.882109 5 0 0.000000
1653851071758134158 205.009784 4.877713 5 0 0.000000
1653851072782578662 204.883891 4.880694 5 0 0.000000
1653851073807331334 204.946279 4.879226 5 0 0.000000
1653851074831881473 204.905872 4.880191 5 0 0.000000
1653851075652842826 205.235896 4.872337 4 0 0.000000
1653851076676084828 204.644179 4.886430 5 0 0.000000
1653851077700135182 204.805972 4.882572 5 0 0.000000
1653851078725547611 341.799255 2.925652 3 0 0.000000
1653851079751231111 205.132293 4.874798 5 0 0.000000
1653851080571599747 205.087927 4.875857 4 0 0.000000
1653851081802508222 307.722548 3.249632 4 0 0.000000
1653851082830946506 205.683126 4.861741 5 0 0.000000
1653851083650356908 204.848444 4.881559 4 0 0.000000
1653851084675066408 204.931811 4.879432 5 0 0.000000
1653851085699013252 204.785326 4.883066 5 0 0.000000
1653851086723985603 204.990481 4.878180 5 0 0.000000
1653851087744020645 340.007335 2.941075 3 0 0.000000
1653851088766508332 204.490599 4.890034 5 0 0.000000
1653851089791371064 204.968313 4.878702 5 0 0.000000
1653851090817693135 205.260606 4.871765 5 0 0.000000
1653851091841824617 204.822291 4.882186 5 0 0.000000
1653851092660847075 204.751634 4.883871 4 0 0.000000
1653851093686654632 205.157539 4.874209 5 0 0.000000
1653851094709771259 204.619687 4.887028 5 0 0.000000
1653851095736591016 205.359802 4.869404 5 0 0.000000
1653851096761714974 205.018224 4.877459 5 0 0.000000
1653851097784785031 204.610365 4.887251 5 0 0.000000
1653851098808152242 204.669661 4.885832 5 0 0.000000
1653851099831789977 204.723027 4.884541 5 0 0.000000
1653851100651145129 204.834622 4.881888 4 0 0.000000
1653851101676381725 205.042716 4.876923 5 0 0.000000
1653851102700332038 204.782584 4.883049 5 0 0.000000
1653851103727217521 342.290917 2.921455 3 0 0.000000
1653851104745899403 339.555681 2.944982 3 0 0.000000
1653851105564526583 204.652560 4.886229 4 0 0.000000
1653851106793257811 307.178239 3.255391 4 0 0.000000
1653851107818269391 204.998129 4.877994 5 0 0.000000
1653851108841489833 204.639677 4.886533 5 0 0.000000
1653851109661387503 204.970199 4.878658 4 0 0.000000
1653851110684807139 204.679761 4.885581 5 0 0.000000
1653851111709615722 204.957524 4.878960 5 0 0.000000
1653851112734195461 204.911642 4.880050 5 0 0.000000
1653851113760377698 205.232000 4.872429 5 0 0.000000
1653851114784704342 204.856342 4.881255 5 0 0.000000
1653851115399635285 204.972800 4.878597 3 0 0.000000
1653851116829349805 285.938953 3.497202 5 0 0.000000
1653851117852386354 204.603328 4.887411 5 0 0.000000
1653851118667239963 407.421933 2.454429 2 0 0.000000
1653851119692206723 204.989505 4.878207 5 0 0.000000
1653851120511325501 204.775612 4.883297 4 0 0.000000
1653851121737199304 306.464449 3.262979 4 0 0.000000
1653851122758904924 340.562494 2.936267 3 0 0.000000
1653851123783725067 204.887480 4.878905 5 0 0.000000
1653851124808164682 204.883088 4.880717 5 0 0.000000
1653851125834165094 205.190673 4.873293 5 0 0.000000
1653851126859471072 205.057150 4.876593 5 0 0.000000
1653851127679682846 205.048551 4.876789 4 0 0.000000
1653851128706611140 205.381432 4.868889 5 0 0.000000
1653851129731333273 204.939760 4.879371 5 0 0.000000
1653851130755993341 204.927954 4.879667 5 0 0.000000
1653851131776535900 340.175058 2.939613 3 0 0.000000
1653851132800527000 204.794009 4.882855 5 0 0.000000
1653851133415889072 205.115537 4.875179 3 0 0.000000
1653851134853371549 287.491787 3.478303 5 0 0.000000
1653851135674372899 205.245978 4.872099 4 0 0.000000
1653851136699889208 205.098896 4.875593 5 0 0.000000
1653851137726807362 205.379099 4.868937 5 0 0.000000
1653851138750117128 204.657028 4.886106 5 0 0.000000
1653851139775421492 341.763738 2.925960 3 0 0.000000
1653851140799799197 204.871484 4.881012 5 0 0.000000
1653851141826425109 205.320895 4.870323 5 0 0.000000
1653851142851839710 205.072741 4.876076 5 0 0.000000
1653851143875199171 204.667585 4.885869 5 0 0.000000
1653851144694587246 204.842643 4.881692 4 0 0.000000
1653851145718345396 204.747612 4.883966 5 0 0.000000
1653851146745049875 205.336440 4.869951 5 0 0.000000
1653851147773963229 342.967096 2.915697 3 0 0.000000
1653851148799909347 205.184614 4.873550 5 0 0.000000
1653851149824245088 204.858813 4.881212 5 0 0.000000
1653851150849942395 205.134901 4.874733 5 0 0.000000
1653851151876112807 205.229658 4.872485 5 0 0.000000
1653851152694838392 204.677198 4.885642 4 0 0.000000
1653851153718725241 204.773303 4.883352 5 0 0.000000
1653851154743838814 205.018411 4.877508 5 0 0.000000
1653851155768789416 204.986121 4.878284 5 0 0.000000
1653851156792938272 204.825882 4.882103 5 0 0.000000
1653851157818660932 205.140650 4.874612 5 0 0.000000
1653851158844634929 205.191070 4.873418 5 0 0.000000
1653851159664812016 205.040173 4.876996 4 0 0.000000
1653851160687541888 340.906135 2.933326 3 0 0.000000
1653851161714384188 205.364457 4.869297 5 0 0.000000
1653851162738866579 204.892379 4.880513 5 0 0.000000
1653851163763689433 204.960074 4.878892 5 0 0.000000
1653851164787704871 204.798514 4.882739 5 0 0.000000
1653851165814124039 205.279765 4.871304 5 0 0.000000
1653851166842675406 205.706094 4.861206 5 0 0.000000
1653851167867456733 204.952183 4.879090 5 0 0.000000
1653851168891512845 204.807120 4.882545 5 0 0.000000
1653851169711396071 204.967297 4.878744 4 0 0.000000
1653851170737136687 341.909349 2.924716 3 0 0.000000
1653851171353939824 205.596502 4.863789 3 0 0.000000
1653851172792239811 287.656053 3.476326 5 0 0.000000
1653851173818770448 205.302114 4.870775 5 0 0.000000
1653851174844780848 205.198148 4.873245 5 0 0.000000
1653851175871046703 205.248481 4.872032 5 0 0.000000
1653851176897414833 205.269439 4.871547 5 0 0.000000
1653851177715532658 204.520996 4.889271 4 0 0.000000
1653851178739757056 204.840513 4.881743 5 0 0.000000
1653851179762449699 204.534348 4.889054 5 0 0.000000
1653851180377660750 205.066556 4.876375 3 0 0.000000
1653851181816710307 287.805460 3.474516 5 0 0.000000
1653851182840523902 204.758880 4.883702 5 0 0.000000
1653851183455571110 205.011688 4.877674 3 0 0.000000
1653851184890844994 287.050120 3.483656 5 0 0.000000
1653851185710407411 204.886204 4.880653 4 0 0.000000
1653851186737977194 205.509545 4.865850 5 0 0.000000
1653851187763537443 205.107614 4.875384 5 0 0.000000
1653851188788718403 205.031787 4.877188 5 0 0.000000
1653851189812431143 204.738469 4.884183 5 0 0.000000
1653851190835685714 204.647188 4.886370 5 0 0.000000
1653851191860984335 205.055749 4.876628 5 0 0.000000
1653851192888024895 205.403956 4.868357 5 0 0.000000
1653851193709303994 205.315376 4.870451 4 0 0.000000
1653851194733749064 204.885043 4.880691 5 0 0.000000
1653851195759395133 205.123036 4.874976 5 0 0.000000
1653851196785993721 205.311073 4.870453 5 0 0.000000
1653851197811538519 205.104282 4.875457 5 0 0.000000
1653851198838880283 205.461531 4.866930 5 0 0.000000
1653851199864476325 205.115087 4.875214 5 0 0.000000
1653851200685505623 205.253088 4.871933 4 0 0.000000
1653851201912811105 306.815719 3.259172 4 0 0.000000
1653851202733817625 205.247625 4.872068 4 0 0.000000
1653851203758574847 204.947062 4.879204 5 0 0.000000
1653851204374880042 205.430555 4.867719 3 0 0.000000
1653851205814687244 287.956491 3.472687 5 0 0.000000
1653851206836924659 340.741291 2.934739 3 0 0.000000
1653851207860627779 204.736342 4.884229 5 0 0.000000
1653851208889554611 342.971044 2.915659 3 0 0.000000
1653851209908542288 339.658565 2.944098 3 0 0.000000
1653851210728471334 204.977767 4.878471 4 0 0.000000
1653851211753789916 205.059466 4.876533 5 0 0.000000
1653851212774161433 340.118978 2.940106 3 0 0.000000
1653851213799679196 205.099108 4.875586 5 0 0.000000
1653851214825244649 205.109200 4.875359 5 0 0.000000
1653851215646010883 205.187928 4.873495 4 0 0.000000
1653851216878152226 308.030671 3.246381 4 0 0.000000
1653851217903232920 205.011881 4.877665 5 0 0.000000
1653851218928544670 205.058281 4.876566 5 0 0.000000
1653851219748193232 204.908447 4.880140 4 0 0.000000
1653851220773229738 205.003303 4.877875 5 0 0.000000
1653851221800182043 342.312934 2.921265 3 0 0.000000
1653851222832342373 344.048563 2.906525 3 0 0.000000
1653851223651754426 204.848789 4.881549 4 0 0.000000
1653851224467508671 407.873003 2.451719 2 0 0.000000
1653851225906829167 287.859252 3.473861 5 0 0.000000
1653851226933612313 342.256767 2.921746 3 0 0.000000
1653851227752643714 204.753163 4.883818 4 0 0.000000
1653851228779183942 205.303615 4.870730 5 0 0.000000
1653851229799486456 340.096282 2.940304 3 0 0.000000
1653851230827648454 342.716183 2.917828 3 0 0.000000
1653851231865724259 207.610209 4.816604 5 0 0.000000
1653851232890055680 204.862040 4.881233 5 0 0.000000
1653851233913327977 341.086252 2.931771 3 0 0.000000
1653851234736059083 205.678851 4.861856 4 0 0.000000
1653851235764856701 205.755471 4.860042 5 0 0.000000
1653851236791461920 205.316921 4.870421 5 0 0.000000
1653851237817290901 205.161580 4.874107 5 0 0.000000
1653851238842974934 205.132476 4.874796 5 0 0.000000
1653851239866923808 204.785959 4.883056 5 0 0.000000
1653851240893025722 205.214462 4.872810 5 0 0.000000
1653851241918856403 205.162382 4.874099 5 0 0.000000
1653851242738405805 204.882708 4.880731 4 0 0.000000
1653851243767103409 205.734889 4.860515 5 0 0.000000
1653851244793950096 205.365226 4.869276 5 0 0.000000
1653851245820891822 205.383885 4.868825 5 0 0.000000
1653851246845338271 204.884884 4.880685 5 0 0.000000
1653851247872512986 205.430586 4.867721 5 0 0.000000
1653851248900025323 205.498355 4.866121 5 0 0.000000
1653851249927887921 205.567560 4.864464 5 0 0.000000
1653851250748590575 205.171323 4.873872 4 0 0.000000
1653851251777472994 205.772273 4.859642 5 0 0.000000
1653851252802633571 205.027879 4.877285 5 0 0.000000
1653851253828495331 205.168229 4.873951 5 0 0.000000
1653851254854051223 205.103445 4.875405 5 0 0.000000
