1653850390010355234 284.936723 3.508540 3 0 0.000000
1653850391048527233 207.629543 4.816158 5 0 0.000000
1653850391256075655 207.543040 4.818153 1 0 0.000000
1653850393106541324 370.087575 2.702023 5 0 0.000000
1653850393971604697 216.260503 4.623939 4 0 0.000000
1653850394996077992 341.479084 2.928334 3 0 0.000000
1653850396024756083 205.727917 4.860607 5 0 0.000000
1653850397060941285 345.380751 2.895235 3 0 0.000000
1653850397881910350 410.479028 2.436145 2 0 0.000000
1653850399114761690 308.207195 3.244511 4 0 0.000000
1653850400140523767 205.146369 4.874425 5 0 0.000000
1653850401163408394 204.571821 4.888137 5 0 0.000000
1653850401983659598 205.058584 4.876555 4 0 0.000000
1653850403009004119 205.063853 4.876410 5 0 0.000000
1653850403829386879 205.090053 4.875773 4 0 0.000000
1653850405061156002 307.936964 3.247362 4 0 0.000000
1653850406084664403 204.696275 4.885158 5 0 0.000000
1653850407108537991 204.769651 4.883415 5 0 0.000000
1653850408129817071 204.250963 4.895821 5 0 0.000000
1653850409151044876 204.240269 4.896067 5 0 0.000000
1653850409968646477 204.394662 4.892358 4 0 0.000000
1653850410991630961 204.591816 4.887660 5 0 0.000000
1653850412013664260 204.401514 4.892209 5 0 0.000000
1653850413034706019 204.202415 4.896959 5 0 0.000000
1653850414057125891 204.475360 4.890359 5 0 0.000000
1653850414672982490 205.280705 4.871264 3 0 0.000000
1653850416107918523 286.982052 3.484476 5 0 0.000000
1653850417129985714 204.404325 4.892046 5 0 0.000000
1653850418151061981 204.209995 4.896794 5 0 0.000000
1653850418969445957 204.590749 4.887681 4 0 0.000000
1653850419987908119 339.482120 2.945618 3 0 0.000000
1653850421009737568 204.360719 4.893184 5 0 0.000000
1653850422030954631 204.238388 4.896119 5 0 0.000000
1653850422848093380 204.274737 4.895129 4 0 0.000000
1653850424071571767 305.864088 3.269367 4 0 0.000000
1653850424684800307 204.403362 4.892140 3 0 0.000000
1653850426112289792 285.492553 3.502653 5 0 0.000000
1653850427137883978 341.860432 2.925134 3 0 0.000000
1653850428158803433 204.178330 4.897546 5 0 0.000000
1653850429177588169 203.752070 4.907808 5 0 0.000000
1653850429994336141 204.182049 4.897472 4 0 0.000000
1653850431016935308 204.514741 4.889501 5 0 0.000000
1653850432038556432 340.535392 2.936509 3 0 0.000000
1653850433058339273 203.951234 4.903005 5 0 0.000000
1653850434076287618 203.584821 4.911840 5 0 0.000000
1653850435095193567 203.775909 4.907224 5 0 0.000000
1653850436113629777 203.682282 4.909488 5 0 0.000000
1653850436927350580 203.425974 4.915691 4 0 0.000000
1653850438149300164 407.311812 2.455093 3 0 0.000000
1653850438964213495 203.723040 4.908497 4 0 0.000000
1653850440184176114 304.985905 3.278789 4 0 0.000000
1653850440794548118 203.453075 4.915036 3 0 0.000000
1653850442021991673 306.855616 3.258806 4 0 0.000000
1653850443044613369 340.868832 2.933636 3 0 0.000000
1653850443655646773 203.672972 4.909715 3 0 0.000000
1653850445079062161 284.678084 3.512678 5 0 0.000000
1653850446098002966 203.783410 4.907056 5 0 0.000000
1653850447119780807 204.350857 4.893432 5 0 0.000000
1653850448138769552 203.792563 4.906826 5 0 0.000000
1653850448952651541 406.935714 2.457359 2 0 0.000000
1653850450178219068 306.386558 3.263794 4 0 0.000000
1653850450787770217 203.179636 4.921654 3 0 0.000000
1653850452009130694 305.335331 3.275036 4 0 0.000000
1653850453030371957 340.409000 2.937602 3 0 0.000000
1653850454048816359 339.476501 2.945669 3 0 0.000000
1653850454659633886 203.601028 4.911451 3 0 0.000000
1653850456087443900 285.557047 3.501866 5 0 0.000000
1653850457105440937 203.595045 4.911606 5 0 0.000000
1653850458123738280 203.654965 4.910157 5 0 0.000000
1653850459142594543 203.766906 4.907464 5 0 0.000000
1653850460163935332 340.442120 2.937315 3 0 0.000000
1653850461182994671 339.681039 2.943891 3 0 0.000000
1653850462202669635 203.930481 4.903523 5 0 0.000000
1653850463018400628 203.928419 4.903577 4 0 0.000000
1653850464038543930 204.024351 4.901272 5 0 0.000000
1653850465058872760 204.061217 4.900381 5 0 0.000000
1653850466078917783 204.004699 4.901744 5 0 0.000000
1653850467097954958 203.803512 4.906592 5 0 0.000000
1653850468118102313 204.024890 4.901253 5 0 0.000000
1653850469137796846 203.933923 4.903429 5 0 0.000000
1653850470156023772 339.403661 2.946298 3 0 0.000000
1653850471175026255 203.795006 4.906759 5 0 0.000000
1653850472193599355 203.709742 4.908828 5 0 0.000000
1653850473212716513 203.818864 4.906207 5 0 0.000000
1653850474029245506 204.126928 4.898785 4 0 0.000000
1653850475048832717 203.912889 4.903945 5 0 0.000000
1653850476067043954 203.637597 4.910573 5 0 0.000000
1653850477087261827 204.033053 4.900914 5 0 0.000000
1653850478106618010 203.866180 4.905057 5 0 0.000000
1653850478720687501 614.064715 1.628480 1 0 0.000000
1653850480150137976 476.478776 2.098709 3 0 0.000000
1653850481168993471 203.761650 4.907467 5 0 0.000000
1653850482188687846 203.934742 4.903430 5 0 0.000000
1653850483210376580 204.333316 4.893858 5 0 0.000000
1653850484025177590 203.695743 4.909174 4 0 0.000000
1653850485043662253 203.692407 4.909254 5 0 0.000000
1653850486063880042 204.038799 4.900914 5 0 0.000000
1653850486676206396 204.104513 4.899348 3 0 0.000000
1653850488105672664 285.888571 3.497809 5 0 0.000000
1653850489128577775 340.963535 2.932823 3 0 0.000000
1653850490146755093 203.630158 4.910736 5 0 0.000000
1653850491164315568 339.175953 2.948228 3 0 0.000000
1653850492180203350 338.624077 2.953082 3 0 0.000000
1653850493197907337 203.535890 4.913020 5 0 0.000000
1653850494217904441 203.994764 4.901975 5 0 0.000000
1653850495033644701 203.930429 4.903522 4 0 0.000000
1653850496055525726 340.622513 2.935763 3 0 0.000000
1653850497078053111 204.500460 4.889845 5 0 0.000000
1653850498094812562 338.914419 2.950550 3 0 0.000000
1653850499115293416 204.091707 4.899651 5 0 0.000000
1653850500134361904 203.809027 4.906441 5 0 0.000000
1653850501154100786 203.942089 4.903216 5 0 0.000000
1653850502174553887 204.085353 4.899784 5 0 0.000000
1653850503192698251 203.624285 4.910895 5 0 0.000000
1653850504212533640 203.962699 4.902752 5 0 0.000000
1653850505233157389 204.120773 4.898965 5 0 0.000000
1653850506049335616 204.040612 4.900890 4 0 0.000000
1653850507066953305 339.200178 2.948062 3 0 0.000000
1653850508086849280 203.974839 4.902461 5 0 0.000000
1653850509107060999 204.037899 4.900943 5 0 0.000000
1653850510125438997 203.661434 4.909768 5 0 0.000000
1653850511145419995 203.989233 4.902052 5 0 0.000000
1653850512163411845 203.594280 4.911631 5 0 0.000000
1653850513183012102 203.914978 4.903883 5 0 0.000000
1653850514200373960 203.466943 4.914672 5 0 0.000000
1653850515220272746 203.975684 4.902447 5 0 0.000000
1653850516070813069 212.630673 4.702893 4 0 0.000000
1653850517090540992 203.941526 4.903269 5 0 0.000000
1653850517702275071 203.907339 4.904092 3 0 0.000000
1653850519129010541 285.341511 3.504504 5 0 0.000000
1653850519738319031 203.098770 4.923614 3 0 0.000000
1653850521168734232 286.078230 3.495489 5 0 0.000000
1653850522188514277 203.951386 4.903018 5 0 0.000000
1653850523211265986 340.912362 2.933263 3 0 0.000000
1653850524235403659 341.374398 2.929294 3 0 0.000000
1653850525049738263 407.161929 2.455993 2 0 0.000000
1653850526071210510 204.289651 4.894895 5 0 0.000000
1653850527093827364 340.867231 2.933650 3 0 0.000000
1653850528109739719 338.632245 2.953011 3 0 0.000000
1653850529130008603 204.049199 4.900669 5 0 0.000000
1653850530148027772 203.599275 4.911499 5 0 0.000000
1653850530761128741 204.362587 4.893158 3 0 0.000000
1653850532188687625 285.506815 3.502483 5 0 0.000000
1653850533206753357 339.349895 2.946764 3 0 0.000000
1653850534022815226 204.010607 4.901589 4 0 0.000000
1653850535110947034 217.622013 4.595032 5 0 0.000000
1653850536129745317 203.754887 4.907743 5 0 0.000000
1653850537147823660 203.611318 4.911214 5 0 0.000000
1653850538168301295 204.091302 4.899666 5 0 0.000000
1653850539188669248 204.069120 4.900193 5 0 0.000000
1653850540207986659 203.859077 4.905243 5 0 0.000000
1653850541227575767 203.913134 4.903937 5 0 0.000000
1653850542248438937 204.166229 4.897816 5 0 0.000000
1653850543066141134 204.420949 4.891756 4 0 0.000000
1653850544085445881 203.856844 4.905304 5 0 0.000000
1653850545105357768 203.978551 4.902384 5 0 0.000000
1653850546125531088 204.030559 4.901128 5 0 0.000000
1653850547144936588 203.876764 4.904819 5 0 0.000000
1653850548165026597 204.013775 4.901528 5 0 0.000000
1653850549185309821 204.052444 4.900600 5 0 0.000000
1653850550203476408 203.629093 4.910788 5 0 0.000000
1653850551018494977 203.750354 4.907864 4 0 0.000000
1653850552244430268 306.479037 3.262815 4 0 0.000000
1653850553265049609 204.119547 4.898986 5 0 0.000000
1653850554080985737 203.979436 4.902345 4 0 0.000000
1653850555100973197 203.992741 4.902021 5 0 0.000000
1653850556120739924 203.948938 4.903082 5 0 0.000000
1653850557140729676 203.994016 4.902010 5 0 0.000000
1653850558160342054 203.917808 4.903824 5 0 0.000000
1653850559182754058 204.475587 4.890396 5 0 0.000000
1653850560204353791 204.315655 4.894285 5 0 0.000000
1653850561225509805 340.380901 2.937847 3 0 0.000000
1653850562243359011 339.277938 2.947391 3 0 0.000000
1653850563265801451 204.483982 4.890251 5 0 0.000000
1653850564081503775 203.920590 4.903750 4 0 0.000000
1653850565098666886 203.428648 4.915632 5 0 0.000000
1653850566119764921 204.211015 4.896689 5 0 0.000000
1653850567138118904 203.666132 4.909884 5 0 0.000000
1653850568157757837 203.923629 4.903697 5 0 0.000000
1653850569179160027 204.275936 4.895231 5 0 0.000000
1653850570203086653 341.304445 2.929897 3 0 0.000000
1653850570814623130 203.841027 4.905676 3 0 0.000000
1653850572239927635 285.056077 3.508022 5 0 0.000000
1653850572851245920 203.768400 4.907427 3 0 0.000000
1653850574279016976 285.549660 3.501962 5 0 0.000000
1653850575097452876 409.213615 2.443686 2 0 0.000000
1653850576116516226 203.807822 4.906466 5 0 0.000000
1653850577138391563 340.620856 2.935779 3 0 0.000000
1653850578158991587 204.115419 4.899079 5 0 0.000000
1653850579178640372 203.925038 4.903649 5 0 0.000000
1653850580199994891 204.266332 4.895460 5 0 0.000000
1653850581217620220 203.520870 4.913400 5 0 0.000000
1653850582237651466 204.001896 4.901811 5 0 0.000000
1653850583258953555 204.256365 4.895711 5 0 0.000000
1653850584280653693 204.335746 4.893804 5 0 0.000000
1653850585096943262 204.067915 4.900222 4 0 0.000000
1653850586116377325 203.882588 4.904682 5 0 0.000000
1653850587135410048 203.802207 4.906614 5 0 0.000000
1653850588156186283 204.150981 4.898233 5 0 0.000000
1653850589176934204 204.144952 4.898369 5 0 0.000000
1653850590201055683 341.368563 2.929340 3 0 0.000000
1653850591222495057 204.278931 4.895053 5 0 0.000000
1653850592248302292 341.931111 2.924526 3 0 0.000000
1653850593271134269 340.939805 2.933033 3 0 0.000000
1653850594290697830 203.907954 4.904059 5 0 0.000000
1653850595108075996 204.340257 4.893696 4 0 0.000000
1653850596128400186 204.060510 4.900403 5 0 0.000000
1653850597148164245 339.916171 2.941857 3 0 0.000000
1653850598168961104 204.154542 4.898134 5 0 0.000000
1653850599187561754 203.715958 4.908695 5 0 0.000000
1653850600206299125 203.743429 4.908036 5 0 0.000000
1653850601228938660 340.875470 2.933585 3 0 0.000000
1653850602249910127 204.189419 4.897297 5 0 0.000000
1653850603270989536 204.211175 4.896779 5 0 0.000000
1653850604291517019 204.100645 4.899427 5 0 0.000000
1653850605108960830 204.356769 4.893303 4 0 0.000000
1653850606132239175 341.088710 2.931754 3 0 0.000000
1653850606946773311 203.628849 4.910782 4 0 0.000000
1653850607971430249 341.547428 2.927809 3 0 0.000000
1653850609200200048 307.187775 3.255288 4 0 0.000000
1653850610220096198 203.974989 4.902460 5 0 0.000000
1653850611240890255 204.154851 4.898148 5 0 0.000000
1653850612262304277 204.278674 4.895175 5 0 0.000000
1653850613284487070 204.432209 4.891493 5 0 0.000000
1653850614304916397 204.081265 4.899898 5 0 0.000000
1653850615119230027 203.573848 4.912112 4 0 0.000000
1653850616139735770 204.096575 4.899531 5 0 0.000000
1653850617160445278 204.137436 4.898553 5 0 0.000000
1653850618182378309 204.382482 4.892688 5 0 0.000000
1653850619200428668 339.345155 2.946809 3 0 0.000000
1653850619813006242 204.188218 4.897339 3 0 0.000000
1653850621238126589 285.019817 3.508476 5 0 0.000000
1653850621850136631 203.999281 4.901880 3 0 0.000000
1653850623280380676 286.043974 3.495907 5 0 0.000000
1653850624301142817 204.148232 4.898301 5 0 0.000000
1653850624914162194 204.335061 4.893809 3 0 0.000000
1653850626137204906 305.747666 3.270532 4 0 0.000000
1653850627157463961 204.047356 4.900716 5 0 0.000000
1653850628176049516 339.523934 2.945261 3 0 0.000000
1653850629196810977 204.147637 4.898304 5 0 0.000000
1653850630218760804 204.385264 4.892608 5 0 0.000000
1653850631240054340 204.254427 4.895752 5 0 0.000000
1653850632261937061 204.372271 4.892929 5 0 0.000000
1653850633282552669 204.117473 4.899004 5 0 0.000000
1653850634304482296 204.381209 4.892705 5 0 0.000000
1653850635124434415 409.971128 2.439167 2 0 0.000000
1653850636144253354 203.959197 4.902831 5 0 0.000000
1653850637164058520 203.956978 4.902897 5 0 0.000000
1653850638186093979 204.402617 4.892198 5 0 0.000000
1653850639207212309 204.219156 4.896592 5 0 0.000000
1653850640227854755 204.124387 4.898875 5 0 0.000000
1653850641248364089 204.097347 4.899514 5 0 0.000000
1653850642272824395 341.482926 2.928371 3 0 0.000000
1653850643293817382 204.194621 4.897193 5 0 0.000000
1653850643905781789 203.976669 4.902246 3 0 0.000000
1653850645331151969 285.069322 3.507861 5 0 0.000000
1653850646148296340 204.281931 4.895096 4 0 0.000000
1653850647169408920 204.218599 4.896620 5 0 0.000000
1653850648188978217 203.909467 4.904031 5 0 0.000000
1653850649209460757 204.092462 4.899643 5 0 0.000000
1653850649821124076 203.884035 4.904659 3 0 0.000000
1653850651253244991 286.417768 3.491325 5 0 0.000000
1653850652273051578 203.957611 4.902890 5 0 0.000000
1653850653293290913 204.043500 4.900811 5 0 0.000000
1653850654316802591 204.698039 4.885142 5 0 0.000000
1653850655189237930 218.104630 4.584867 4 0 0.000000
1653850656209750482 204.096520 4.899499 5 0 0.000000
1653850657229909022 204.027701 4.901199 5 0 0.000000
1653850658253100587 204.634381 4.886670 5 0 0.000000
1653850659273628532 204.100927 4.899425 5 0 0.000000
1653850660290794983 339.050909 2.949370 3 0 0.000000
1653850661312142159 204.265069 4.895495 5 0 0.000000
1653850662329563357 339.134222 2.948631 3 0 0.000000
1653850663147738597 204.538501 4.888928 4 0 0.000000
1653850664168587914 204.165473 4.897882 5 0 0.000000
1653850665190247788 204.328157 4.893997 5 0 0.000000
1653850666005349046 203.771301 4.907366 4 0 0.000000
1653850667228959029 305.897785 3.269015 4 0 0.000000
1653850668249950724 204.194315 4.897199 5 0 0.000000
1653850669270389565 204.083651 4.899853 5 0 0.000000
1653850670289575456 203.832905 4.905877 5 0 0.000000
1653850671307841512 339.417976 2.946185 3 0 0.000000
1653850672328571340 204.141323 4.898456 5 0 0.000000
1653850673347965262 203.874225 4.904875 5 0 0.000000
1653850674167078140 409.551237 2.441666 2 0 0.000000
1653850675187634678 204.106999 4.899288 5 0 0.000000
1653850676207272011 203.923086 4.903704 5 0 0.000000
1653850677234570598 1027.294599 0.973427 1 0 0.000000
1653850678255596542 204.200182 4.897035 5 0 0.000000
1653850679277154727 204.307082 4.894484 5 0 0.000000
1653850680298809662 204.326616 4.894020 5 0 0.000000
1653850681319574980 204.148955 4.898285 5 0 0.000000
1653850682339008894 203.882362 4.904683 5 0 0.000000
1653850683155219634 204.041624 4.900695 4 0 0.000000
1653850684177737162 204.498996 4.889892 5 0 0.000000
1653850685198393277 204.126894 4.898810 5 0 0.000000
1653850686219801060 204.277483 4.895204 5 0 0.000000
1653850687240839861 204.203387 4.896974 5 0 0.000000
1653850688261830226 204.194064 4.897206 5 0 0.000000
1653850689283158166 204.261425 4.895587 5 0 0.000000
1653850690303684305 204.100966 4.899434 5 0 0.000000
1653850691326394979 204.538127 4.888968 5 0 0.000000
1653850692346270004 203.971145 4.902561 5 0 0.000000
1653850693163697633 204.352389 4.893400 4 0 0.000000
1653850694184783083 204.212782 4.896750 5 0 0.000000
1653850695207513262 204.541929 4.888875 5 0 0.000000
1653850696230058623 204.504457 4.889759 5 0 0.000000
1653850696843569191 204.499613 4.889891 3 0 0.000000
1653850698276853703 286.649199 3.488491 5 0 0.000000
1653850699298068685 204.238401 4.896129 5 0 0.000000
1653850700320695578 204.521173 4.889369 5 0 0.000000
1653850701343434379 204.543639 4.888834 5 0 0.000000
1653850702365387701 204.386469 4.892591 5 0 0.000000
1653850703181791335 204.096569 4.899537 4 0 0.000000
1653850704200306235 339.500937 2.945465 3 0 0.000000
1653850705218778353 339.485885 2.945589 3 0 0.000000
1653850706036157373 204.340407 4.893691 4 0 0.000000
1653850707262689678 306.628764 3.261227 4 0 0.000000
1653850708284542797 204.366247 4.893071 5 0 0.000000
1653850709306123151 204.308037 4.894378 5 0 0.000000
1653850709919471240 204.445460 4.891187 3 0 0.000000
1653850711349240228 357.437527 2.797655 4 0 0.000000
1653850712369854276 340.200621 2.939407 3 0 0.000000
1653850713187166568 204.323168 4.894090 4 0 0.000000
1653850714209444574 204.444897 4.891037 5 0 0.000000
1653850714825190648 615.741498 1.624046 1 0 0.000000
1653850716252766329 285.510191 3.502441 5 0 0.000000
1653850717275511495 340.910234 2.933282 3 0 0.000000
1653850718293772951 339.416392 2.946198 3 0 0.000000
1653850719315549514 204.350417 4.893438 5 0 0.000000
1653850720336850622 204.256296 4.895716 5 0 0.000000
1653850721360322936 204.690219 4.885330 5 0 0.000000
1653850722381932894 204.317897 4.894236 5 0 0.000000
1653850723198150524 204.049813 4.900654 4 0 0.000000
1653850724217952875 509.896988 1.961164 2 0 0.000000
1653850725036653951 409.346078 2.442894 2 0 0.000000
1653850726266310648 307.409568 3.252940 4 0 0.000000
1653850726879962354 204.546169 4.888766 3 0 0.000000
1653850728305923922 285.187634 3.506406 5 0 0.000000
1653850729327561035 204.323160 4.894106 5 0 0.000000
1653850730350583542 204.600113 4.887478 5 0 0.000000
1653850731374194721 341.193015 2.930800 3 0 0.000000
1653850732190093356 203.970113 4.902570 4 0 0.000000
1653850733209128121 339.665863 2.943962 3 0 0.000000
1653850734233347439 341.401842 2.929060 3 0 0.000000
1653850735257211765 341.283005 2.930076 3 0 0.000000
1653850736278250809 204.200011 4.896972 5 0 0.000000
1653850737298840647 204.113892 4.899128 5 0 0.000000
1653850738320784586 204.379970 4.892636 5 0 0.000000
1653850739345069729 204.849143 4.881453 5 0 0.000000
1653850740366475710 204.276631 4.895213 5 0 0.000000
1653850741387647860 204.230050 4.896334 5 0 0.000000
1653850742208351177 410.346346 2.436934 2 0 0.000000
1653850743231069615 204.539453 4.888931 5 0 0.000000
1653850744253458734 204.469585 4.890506 5 0 0.000000
1653850744865829428 204.115735 4.898993 3 0 0.000000
1653850746296200910 286.069312 3.495595 5 0 0.000000
1653850747318019818 204.359179 4.893235 5 0 0.000000
1653850748339187055 204.221927 4.896358 5 0 0.000000
1653850749360857454 204.329502 4.893946 5 0 0.000000
1653850749972392745 203.840286 4.905686 3 0 0.000000
1653850751400663730 476.085166 2.100442 3 0 0.000000
1653850752220569955 204.972126 4.878607 4 0 0.000000
1653850753241280170 204.137639 4.898550 5 0 0.000000
1653850754259271958 339.326292 2.946979 3 0 0.000000
1653850755281734961 204.488193 4.890153 5 0 0.000000
1653850756302601955 204.169237 4.897798 5 0 0.000000
1653850757324116333 204.292539 4.894694 5 0 0.000000
1653850757936564805 204.145101 4.898371 3 0 0.000000
1653850759367624364 286.206856 3.493915 5 0 0.000000
1653850760391169775 204.704367 4.884981 5 0 0.000000
1653850761207513053 204.081559 4.899899 4 0 0.000000
1653850762229246487 204.342396 4.893644 5 0 0.000000
1653850763249593646 204.065255 4.900293 5 0 0.000000
1653850764270817035 204.235134 4.896088 5 0 0.000000
1653850765294115619 204.655791 4.886159 5 0 0.000000
1653850766313867810 203.945231 4.903152 5 0 0.000000
1653850767336051351 204.432298 4.891490 5 0 0.000000
1653850768355658512 203.917133 4.903849 5 0 0.000000
1653850769377051052 204.274228 4.895278 5 0 0.000000
1653850770398771030 204.338819 4.893709 5 0 0.000000
1653850771216963846 204.543935 4.888823 4 0 0.000000
1653850772241583078 204.919429 4.879862 5 0 0.000000
1653850773263669104 204.412963 4.891956 5 0 0.000000
1653850774285740618 204.410120 4.892025 5 0 0.000000
1653850775305550433 203.957233 4.902875 5 0 0.000000
1653850776327268894 340.568808 2.936230 3 0 0.000000
1653850777348596880 204.260013 4.895587 5 0 0.000000
1653850777961248218 204.212808 4.896749 3 0 0.000000
1653850779392088621 286.163333 3.494450 5 0 0.000000
1653850780413691255 204.314657 4.894271 5 0 0.000000
1653850781232816889 204.777388 4.883256 4 0 0.000000
1653850782050129305 204.324098 4.894089 4 0 0.000000
1653850783272633590 305.621402 3.271972 4 0 0.000000
1653850784291581555 339.644842 2.944213 3 0 0.000000
1653850785314570290 204.592667 4.887640 5 0 0.000000
1653850786334950889 204.072121 4.900132 5 0 0.000000
1653850787357628667 204.531530 4.889125 5 0 0.000000
1653850788380017101 204.473512 4.890509 5 0 0.000000
1653850789400888116 204.169792 4.897778 5 0 0.000000
1653850790426832885 341.977236 2.924134 3 0 0.000000
1653850791244574896 204.430352 4.891518 4 0 0.000000
1653850792266216351 204.323160 4.894085 5 0 0.000000
1653850792879346974 204.372653 4.892921 3 0 0.000000
1653850794312451422 286.616443 3.488929 5 0 0.000000
1653850795333265585 204.158546 4.898051 5 0 0.000000
1653850796355034515 204.349696 4.893474 5 0 0.000000
1653850797376751664 204.339495 4.893722 5 0 0.000000
1653850798400967946 204.834528 4.881782 5 0 0.000000
1653850799424231046 204.648493 4.886329 5 0 0.000000
1653850800242312245 204.515953 4.889490 4 0 0.000000
1653850801263836363 204.300497 4.894647 5 0 0.000000
1653850802285933207 204.414648 4.891904 5 0 0.000000
1653850802490239501 204.302209 4.894612 1 0 0.000000
1653850803917196519 713.473943 1.401584 2 0 0.000000
1653850805346146254 476.305702 2.099444 3 0 0.000000
1653850806366569747 204.080247 4.899927 5 0 0.000000
1653850806978786566 204.068254 4.900225 3 0 0.000000
1653850808405661073 285.370391 3.504162 5 0 0.000000
1653850809426234113 204.110076 4.899208 5 0 0.000000
1653850810243341168 204.268823 4.895319 4 0 0.000000
1653850811060927994 204.392621 4.892447 4 0 0.000000
1653850812284989719 306.010881 3.267809 4 0 0.000000
1653850813305899395 204.177636 4.897593 5 0 0.000000
1653850814327312005 204.278238 4.895181 5 0 0.000000
1653850815348274053 204.184405 4.897342 5 0 0.000000
1653850816370511845 204.443483 4.891230 5 0 0.000000
1653850817391827238 204.259191 4.895647 5 0 0.000000
1653850818414833351 204.596930 4.887556 5 0 0.000000
1653850819437485028 204.526298 4.889250 5 0 0.000000
1653850820049125962 203.876114 4.904838 3 0 0.000000
1653850821280386222 307.810566 3.248704 4 0 0.000000
1653850822304551565 341.383525 2.929215 3 0 0.000000
1653850823325956633 204.277008 4.895218 5 0 0.000000
1653850824347586026 204.321364 4.894143 5 0 0.000000
1653850825370096521 204.498007 4.889925 5 0 0.000000
1653850826391449469 204.266411 4.895467 5 0 0.000000
1653850827415814858 341.451047 2.928642 3 0 0.000000
1653850828440004788 341.391553 2.929144 3 0 0.000000
1653850829256970387 204.236329 4.896167 4 0 0.000000
1653850830279271378 204.453460 4.890927 5 0 0.000000
1653850831301298435 204.401428 4.892238 5 0 0.000000
1653850832322824216 204.301198 4.894639 5 0 0.000000
1653850833343847305 204.200446 4.897049 5 0 0.000000
1653850834366831253 204.592364 4.887662 5 0 0.000000
1653850835387246772 204.079193 4.899965 5 0 0.000000
1653850836408889709 204.324738 4.894078 5 0 0.000000
1653850837430627831 204.343589 4.893622 5 0 0.000000
1653850838453623830 204.595484 4.887605 5 0 0.000000
1653850839067480539 204.614598 4.887134 3 0 0.000000
1653850840295228730 306.932725 3.257997 4 0 0.000000
1653850841317382502 204.426019 4.891632 5 0 0.000000
1653850842340562910 204.631972 4.886724 5 0 0.000000
1653850843364327634 204.748550 4.883935 5 0 0.000000
1653850844386549290 204.439222 4.891307 5 0 0.000000
1653850845406555412 339.997926 2.941159 3 0 0.000000
1653850846429104447 204.505073 4.889741 5 0 0.000000
1653850847450927767 204.359758 4.893214 5 0 0.000000
1653850848268187207 204.310762 4.894406 4 0 0.000000
1653850849290935128 204.544938 4.888790 5 0 0.000000
1653850850312925646 204.394058 4.892413 5 0 0.000000
1653850851129905971 204.241044 4.896079 4 0 0.000000
1653850852364580399 617.332119 1.619860 2 0 0.000000
1653850853385899408 204.258718 4.895630 5 0 0.000000
1653850854407877964 204.391196 4.892471 5 0 0.000000
1653850855431104714 204.641288 4.886502 5 0 0.000000
1653850856453461325 204.462919 4.890661 5 0 0.000000
1653850857272652614 204.793527 4.882864 4 0 0.000000
1653850858296829700 204.831077 4.881968 5 0 0.000000
1653850859322323948 341.818620 2.925419 3 0 0.000000
1653850860344864348 204.503959 4.889782 5 0 0.000000
1653850861366600380 204.342980 4.893632 5 0 0.000000
1653850862388324934 204.340621 4.893687 5 0 0.000000
1653850863001771068 204.477828 4.890405 3 0 0.000000
1653850864432945813 286.229804 3.493633 5 0 0.000000
1653850865042099690 609.148987 1.641621 1 0 0.000000
1653850866068119626 342.001577 2.923920 3 0 0.000000
1653850867289818908 305.420143 3.274128 4 0 0.000000
1653850868312016319 204.435353 4.891423 5 0 0.000000
1653850869334442183 204.481173 4.890330 5 0 0.000000
1653850870355449844 204.197119 4.897123 5 0 0.000000
1653850870967762105 204.100608 4.899461 3 0 0.000000
1653850872401244264 286.691888 3.488010 5 0 0.000000
1653850873014175126 204.306106 4.894516 3 0 0.000000
1653850874451136701 478.982501 2.087738 3 0 0.000000
1653850875473766838 204.520863 4.889353 5 0 0.000000
1653850876292331962 204.636460 4.886600 4 0 0.000000
1653850877317287738 204.986917 4.878259 5 0 0.000000
1653850878338359723 204.209955 4.896814 5 0 0.000000
1653850879361540435 204.631684 4.886722 5 0 0.000000
1653850880383380518 204.364109 4.893134 5 0 0.000000
1653850881408393366 204.997906 4.877988 5 0 0.000000
1653850882022634257 204.742613 4.884077 3 0 0.000000
1653850883457249304 286.918438 3.485256 5 0 0.000000
1653850884478300027 204.205840 4.896916 5 0 0.000000
1653850885296376731 204.514904 4.889517 4 0 0.000000
1653850886319874019 204.695162 4.885211 5 0 0.000000
1653850887342966209 204.614216 4.887145 5 0 0.000000
1653850888364087836 204.220168 4.896576 5 0 0.000000
1653850889386803668 204.538553 4.888944 5 0 0.000000
1653850890408712889 204.377574 4.892802 5 0 0.000000
1653850891433441238 341.570883 2.927605 3 0 0.000000
1653850892046056762 204.201001 4.897036 3 0 0.000000
1653850893479879338 286.759887 3.487182 5 0 0.000000
1653850894297824528 204.481894 4.890303 4 0 0.000000
1653850895318427462 204.116570 4.899065 5 0 0.000000
1653850896341895525 204.689394 4.885350 5 0 0.000000
1653850897364221902 204.461036 4.890806 5 0 0.000000
1653850898385273533 204.206052 4.896912 5 0 0.000000
1653850899403529213 339.413846 2.946215 3 0 0.000000
1653850900427439513 204.777921 4.883240 5 0 0.000000
1653850901445259643 339.268747 2.947476 3 0 0.000000
1653850902466251064 204.193198 4.897201 5 0 0.000000
1653850903492435185 342.056870 2.923452 3 0 0.000000
1653850904309816879 204.340514 4.893675 4 0 0.000000
1653850905335752055 341.973888 2.924161 3 0 0.000000
1653850905949361854 204.531563 4.889101 3 0 0.000000
1653850907373715517 474.779615 2.106218 3 0 0.000000
1653850907987528994 204.599579 4.887478 3 0 0.000000
1653850909219271813 307.931329 3.247431 4 0 0.000000
1653850910442956142 305.916606 3.268817 4 0 0.000000
1653850911466155600 204.635968 4.886633 5 0 0.000000
1653850912487773900 204.316354 4.894196 5 0 0.000000
1653850913305231291 204.360218 4.893221 4 0 0.000000
1653850914328727691 204.694794 4.885215 5 0 0.000000
1653850915350983104 204.443614 4.891146 5 0 0.000000
1653850915963585373 204.196714 4.897142 3 0 0.000000
1653850917396827091 477.742159 2.093157 3 0 0.000000
1653850918418974124 204.425114 4.891664 5 0 0.000000
1653850919442203757 204.641569 4.886489 5 0 0.000000
1653850920464360109 204.426984 4.891620 5 0 0.000000
1653850921486795302 204.482500 4.890285 5 0 0.000000
1653850922508961464 204.425140 4.891573 5 0 0.000000
1653850923326849666 204.467658 4.890644 4 0 0.000000
1653850924348759775 204.377609 4.892798 5 0 0.000000
1653850925372784244 204.798290 4.882696 5 0 0.000000
1653850926396252628 204.689286 4.885349 5 0 0.000000
1653850927419390968 204.623461 4.886925 5 0 0.000000
1653850928441766110 204.470449 4.890573 5 0 0.000000
1653850929463520826 204.346605 4.893543 5 0 0.000000
1653850930281875496 204.584446 4.887856 4 0 0.000000
1653850931506661780 306.191774 3.265876 4 0 0.000000
1653850932325023744 204.585932 4.887813 4 0 0.000000
1653850932940262947 615.234607 1.625384 1 0 0.000000
1653850934378599635 287.662894 3.476238 5 0 0.000000
1653850935403572616 204.989494 4.878177 5 0 0.000000
1653850936425184808 204.318196 4.894225 5 0 0.000000
1653850937447292321 204.417097 4.891853 5 0 0.000000
1653850938264531464 204.305290 4.894528 4 0 0.000000
1653850939488008227 305.863815 3.269371 4 0 0.000000
1653850940509260563 510.620907 1.958380 2 0 0.000000
1653850940917639727 204.184609 4.897410 2 0 0.000000
1653850942341285763 474.543808 2.107265 3 0 0.000000
1653850943364484089 204.631931 4.886638 5 0 0.000000
1653850944388902300 204.879071 4.880819 5 0 0.000000
1653850945412349754 204.685479 4.885449 5 0 0.000000
1653850946434873467 204.500490 4.889862 5 0 0.000000
1653850947457216606 204.464390 4.890726 5 0 0.000000
1653850948482654202 205.083300 4.875967 5 0 0.000000
1653850949505643475 204.590024 4.887637 5 0 0.000000
1653850950530017912 204.870290 4.881028 5 0 0.000000
1653850951348444779 204.602587 4.887425 4 0 0.000000
1653850952371863166 204.679127 4.885587 5 0 0.000000
1653850953400161797 205.655242 4.862400 5 0 0.000000
1653850954423591508 204.681465 4.885534 5 0 0.000000
1653850955445855989 204.448446 4.891102 5 0 0.000000
1653850956465611341 339.913975 2.941882 3 0 0.000000
1653850957489364590 204.745877 4.883989 5 0 0.000000
1653850958308012986 204.657059 4.886103 4 0 0.000000
1653850959387394993 359.788879 2.779368 3 0 0.000000
1653850960408417466 204.200189 4.897052 5 0 0.000000
1653850961426439642 339.335913 2.946891 3 0 0.000000
1653850962449607940 204.629097 4.886782 5 0 0.000000
1653850963473960638 204.866414 4.881131 5 0 0.000000
1653850964494033098 340.019833 2.940968 3 0 0.000000
1653850965515787080 204.345404 4.893546 5 0 0.000000
1653850966537611029 204.360148 4.893211 5 0 0.000000
1653850967355395087 204.441841 4.891267 4 0 0.000000
1653850968377724149 204.460934 4.890793 5 0 0.000000
1653850969194007436 408.129979 2.450130 2 0 0.000000
1653850970423659187 307.408080 3.252954 4 0 0.000000
1653850971447580851 204.779895 4.883186 5 0 0.000000
1653850972470914178 204.662323 4.885994 5 0 0.000000
1653850973493320154 204.476404 4.890425 5 0 0.000000
1653850974516092648 204.550045 4.888673 5 0 0.000000
1653850975538096334 204.396407 4.892350 5 0 0.000000
1653850976356683150 204.637541 4.886470 4 0 0.000000
1653850976970638661 204.647662 4.886347 3 0 0.000000
1653850978405660894 286.997304 3.484267 5 0 0.000000
1653850979429413848 341.246541 2.930394 3 0 0.000000
1653850980474310409 208.974300 4.785163 5 0 0.000000
1653850981497187290 204.571009 4.888174 5 0 0.000000
1653850982519719949 204.502229 4.889819 5 0 0.000000
1653850983544701383 341.655933 2.926882 3 0 0.000000
1653850984362334475 204.403406 4.892170 4 0 0.000000
1653850985384281530 204.384991 4.892621 5 0 0.000000
1653850986406774662 204.494604 4.890008 5 0 0.000000
1653850987429288783 204.498617 4.889908 5 0 0.000000
1653850988455868573 342.188546 2.922325 3 0 0.000000
1653850989478944082 204.610796 4.887225 5 0 0.000000
1653850990501618131 204.530533 4.889143 5 0 0.000000
1653850991524503524 204.572386 4.888133 5 0 0.000000
1653850992547281292 204.550959 4.888647 5 0 0.000000
1653850993366251610 204.738384 4.884182 4 0 0.000000
1653850994388628433 204.470904 4.890565 5 0 0.000000
1653850995412244247 204.718257 4.884645 5 0 0.000000
1653850996435737582 204.694405 4.885230 5 0 0.000000
1653850997460286618 204.904909 4.880196 5 0 0.000000
1653850998482963681 204.531255 4.889129 5 0 0.000000
1653850999507924645 204.987951 4.878235 5 0 0.000000
1653851000530569020 204.524987 4.889285 5 0 0.000000
1653851001554297948 204.741693 4.884105 5 0 0.000000
1653851002373365666 204.758578 4.883601 4 0 0.000000
1653851003394587744 340.402764 2.937657 3 0 0.000000
1653851004419025949 204.883013 4.880724 5 0 0.000000
1653851005438237953 339.733072 2.943450 3 0 0.000000
1653851006463311779 205.009971 4.877697 5 0 0.000000
1653851007486596766 204.652655 4.886225 5 0 0.000000
1653851008509391801 204.554432 4.888565 5 0 0.000000
1653851009532546672 204.626650 4.886846 5 0 0.000000
1653851010555565576 204.599391 4.887495 5 0 0.000000
1653851011577841737 204.450437 4.891046 5 0 0.000000
1653851011988701361 205.425775 4.867843 2 0 0.000000
1653851013009971552 340.418848 2.937518 3 0 0.000000
1653851014443933273 477.977803 2.092106 3 0 0.000000
1653851015466056766 204.420034 4.891777 5 0 0.000000
1653851016488889446 204.557963 4.888385 5 0 0.000000
1653851017512274879 204.672541 4.885745 5 0 0.000000
1653851018536034377 204.747286 4.883960 5 0 0.000000
1653851019559113688 204.611640 4.887207 5 0 0.000000
1653851020582888405 204.750280 4.883887 5 0 0.000000
1653851021400814630 204.477351 4.890417 4 0 0.000000
1653851022427757449 342.309941 2.921292 3 0 0.000000
1653851023451005833 204.645251 4.886399 5 0 0.000000
1653851024475603087 204.914773 4.879966 5 0 0.000000
1653851025500728999 205.020195 4.877450 5 0 0.000000
1653851026520956738 340.071459 2.940520 3 0 0.000000
1653851027547115379 205.227477 4.872541 5 0 0.000000
1653851028571979373 204.968203 4.878696 5 0 0.000000
1653851029186593127 204.866679 4.881114 3 0 0.000000
1653851030410685427 306.018316 3.267727 4 0 0.000000
1653851031433775706 204.613342 4.887154 5 0 0.000000
1653851032458062931 204.853228 4.881443 5 0 0.000000
1653851033483095803 205.002055 4.877892 5 0 0.000000
1653851034506927472 204.757665 4.883615 5 0 0.000000
1653851035530270565 204.664371 4.885947 5 0 0.000000
1653851036554488480 204.836065 4.881774 5 0 0.000000
1653851037577453652 204.588576 4.887752 5 0 0.000000
1653851038397535092 205.015749 4.877564 4 0 0.000000
1653851039420472595 204.583255 4.887884 5 0 0.000000
1653851040445235503 204.947976 4.879177 5 0 0.000000
1653851041468732141 204.694727 4.885214 5 0 0.000000
1653851042488111347 339.787806 2.942968 3 0 0.000000
1653851043512532277 204.879489 4.880806 5 0 0.000000
1653851044536289774 204.747297 4.883969 5 0 0.000000
1653851045560809051 204.898987 4.880338 5 0 0.000000
1653851046583272888 204.488647 4.890148 5 0 0.000000
1653851047403887271 205.148709 4.874397 4 0 0.000000
1653851048429413437 341.837341 2.925328 3 0 0.000000
1653851049453818480 204.876252 4.880882 5 0 0.000000
1653851050475578072 340.582377 2.936111 3 0 0.000000
1653851051502315218 342.233826 2.921877 3 0 0.000000
1653851052116427899 204.700160 4.885097 3 0 0.000000
1653851053551047189 286.918358 3.485245 5 0 0.000000
1653851054575671185 204.920082 4.879839 5 0 0.000000
1653851055601570180 205.175307 4.873774 5 0 0.000000
1653851056424002596 205.603836 4.863622 4 0 0.000000
1653851057449245466 205.044425 4.876893 5 0 0.000000
1653851058263798878 407.271488 2.455333 2 0 0.000000
1653851059493264731 307.360546 3.253445 4 0 0.000000
1653851060518263588 204.995457 4.878054 5 0 0.000000
1653851061541892324 204.721710 4.884584 5 0 0.000000
1653851062565030133 204.623266 4.886927 5 0 0.000000
1653851063589420146 204.873010 4.880953 5 0 0.000000
1653851064203304434 204.623524 4.886914 3 0 0.000000
1653851065434468178 307.786202 3.248959 4 0 0.000000
1653851066458140249 204.730038 4.884377 5 0 0.000000
1653851067486431348 205.653839 4.862436 5 0 0.000000
1653851068511301489 204.969135 4.878667 5 0 0.000000
1653851069556339005 209.002680 4.784517 5 0 0.000000
1653851070578965142 204.520136 4.889372 5 0 0.000000
1653851071397522152 204.634860 4.886648 4 0 0.000000
1653851072426234455 342.899711 2.916267 3 0 0.000000
1653851073449031547 204.554859 4.888555 5 0 0.000000
1653851074476276302 342.409409 2.920434 3 0 0.000000
1653851075499535526 204.647107 4.886347 5 0 0.000000
1653851076525260440 205.140378 4.874601 5 0 0.000000
1653851077550263762 204.996799 4.878033 5 0 0.000000
1653851078573780236 204.698954 4.885119 5 0 0.000000
1653851079389792705 408.001463 2.450943 2 0 0.000000
1653851080619515174 307.425791 3.252766 4 0 0.000000
1653851081439848052 205.078963 4.876069 4 0 0.000000
1653851082466313405 205.288849 4.871085 5 0 0.000000
1653851083492358914 342.010165 2.923847 3 0 0.000000
1653851084107465533 205.030633 4.877203 3 0 0.000000
1653851085537026337 285.907788 3.497578 5 0 0.000000
1653851086562344347 205.058842 4.876536 5 0 0.000000
1653851087587059002 204.936576 4.879407 5 0 0.000000
1653851088202548710 205.159110 4.874168 3 0 0.000000
1653851089635541026 477.651982 2.093521 3 0 0.000000
1653851090456451993 205.222539 4.872636 4 0 0.000000
1653851091480668012 204.838443 4.881782 5 0 0.000000
1653851092097146264 205.487859 4.866352 3 0 0.000000
1653851093535307296 287.627516 3.476662 5 0 0.000000
1653851094560220483 204.973616 4.878462 5 0 0.000000
1653851095587999787 342.588637 2.918915 3 0 0.000000
1653851096615398920 205.475197 4.866658 5 0 0.000000
1653851097436740127 205.330878 4.870083 4 0 0.000000
1653851098462034472 205.054171 4.876648 5 0 0.000000
1653851099487190314 205.026510 4.877307 5 0 0.000000
1653851100512339819 205.025131 4.877337 5 0 0.000000
1653851101538028139 341.891581 2.924865 3 0 0.000000
1653851102153055622 205.003767 4.877831 3 0 0.000000
1653851103384787288 307.928132 3.247461 4 0 0.000000
1653851104411138254 342.111813 2.922977 3 0 0.000000
1653851105637697809 306.634964 3.261154 4 0 0.000000
1653851106456339926 204.655967 4.886140 4 0 0.000000
1653851107480811410 204.890032 4.880565 5 0 0.000000
1653851108505141223 204.861434 4.881240 5 0 0.000000
1653851109527477060 204.462550 4.890761 5 0 0.000000
1653851110556272764 342.926510 2.916031 3 0 0.000000
1653851111581386928 205.018668 4.877506 5 0 0.000000
1653851112606691508 205.056128 4.876600 5 0 0.000000
1653851113222310698 205.201966 4.873142 3 0 0.000000
1653851114455435752 308.276137 3.243791 4 0 0.000000
1653851115480851178 341.800939 2.925643 3 0 0.000000
1653851116095239139 204.791072 4.882908 3 0 0.000000
1653851117533804016 479.516684 2.085412 3 0 0.000000
1653851118149113402 205.098803 4.875596 3 0 0.000000
1653851119578246068 285.822035 3.498625 5 0 0.000000
1653851120602667656 204.880177 4.880803 5 0 0.000000
1653851121625427033 204.547618 4.888735 5 0 0.000000
1653851122443384670 408.973946 2.445114 2 0 0.000000
1653851123465887506 340.829204 2.933977 3 0 0.000000
1653851124490947173 205.007383 4.877765 5 0 0.000000
1653851125510808018 339.949305 2.941578 3 0 0.000000
1653851126540506766 343.228257 2.913474 3 0 0.000000
1653851127568643463 342.707615 2.917900 3 0 0.000000
1653851128593753068 205.017073 4.877527 5 0 0.000000
1653851129619439815 205.132979 4.874783 5 0 0.000000
1653851130642288799 204.565539 4.888307 5 0 0.000000
1653851131462782125 205.108665 4.875116 4 0 0.000000
1653851132486060236 204.651366 4.886257 5 0 0.000000
1653851133508986546 204.580776 4.887938 5 0 0.000000
1653851134536061495 205.410718 4.868194 5 0 0.000000
1653851135152094946 205.339986 4.869865 3 0 0.000000
1653851136583154713 286.206783 3.493914 5 0 0.000000
1653851137609339644 342.056791 2.923450 3 0 0.000000
1653851138636534583 205.432092 4.867625 5 0 0.000000
1653851139661807888 205.050383 4.876748 5 0 0.000000
1653851140481047191 204.805143 4.882578 4 0 0.000000
1653851141506996800 205.181913 4.873534 5 0 0.000000
1653851142531500032 341.496238 2.928248 3 0 0.000000
1653851143557200552 205.135538 4.874717 5 0 0.000000
1653851144581996530 204.954798 4.879020 5 0 0.000000
1653851145601479658 339.813853 2.942668 3 0 0.000000
1653851146629260610 205.551340 4.864850 5 0 0.000000
1653851147654577192 205.058183 4.876543 5 0 0.000000
1653851148064968832 205.191526 4.873394 2 0 0.000000
1653851149493977654 285.793069 3.498929 5 0 0.000000
1653851150518404626 204.881077 4.880777 5 0 0.000000
1653851151337860639 204.859953 4.881287 4 0 0.000000
1653851152563921326 306.510524 3.262481 4 0 0.000000
1653851153591434418 205.497660 4.866118 5 0 0.000000
1653851154616313984 204.971704 4.878622 5 0 0.000000
1653851155642023224 205.137082 4.874676 5 0 0.000000
1653851156661158035 339.706610 2.943673 3 0 0.000000
1653851157480782741 204.900890 4.880282 4 0 0.000000
1653851158501931565 340.378087 2.937868 3 0 0.000000
1653851159530141690 205.637725 4.862819 5 0 0.000000
1653851160557779242 205.523281 4.865529 5 0 0.000000
1653851161582340684 204.907764 4.880137 5 0 0.000000
1653851162605681882 204.664083 4.885956 5 0 0.000000
1653851163427480336 205.445409 4.867373 4 0 0.000000
1653851164655157411 306.914816 3.258186 4 0 0.000000
1653851165067074555 205.953723 4.855346 2 0 0.000000
1653851166500034587 358.232803 2.791425 4 0 0.000000
1653851167523847716 204.753052 4.883704 5 0 0.000000
1653851168345068479 205.300598 4.870797 4 0 0.000000
1653851169571307955 306.555208 3.262006 4 0 0.000000
1653851170596062051 204.946507 4.879219 5 0 0.000000
1653851171621129007 205.009046 4.877730 5 0 0.000000
1653851172237098183 205.318469 4.870374 3 0 0.000000
1653851173666777711 285.931004 3.497287 5 0 0.000000
1653851174486511959 204.929288 4.879630 4 0 0.000000
1653851175512941336 205.277381 4.871256 5 0 0.000000
1653851176538633626 205.133593 4.874756 5 0 0.000000
1653851177359831328 205.294847 4.870934 4 0 0.000000
1653851178181007223 410.582960 2.435532 2 0 0.000000
1653851179618347848 287.463463 3.478647 5 0 0.000000
1653851180646553009 205.636441 4.862843 5 0 0.000000
1653851181674868747 205.658872 4.862320 5 0 0.000000
1653851182489841472 407.481028 2.454070 2 0 0.000000
1653851183517216702 205.470077 4.866771 5 0 0.000000
1653851184543851883 205.322757 4.870279 5 0 0.000000
1653851185570497669 342.210003 2.922137 3 0 0.000000
1653851186597558142 205.406982 4.868263 5 0 0.000000
1653851187625607900 205.605269 4.863578 5 0 0.000000
1653851188652863698 205.446637 4.867337 5 0 0.000000
1653851189269930854 205.684563 4.861707 3 0 0.000000
1653851190499307833 307.339275 3.253681 4 0 0.000000
1653851191524672930 205.068545 4.876312 5 0 0.000000
1653851192551590864 205.378704 4.868938 5 0 0.000000
1653851193579459825 205.565741 4.864433 5 0 0.000000
1653851194605147581 205.133238 4.874778 5 0 0.000000
1653851195631538254 205.274009 4.871440 5 0 0.000000
1653851196657902747 342.117265 2.922938 3 0 0.000000
1653851197478007301 205.021762 4.877427 4 0 0.000000
1653851198501569714 511.776216 1.953960 2 0 0.000000
1653851199117938353 205.451420 4.867217 3 0 0.000000
1653851200548499560 286.107665 3.495132 5 0 0.000000
1653851201574530593 205.201950 4.873147 5 0 0.000000
1653851202601157122 205.320929 4.870320 5 0 0.000000
1653851203625204409 204.805322 4.882587 5 0 0.000000
1653851204651551182 205.265156 4.871648 5 0 0.000000
1653851205677334208 205.150742 4.874325 5 0 0.000000
1653851206701966464 204.921396 4.879800 5 0 0.000000
1653851207524298860 205.578779 4.864213 4 0 0.000000
1653851208550624403 205.260125 4.871749 5 0 0.000000
1653851209577157080 205.301845 4.870766 5 0 0.000000
1653851210605790116 205.722390 4.860820 5 0 0.000000
1653851211630770583 204.992089 4.878142 5 0 0.000000
1653851212657654947 205.372052 4.869097 5 0 0.000000
1653851213677853033 340.061735 2.940605 3 0 0.000000
1653851214704953803 205.410510 4.868072 5 0 0.000000
1653851215526205719 205.302743 4.870613 4 0 0.000000
1653851216549609511 341.129724 2.931394 3 0 0.000000
1653851217576908557 205.455268 4.867132 5 0 0.000000
1653851218605773892 205.768299 4.859722 5 0 0.000000
1653851219631029545 205.045858 4.876832 5 0 0.000000
1653851220660558337 205.901059 4.856591 5 0 0.000000
1653851221687566469 205.396983 4.868511 5 0 0.000000
1653851222712370834 204.952949 4.878980 5 0 0.000000
1653851223532604382 205.054450 4.876660 4 0 0.000000
1653851224558707251 205.216495 4.872806 5 0 0.000000
1653851225585213208 205.297069 4.870892 5 0 0.000000
1653851226612583721 205.469772 4.866793 5 0 0.000000
1653851227639899713 205.458816 4.867052 5 0 0.000000
1653851228667052912 205.426091 4.867823 5 0 0.000000
1653851229694349722 342.427020 2.920286 3 0 0.000000
1653851230718811560 204.887447 4.880611 5 0 0.000000
1653851231538564523 204.934221 4.879519 4 0 0.000000
1653851232562913387 204.865328 4.881150 5 0 0.000000
1653851233589659345 205.340017 4.869754 5 0 0.000000
1653851234617024196 205.468241 4.866820 5 0 0.000000
1653851235644857023 205.561860 4.864604 5 0 0.000000
1653851236671399621 205.301036 4.870718 5 0 0.000000
1653851237699519735 205.619651 4.863245 5 0 0.000000
1653851238523325881 205.946834 4.855511 4 0 0.000000
1653851239550134189 342.265111 2.921675 3 0 0.000000
1653851240574809505 204.930048 4.879594 5 0 0.000000
1653851241604806056 343.327975 2.912631 3 0 0.000000
1653851242631041539 205.242265 4.872176 5 0 0.000000
1653851243657592668 205.305451 4.870678 5 0 0.000000
1653851244288427742 210.273134 4.755601 3 0 0.000000
1653851245719160146 286.142155 3.494714 5 0 0.000000
1653851246540466911 205.322216 4.870287 4 0 0.000000
1653851247570003260 205.902591 4.856555 5 0 0.000000
1653851248600547292 343.509838 2.911084 3 0 0.000000
1653851249627163623 205.318645 4.870369 5 0 0.000000
1653851250651711588 204.905301 4.880201 5 0 0.000000
1653851251677038025 205.060716 4.876496 5 0 0.000000
1653851252707646963 206.117235 4.851501 5 0 0.000000
1653851253734224701 205.311235 4.870552 5 0 0.000000
1653851254554398430 205.038611 4.877015 4 0 0.000000
1653851255581155343 342.247786 2.921821 3 0 0.000000
1653851256608251500 205.414897 4.868093 5 0 0.000000
1653851257636588651 205.663205 4.862218 5 0 0.000000
1653851258664428272 342.608877 2.918743 3 0 0.000000
