1653850390291394865 282.781777 3.535167 3 0 0.000000
1653850390707115566 207.856396 4.810922 2 0 0.000000
1653850392365950009 331.759082 3.014165 5 0 0.000000
1653850393388689542 511.364427 1.955532 2 0 0.000000
1653850394416742973 205.604939 4.863561 5 0 0.000000
1653850395033016172 205.418290 4.867971 3 0 0.000000
1653850396261957850 307.229791 3.254833 4 0 0.000000
1653850397288882536 205.380381 4.868906 5 0 0.000000
1653850398316839488 205.582711 4.864017 5 0 0.000000
1653850399343162667 205.259871 4.871760 5 0 0.000000
1653850400366061985 204.574585 4.888067 5 0 0.000000
1653850401388155804 204.413109 4.891919 5 0 0.000000
1653850402207568972 204.848549 4.881542 4 0 0.000000
1653850403226909554 339.774690 2.943079 3 0 0.000000
1653850404251695828 341.589613 2.927440 3 0 0.000000
1653850405272105035 204.076770 4.899995 5 0 0.000000
1653850405885503546 204.461264 4.890785 3 0 0.000000
1653850407314807284 285.855929 3.498207 5 0 0.000000
1653850408334722758 339.966880 2.941420 3 0 0.000000
1653850409356802213 204.410807 4.891988 5 0 0.000000
1653850410378363835 204.307575 4.894467 5 0 0.000000
1653850411197054860 204.667550 4.885848 4 0 0.000000
1653850412421631540 306.139453 3.266435 4 0 0.000000
1653850413444476120 204.564081 4.888328 5 0 0.000000
1653850414262197511 204.425044 4.891642 4 0 0.000000
1653850415283859632 204.327227 4.893986 5 0 0.000000
1653850416306026972 340.716982 2.934940 3 0 0.000000
1653850417327607338 204.308527 4.894378 5 0 0.000000
1653850418346404738 203.754929 4.907747 5 0 0.000000
1653850419367518545 204.218028 4.896614 5 0 0.000000
1653850420385774015 339.405365 2.946215 3 0 0.000000
1653850421406804938 204.201203 4.897011 5 0 0.000000
1653850422427870241 204.208296 4.896847 5 0 0.000000
1653850423448014534 204.023057 4.901267 5 0 0.000000
1653850424267873255 409.923875 2.439445 2 0 0.000000
1653850425289046751 204.229727 4.896328 5 0 0.000000
1653850426306362512 339.100900 2.948937 3 0 0.000000
1653850427123569772 204.296621 4.894719 4 0 0.000000
1653850428344603136 305.253552 3.275914 4 0 0.000000
1653850429364291472 203.932654 4.903459 5 0 0.000000
1653850430384736585 204.084486 4.899823 5 0 0.000000
1653850431405672532 204.182378 4.897467 5 0 0.000000
1653850432424802553 203.822346 4.906145 5 0 0.000000
1653850433443971462 203.828647 4.905958 5 0 0.000000
1653850434464912408 204.182809 4.897443 5 0 0.000000
1653850435280690387 203.939746 4.903295 4 0 0.000000
1653850436302900548 340.732284 2.934817 3 0 0.000000
1653850437320404974 203.496006 4.913984 5 0 0.000000
1653850438340557686 204.025988 4.901227 5 0 0.000000
1653850439359343828 203.751992 4.907801 5 0 0.000000
1653850440381965406 340.868748 2.933637 3 0 0.000000
1653850441399909885 203.580873 4.911859 5 0 0.000000
1653850442418546247 203.722627 4.908523 5 0 0.000000
1653850443437075230 203.701200 4.909040 5 0 0.000000
1653850444454715181 203.523754 4.913329 5 0 0.000000
1653850445474083205 203.868656 4.905000 5 0 0.000000
1653850446289779249 203.919988 4.903787 4 0 0.000000
1653850447307265487 203.492613 4.914071 5 0 0.000000
1653850448326969092 203.936378 4.903386 5 0 0.000000
1653850449345891390 203.779505 4.907146 5 0 0.000000
1653850449955508664 203.201020 4.921120 3 0 0.000000
1653850451381830074 285.259553 3.505521 5 0 0.000000
1653850452401277504 203.881779 4.904618 5 0 0.000000
1653850453417347424 338.685180 2.952553 3 0 0.000000
1653850454436901667 203.906152 4.904104 5 0 0.000000
1653850455455463132 203.707564 4.908884 5 0 0.000000
1653850456472402610 203.383450 4.916713 5 0 0.000000
1653850457288598781 204.045115 4.900783 4 0 0.000000
1653850458307962161 203.868501 4.905022 5 0 0.000000
1653850459325625778 203.528846 4.913215 5 0 0.000000
1653850459938546881 204.302215 4.894594 3 0 0.000000
1653850460961357215 340.931715 2.933095 3 0 0.000000
1653850462386394780 285.002352 3.508680 5 0 0.000000
1653850463406082449 203.933722 4.903462 5 0 0.000000
1653850464424543560 203.687621 4.909368 5 0 0.000000
1653850465443403970 203.767724 4.907444 5 0 0.000000
1653850466459655329 338.745289 2.952026 3 0 0.000000
1653850467478561661 203.776788 4.907222 5 0 0.000000
1653850468295866301 408.647778 2.447068 2 0 0.000000
1653850469112412948 204.132251 4.898679 4 0 0.000000
1653850470335392124 305.740346 3.270702 4 0 0.000000
1653850471353943366 203.705722 4.908933 5 0 0.000000
1653850472372586040 203.719936 4.908493 5 0 0.000000
1653850473392596410 203.997721 4.901911 5 0 0.000000
1653850474410618361 203.599729 4.911485 5 0 0.000000
1653850475428936562 203.658472 4.910057 5 0 0.000000
1653850476449918224 340.322311 2.938349 3 0 0.000000
1653850477470921206 204.195529 4.897145 5 0 0.000000
1653850478490332284 203.878242 4.904793 5 0 0.000000
1653850479306230409 203.970284 4.902573 4 0 0.000000
1653850480325619366 203.873003 4.904899 5 0 0.000000
1653850481346737115 204.219608 4.896595 5 0 0.000000
1653850482365901112 203.828515 4.905982 5 0 0.000000
1653850483384033105 203.621655 4.910955 5 0 0.000000
1653850484401594300 203.507423 4.913709 5 0 0.000000
1653850485419437517 203.564153 4.912348 5 0 0.000000
1653850486438444251 203.796915 4.906739 5 0 0.000000
1653850487049914966 203.819322 4.906204 3 0 0.000000
1653850488484723071 478.264934 2.090872 3 0 0.000000
1653850489504393201 203.927000 4.903547 5 0 0.000000
1653850490322699661 204.571832 4.888144 4 0 0.000000
1653850491342160244 203.887867 4.904555 5 0 0.000000
1653850492361960456 203.955865 4.902921 5 0 0.000000
1653850493381831157 203.966183 4.902582 5 0 0.000000
1653850493995425879 204.527152 4.889221 3 0 0.000000
1653850495422671756 285.444440 3.503251 5 0 0.000000
1653850496444914242 204.443783 4.891207 5 0 0.000000
1653850497464994216 204.010840 4.901577 5 0 0.000000
1653850498484681848 203.932606 4.903463 5 0 0.000000
1653850499501820561 339.042098 2.949450 3 0 0.000000
1653850500318345995 204.126214 4.898807 4 0 0.000000
1653850501337817516 203.889566 4.904502 5 0 0.000000
1653850502362937206 1025.115099 0.975496 1 0 0.000000
1653850503381922043 203.792310 4.906844 5 0 0.000000
1653850504402492813 204.109110 4.899219 5 0 0.000000
1653850505420647505 203.626587 4.910845 5 0 0.000000
1653850506439848861 203.835984 4.905802 5 0 0.000000
1653850507458553863 339.553743 2.944915 3 0 0.000000
1653850508477484990 203.777895 4.907103 5 0 0.000000
1653850509495525773 339.342743 2.946837 3 0 0.000000
1653850510514018045 203.693065 4.909218 5 0 0.000000
1653850511328972773 407.472826 2.454124 2 0 0.000000
1653850511942252428 204.422043 4.891732 3 0 0.000000
1653850513368624510 285.269230 3.505397 5 0 0.000000
1653850514387950125 203.860221 4.905204 5 0 0.000000
1653850515407420467 203.889878 4.904508 5 0 0.000000
1653850516427895029 204.087652 4.899681 5 0 0.000000
1653850517447066030 203.829676 4.905948 5 0 0.000000
1653850518466914341 203.965017 4.902690 5 0 0.000000
1653850519485643635 203.741606 4.908075 5 0 0.000000
1653850520504230769 203.713225 4.908760 5 0 0.000000
1653850521319069382 203.705374 4.908948 4 0 0.000000
1653850522340073730 340.330234 2.938283 3 0 0.000000
1653850523358597227 203.700758 4.909067 5 0 0.000000
1653850524377981524 203.870077 4.904922 5 0 0.000000
1653850525395970397 203.593152 4.911645 5 0 0.000000
1653850526413683018 203.537761 4.912978 5 0 0.000000
1653850527434240885 204.107206 4.899281 5 0 0.000000
1653850528454824470 204.112204 4.899158 5 0 0.000000
1653850529472513326 339.223858 2.947856 3 0 0.000000
1653850530489901703 203.472923 4.914544 5 0 0.000000
1653850531508283931 339.456669 2.945849 3 0 0.000000
1653850532526416199 203.621415 4.910953 5 0 0.000000
1653850533343286781 204.213665 4.896736 4 0 0.000000
1653850534362955747 203.929643 4.903552 5 0 0.000000
1653850535384023033 340.350513 2.938102 3 0 0.000000
1653850536402488038 203.688247 4.909349 5 0 0.000000
1653850537424946024 204.487347 4.890176 5 0 0.000000
1653850538445746179 204.155584 4.898118 5 0 0.000000
1653850539466610650 204.165736 4.897810 5 0 0.000000
1653850540487384534 204.150668 4.898244 5 0 0.000000
1653850541506379953 203.795140 4.906793 5 0 0.000000
1653850542526985536 204.116928 4.899052 5 0 0.000000
1653850543342453960 203.863065 4.905156 4 0 0.000000
1653850544363954164 204.295629 4.894762 5 0 0.000000
1653850545386049411 204.414482 4.891912 5 0 0.000000
1653850546405410811 203.867766 4.905032 5 0 0.000000
1653850547423536293 203.620778 4.910986 5 0 0.000000
1653850548443622134 204.012960 4.901548 5 0 0.000000
1653850549462145731 203.700233 4.909066 5 0 0.000000
1653850550481254119 203.807845 4.906249 5 0 0.000000
1653850551500190726 203.783062 4.907077 5 0 0.000000
1653850552520095411 203.976886 4.902419 5 0 0.000000
1653850553543277210 204.632571 4.886717 5 0 0.000000
1653850554358076991 203.695442 4.909182 4 0 0.000000
1653850555377520371 203.884557 4.904637 5 0 0.000000
1653850555989252119 203.906294 4.904110 3 0 0.000000
1653850557415759204 285.296825 3.505065 5 0 0.000000
1653850558436049284 204.053866 4.900567 5 0 0.000000
1653850559455838094 203.953155 4.902976 5 0 0.000000
1653850560474860552 203.798823 4.906663 5 0 0.000000
1653850561494266122 203.876812 4.904819 5 0 0.000000
1653850562515401037 204.221721 4.896513 5 0 0.000000
1653850563330994904 203.894221 4.904402 4 0 0.000000
1653850564354236728 341.072493 2.931858 3 0 0.000000
1653850565374625794 204.073325 4.900092 5 0 0.000000
1653850566393471663 339.610876 2.944508 3 0 0.000000
1653850567413696351 204.040537 4.900881 5 0 0.000000
1653850568434657884 204.187925 4.897344 5 0 0.000000
1653850569250022733 203.837039 4.905779 4 0 0.000000
1653850570475896232 612.932166 1.631490 2 0 0.000000
1653850571495866114 203.988898 4.902106 5 0 0.000000
1653850571903033053 203.578941 4.911990 2 0 0.000000
1653850573534794696 326.347693 3.064173 5 0 0.000000
1653850574554226849 203.882358 4.904691 5 0 0.000000
1653850575370287947 204.011055 4.901594 4 0 0.000000
1653850576391091919 204.156427 4.898100 5 0 0.000000
1653850577411442862 204.065287 4.900275 5 0 0.000000
1653850578433989792 204.504711 4.889751 5 0 0.000000
1653850579455256970 340.417369 2.937527 3 0 0.000000
1653850580474836560 339.854893 2.942389 3 0 0.000000
1653850581494874641 204.003107 4.901778 5 0 0.000000
1653850582512708241 339.273157 2.947437 3 0 0.000000
1653850583535182572 204.487646 4.890098 5 0 0.000000
1653850584555336172 204.026401 4.901223 5 0 0.000000
1653850585570551586 338.400119 2.955038 3 0 0.000000
1653850586386797428 204.057333 4.900484 4 0 0.000000
1653850587410733092 341.307670 2.929872 3 0 0.000000
1653850588431241883 204.096960 4.899517 5 0 0.000000
1653850589451039906 203.954621 4.902932 5 0 0.000000
1653850590472851447 204.358420 4.893270 5 0 0.000000
1653850591495131100 204.451382 4.891030 5 0 0.000000
1653850592512241158 339.031513 2.949533 3 0 0.000000
1653850593533702550 204.287827 4.894948 5 0 0.000000
1653850594552042835 203.663817 4.909950 5 0 0.000000
1653850595572980817 204.183290 4.897457 5 0 0.000000
1653850596393465509 410.237790 2.437583 2 0 0.000000
1653850597413807903 204.063660 4.900316 5 0 0.000000
1653850598433940049 204.022432 4.901326 5 0 0.000000
1653850598637749998 203.792879 4.906532 1 0 0.000000
1653850600473749167 458.994540 2.178650 4 0 0.000000
1653850601493822917 204.010716 4.901606 5 0 0.000000
1653850602515535849 204.338201 4.893743 5 0 0.000000
1653850603535894948 204.067529 4.900236 5 0 0.000000
1653850604557345479 204.285919 4.895000 5 0 0.000000
1653850605373438603 204.018259 4.901401 4 0 0.000000
1653850606392237284 339.594648 2.944645 3 0 0.000000
1653850607413015179 204.151586 4.898225 5 0 0.000000
1653850608430080041 339.016860 2.949664 3 0 0.000000
1653850609044817318 204.908229 4.880134 3 0 0.000000
1653850610474023549 476.397768 2.099067 3 0 0.000000
1653850611493572357 203.905118 4.904130 5 0 0.000000
1653850612516632198 341.015731 2.932380 3 0 0.000000
1653850613535266251 203.717648 4.908534 5 0 0.000000
1653850614556444505 204.231104 4.896305 5 0 0.000000
1653850615578052223 204.317633 4.894247 5 0 0.000000
1653850616393560743 203.873111 4.904915 4 0 0.000000
1653850617414894825 204.262214 4.895558 5 0 0.000000
1653850618434465426 203.909766 4.904025 5 0 0.000000
1653850619463428347 1028.958662 0.971852 1 0 0.000000
1653850620480745844 339.100610 2.948932 3 0 0.000000
1653850621502433311 204.333357 4.893864 5 0 0.000000
1653850622523202941 204.149504 4.898265 5 0 0.000000
1653850623135455150 204.079943 4.899941 3 0 0.000000
1653850624562248220 356.693067 2.803490 4 0 0.000000
1653850625583733629 204.287056 4.894833 5 0 0.000000
1653850626400204674 204.113440 4.899133 4 0 0.000000
1653850627418314829 339.365780 2.946636 3 0 0.000000
1653850628029954279 203.875591 4.904850 3 0 0.000000
1653850629252499658 305.631616 3.271862 4 0 0.000000
1653850630070797034 409.144275 2.444099 2 0 0.000000
1653850631495628313 284.961757 3.509187 5 0 0.000000
1653850632515220165 339.859370 2.942354 3 0 0.000000
1653850633535666568 204.084964 4.899816 5 0 0.000000
1653850634556693211 204.200937 4.897032 5 0 0.000000
1653850635579276693 204.511915 4.889576 5 0 0.000000
1653850636599658149 204.072113 4.900128 5 0 0.000000
1653850637417435687 408.884893 2.445653 2 0 0.000000
1653850638029865340 204.138822 4.898522 3 0 0.000000
1653850639463206086 286.664070 3.488354 5 0 0.000000
1653850640482969161 203.948252 4.903100 5 0 0.000000
1653850641503725044 204.147346 4.898331 5 0 0.000000
1653850642526119683 340.794339 2.934288 3 0 0.000000
1653850643549567381 204.685534 4.885448 5 0 0.000000
1653850644570434462 204.169114 4.897797 5 0 0.000000
1653850645594738963 341.430490 2.928817 3 0 0.000000
1653850646412199178 204.360828 4.893204 4 0 0.000000
1653850647435491785 204.654488 4.886188 5 0 0.000000
1653850648458583826 341.025713 2.932288 3 0 0.000000
1653850649478392245 203.957424 4.902882 5 0 0.000000
1653850650499783694 204.274341 4.895283 5 0 0.000000
1653850651521709271 204.380898 4.892724 5 0 0.000000
1653850652337323471 203.899184 4.904279 4 0 0.000000
1653850653611006634 318.416807 3.140499 4 0 0.000000
1653850654427587169 204.140854 4.898476 4 0 0.000000
1653850655452064031 204.891108 4.880540 5 0 0.000000
1653850656472095459 204.002040 4.901810 5 0 0.000000
1653850657494007456 204.377775 4.892789 5 0 0.000000
1653850658513971179 339.982572 2.941281 3 0 0.000000
1653850659535677816 204.336783 4.893773 5 0 0.000000
1653850660148380442 204.229230 4.896339 3 0 0.000000
1653850661579924079 286.304311 3.492733 5 0 0.000000
1653850662600725315 204.156323 4.898113 5 0 0.000000
1653850663623176411 204.486182 4.890209 5 0 0.000000
1653850664438771640 203.894337 4.904394 4 0 0.000000
1653850665460975798 204.436572 4.891391 5 0 0.000000
1653850666483383668 204.477367 4.890416 5 0 0.000000
1653850667504934236 204.305409 4.894520 5 0 0.000000
1653850668525265383 204.062132 4.900370 5 0 0.000000
1653850669545800409 204.102413 4.899391 5 0 0.000000
1653850670158651853 204.279293 4.895150 3 0 0.000000
1653850671592357941 286.736224 3.487465 5 0 0.000000
1653850672614163106 204.356868 4.893301 5 0 0.000000
1653850673431173065 204.247903 4.895901 4 0 0.000000
1653850674452043239 204.169990 4.897782 5 0 0.000000
1653850675470534249 339.493055 2.945534 3 0 0.000000
1653850676490034134 339.827985 2.942619 3 0 0.000000
1653850677511825467 204.354014 4.893367 5 0 0.000000
1653850678534081515 204.447177 4.891142 5 0 0.000000
1653850679556396917 204.458362 4.890859 5 0 0.000000
1653850680579113911 204.538747 4.888938 5 0 0.000000
1653850681601045906 204.381711 4.892694 5 0 0.000000
1653850682621857837 204.158124 4.898062 5 0 0.000000
1653850683439850908 204.489093 4.890017 4 0 0.000000
1653850684461956105 204.416278 4.891864 5 0 0.000000
1653850685482488812 204.101794 4.899402 5 0 0.000000
1653850686506497360 341.331342 2.929663 3 0 0.000000
1653850687323103491 204.146565 4.898322 4 0 0.000000
1653850688550249862 306.781858 3.259595 4 0 0.000000
1653850689571929044 204.331166 4.893904 5 0 0.000000
1653850690594124297 204.435009 4.891433 5 0 0.000000
1653850691621071539 205.384685 4.868799 5 0 0.000000
1653850692641869497 204.152010 4.898129 5 0 0.000000
1653850693459083702 204.294135 4.894678 4 0 0.000000
1653850694548368072 217.852630 4.590170 5 0 0.000000
1653850695569908590 204.303889 4.894568 5 0 0.000000
1653850696590157792 340.078396 2.940458 3 0 0.000000
1653850697611308567 204.225821 4.896437 5 0 0.000000
1653850698634804308 341.160174 2.931131 3 0 0.000000
1653850699451387897 204.141670 4.898457 4 0 0.000000
1653850700472442508 204.206363 4.896898 5 0 0.000000
1653850701493157464 204.138339 4.898527 5 0 0.000000
1653850702514419126 204.247341 4.895905 5 0 0.000000
1653850703535274645 204.167197 4.897853 5 0 0.000000
1653850704557266539 204.394167 4.892407 5 0 0.000000
1653850705579113791 204.365280 4.893099 5 0 0.000000
1653850706598754841 203.924287 4.903686 5 0 0.000000
1653850707617870649 203.819109 4.906214 5 0 0.000000
1653850708233110515 205.074944 4.876147 3 0 0.000000
1653850709659326995 285.238706 3.505779 5 0 0.000000
1653850710476945676 204.396157 4.892256 4 0 0.000000
1653850711497380521 204.082683 4.899872 5 0 0.000000
1653850712520769491 204.673672 4.885728 5 0 0.000000
1653850713542699763 204.382077 4.892702 5 0 0.000000
1653850714563772065 204.210210 4.896813 5 0 0.000000
1653850715583226010 339.813629 2.942752 3 0 0.000000
1653850716605836795 204.517677 4.889446 5 0 0.000000
1653850717626447725 204.117868 4.899027 5 0 0.000000
1653850718648507960 204.407915 4.892080 5 0 0.000000
1653850719465424002 204.225151 4.896464 4 0 0.000000
1653850720487821416 204.475517 4.890466 5 0 0.000000
1653850721509603014 204.351564 4.893414 5 0 0.000000
1653850722531878288 204.450925 4.891051 5 0 0.000000
1653850723552365546 204.093594 4.899620 5 0 0.000000
1653850724574819913 204.486632 4.890194 5 0 0.000000
1653850725595393221 204.110607 4.899207 5 0 0.000000
1653850726617205865 204.358319 4.893265 5 0 0.000000
1653850727637686229 204.092311 4.899653 5 0 0.000000
1653850728658589271 204.176736 4.897625 5 0 0.000000
1653850729475619946 204.253408 4.895777 4 0 0.000000
1653850730496549196 204.181839 4.897499 5 0 0.000000
1653850731517469937 204.180187 4.897540 5 0 0.000000
1653850732541167244 204.734883 4.884256 5 0 0.000000
1653850733560767605 203.915997 4.903882 5 0 0.000000
1653850734582021792 204.246849 4.895941 5 0 0.000000
1653850735604236602 204.438965 4.891340 5 0 0.000000
1653850736625864361 204.320844 4.894150 5 0 0.000000
1653850737646026974 204.028062 4.901179 5 0 0.000000
1653850738667720240 204.330640 4.893837 5 0 0.000000
1653850739483414474 203.919332 4.903798 4 0 0.000000
1653850740506098756 204.532567 4.889094 5 0 0.000000
1653850741527778544 204.331759 4.893901 5 0 0.000000
1653850742546410738 339.539583 2.945126 3 0 0.000000
1653850743567665639 204.246370 4.895937 5 0 0.000000
1653850744588509115 204.164455 4.897910 5 0 0.000000
1653850745608639947 204.022193 4.901332 5 0 0.000000
1653850746629442609 204.156448 4.898106 5 0 0.000000
1653850747650508107 204.208653 4.896846 5 0 0.000000
1653850748671012311 204.096649 4.899539 5 0 0.000000
1653850749487165034 204.033789 4.901043 4 0 0.000000
1653850750509251781 204.413161 4.891953 5 0 0.000000
1653850751534475684 341.737876 2.926190 3 0 0.000000
1653850752556613095 204.422248 4.891710 5 0 0.000000
1653850753576411639 203.955438 4.902929 5 0 0.000000
1653850754597439574 204.201374 4.897026 5 0 0.000000
1653850755618415254 204.190597 4.897276 5 0 0.000000
1653850756438052860 204.903878 4.880205 4 0 0.000000
1653850757662183112 306.027908 3.267626 4 0 0.000000
1653850758684329604 204.424847 4.891667 5 0 0.000000
1653850759296861993 204.173350 4.897700 3 0 0.000000
1653850760521409415 306.132356 3.266513 4 0 0.000000
1653850761540242472 339.606652 2.944545 3 0 0.000000
1653850762561918578 204.329918 4.893919 5 0 0.000000
1653850763583828975 204.378369 4.892797 5 0 0.000000
1653850764604466052 204.123226 4.898901 5 0 0.000000
1653850765625703030 204.243120 4.896023 5 0 0.000000
1653850766643489991 339.257095 2.947572 3 0 0.000000
1653850767665498406 204.397226 4.892328 5 0 0.000000
1653850768687619536 204.419789 4.891788 5 0 0.000000
1653850769506695632 204.764620 4.883551 4 0 0.000000
1653850770529327152 204.522212 4.889347 5 0 0.000000
1653850771551771868 204.484790 4.890240 5 0 0.000000
1653850772572993035 204.240002 4.896099 5 0 0.000000
1653850773598804669 341.932779 2.924514 3 0 0.000000
1653850774619125342 340.101993 2.940252 3 0 0.000000
1653850775640584983 204.287424 4.894956 5 0 0.000000
1653850776661534167 204.185747 4.897403 5 0 0.000000
1653850777685614210 204.807440 4.882431 5 0 0.000000
1653850778502633830 204.246046 4.895843 4 0 0.000000
1653850779526512446 341.288758 2.930035 3 0 0.000000
1653850780548994580 204.492410 4.890061 5 0 0.000000
1653850781571790001 204.554892 4.888563 5 0 0.000000
1653850782596306274 204.898848 4.880352 5 0 0.000000
1653850783618099010 204.354119 4.893360 5 0 0.000000
1653850784640230353 204.422557 4.891739 5 0 0.000000
1653850785658710251 339.488749 2.945566 3 0 0.000000
1653850786683116829 341.464423 2.928525 3 0 0.000000
1653850787705003463 204.372513 4.892911 5 0 0.000000
1653850788523326971 204.576710 4.888042 4 0 0.000000
1653850789564153498 208.160899 4.803875 5 0 0.000000
1653850790584773568 204.119704 4.898983 5 0 0.000000
1653850791606706184 204.382378 4.892691 5 0 0.000000
1653850792626541142 203.962913 4.902754 5 0 0.000000
1653850793648755804 204.439036 4.891341 5 0 0.000000
1653850794670918260 204.423122 4.891590 5 0 0.000000
1653850795692491170 204.310359 4.894413 5 0 0.000000
1653850796714392884 204.376407 4.892838 5 0 0.000000
1653850797532075412 204.416458 4.891874 4 0 0.000000
1653850798553312761 204.243294 4.896021 5 0 0.000000
1653850799576359584 204.604772 4.887362 5 0 0.000000
1653850800394128607 204.438362 4.891357 4 0 0.000000
1653850801617307744 305.790624 3.270167 4 0 0.000000
1653850802638905025 204.315147 4.894297 5 0 0.000000
1653850803660840945 204.380627 4.892675 5 0 0.000000
1653850804684781148 341.309132 2.929859 3 0 0.000000
1653850805706856132 204.410638 4.892009 5 0 0.000000
1653850806524204949 204.333428 4.893871 4 0 0.000000
1653850807545118827 204.178754 4.897573 5 0 0.000000
1653850808567514651 204.475052 4.890474 5 0 0.000000
1653850809589713471 204.435513 4.891416 5 0 0.000000
1653850810610784485 204.209943 4.896819 5 0 0.000000
1653850811223992762 204.398713 4.892302 3 0 0.000000
1653850812659232766 287.043848 3.483738 5 0 0.000000
1653850813681084372 204.366136 4.893078 5 0 0.000000
1653850814702987978 204.376407 4.892829 5 0 0.000000
1653850815724793785 204.356952 4.893298 5 0 0.000000
1653850816542278979 204.367326 4.893055 4 0 0.000000
1653850817564583171 204.456847 4.890912 5 0 0.000000
1653850818588219398 204.723336 4.884548 5 0 0.000000
1653850819611419202 204.635923 4.886631 5 0 0.000000
1653850820632847201 204.281331 4.895108 5 0 0.000000
1653850821657278188 204.881938 4.880758 5 0 0.000000
1653850822680427594 341.045571 2.932123 3 0 0.000000
1653850823702147808 204.340029 4.893708 5 0 0.000000
1653850824720512804 339.445477 2.945899 3 0 0.000000
1653850825538282470 204.438199 4.891353 4 0 0.000000
1653850826561535762 204.646190 4.886376 5 0 0.000000
1653850827174229610 204.219105 4.896409 3 0 0.000000
1653850828608109025 286.771682 3.487044 5 0 0.000000
1653850829630550896 204.484215 4.890254 5 0 0.000000
1653850830450199882 204.907984 4.880138 4 0 0.000000
1653850831684496310 617.142676 1.620356 2 0 0.000000
1653850832706469694 204.390043 4.892496 5 0 0.000000
1653850833729265688 204.555952 4.888560 5 0 0.000000
1653850834546417630 204.283481 4.895051 4 0 0.000000
1653850835569633714 204.639089 4.886553 5 0 0.000000
1653850836590576601 204.181789 4.897433 5 0 0.000000
1653850837612446839 204.369804 4.892989 5 0 0.000000
1653850838430993558 204.632333 4.886710 4 0 0.000000
1653850839655372414 306.090404 3.266963 4 0 0.000000
1653850840677416161 204.404394 4.892158 5 0 0.000000
1653850841700814657 204.675574 4.885682 5 0 0.000000
1653850842722513105 204.335600 4.893812 5 0 0.000000
1653850843745158300 204.524951 4.889281 5 0 0.000000
1653850844562697857 204.380222 4.892730 4 0 0.000000
1653850845584090028 204.274127 4.895279 5 0 0.000000
1653850846197682174 204.526612 4.889241 3 0 0.000000
1653850847636362337 479.548930 2.085245 3 0 0.000000
1653850848657624158 204.247966 4.895904 5 0 0.000000
1653850849679865226 204.444034 4.891214 5 0 0.000000
1653850850701618873 204.346198 4.893547 5 0 0.000000
1653850851724150860 204.501569 4.889823 5 0 0.000000
1653850852746511810 204.463006 4.890641 5 0 0.000000
1653850853154941394 204.210775 4.896805 2 0 0.000000
1653850854582444294 285.493445 3.502620 5 0 0.000000
1653850855599292801 338.945129 2.950292 3 0 0.000000
1653850856626491840 342.394893 2.920563 3 0 0.000000
1653850857649423106 204.581457 4.887914 5 0 0.000000
1653850858671830407 204.477296 4.890419 5 0 0.000000
1653850859695322934 204.690455 4.885234 5 0 0.000000
1653850860717593428 204.449347 4.891073 5 0 0.000000
1653850861740374709 204.551865 4.888631 5 0 0.000000
1653850862763244352 204.569673 4.888208 5 0 0.000000
1653850863582714107 204.863041 4.881205 4 0 0.000000
1653850864604964665 204.446143 4.891169 5 0 0.000000
1653850865627232117 204.448870 4.891088 5 0 0.000000
1653850866650324518 204.614503 4.887144 5 0 0.000000
1653850867675387996 341.683797 2.926648 3 0 0.000000
1653850868697979477 204.513796 4.889538 5 0 0.000000
1653850869720673802 204.531339 4.889046 5 0 0.000000
1653850870741983994 204.257736 4.895672 5 0 0.000000
1653850871764287385 204.456622 4.890916 5 0 0.000000
1653850872582453699 204.537226 4.888981 4 0 0.000000
1653850873604108317 204.326983 4.894022 5 0 0.000000
1653850874626717053 204.517580 4.889456 5 0 0.000000
1653850875650825957 341.365465 2.929376 3 0 0.000000
1653850876673707928 204.565758 4.888150 5 0 0.000000
1653850877698963469 205.044470 4.876833 5 0 0.000000
1653850878722465427 204.695638 4.885189 5 0 0.000000
1653850879744602973 204.423477 4.891709 5 0 0.000000
1653850880769404238 341.596040 2.927397 3 0 0.000000
1653850880973754249 204.345520 4.893565 1 0 0.000000
1653850882611462297 545.897973 1.831828 3 0 0.000000
1653850883637470343 205.197404 4.873256 5 0 0.000000
1653850884659818869 204.465851 4.890700 5 0 0.000000
1653850885682477543 204.527726 4.889217 5 0 0.000000
1653850886704308858 204.361974 4.893176 5 0 0.000000
1653850887728591854 204.852111 4.881463 5 0 0.000000
1653850888750435687 204.364843 4.893116 5 0 0.000000
1653850889772888167 204.486003 4.890203 5 0 0.000000
1653850890593212369 410.157508 2.438060 2 0 0.000000
1653850891616191902 204.591597 4.887683 5 0 0.000000
1653850892642848997 205.327387 4.870175 5 0 0.000000
1653850893665583716 204.542372 4.888853 5 0 0.000000
1653850894688612415 204.601594 4.887448 5 0 0.000000
1653850895710774474 204.428472 4.891592 5 0 0.000000
1653850896733057658 204.452648 4.891013 5 0 0.000000
1653850897349355454 616.293817 1.622592 1 0 0.000000
1653850898784131048 286.950472 3.484865 5 0 0.000000
1653850899603257696 204.777124 4.883250 4 0 0.000000
1653850900620985098 339.238262 2.947744 3 0 0.000000
1653850901644779753 204.754976 4.883792 5 0 0.000000
1653850902465159159 205.090630 4.875793 4 0 0.000000
1653850903694187459 307.252925 3.254604 4 0 0.000000
1653850904712702428 339.500122 2.945465 3 0 0.000000
1653850905736042496 204.663646 4.885961 5 0 0.000000
1653850906759596215 204.706615 4.884941 5 0 0.000000
1653850907784655500 205.007543 4.877767 5 0 0.000000
1653850908602794362 204.530360 4.889146 4 0 0.000000
1653850909624979133 204.432811 4.891484 5 0 0.000000
1653850910648373705 204.674601 4.885701 5 0 0.000000
1653850911671330755 204.587320 4.887791 5 0 0.000000
1653850912694790290 204.687402 4.885391 5 0 0.000000
1653850913718277195 204.692976 4.885260 5 0 0.000000
1653850914740654018 204.471220 4.890565 5 0 0.000000
1653850915764746891 204.814493 4.882370 5 0 0.000000
1653850916786364088 204.319235 4.894201 5 0 0.000000
1653850917605430953 204.762620 4.883606 4 0 0.000000
1653850918629047459 204.717430 4.884642 5 0 0.000000
1653850919650587310 204.303678 4.894572 5 0 0.000000
1653850920675037511 204.886095 4.880667 5 0 0.000000
1653850921698120851 204.612578 4.887187 5 0 0.000000
1653850922720595832 204.486123 4.890096 5 0 0.000000
1653850923744465994 204.769591 4.883431 5 0 0.000000
1653850924766024661 204.307199 4.894482 5 0 0.000000
1653850925788082757 204.407316 4.892090 5 0 0.000000
1653850926606002940 204.475871 4.890453 4 0 0.000000
1653850927629986886 204.792295 4.882889 5 0 0.000000
1653850928652263973 204.451055 4.891042 5 0 0.000000
1653850929673978150 204.338734 4.893736 5 0 0.000000
1653850930696148422 204.424944 4.891553 5 0 0.000000
1653850931721880539 205.142317 4.874567 5 0 0.000000
1653850932334791873 204.297422 4.894672 3 0 0.000000
1653850933760788970 285.195115 3.506319 5 0 0.000000
1653850934782944589 204.427025 4.891623 5 0 0.000000
1653850935806677953 204.742357 4.884084 5 0 0.000000
1653850936625991557 204.824472 4.882135 4 0 0.000000
1653850937650138135 204.824791 4.882114 5 0 0.000000
1653850938671997110 204.367551 4.893043 5 0 0.000000
1653850939697441476 205.084350 4.875935 5 0 0.000000
1653850940720122437 204.531893 4.889110 5 0 0.000000
1653850941744766057 341.543457 2.927847 3 0 0.000000
1653850942766564607 204.355538 4.893332 5 0 0.000000
1653850943789655671 204.613940 4.887150 5 0 0.000000
1653850944810996787 204.264136 4.895524 5 0 0.000000
1653850945627746861 204.183283 4.897459 4 0 0.000000
1653850946650421502 204.530708 4.889141 5 0 0.000000
1653850947671597098 204.231038 4.896318 5 0 0.000000
1653850948694686745 204.613640 4.887157 5 0 0.000000
1653850949718040130 204.666474 4.885898 5 0 0.000000
1653850950740109203 204.409763 4.892037 5 0 0.000000
1653850951764208889 204.815374 4.882337 5 0 0.000000
1653850952786734404 204.500651 4.889854 5 0 0.000000
1653850953809099260 204.465123 4.890622 5 0 0.000000
1653850954627357465 204.560520 4.888433 4 0 0.000000
1653850955651480615 204.820594 4.882225 5 0 0.000000
1653850956674795340 204.658838 4.886082 5 0 0.000000
1653850957696351346 204.306194 4.894494 5 0 0.000000
1653850958719329058 204.591567 4.887692 5 0 0.000000
1653850959742486654 204.627647 4.886833 5 0 0.000000
1653850960560606863 204.520030 4.889257 4 0 0.000000
1653850961794070768 308.359521 3.242900 4 0 0.000000
1653850962817305189 204.642707 4.886466 5 0 0.000000
1653850963226136691 204.411313 4.891991 2 0 0.000000
1653850964659355915 286.637016 3.488650 5 0 0.000000
1653850965683562720 204.836969 4.881827 5 0 0.000000
1653850966706030699 204.489485 4.890129 5 0 0.000000
1653850967728121071 204.414201 4.891935 5 0 0.000000
1653850968751905068 204.752967 4.883843 5 0 0.000000
1653850969776132274 341.405088 2.929038 3 0 0.000000
1653850970799859394 204.741244 4.884114 5 0 0.000000
1653850971822921022 204.608532 4.887291 5 0 0.000000
1653850972641363601 204.606612 4.887331 4 0 0.000000
1653850973668345166 342.322706 2.921182 3 0 0.000000
1653850974692083933 204.740519 4.884059 5 0 0.000000
1653850975717075822 204.994236 4.878087 5 0 0.000000
1653850976742889876 205.158547 4.874178 5 0 0.000000
1653850977766830382 204.783439 4.883096 5 0 0.000000
1653850978794285606 342.480854 2.919835 3 0 0.000000
1653850979817970201 204.732215 4.884317 5 0 0.000000
1653850980842342826 204.869616 4.881037 5 0 0.000000
1653850981661374864 204.753636 4.883813 4 0 0.000000
1653850982683474467 204.415645 4.891891 5 0 0.000000
1653850983708741269 205.048931 4.876779 5 0 0.000000
1653850984732270843 204.701486 4.885057 5 0 0.000000
1653850985755931354 204.727379 4.884432 5 0 0.000000
1653850986779038063 204.617295 4.887076 5 0 0.000000
1653850987802965470 204.781498 4.883159 5 0 0.000000
1653850988827996813 341.673209 2.926740 3 0 0.000000
1653850989645947252 204.483408 4.890272 4 0 0.000000
1653850990668249022 204.455567 4.890924 5 0 0.000000
1653850991692709411 341.482635 2.928371 3 0 0.000000
1653850992308018339 205.098314 4.875600 3 0 0.000000
1653850993736630718 285.717603 3.499900 5 0 0.000000
1653850994759525435 204.574229 4.888089 5 0 0.000000
1653850995782366257 204.562724 4.888346 5 0 0.000000
1653850996805766785 204.672915 4.885673 5 0 0.000000
1653850997416417168 610.646494 1.637598 1 0 0.000000
1653850998844094790 285.531446 3.502191 5 0 0.000000
1653850999661999700 204.472065 4.890544 4 0 0.000000
1653851000685248161 204.645299 4.886399 5 0 0.000000
1653851001707820698 204.510250 4.889629 5 0 0.000000
1653851002730880516 204.607853 4.887300 5 0 0.000000
1653851003753677993 204.555450 4.888553 5 0 0.000000
1653851004776592888 204.579015 4.887992 5 0 0.000000
1653851005799433833 204.564084 4.888346 5 0 0.000000
1653851006823128383 204.734626 4.884269 5 0 0.000000
1653851007846745310 204.719267 4.884640 5 0 0.000000
1653851008665131406 204.587209 4.887669 4 0 0.000000
1653851009690530110 341.787653 2.925691 3 0 0.000000
1653851010713609700 204.611417 4.887205 5 0 0.000000
1653851011738478897 204.969773 4.878671 5 0 0.000000
1653851012351800601 204.436321 4.891397 3 0 0.000000
1653851013785728136 716.959570 1.394771 2 0 0.000000
1653851014809394475 204.728615 4.884404 5 0 0.000000
1653851015627391193 204.494912 4.889995 4 0 0.000000
1653851016851740525 306.083038 3.267041 4 0 0.000000
1653851017669647127 204.472318 4.890534 4 0 0.000000
1653851018694452253 204.956039 4.878976 5 0 0.000000
1653851019714855361 340.130237 2.940015 3 0 0.000000
1653851020737181271 204.460954 4.890808 5 0 0.000000
1653851021351054879 204.619977 4.887000 3 0 0.000000
1653851022786000699 286.984487 3.484452 5 0 0.000000
1653851023812001948 341.996185 2.923973 3 0 0.000000
1653851024836478538 204.890904 4.880541 5 0 0.000000
1653851025860617065 204.823088 4.882152 5 0 0.000000
1653851026679885226 204.809954 4.882406 4 0 0.000000
1653851027701726085 340.609139 2.935878 3 0 0.000000
1653851028726119754 204.761459 4.880936 5 0 0.000000
1653851029751422341 205.056262 4.876609 5 0 0.000000
1653851030774328937 204.577023 4.888032 5 0 0.000000
1653851031798214028 204.766312 4.883360 5 0 0.000000
1653851032824149786 341.973885 2.924160 3 0 0.000000
1653851033844994095 340.275887 2.938744 3 0 0.000000
1653851034864041244 339.677659 2.943927 3 0 0.000000
1653851035683684089 204.906827 4.880175 4 0 0.000000
1653851036707289001 204.716729 4.884697 5 0 0.000000
1653851037733359572 205.210196 4.872959 5 0 0.000000
1653851038756153532 204.554513 4.888570 5 0 0.000000
1653851039781393455 205.043369 4.876907 5 0 0.000000
1653851040805172325 204.751529 4.883867 5 0 0.000000
1653851041828577882 204.676809 4.885649 5 0 0.000000
1653851042854837049 205.247080 4.872064 5 0 0.000000
1653851043880640471 341.929302 2.924537 3 0 0.000000
1653851044699541774 204.721215 4.884594 4 0 0.000000
1653851045722984084 204.683116 4.885473 5 0 0.000000
1653851046747969403 204.992997 4.878119 5 0 0.000000
1653851047771757036 204.753088 4.883825 5 0 0.000000
1653851048794838807 204.612251 4.887195 5 0 0.000000
1653851049816111172 204.250210 4.895854 5 0 0.000000
1653851050834608655 339.494419 2.945515 3 0 0.000000
1653851051858333050 204.740976 4.884127 5 0 0.000000
1653851052884010400 205.131000 4.874827 5 0 0.000000
1653851053704778320 205.188065 4.873485 4 0 0.000000
1653851054730902399 205.220891 4.872705 5 0 0.000000
1653851055548907308 204.496856 4.889946 4 0 0.000000
1653851056773731492 306.201466 3.265775 4 0 0.000000
1653851057388895316 205.050036 4.876750 3 0 0.000000
1653851058824530932 287.122918 3.482778 5 0 0.000000
1653851059853331733 205.756154 4.860027 5 0 0.000000
1653851060464684155 611.348116 1.635718 1 0 0.000000
1653851061896180363 357.869014 2.794279 4 0 0.000000
1653851062714716095 204.629682 4.886775 4 0 0.000000
1653851063738870851 204.826567 4.882075 5 0 0.000000
1653851064761934158 204.608308 4.887283 5 0 0.000000
1653851065787611153 205.131398 4.874829 5 0 0.000000
1653851066812103002 204.893912 4.880468 5 0 0.000000
1653851067835764016 204.727902 4.884430 5 0 0.000000
1653851068858896560 204.621783 4.886952 5 0 0.000000
1653851069473417331 204.836275 4.881853 3 0 0.000000
1653851070294184029 410.378823 2.436746 2 0 0.000000
1653851071733050832 287.768291 3.474957 5 0 0.000000
1653851072760146805 342.360918 2.920857 3 0 0.000000
1653851073784461183 204.858328 4.881314 5 0 0.000000
1653851074808652840 204.833688 4.881899 5 0 0.000000
1653851075832857854 204.836426 4.881835 5 0 0.000000
1653851076856646300 204.753514 4.883822 5 0 0.000000
1653851077880469318 204.760338 4.883657 5 0 0.000000
1653851078905516067 205.005475 4.877826 5 0 0.000000
1653851079724977396 204.861475 4.881255 4 0 0.000000
1653851080752113193 342.374505 2.920743 3 0 0.000000
1653851081780708414 205.709389 4.860999 5 0 0.000000
1653851082394924585 204.734240 4.884274 3 0 0.000000
1653851083830157211 287.042171 3.483756 5 0 0.000000
1653851084854480581 204.859900 4.881271 5 0 0.000000
1653851085880134735 205.126167 4.874938 5 0 0.000000
1653851086906131903 341.994653 2.923985 3 0 0.000000
1653851087725326555 204.794508 4.882844 4 0 0.000000
1653851088749364565 204.803038 4.882631 5 0 0.000000
1653851089775505376 205.223654 4.872626 5 0 0.000000
1653851090800011035 204.896929 4.880402 5 0 0.000000
1653851091827100784 205.413401 4.868124 5 0 0.000000
1653851092851081976 204.792265 4.882902 5 0 0.000000
1653851093877176495 342.027216 2.923707 3 0 0.000000
1653851094901763566 204.912798 4.880015 5 0 0.000000
1653851095721068308 204.821590 4.882188 4 0 0.000000
1653851096540187964 204.775140 4.883291 4 0 0.000000
1653851097771953591 307.936900 3.247371 4 0 0.000000
1653851098796913100 204.987760 4.878241 5 0 0.000000
1653851099827531339 343.534871 2.910874 3 0 0.000000
1653851100852723950 205.034287 4.877132 5 0 0.000000
1653851101880031419 205.457158 4.867092 5 0 0.000000
1653851102904453748 204.876431 4.880800 5 0 0.000000
1653851103723548958 204.769572 4.883437 4 0 0.000000
1653851104544128955 205.141096 4.874601 4 0 0.000000
1653851105358518223 407.189940 2.455828 2 0 0.000000
1653851106789773193 286.246822 3.493438 5 0 0.000000
1653851107814327197 204.906828 4.880172 5 0 0.000000
1653851108838851316 204.900727 4.880315 5 0 0.000000
1653851109863138694 204.853049 4.881443 5 0 0.000000
1653851110888483176 205.064591 4.876410 5 0 0.000000
1653851111914497334 205.198980 4.873227 5 0 0.000000
1653851112737359633 411.426464 2.430540 2 0 0.000000
1653851113557398051 205.002779 4.877820 4 0 0.000000
1653851114787410855 307.498213 3.251999 4 0 0.000000
1653851115814182048 342.252425 2.921780 3 0 0.000000
1653851116839344292 205.028075 4.877277 5 0 0.000000
1653851117867100847 342.581038 2.918979 3 0 0.000000
1653851118886906354 339.929941 2.941737 3 0 0.000000
1653851119910529724 204.720194 4.884609 5 0 0.000000
1653851120934939138 204.877144 4.880861 5 0 0.000000
1653851121755466731 205.121573 4.874912 4 0 0.000000
1653851122778325597 204.567397 4.888260 5 0 0.000000
1653851123805093269 205.349206 4.869651 5 0 0.000000
1653851124832565759 205.489853 4.866310 5 0 0.000000
1653851125857509094 204.984167 4.878318 5 0 0.000000
1653851126882205476 204.935040 4.879494 5 0 0.000000
1653851127909444855 342.408585 2.920449 3 0 0.000000
1653851128930359788 340.300440 2.938541 3 0 0.000000
1653851129339543467 204.587302 4.887781 2 0 0.000000
1653851130778414038 287.769894 3.474948 5 0 0.000000
1653851131806171103 342.581662 2.918978 3 0 0.000000
1653851132422425428 205.413082 4.868120 3 0 0.000000
1653851133856724520 286.855154 3.486023 5 0 0.000000
1653851134884131933 205.477299 4.866619 5 0 0.000000
1653851135910696571 205.308982 4.870614 5 0 0.000000
1653851136935071163 204.870628 4.881027 5 0 0.000000
1653851137756285483 205.299203 4.870836 4 0 0.000000
1653851138781249947 204.988567 4.878218 5 0 0.000000
1653851139807387579 205.223077 4.872641 5 0 0.000000
1653851140830963467 204.711186 4.884836 5 0 0.000000
1653851141858577378 205.517939 4.865641 5 0 0.000000
1653851142475803419 205.737199 4.860456 3 0 0.000000
1653851143907686559 286.372457 3.491905 5 0 0.000000
1653851144934409269 205.340396 4.869864 5 0 0.000000
1653851145756335287 205.477216 4.866618 4 0 0.000000
1653851146779222823 340.958058 2.932874 3 0 0.000000
1653851147805141954 205.179388 4.873678 5 0 0.000000
1653851148829536334 204.874566 4.880933 5 0 0.000000
1653851149853717347 204.827528 4.881950 5 0 0.000000
1653851150880689194 205.385156 4.868683 5 0 0.000000
1653851151906420091 205.141769 4.874573 5 0 0.000000
1653851152931958951 205.103653 4.875486 5 0 0.000000
1653851153959701310 205.543923 4.865032 5 0 0.000000
1653851154781981524 205.565753 4.864522 4 0 0.000000
1653851155806219909 204.843330 4.881676 5 0 0.000000
1653851156832844593 205.320447 4.870329 5 0 0.000000
1653851157860633740 205.553730 4.864811 5 0 0.000000
1653851158885514973 204.971999 4.878614 5 0 0.000000
1653851159910978214 205.088313 4.875845 5 0 0.000000
1653851160939680598 205.735983 4.860492 5 0 0.000000
1653851161761936225 205.559747 4.864667 4 0 0.000000
1653851162785556099 204.719313 4.884626 5 0 0.000000
1653851163813153828 205.515038 4.865717 5 0 0.000000
1653851164836213695 204.604407 4.887300 5 0 0.000000
1653851165860808726 204.915044 4.879977 5 0 0.000000
1653851166470828293 610.015382 1.639292 1 0 0.000000
1653851167905791153 286.988096 3.484411 5 0 0.000000
1653851168931285439 205.094567 4.875698 5 0 0.000000
1653851169955706029 204.879687 4.880808 5 0 0.000000
1653851170367387062 205.835786 4.858130 2 0 0.000000
1653851171394095412 342.231242 2.921959 3 0 0.000000
1653851172827473254 286.670609 3.488264 5 0 0.000000
1653851173850562506 204.613590 4.887159 5 0 0.000000
1653851174876423895 205.167931 4.873953 5 0 0.000000
1653851175901749230 205.061023 4.876501 5 0 0.000000
1653851176929816087 205.609444 4.863497 5 0 0.000000
1653851177955841792 205.200771 4.873172 5 0 0.000000
1653851178775776401 204.979273 4.878438 4 0 0.000000
1653851179802099497 205.259926 4.871760 5 0 0.000000
1653851180826363865 204.848307 4.881552 5 0 0.000000
1653851181852828363 205.288512 4.871089 5 0 0.000000
1653851182879938934 205.417796 4.868025 5 0 0.000000
1653851183900464548 340.170806 2.939662 3 0 0.000000
1653851184924240047 204.746279 4.883883 5 0 0.000000
1653851185950485556 205.244383 4.872129 5 0 0.000000
1653851186977927075 205.483997 4.866457 5 0 0.000000
1653851187594582914 205.547468 4.864950 3 0 0.000000
1653851188827349638 308.187076 3.244734 4 0 0.000000
1653851189853578493 205.241662 4.872208 5 0 0.000000
1653851190875979405 340.795344 2.934270 3 0 0.000000
1653851191903636213 205.527189 4.865438 5 0 0.000000
1653851192931837853 205.636199 4.862859 5 0 0.000000
1653851193755747794 205.973050 4.854900 4 0 0.000000
1653851194784158916 342.799300 2.917121 3 0 0.000000
1653851195605647305 205.363944 4.869210 4 0 0.000000
1653851196832379346 306.678453 3.260696 4 0 0.000000
1653851197857974012 205.114355 4.875220 5 0 0.000000
1653851198885968334 205.590313 4.863840 5 0 0.000000
1653851199913386379 205.479424 4.866568 5 0 0.000000
1653851200941797186 342.799575 2.917122 3 0 0.000000
1653851201968748854 205.385978 4.868778 5 0 0.000000
1653851202788954183 205.047377 4.876828 4 0 0.000000
1653851203813820882 204.968974 4.878683 5 0 0.000000
1653851204993636842 0.000000 0.000000 0 0 0.000000
1653851205868383423 684.849656 3.429565 3 0 0.000000
1653851206894440934 205.206983 4.873021 5 0 0.000000
1653851207715610379 205.288093 4.871102 4 0 0.000000
1653851208743571540 342.648892 2.918398 3 0 0.000000
1653851209979651504 309.015263 3.236037 4 0 0.000000
1653851210391763190 206.051786 4.853053 2 0 0.000000
1653851211823809721 286.405038 3.491507 5 0 0.000000
1653851212849500121 205.133974 4.874765 5 0 0.000000
1653851213873918759 204.879373 4.880817 5 0 0.000000
1653851214899287084 205.069450 4.876296 5 0 0.000000
1653851215919513583 340.070926 2.940523 3 0 0.000000
1653851216536660925 205.711710 4.861076 3 0 0.000000
1653851217970732889 286.809020 3.486575 5 0 0.000000
1653851218991972087 340.408233 2.937608 3 0 0.000000
1653851219814984224 205.747818 4.860196 4 0 0.000000
1653851220842322484 205.463539 4.866946 5 0 0.000000
1653851221867882940 205.107869 4.875383 5 0 0.000000
1653851222692817772 412.463587 2.424434 2 0 0.000000
1653851223721480076 342.878815 2.916409 3 0 0.000000
1653851224953953657 308.113616 3.245506 4 0 0.000000
1653851225980132129 205.231386 4.872447 5 0 0.000000
1653851227006089626 205.187548 4.873496 5 0 0.000000
1653851227826325972 205.055093 4.876643 4 0 0.000000
1653851228851812093 205.092992 4.875736 5 0 0.000000
1653851229881008877 205.835042 4.858157 5 0 0.000000
1653851230907822820 205.358805 4.869431 5 0 0.000000
1653851231936635510 205.758473 4.859971 5 0 0.000000
1653851232966912936 343.421081 2.911837 3 0 0.000000
1653851233996465826 205.902607 4.856477 5 0 0.000000
1653851234818048121 205.390901 4.868654 4 0 0.000000
1653851235641443090 411.691977 2.428968 2 0 0.000000
1653851236870748426 307.316379 3.253870 4 0 0.000000
1653851237897722932 205.390778 4.868670 5 0 0.000000
1653851238925973963 342.745910 2.917575 3 0 0.000000
1653851239954261876 205.652668 4.862452 5 0 0.000000
1653851240980861919 205.315708 4.870446 5 0 0.000000
1653851241803848102 205.742553 4.860349 4 0 0.000000
1653851242834994135 343.710884 2.909384 3 0 0.000000
1653851243863400908 342.797102 2.917134 3 0 0.000000
1653851244480342423 205.642995 4.862698 3 0 0.000000
1653851245913458048 286.618257 3.488902 5 0 0.000000
1653851246942477706 205.799472 4.858993 5 0 0.000000
1653851247970532444 205.606173 4.863554 5 0 0.000000
1653851249000716094 343.389456 2.912102 3 0 0.000000
1653851250022959236 340.742970 2.934723 3 0 0.000000
1653851250843366993 205.097622 4.875624 4 0 0.000000
1653851251458767418 205.122413 4.874875 3 0 0.000000
1653851252691352325 308.141859 3.245213 4 0 0.000000
1653851253927414248 309.010978 3.236084 4 0 0.000000
1653851254953794576 205.271739 4.871489 5 0 0.000000
1653851255985773483 206.391278 4.845060 5 0 0.000000
1653851257016845962 343.686347 2.909592 3 0 0.000000
1653851257632047423 205.062839 4.876451 3 0 0.000000
1653851258865084806 308.254913 3.244022 4 0 0.000000
1653851259891470721 205.273143 4.871462 5 0 0.000000
