1653850389580180010 430.037620 2.324680 1 0 0.000000
1653850391045649223 488.483279 2.047126 3 0 0.000000
1653850392084513863 346.282970 2.887768 3 0 0.000000
1653850393111931916 342.467324 2.919941 3 0 0.000000
1653850394140977641 205.799785 4.858870 5 0 0.000000
1653850394963837968 205.709007 4.861092 4 0 0.000000
1653850395991754261 205.578174 4.864209 5 0 0.000000
1653850397019389070 205.521510 4.865542 5 0 0.000000
1653850398045317243 205.180120 4.873636 5 0 0.000000
1653850399072733930 205.477562 4.866575 5 0 0.000000
1653850399687665880 204.971385 4.878589 3 0 0.000000
1653850401122172598 478.160388 2.091311 3 0 0.000000
1653850402146815645 204.919749 4.879748 5 0 0.000000
1653850402965068927 409.121940 2.444231 2 0 0.000000
1653850403986722491 204.325215 4.894027 5 0 0.000000
1653850405009660028 204.578386 4.887884 5 0 0.000000
1653850406032320164 204.525015 4.889210 5 0 0.000000
1653850407056223952 204.775666 4.883271 5 0 0.000000
1653850408077935987 204.337050 4.893747 5 0 0.000000
1653850409097218727 203.851559 4.905410 5 0 0.000000
1653850409914019551 204.195223 4.897155 4 0 0.000000
1653850411143363161 307.330930 3.253769 4 0 0.000000
1653850412163142898 203.950828 4.903020 5 0 0.000000
1653850412982074066 204.727626 4.884415 4 0 0.000000
1653850414003679113 204.315677 4.894259 5 0 0.000000
1653850415024676010 204.189065 4.897175 5 0 0.000000
1653850416045786386 204.217346 4.896630 5 0 0.000000
1653850417068286863 340.828146 2.933984 3 0 0.000000
1653850418089259103 204.189239 4.897293 5 0 0.000000
1653850419110443907 204.228611 4.896273 5 0 0.000000
1653850420136507844 342.015940 2.923794 3 0 0.000000
1653850420748476139 203.976297 4.902215 3 0 0.000000
1653850421977711905 307.302886 3.254054 4 0 0.000000
1653850422999256518 204.303966 4.894549 5 0 0.000000
1653850424020252619 204.193929 4.897178 5 0 0.000000
1653850425038661849 339.464581 2.945771 3 0 0.000000
1653850426059785944 204.219810 4.896564 5 0 0.000000
1653850427079427969 203.922519 4.903682 5 0 0.000000
1653850428102093116 204.527709 4.889186 5 0 0.000000
1653850429119629209 203.501925 4.913831 5 0 0.000000
1653850430140034385 204.076127 4.900014 5 0 0.000000
1653850431159809290 203.950014 4.903043 5 0 0.000000
1653850431975638604 203.952417 4.902986 4 0 0.000000
1653850432993949631 203.657276 4.910091 5 0 0.000000
1653850434013268638 203.858590 4.905236 5 0 0.000000
1653850435032804926 203.902244 4.904190 5 0 0.000000
1653850436053403939 204.108193 4.899084 5 0 0.000000
1653850437077475882 341.352700 2.929482 3 0 0.000000
1653850438094278811 338.929480 2.950424 3 0 0.000000
1653850438913567562 409.639564 2.441142 2 0 0.000000
1653850440134906041 305.330133 3.275095 4 0 0.000000
1653850441155190286 204.052057 4.900595 5 0 0.000000
1653850442173195253 339.329402 2.946940 3 0 0.000000
1653850442987539267 203.580569 4.911929 4 0 0.000000
1653850444008232330 204.134028 4.898632 5 0 0.000000
1653850445026908144 203.730661 4.908333 5 0 0.000000
1653850446047767370 204.167393 4.897835 5 0 0.000000
1653850447065947406 203.630732 4.910723 5 0 0.000000
1653850448084274031 203.660410 4.910016 5 0 0.000000
1653850449103540616 203.848114 4.905488 5 0 0.000000
1653850450122573080 203.801747 4.906615 5 0 0.000000
1653850451140381174 203.556837 4.912517 5 0 0.000000
1653850452160189034 203.957139 4.902884 5 0 0.000000
1653850453178949817 203.747165 4.907924 5 0 0.000000
1653850453994710599 203.935642 4.903398 4 0 0.000000
1653850455012570369 203.567294 4.912268 5 0 0.000000
1653850455624749572 204.055406 4.900526 3 0 0.000000
1653850457054139121 285.873002 3.497997 5 0 0.000000
1653850458072025063 203.572595 4.912142 5 0 0.000000
1653850459089513514 203.493575 4.914061 5 0 0.000000
1653850460109826279 204.058163 4.900458 5 0 0.000000
1653850461126855087 203.399972 4.916282 5 0 0.000000
1653850462146103772 203.844632 4.905574 5 0 0.000000
1653850463165511832 203.877070 4.904807 5 0 0.000000
1653850463981731618 204.050100 4.900641 4 0 0.000000
1653850465005979762 341.410882 2.928978 3 0 0.000000
1653850465617216003 203.740111 4.908086 3 0 0.000000
1653850467047442617 286.040666 3.495949 5 0 0.000000
1653850468066282908 203.763928 4.907541 5 0 0.000000
1653850469084802059 203.699595 4.909088 5 0 0.000000
1653850470104212211 203.876421 4.904797 5 0 0.000000
1653850471123553101 203.863475 4.905130 5 0 0.000000
1653850472144865094 204.257879 4.895664 5 0 0.000000
1653850473163808324 339.638263 2.944227 3 0 0.000000
1653850474182102017 203.653312 4.910175 5 0 0.000000
1653850475200247483 203.624692 4.910890 5 0 0.000000
1653850476017527772 204.312875 4.894282 4 0 0.000000
1653850477036779070 203.846266 4.905562 5 0 0.000000
1653850478055210043 339.472553 2.945708 3 0 0.000000
1653850478666758418 203.844105 4.905581 3 0 0.000000
1653850480099579604 477.602563 2.093771 3 0 0.000000
1653850481122716514 341.041066 2.932159 3 0 0.000000
1653850482144949183 340.739979 2.934753 3 0 0.000000
1653850483164133271 203.832091 4.905885 5 0 0.000000
1653850484184118147 203.992340 4.902033 5 0 0.000000
1653850485204607347 204.093521 4.899611 5 0 0.000000
1653850486020566349 203.985403 4.902207 4 0 0.000000
1653850487040254349 203.933103 4.903461 5 0 0.000000
1653850488060237161 203.991931 4.902043 5 0 0.000000
1653850489079486540 203.845810 4.905571 5 0 0.000000
1653850490099126614 203.923225 4.903691 5 0 0.000000
1653850491118209572 203.812174 4.906372 5 0 0.000000
1653850491934428910 204.047333 4.900644 4 0 0.000000
1653850493160233552 306.446221 3.263163 4 0 0.000000
1653850494181279094 204.204928 4.896941 5 0 0.000000
1653850495200459554 203.831313 4.905903 5 0 0.000000
1653850496220526272 204.008363 4.901640 5 0 0.000000
1653850497035318779 203.692615 4.909225 4 0 0.000000
1653850498059074194 341.246723 2.930387 3 0 0.000000
1653850499079241226 204.028849 4.901158 5 0 0.000000
1653850500099307062 204.007028 4.901644 5 0 0.000000
1653850501119086525 203.950989 4.903021 5 0 0.000000
1653850502145264009 342.054438 2.923471 3 0 0.000000
1653850503164961198 203.934938 4.903416 5 0 0.000000
1653850504187405932 340.809507 2.934144 3 0 0.000000
1653850505206097912 339.554952 2.944953 3 0 0.000000
1653850506224142539 339.343119 2.946826 3 0 0.000000
1653850507040428274 204.066927 4.900245 4 0 0.000000
1653850508059380830 203.782033 4.907000 5 0 0.000000
1653850509079327916 203.985324 4.902215 5 0 0.000000
1653850510097469585 203.618803 4.910908 5 0 0.000000
1653850511117473433 203.992914 4.901942 5 0 0.000000
1653850512137731629 204.047465 4.900720 5 0 0.000000
1653850513157716133 203.992532 4.902035 5 0 0.000000
1653850514175608602 203.573118 4.912110 5 0 0.000000
1653850515195147259 203.903135 4.904179 5 0 0.000000
1653850516214124254 203.791112 4.906882 5 0 0.000000
1653850517234470489 204.065039 4.900297 5 0 0.000000
1653850518049932773 203.861620 4.905193 4 0 0.000000
1653850519067525721 203.514171 4.913556 5 0 0.000000
1653850520089327801 204.353087 4.893316 5 0 0.000000
1653850521108562280 203.842457 4.905642 5 0 0.000000
1653850522128022675 203.887770 4.904555 5 0 0.000000
1653850522942858922 203.705207 4.908962 4 0 0.000000
1653850524169187538 306.577047 3.261768 4 0 0.000000
1653850525187429433 203.643293 4.910425 5 0 0.000000
1653850526206226675 203.754900 4.907748 5 0 0.000000
1653850527225929710 203.936423 4.903388 5 0 0.000000
1653850528244030817 203.616024 4.911104 5 0 0.000000
1653850529060832540 204.196185 4.897149 4 0 0.000000
1653850530080210112 203.871470 4.904954 5 0 0.000000
1653850531099456631 203.845147 4.905585 5 0 0.000000
1653850531711211291 203.913748 4.903927 3 0 0.000000
1653850533142319579 477.031348 2.096277 3 0 0.000000
1653850533956473740 203.533732 4.913074 4 0 0.000000
1653850535183146529 306.663493 3.260853 4 0 0.000000
1653850536204161719 204.198574 4.897087 5 0 0.000000
1653850537221977897 203.558636 4.912478 5 0 0.000000
1653850538241723329 203.944373 4.903184 5 0 0.000000
1653850539054531327 406.399959 2.460606 2 0 0.000000
1653850540073096741 203.708356 4.908865 5 0 0.000000
1653850540686340062 204.410521 4.892022 3 0 0.000000
1653850542110726821 284.872552 3.510283 5 0 0.000000
1653850543130589645 203.968274 4.902620 5 0 0.000000
1653850544148284659 203.534780 4.913063 5 0 0.000000
1653850545171507274 204.639608 4.886522 5 0 0.000000
1653850545988253669 204.181557 4.897481 4 0 0.000000
1653850547216831590 307.139850 3.255797 4 0 0.000000
1653850548235776119 203.784397 4.907039 5 0 0.000000
1653850549256134415 204.067689 4.900239 5 0 0.000000
1653850550069698107 203.386955 4.916640 4 0 0.000000
1653850551089623183 203.980756 4.902321 5 0 0.000000
1653850552109079457 203.887022 4.904575 5 0 0.000000
1653850553132155281 204.610842 4.887223 5 0 0.000000
1653850554150825455 339.551137 2.945016 3 0 0.000000
1653850555169985796 203.827841 4.905999 5 0 0.000000
1653850556189861692 203.971019 4.902557 5 0 0.000000
1653850557211422184 204.308020 4.894473 5 0 0.000000
1653850558229839030 203.679149 4.909581 5 0 0.000000
1653850559249302561 203.888163 4.904540 5 0 0.000000
1653850560065562145 204.060300 4.900402 4 0 0.000000
1653850561088547790 204.592695 4.887654 5 0 0.000000
1653850562108262015 509.852309 1.961334 2 0 0.000000
1653850563128327824 204.009102 4.901644 5 0 0.000000
1653850564150668649 340.774319 2.934440 3 0 0.000000
1653850565170779097 204.016846 4.901434 5 0 0.000000
1653850566192479751 204.335439 4.893801 5 0 0.000000
1653850567213807949 204.261111 4.895586 5 0 0.000000
1653850568232730282 203.779995 4.907145 5 0 0.000000
1653850569252887345 204.026946 4.901206 5 0 0.000000
1653850569864595139 203.898068 4.904302 3 0 0.000000
1653850571085924725 305.327593 3.275119 4 0 0.000000
1653850572105926765 203.996087 4.901951 5 0 0.000000
1653850573127301248 204.270782 4.895364 5 0 0.000000
1653850574149724065 204.479908 4.890345 5 0 0.000000
1653850575169744053 203.999502 4.901865 5 0 0.000000
1653850576190541557 204.155471 4.898131 5 0 0.000000
1653850577207952052 339.132506 2.948662 3 0 0.000000
1653850577819674640 203.903405 4.904184 3 0 0.000000
1653850579246243901 285.309116 3.504912 5 0 0.000000
1653850580267054190 204.158106 4.898070 5 0 0.000000
1653850581083891590 204.205005 4.896935 4 0 0.000000
1653850582104053084 204.027155 4.901185 5 0 0.000000
1653850583124387159 204.062317 4.900356 5 0 0.000000
1653850584145558729 204.229917 4.896337 5 0 0.000000
1653850585164955219 203.874865 4.904863 5 0 0.000000
1653850586189007709 341.346245 2.929537 3 0 0.000000
1653850587210146724 204.222870 4.896493 5 0 0.000000
1653850588230922894 204.151244 4.898233 5 0 0.000000
1653850589250384595 203.887576 4.904549 5 0 0.000000
1653850590270334678 203.985852 4.902201 5 0 0.000000
1653850591088020130 204.417261 4.891857 4 0 0.000000
1653850592109265240 204.241815 4.895984 5 0 0.000000
1653850593129852667 204.113503 4.899139 5 0 0.000000
1653850594150497472 204.124493 4.898864 5 0 0.000000
1653850595171223125 204.140497 4.898476 5 0 0.000000
1653850596190954985 203.941710 4.903250 5 0 0.000000
1653850597210396780 203.883711 4.904645 5 0 0.000000
1653850598231423540 204.196506 4.897031 5 0 0.000000
1653850599253421711 204.395303 4.892377 5 0 0.000000
1653850600272926959 203.894044 4.904340 5 0 0.000000
1653850601087074681 407.068814 2.456557 2 0 0.000000
1653850601903054556 203.990062 4.902082 4 0 0.000000
1653850603127488662 306.101906 3.266815 4 0 0.000000
1653850603940939173 406.721144 2.458662 2 0 0.000000
1653850605170084101 307.280401 3.254295 4 0 0.000000
1653850605987074154 204.242500 4.896020 4 0 0.000000
1653850607210256849 305.789875 3.270157 4 0 0.000000
1653850608231387853 204.222172 4.896531 5 0 0.000000
1653850609252397909 204.197789 4.897111 5 0 0.000000
1653850610272458331 204.008006 4.901670 5 0 0.000000
1653850611292838663 204.068608 4.900134 5 0 0.000000
1653850612111996171 204.785355 4.883066 4 0 0.000000
1653850613129840093 203.564489 4.912345 5 0 0.000000
1653850614149305360 203.889102 4.904532 5 0 0.000000
1653850615169719565 204.078670 4.899971 5 0 0.000000
1653850616192858719 204.623387 4.886921 5 0 0.000000
1653850617212277658 203.878956 4.904755 5 0 0.000000
1653850618232815762 204.103255 4.899376 5 0 0.000000
1653850619254317224 204.296219 4.894756 5 0 0.000000
1653850620275619592 204.251392 4.895710 5 0 0.000000
1653850621092991725 204.338943 4.893732 4 0 0.000000
1653850621702638681 609.642285 1.640294 1 0 0.000000
1653850623128782202 285.223877 3.505959 5 0 0.000000
1653850624149603785 204.159875 4.898016 5 0 0.000000
1653850624966908889 204.321700 4.894133 4 0 0.000000
1653850626194920622 306.998002 3.257298 4 0 0.000000
1653850627217655200 204.542775 4.888854 5 0 0.000000
1653850627830545615 204.292877 4.894839 3 0 0.000000
1653850629262815972 286.445504 3.490961 5 0 0.000000
1653850630282004998 203.833396 4.905861 5 0 0.000000
1653850631303001030 204.194929 4.897179 5 0 0.000000
1653850632119678367 204.164904 4.897895 4 0 0.000000
1653850633138432109 203.746624 4.907957 5 0 0.000000
1653850634159760234 204.260670 4.895586 5 0 0.000000
1653850635181494208 204.341306 4.893642 5 0 0.000000
1653850636204527853 204.602040 4.887425 5 0 0.000000
1653850637224741027 204.038272 4.900936 5 0 0.000000
1653850638244666047 203.980629 4.902321 5 0 0.000000
1653850638859913303 615.242732 1.625363 1 0 0.000000
1653850639884334113 341.468605 2.928484 3 0 0.000000
1653850641315710326 715.683491 1.397257 2 0 0.000000
1653850641723636945 203.958992 4.902843 2 0 0.000000
1653850643154285004 286.125418 3.494920 5 0 0.000000
1653850644174021676 203.943169 4.903227 5 0 0.000000
1653850645192734875 203.738311 4.908153 5 0 0.000000
1653850646009394226 204.159231 4.898003 4 0 0.000000
1653850647231230081 305.453874 3.273762 4 0 0.000000
1653850648253197836 204.388900 4.892522 5 0 0.000000
1653850649274694024 204.294940 4.894781 5 0 0.000000
1653850650296936739 204.443981 4.891206 5 0 0.000000
1653850651316897201 339.981946 2.941290 3 0 0.000000
1653850652133674368 204.190059 4.897297 4 0 0.000000
1653850653158551630 341.621252 2.927180 3 0 0.000000
1653850654179273476 204.139642 4.898494 5 0 0.000000
1653850655205998956 205.340522 4.869851 5 0 0.000000
1653850656226302894 204.055579 4.900501 5 0 0.000000
1653850657042978032 204.164367 4.897908 4 0 0.000000
1653850658265442322 305.611721 3.272079 4 0 0.000000
1653850658877547411 204.031094 4.901119 3 0 0.000000
1653850660302209342 284.928001 3.509605 5 0 0.000000
1653850661324068065 204.367277 4.893044 5 0 0.000000
1653850662140314815 204.057635 4.900479 4 0 0.000000
1653850663162259465 204.384964 4.892633 5 0 0.000000
1653850664183769276 204.297136 4.894716 5 0 0.000000
1653850665205795508 204.400469 4.892242 5 0 0.000000
1653850666226009658 204.038126 4.900932 5 0 0.000000
1653850667247977736 204.389317 4.892521 5 0 0.000000
1653850668270441276 340.816604 2.934090 3 0 0.000000
1653850669292142653 204.335335 4.893798 5 0 0.000000
1653850669904343620 204.063061 4.900352 3 0 0.000000
1653850671335572536 286.241291 3.493501 5 0 0.000000
1653850672152822394 204.308216 4.894464 4 0 0.000000
1653850673173862831 204.203893 4.896966 5 0 0.000000
1653850674196444143 204.511302 4.889587 5 0 0.000000
1653850675217874920 204.282013 4.895094 5 0 0.000000
1653850676237492247 203.919521 4.903800 5 0 0.000000
1653850677258629544 204.222970 4.896501 5 0 0.000000
1653850678281617944 204.593266 4.887641 5 0 0.000000
1653850679299195709 339.188362 2.948177 3 0 0.000000
1653850679911655720 204.148343 4.898279 3 0 0.000000
1653850681138798597 306.780912 3.259604 4 0 0.000000
1653850682157476092 203.730999 4.908325 5 0 0.000000
1653850683179263409 204.353243 4.893386 5 0 0.000000
1653850684199516053 204.046584 4.900747 5 0 0.000000
1653850685220164213 204.125278 4.898848 5 0 0.000000
1653850686237018243 338.946681 2.950276 3 0 0.000000
1653850687261244244 341.403594 2.929041 3 0 0.000000
1653850688280768870 203.900246 4.904246 5 0 0.000000
1653850689303708997 204.583073 4.887872 5 0 0.000000
1653850690325580111 204.369366 4.892985 5 0 0.000000
1653850690940604973 204.993500 4.877852 3 0 0.000000
1653850692163538408 305.728580 3.270824 4 0 0.000000
1653850693184834069 204.254782 4.895742 5 0 0.000000
1653850694205103163 204.049664 4.900668 5 0 0.000000
1653850695228759457 204.726968 4.884452 5 0 0.000000
1653850696250055938 204.254937 4.895738 5 0 0.000000
1653850697271194158 204.218713 4.896497 5 0 0.000000
1653850698291071982 203.971634 4.902548 5 0 0.000000
1653850699314005891 204.582683 4.887901 5 0 0.000000
1653850700336313847 204.457398 4.890894 5 0 0.000000
1653850701152370951 204.010188 4.901618 4 0 0.000000
1653850702173452613 204.212226 4.896768 5 0 0.000000
1653850702377934317 204.477876 4.890414 1 0 0.000000
1653850704224609390 369.330215 2.707569 5 0 0.000000
1653850705247010205 204.476237 4.890450 5 0 0.000000
1653850706268200170 204.233978 4.896249 5 0 0.000000
1653850707290775058 204.510457 4.889617 5 0 0.000000
1653850708312035979 204.248100 4.895908 5 0 0.000000
1653850709333397698 204.268305 4.895425 5 0 0.000000
1653850710353388381 203.993706 4.902006 5 0 0.000000
1653850711171253735 204.462219 4.890781 4 0 0.000000
1653850712194518520 341.083878 2.931792 3 0 0.000000
1653850713215723721 204.236961 4.896176 5 0 0.000000
1653850714236420278 204.135476 4.898616 5 0 0.000000
1653850715256842556 204.080137 4.899932 5 0 0.000000
1653850716278992667 340.712110 2.934990 3 0 0.000000
1653850717299507771 204.099428 4.899487 5 0 0.000000
1653850718319674590 204.029201 4.901159 5 0 0.000000
1653850719338546391 339.619036 2.944433 3 0 0.000000
1653850720359642603 204.214900 4.896698 5 0 0.000000
1653850720768805339 204.576854 4.888031 2 0 0.000000
1653850722200262731 286.287082 3.492944 5 0 0.000000
1653850722813598668 204.440959 4.891284 3 0 0.000000
1653850724240218776 285.319159 3.504787 5 0 0.000000
1653850725262687188 204.489682 4.890127 5 0 0.000000
1653850726082442848 409.873003 2.439751 2 0 0.000000
1653850727312991847 307.631191 3.250582 4 0 0.000000
1653850727925410876 204.135796 4.898607 3 0 0.000000
1653850729360204369 286.954164 3.484822 5 0 0.000000
1653850730176712219 204.122275 4.898912 4 0 0.000000
1653850731196715638 203.991627 4.901945 5 0 0.000000
1653850732217547147 204.162205 4.897968 5 0 0.000000
1653850733243419327 341.946632 2.924341 3 0 0.000000
1653850734264619157 204.235698 4.896201 5 0 0.000000
1653850735286217620 204.315833 4.894291 5 0 0.000000
1653850736307840505 204.320699 4.894174 5 0 0.000000
1653850737327914151 204.010865 4.901607 5 0 0.000000
1653850738349477556 204.304300 4.894459 5 0 0.000000
1653850739370770844 204.254525 4.895753 5 0 0.000000
1653850740188790002 204.500338 4.889861 4 0 0.000000
1653850741209427814 204.122971 4.898897 5 0 0.000000
1653850742230367930 204.183678 4.897447 5 0 0.000000
1653850743250830355 204.088020 4.899739 5 0 0.000000
1653850744269185940 339.447769 2.945926 3 0 0.000000
1653850745290228230 204.204406 4.896957 5 0 0.000000
1653850746310251016 204.000404 4.901851 5 0 0.000000
1653850747331462128 204.238059 4.896147 5 0 0.000000
1653850748354897853 204.683394 4.885505 5 0 0.000000
1653850749377152721 204.446840 4.891148 5 0 0.000000
1653850750194030829 204.215091 4.896691 4 0 0.000000
1653850751215082726 204.205956 4.896911 5 0 0.000000
1653850752236639423 204.307129 4.894491 5 0 0.000000
1653850753257870632 204.242207 4.896051 5 0 0.000000
1653850754280505213 204.522308 4.889332 5 0 0.000000
1653850755098104681 204.395129 4.892371 4 0 0.000000
1653850756328174117 307.512533 3.251849 4 0 0.000000
1653850757349354083 204.229235 4.896297 5 0 0.000000
1653850758371620154 204.448762 4.891095 5 0 0.000000
1653850759393431321 204.357847 4.893272 5 0 0.000000
1653850760212972163 204.880584 4.880782 4 0 0.000000
1653850761235383019 204.477927 4.890402 5 0 0.000000
1653850762252251479 338.951932 2.950234 3 0 0.000000
1653850763271521916 339.751501 2.943282 3 0 0.000000
1653850764293632333 204.416679 4.891840 5 0 0.000000
1653850765315693324 204.404936 4.892076 5 0 0.000000
1653850766337559789 204.364889 4.893007 5 0 0.000000
1653850767359545436 204.392984 4.892437 5 0 0.000000
1653850768382730464 204.632197 4.886702 5 0 0.000000
1653850769200546095 204.449336 4.891078 4 0 0.000000
1653850770224922848 341.453186 2.928610 3 0 0.000000
1653850771247003426 204.407315 4.891982 5 0 0.000000
1653850772066430167 204.852334 4.881461 4 0 0.000000
1653850773296878282 307.607492 3.250848 4 0 0.000000
1653850774320227388 204.665742 4.885918 5 0 0.000000
1653850775340720401 204.094004 4.899592 5 0 0.000000
1653850776363562111 204.560184 4.888342 5 0 0.000000
1653850777385179452 204.315735 4.894200 5 0 0.000000
1653850778406209259 204.201124 4.897017 5 0 0.000000
1653850779019270866 204.349393 4.893472 3 0 0.000000
1653850780248710990 307.355439 3.253513 4 0 0.000000
1653850781271764041 204.606491 4.887332 5 0 0.000000
1653850782296393780 341.539150 2.927887 3 0 0.000000
1653850783317388486 204.187056 4.897185 5 0 0.000000
1653850784338998474 204.317611 4.894236 5 0 0.000000
1653850784966297190 209.094191 4.782411 3 0 0.000000
1653850786398364925 286.408873 3.491455 5 0 0.000000
1653850787216205799 204.456365 4.890927 4 0 0.000000
1653850788240495515 341.425610 2.928859 3 0 0.000000
1653850789263399669 340.963478 2.932826 3 0 0.000000
1653850790288618268 205.035132 4.877008 5 0 0.000000
1653850791309703937 204.211715 4.896749 5 0 0.000000
1653850792331337466 204.322661 4.894123 5 0 0.000000
1653850793351866028 204.101887 4.899422 5 0 0.000000
1653850794373649326 204.352413 4.893405 5 0 0.000000
1653850795394132307 204.092374 4.899641 5 0 0.000000
1653850796006681320 204.178474 4.897567 3 0 0.000000
1653850797238628657 615.969151 1.623446 2 0 0.000000
1653850798261254742 204.520676 4.889373 5 0 0.000000
1653850799283376407 204.419962 4.891786 5 0 0.000000
1653850800304828349 204.285817 4.894993 5 0 0.000000
1653850800917150315 204.103227 4.899383 3 0 0.000000
1653850802346740325 285.913095 3.497506 5 0 0.000000
1653850803367846858 204.216944 4.896649 5 0 0.000000
1653850804390376037 204.501477 4.889836 5 0 0.000000
1653850805412771897 204.475228 4.890473 5 0 0.000000
1653850806231152991 204.588101 4.887699 4 0 0.000000
1653850807253454822 204.456155 4.890923 5 0 0.000000
1653850807866075213 204.202805 4.896997 3 0 0.000000
1653850809298143126 286.408766 3.491455 5 0 0.000000
1653850810319444247 204.255802 4.895716 5 0 0.000000
1653850811341359017 204.378758 4.892776 5 0 0.000000
1653850812362768250 204.277791 4.895198 5 0 0.000000
1653850813180583499 204.449758 4.891080 4 0 0.000000
1653850814411183084 307.645077 3.250448 4 0 0.000000
1653850815228708913 204.377057 4.892812 4 0 0.000000
1653850815433086137 204.372979 4.892913 1 0 0.000000
1653850817275888171 368.553306 2.713259 5 0 0.000000
1653850818299474222 204.712626 4.884787 5 0 0.000000
1653850819317563764 339.358860 2.946696 3 0 0.000000
1653850820338476617 204.178106 4.897578 5 0 0.000000
1653850821360404293 204.381209 4.892714 5 0 0.000000
1653850822383929817 204.700967 4.885076 5 0 0.000000
1653850823404584440 340.214206 2.939290 3 0 0.000000
1653850824428019881 341.138884 2.931304 3 0 0.000000
1653850825240875340 406.423534 2.460462 2 0 0.000000
1653850826262077822 204.235888 4.896189 5 0 0.000000
1653850827285058194 204.589070 4.887679 5 0 0.000000
1653850828309946401 341.624862 2.927149 3 0 0.000000
1653850828923372458 204.471025 4.890565 3 0 0.000000
1653850830353287276 476.632984 2.098027 3 0 0.000000
1653850831378822028 341.839922 2.925303 3 0 0.000000
1653850832402456158 204.722679 4.884558 5 0 0.000000
1653850833424752823 204.454703 4.890948 5 0 0.000000
1653850834242667218 204.474144 4.890487 4 0 0.000000
1653850835267132068 204.887941 4.880597 5 0 0.000000
1653850836288974979 204.365043 4.893120 5 0 0.000000
1653850836902776937 204.588561 4.887570 3 0 0.000000
1653850838329495035 285.339372 3.504547 5 0 0.000000
1653850839351985276 204.493951 4.890022 5 0 0.000000
1653850840373021819 204.202661 4.896984 5 0 0.000000
1653850841395548410 204.500644 4.889848 5 0 0.000000
1653850842417601659 204.402888 4.892113 5 0 0.000000
1653850843440225031 204.520355 4.889386 5 0 0.000000
1653850844258177846 204.483464 4.890258 4 0 0.000000
1653850844871561705 204.457234 4.890901 3 0 0.000000
1653850846300952550 285.873300 3.497994 5 0 0.000000
1653850847323842056 204.573308 4.888113 5 0 0.000000
1653850848346201985 204.467929 4.890646 5 0 0.000000
1653850849369164462 204.588151 4.887765 5 0 0.000000
1653850850389567800 340.130263 2.940014 3 0 0.000000
1653850851414051643 204.891573 4.880506 5 0 0.000000
1653850852437213083 204.628042 4.886814 5 0 0.000000
1653850853258023034 410.401151 2.436618 2 0 0.000000
1653850854280529830 204.496746 4.889943 5 0 0.000000
1653850855298461095 339.298090 2.947154 3 0 0.000000
1653850856320653830 204.434220 4.891445 5 0 0.000000
1653850857343163758 204.497466 4.889928 5 0 0.000000
1653850858366136545 204.590585 4.887716 5 0 0.000000
1653850859452086521 217.185515 4.604264 5 0 0.000000
1653850860271594993 204.872915 4.880975 4 0 0.000000
1653850861088171209 204.139322 4.898502 4 0 0.000000
1653850862320409318 616.114100 1.623063 2 0 0.000000
1653850863341961361 204.305846 4.894513 5 0 0.000000
1653850864368192358 342.071254 2.923318 3 0 0.000000
1653850864981804513 204.533394 4.889082 3 0 0.000000
1653850866211618860 307.449007 3.252523 4 0 0.000000
1653850867440125654 307.122185 3.255985 4 0 0.000000
1653850868461932190 204.356791 4.893294 5 0 0.000000
1653850869278854884 204.226164 4.896424 4 0 0.000000
1653850870302089259 204.642475 4.886466 5 0 0.000000
1653850871325148763 204.607681 4.887301 5 0 0.000000
1653850872346022368 204.170662 4.897766 5 0 0.000000
1653850873368045204 204.400422 4.892259 5 0 0.000000
1653850874393375945 341.772547 2.925885 3 0 0.000000
1653850875415114619 204.340636 4.893619 5 0 0.000000
1653850876437666681 204.506286 4.889727 5 0 0.000000
1653850877461566090 204.775632 4.883292 5 0 0.000000
1653850878279670179 204.521903 4.889353 4 0 0.000000
1653850879302405979 204.543364 4.888848 5 0 0.000000
1653850880324709528 204.456352 4.890915 5 0 0.000000
1653850881143210070 204.620994 4.886985 4 0 0.000000
1653850882373477272 307.562357 3.251326 4 0 0.000000
1653850883397548747 204.809874 4.882472 5 0 0.000000
1653850884419408489 204.367409 4.893040 5 0 0.000000
1653850885441031670 204.320488 4.894172 5 0 0.000000
1653850886463503552 204.489491 4.890110 5 0 0.000000
1653850887280926721 204.351360 4.893426 4 0 0.000000
1653850888302944811 204.399409 4.892281 5 0 0.000000
1653850889327571118 341.538096 2.927897 3 0 0.000000
1653850890350352109 204.552137 4.888632 5 0 0.000000
1653850891373292105 204.583889 4.887872 5 0 0.000000
1653850892394751546 204.287699 4.894957 5 0 0.000000
1653850893418256428 204.696399 4.885175 5 0 0.000000
1653850894441053561 204.555435 4.888555 5 0 0.000000
1653850895054377138 204.437174 4.891382 3 0 0.000000
1653850896481753498 285.470989 3.502930 5 0 0.000000
1653850897301529123 204.940148 4.879384 4 0 0.000000
1653850898324510263 204.592296 4.887676 5 0 0.000000
1653850899347457513 204.584978 4.887837 5 0 0.000000
1653850900364893866 339.141211 2.948587 3 0 0.000000
1653850901386497759 204.316078 4.894265 5 0 0.000000
1653850902406184824 339.891097 2.942079 3 0 0.000000
1653850903427661951 204.290419 4.894872 5 0 0.000000
1653850904449998053 204.463044 4.890760 5 0 0.000000
1653850905472768784 204.549318 4.888681 5 0 0.000000
1653850906291789294 204.750717 4.883882 4 0 0.000000
1653850907314372862 204.512913 4.889576 5 0 0.000000
1653850908336837372 204.488369 4.890145 5 0 0.000000
1653850909358929597 204.414700 4.891927 5 0 0.000000
1653850910382886712 204.787188 4.883017 5 0 0.000000
1653850911404945847 204.407350 4.892085 5 0 0.000000
1653850912428100893 204.626739 4.886845 5 0 0.000000
1653850913451174311 204.610639 4.887235 5 0 0.000000
1653850914470884346 339.898602 2.942013 3 0 0.000000
1653850915493725975 204.563921 4.888342 5 0 0.000000
1653850916312183533 204.609711 4.887242 4 0 0.000000
1653850917334893481 204.537583 4.888972 5 0 0.000000
1653850918357166802 204.449778 4.891060 5 0 0.000000
1653850919378295113 204.221399 4.896544 5 0 0.000000
1653850919993298450 204.991439 4.878022 3 0 0.000000
1653850921426966252 286.729245 3.487558 5 0 0.000000
1653850922452850238 341.957020 2.924307 3 0 0.000000
1653850923475189337 204.463077 4.890745 5 0 0.000000
1653850924499401869 204.838320 4.881799 5 0 0.000000
1653850925316540420 204.280724 4.895131 4 0 0.000000
1653850926338707661 204.429364 4.891567 5 0 0.000000
1653850927359653187 204.184609 4.897421 5 0 0.000000
1653850928177992210 204.580803 4.887950 4 0 0.000000
1653850929205177190 342.390150 2.920603 3 0 0.000000
1653850930432489332 306.823499 3.259155 4 0 0.000000
1653850931456416364 204.781060 4.883160 5 0 0.000000
1653850932478769361 204.462709 4.890679 5 0 0.000000
1653850933500896788 204.421324 4.891758 5 0 0.000000
1653850934318394884 204.370228 4.892978 4 0 0.000000
1653850935341374701 204.591707 4.887682 5 0 0.000000
1653850936363273902 204.375674 4.892851 5 0 0.000000
1653850937388904224 205.122068 4.875051 5 0 0.000000
1653850938408871579 339.983993 2.941271 3 0 0.000000
1653850939432102034 204.641460 4.886485 5 0 0.000000
1653850940457242966 205.023842 4.877378 5 0 0.000000
1653850941480429650 204.633142 4.886694 5 0 0.000000
1653850942503240419 204.558002 4.888490 5 0 0.000000
1653850943320904030 204.411582 4.891987 4 0 0.000000
1653850944340774284 339.952122 2.941551 3 0 0.000000
1653850945365969488 205.034045 4.877120 5 0 0.000000
1653850946388043584 204.410258 4.892013 5 0 0.000000
1653850947412006453 204.788031 4.882989 5 0 0.000000
1653850948025242837 204.407839 4.892078 3 0 0.000000
1653850949459715856 286.890155 3.485601 5 0 0.000000
1653850950484784305 205.006466 4.877723 5 0 0.000000
1653850951503758394 339.652851 2.944138 3 0 0.000000
1653850952117328811 204.518394 4.889415 3 0 0.000000
1653850953341296325 305.987279 3.268061 4 0 0.000000
1653850954363290518 204.394343 4.892396 5 0 0.000000
1653850955387366929 204.806990 4.882448 5 0 0.000000
1653850956410177006 204.557383 4.888493 5 0 0.000000
1653850957432785826 204.517577 4.889455 5 0 0.000000
1653850958455707105 340.969480 2.932777 3 0 0.000000
1653850959479904073 204.835238 4.881873 5 0 0.000000
1653850960503430930 204.700910 4.885070 5 0 0.000000
1653850961321508761 204.515345 4.889510 4 0 0.000000
1653850962340944540 339.807347 2.942804 3 0 0.000000
1653850963364092845 204.625222 4.886877 5 0 0.000000
1653850964388103573 204.797669 4.882762 5 0 0.000000
1653850965412210831 204.817511 4.882301 5 0 0.000000
1653850966024779391 204.185650 4.897411 3 0 0.000000
1653850967454779720 476.662216 2.097902 3 0 0.000000
1653850968477139355 204.463110 4.890647 5 0 0.000000
1653850969501327546 341.390954 2.929149 3 0 0.000000
1653850970525298517 204.784099 4.882951 5 0 0.000000
1653850970729462111 204.132266 4.898033 1 0 0.000000
1653850972358070980 542.864477 1.842063 3 0 0.000000
1653850973379408453 204.263244 4.895542 5 0 0.000000
1653850974402165405 204.547329 4.888747 5 0 0.000000
1653850975424501526 204.463376 4.890759 5 0 0.000000
1653850976448615318 204.818724 4.882266 5 0 0.000000
1653850977470320559 204.336748 4.893783 5 0 0.000000
1653850978492628485 204.457780 4.890894 5 0 0.000000
1653850979515458896 204.561565 4.888396 5 0 0.000000
1653850980539967098 204.891851 4.880390 5 0 0.000000
1653850981357634509 204.412650 4.891965 4 0 0.000000
1653850982381213012 204.711467 4.884823 5 0 0.000000
1653850983403359231 204.424828 4.891668 5 0 0.000000
1653850984426849494 204.693820 4.885244 5 0 0.000000
1653850985449717121 204.569602 4.888218 5 0 0.000000
1653850986468175852 339.481804 2.945627 3 0 0.000000
1653850987491493117 204.659236 4.886070 5 0 0.000000
1653850988514830495 204.663355 4.885974 5 0 0.000000
1653850989538520748 341.225569 2.930574 3 0 0.000000
1653850990357981539 204.861207 4.881259 4 0 0.000000
1653850991381323247 204.663917 4.885953 5 0 0.000000
1653850992403656425 204.461880 4.890774 5 0 0.000000
1653850993428696808 205.003748 4.877857 5 0 0.000000
1653850994453061586 204.868829 4.881074 5 0 0.000000
1653850995481346359 342.756387 2.917480 3 0 0.000000
1653850996504181842 204.559031 4.888372 5 0 0.000000
1653850997527560721 204.671290 4.885776 5 0 0.000000
1653850998551112448 204.706282 4.884951 5 0 0.000000
1653850999371063170 204.983833 4.878342 4 0 0.000000
1653851000392585733 204.295364 4.894654 5 0 0.000000
1653851001417889347 341.756470 2.925963 3 0 0.000000
1653851002442258240 204.868329 4.881054 5 0 0.000000
1653851003466093577 204.762923 4.883598 5 0 0.000000
1653851004489783220 204.733408 4.884293 5 0 0.000000
1653851005512282371 204.495340 4.889980 5 0 0.000000
1653851006535720878 204.683617 4.885491 5 0 0.000000
1653851007558553257 204.562242 4.888386 5 0 0.000000
1653851008376672281 204.525329 4.889264 4 0 0.000000
1653851009400209750 204.703074 4.885019 5 0 0.000000
1653851010423360608 204.625808 4.886865 5 0 0.000000
1653851011448861447 205.095611 4.875666 5 0 0.000000
1653851012267251291 204.593461 4.887646 4 0 0.000000
1653851013494552673 409.095965 2.444387 3 0 0.000000
1653851014516871731 204.459485 4.890841 5 0 0.000000
1653851015540238403 204.669335 4.885834 5 0 0.000000
1653851016563603896 204.668377 4.885840 5 0 0.000000
1653851017381663056 204.510449 4.889622 4 0 0.000000
1653851018201125555 204.860669 4.881248 4 0 0.000000
1653851019429507530 307.087140 3.256316 4 0 0.000000
1653851020453395069 204.769845 4.883349 5 0 0.000000
1653851021477918142 204.896000 4.880320 5 0 0.000000
1653851022502503746 204.912611 4.880022 5 0 0.000000
1653851023527585260 341.689257 2.926596 3 0 0.000000
1653851024552047707 204.887866 4.880608 5 0 0.000000
1653851025572212971 340.050248 2.940700 3 0 0.000000
1653851026391185416 204.738579 4.884169 4 0 0.000000
1653851027417848167 205.328198 4.870148 5 0 0.000000
1653851028442729855 204.971545 4.878612 5 0 0.000000
1653851029464804635 204.410934 4.892010 5 0 0.000000
1653851030488951259 204.825343 4.882113 5 0 0.000000
1653851031512819082 204.769208 4.883443 5 0 0.000000
1653851032537756575 204.980826 4.878346 5 0 0.000000
1653851033559460432 204.336653 4.893786 5 0 0.000000
1653851034582186974 204.540693 4.888892 5 0 0.000000
1653851035402472155 410.137238 2.438176 2 0 0.000000
1653851036424668614 204.432734 4.891428 5 0 0.000000
1653851037450283815 205.118292 4.875123 5 0 0.000000
1653851038472595207 204.458055 4.890878 5 0 0.000000
1653851039496739123 204.824325 4.882126 5 0 0.000000
1653851040521777873 205.002853 4.877864 5 0 0.000000
1653851041545526048 204.744231 4.884014 5 0 0.000000
1653851042569947371 204.880021 4.880804 5 0 0.000000
1653851043386584210 408.314143 2.449069 2 0 0.000000
1653851044207226560 410.316276 2.437115 2 0 0.000000
1653851045441752620 617.257280 1.620055 2 0 0.000000
1653851046465517320 204.748726 4.883935 5 0 0.000000
1653851047489096777 204.711661 4.884819 5 0 0.000000
1653851048513731146 204.922611 4.879790 5 0 0.000000
1653851049536556604 204.560517 4.888420 5 0 0.000000
1653851050560672827 204.819119 4.882258 5 0 0.000000
1653851051584036738 204.668836 4.885848 5 0 0.000000
1653851052402910736 204.714578 4.884756 4 0 0.000000
1653851053424723332 340.600161 2.935959 3 0 0.000000
1653851054450746455 205.200275 4.873185 5 0 0.000000
1653851055471307866 340.182896 2.939558 3 0 0.000000
1653851056494447221 204.620311 4.886920 5 0 0.000000
1653851057517496239 204.605420 4.887351 5 0 0.000000
1653851058541361512 204.768642 4.883455 5 0 0.000000
1653851059361058203 204.919701 4.879854 4 0 0.000000
1653851060593650788 308.142954 3.245192 4 0 0.000000
1653851061412789126 204.780327 4.883180 4 0 0.000000
1653851062433388366 340.195445 2.939450 3 0 0.000000
1653851063459266362 341.954783 2.924324 3 0 0.000000
1653851064485530144 205.248295 4.872042 5 0 0.000000
1653851065509096191 204.708904 4.884883 5 0 0.000000
1653851066123630922 204.840677 4.881742 3 0 0.000000
1653851067552552285 285.779550 3.499143 5 0 0.000000
1653851068576810093 204.847206 4.881584 5 0 0.000000
1653851069192918157 205.364721 4.869276 3 0 0.000000
1653851070424112447 307.794057 3.248878 4 0 0.000000
1653851071448647270 204.901980 4.880264 5 0 0.000000
1653851072473542277 204.974145 4.878548 5 0 0.000000
1653851073498313609 204.949986 4.879137 5 0 0.000000
1653851074525223395 205.377249 4.868977 5 0 0.000000
1653851075550509303 205.053263 4.876688 5 0 0.000000
1653851076574575094 204.808478 4.882499 5 0 0.000000
1653851077600105615 205.101965 4.875526 5 0 0.000000
1653851078419842507 204.929670 4.879614 4 0 0.000000
1653851079446736382 342.293597 2.921431 3 0 0.000000
1653851080469620487 204.572603 4.888139 5 0 0.000000
1653851081495649835 205.201688 4.873155 5 0 0.000000
1653851082520946286 205.054535 4.876638 5 0 0.000000
1653851083546910822 205.188654 4.873463 5 0 0.000000
1653851084570202432 204.653748 4.886193 5 0 0.000000
1653851085595587419 205.068384 4.876217 5 0 0.000000
1653851086416183456 205.144038 4.874506 4 0 0.000000
1653851087441151007 204.988369 4.878203 5 0 0.000000
1653851088469257624 205.616856 4.863309 5 0 0.000000
1653851089494255942 204.992235 4.878057 5 0 0.000000
1653851090519709800 205.086520 4.875890 5 0 0.000000
1653851091543926619 204.838759 4.881779 5 0 0.000000
1653851092570032865 205.216774 4.872790 5 0 0.000000
1653851093183612022 613.574125 1.629782 1 0 0.000000
1653851094614293920 286.131510 3.494837 5 0 0.000000
1653851095433527932 204.800438 4.882610 4 0 0.000000
1653851096051341871 617.810432 1.618610 1 0 0.000000
1653851096669436835 618.090118 1.617874 1 0 0.000000
1653851098514636484 369.032076 2.709734 5 0 0.000000
1653851099538393179 204.747306 4.883973 5 0 0.000000
1653851100563275131 204.971863 4.878611 5 0 0.000000
1653851101381401421 204.526629 4.889221 4 0 0.000000
1653851102607853579 306.608240 3.261440 4 0 0.000000
1653851103427683239 204.952817 4.879062 4 0 0.000000
1653851104452706560 204.995397 4.877938 5 0 0.000000
1653851105477715774 204.997503 4.878005 5 0 0.000000
1653851106300571572 205.709927 4.861119 4 0 0.000000
1653851107532803821 308.052735 3.246141 4 0 0.000000
1653851108559065406 205.248019 4.872052 5 0 0.000000
1653851109583500373 204.882456 4.880739 5 0 0.000000
1653851110607791720 204.853435 4.881424 5 0 0.000000
1653851111630081028 340.758355 2.934590 3 0 0.000000
1653851112450959388 205.215202 4.872829 4 0 0.000000
1653851113476697934 341.905646 2.924722 3 0 0.000000
1653851114501619976 204.980062 4.878420 5 0 0.000000
1653851115525926048 204.856874 4.881354 5 0 0.000000
1653851116549249994 204.660798 4.886038 5 0 0.000000
1653851117574995993 205.145091 4.874501 5 0 0.000000
1653851118599383946 204.869439 4.880963 5 0 0.000000
1653851119420191872 205.197508 4.873247 4 0 0.000000
1653851120442126225 340.640023 2.935609 3 0 0.000000
1653851121471568890 205.884018 4.856997 5 0 0.000000
1653851122499708514 205.623679 4.863153 5 0 0.000000
1653851123521877487 204.429710 4.891559 5 0 0.000000
1653851124342047649 205.035813 4.877037 4 0 0.000000
1653851125574215058 308.037198 3.246312 4 0 0.000000
1653851126598389260 204.830779 4.881982 5 0 0.000000
1653851127619807505 340.468855 2.937093 3 0 0.000000
1653851128645168879 205.068108 4.876330 5 0 0.000000
1653851129467392205 205.551707 4.864858 4 0 0.000000
1653851130490496251 204.616529 4.887088 5 0 0.000000
1653851131514664618 204.829303 4.882010 5 0 0.000000
1653851132540894238 205.241452 4.872204 5 0 0.000000
1653851133565352766 204.886891 4.880627 5 0 0.000000
1653851134383473484 204.525750 4.889254 4 0 0.000000
1653851135615998180 308.126067 3.245371 4 0 0.000000
1653851136640356023 204.866646 4.881107 5 0 0.000000
1653851137459871632 204.874344 4.880932 4 0 0.000000
1653851138484503674 204.922147 4.879801 5 0 0.000000
1653851139510344464 205.164345 4.874051 5 0 0.000000
1653851140532133940 340.584452 2.936026 3 0 0.000000
1653851141555991178 204.766569 4.883493 5 0 0.000000
1653851142583192088 205.435611 4.867597 5 0 0.000000
1653851143608305136 205.018462 4.877511 5 0 0.000000
1653851144633140196 204.962684 4.878834 5 0 0.000000
1653851145657432061 204.853677 4.881421 5 0 0.000000
1653851146480895786 205.861079 4.857530 4 0 0.000000
1653851147505260881 204.868519 4.881072 5 0 0.000000
1653851148530060699 204.955563 4.879002 5 0 0.000000
1653851149555436152 205.070930 4.876263 5 0 0.000000
1653851150376165461 205.177282 4.873714 4 0 0.000000
1653851151601487949 306.325939 3.264447 4 0 0.000000
1653851152626449614 204.987991 4.878231 5 0 0.000000
1653851153655018495 205.709251 4.861123 5 0 0.000000
1653851154474355980 204.829887 4.881993 4 0 0.000000
1653851155500211219 205.166557 4.873982 5 0 0.000000
1653851156526361196 205.225261 4.872582 5 0 0.000000
1653851157554224328 205.568509 4.864461 5 0 0.000000
1653851158575646229 510.706249 1.958055 2 0 0.000000
1653851159601052975 205.076692 4.876114 5 0 0.000000
1653851160626892970 205.163041 4.874055 5 0 0.000000
1653851161654354889 342.482580 2.919816 3 0 0.000000
1653851162065035051 205.335320 4.869970 2 0 0.000000
1653851163086897126 340.616022 2.935817 3 0 0.000000
1653851164517608211 286.137931 3.494766 5 0 0.000000
1653851165544225314 342.201128 2.922219 3 0 0.000000
1653851166572443760 205.636793 4.862780 5 0 0.000000
1653851167592799359 340.114195 2.940151 3 0 0.000000
1653851168209146866 205.444590 4.867384 3 0 0.000000
1653851169641630577 286.491546 3.490441 5 0 0.000000
1653851170668272288 205.320942 4.870248 5 0 0.000000
1653851171489344536 205.263099 4.871678 4 0 0.000000
1653851172517770896 205.680575 4.861797 5 0 0.000000
1653851173544684595 205.378568 4.868958 5 0 0.000000
1653851174569152095 204.888945 4.880584 5 0 0.000000
1653851175184114509 204.974829 4.878347 3 0 0.000000
1653851176619878054 287.148166 3.482468 5 0 0.000000
1653851177645863619 205.192699 4.873363 5 0 0.000000
1653851178672579642 205.334602 4.869896 5 0 0.000000
1653851179494071545 205.368608 4.869190 4 0 0.000000
1653851180519809209 205.140893 4.874541 5 0 0.000000
1653851181546477578 205.329038 4.870122 5 0 0.000000
1653851182162892538 205.467466 4.866851 3 0 0.000000
1653851183599087698 478.726107 2.088853 3 0 0.000000
1653851184624945244 205.167282 4.873971 5 0 0.000000
1653851185652009995 205.408582 4.868242 5 0 0.000000
1653851186679532609 205.499467 4.866073 5 0 0.000000
1653851187499055314 204.876299 4.880890 4 0 0.000000
1653851188527621871 205.708653 4.861134 5 0 0.000000
1653851189552337024 204.938583 4.879405 5 0 0.000000
1653851190580277252 205.583741 4.864096 5 0 0.000000
1653851191605494498 341.734089 2.926209 3 0 0.000000
1653851192630237485 204.941139 4.879272 5 0 0.000000
1653851193659585271 343.110830 2.914467 3 0 0.000000
1653851194686833226 205.445091 4.867374 5 0 0.000000
1653851195097583384 205.371251 4.869140 2 0 0.000000
1653851196530071130 286.492621 3.490431 5 0 0.000000
1653851197557245914 205.428055 4.867721 5 0 0.000000
1653851198583728480 205.291787 4.871003 5 0 0.000000
1653851199610824489 205.414799 4.868094 5 0 0.000000
1653851200639729665 205.776534 4.859534 5 0 0.000000
1653851201666898233 205.426197 4.867750 5 0 0.000000
1653851202693825418 205.376427 4.868894 5 0 0.000000
1653851203513798004 204.988942 4.878212 4 0 0.000000
1653851204541890588 205.611417 4.863375 5 0 0.000000
1653851205565852868 204.788203 4.882992 5 0 0.000000
1653851206591973214 205.218980 4.872723 5 0 0.000000
1653851207619358996 205.472614 4.866721 5 0 0.000000
1653851208647854368 205.694232 4.861471 5 0 0.000000
1653851209674850985 205.394789 4.868565 5 0 0.000000
1653851210698378544 341.171900 2.931040 3 0 0.000000
1653851211519304318 205.227234 4.872548 4 0 0.000000
1653851212545176388 205.169977 4.873902 5 0 0.000000
1653851213574620725 205.884744 4.856989 5 0 0.000000
1653851214189220244 204.862363 4.881227 3 0 0.000000
1653851215626322214 287.415823 3.479224 5 0 0.000000
1653851216650212826 204.774090 4.883334 5 0 0.000000
1653851217676635719 205.280471 4.871287 5 0 0.000000
1653851218702636735 205.195707 4.873290 5 0 0.000000
1653851219317782776 205.044312 4.876891 3 0 0.000000
1653851220546522702 307.180092 3.255367 4 0 0.000000
1653851221367364710 205.206374 4.873045 4 0 0.000000
1653851222595493575 307.027501 3.256987 4 0 0.000000
1653851223622935403 205.483945 4.866455 5 0 0.000000
1653851224647373637 341.474431 2.928434 3 0 0.000000
1653851225675957616 342.856231 2.916631 3 0 0.000000
1653851226703815384 205.567268 4.864486 5 0 0.000000
1653851227528008684 206.043363 4.853231 4 0 0.000000
1653851228554740105 205.341883 4.869823 5 0 0.000000
1653851229580020515 205.051702 4.876715 5 0 0.000000
1653851230608458278 205.682988 4.861743 5 0 0.000000
1653851231636719515 205.647568 4.862578 5 0 0.000000
1653851232665239907 205.699418 4.861352 5 0 0.000000
1653851233694054402 205.758564 4.859963 5 0 0.000000
1653851234716779889 340.903828 2.933338 3 0 0.000000
1653851235539578272 205.695310 4.861458 4 0 0.000000
1653851236565826655 205.245351 4.872115 5 0 0.000000
1653851237596036313 206.034549 4.853381 5 0 0.000000
1653851238624913574 205.770371 4.859666 5 0 0.000000
1653851239241670666 205.581234 4.864152 3 0 0.000000
1653851240675578395 477.964159 2.092185 3 0 0.000000
1653851241702922053 205.464158 4.866921 5 0 0.000000
1653851242526077361 205.784159 4.859350 4 0 0.000000
1653851243348403673 205.577162 4.864249 4 0 0.000000
1653851244574702405 306.567269 3.261848 4 0 0.000000
1653851245600205553 205.096477 4.875655 5 0 0.000000
1653851246629811371 205.916494 4.856227 5 0 0.000000
1653851247679125513 209.858567 4.765017 5 0 0.000000
1653851248704268173 205.023964 4.877370 5 0 0.000000
1653851249319334880 205.018311 4.877520 3 0 0.000000
1653851250547407638 307.013313 3.257136 4 0 0.000000
1653851251575406544 205.594848 4.863818 5 0 0.000000
1653851252604643972 205.842966 4.857966 5 0 0.000000
1653851253630429457 205.152225 4.874313 5 0 0.000000
1653851254659185328 205.746699 4.860240 5 0 0.000000
1653851255686331149 205.424797 4.867858 5 0 0.000000
1653851256713808462 205.491026 4.866287 5 0 0.000000
