1653953745327312611 342.062203 0.000000
1653953745495642948 168.310886 0.000000
1653953745663447293 167.800033 0.000000
1653953745832309834 168.857102 0.000000
1653953745999715039 167.400338 0.000000
1653953746167232137 167.512181 0.000000
1653953746334596960 167.360153 0.000000
1653953746502532378 167.929890 0.000000
1653953746669506270 166.967803 0.000000
1653953746836489895 166.978418 0.000000
1653953747003608002 167.112073 0.000000
1653953747172239171 168.625883 0.000000
1653953747340151705 167.908173 0.000000
1653953747507143367 166.985998 0.000000
1653953747676285314 169.135803 0.000000
1653953747844044288 167.754988 0.000000
1653953748010724596 166.674182 0.000000
1653953748178536969 167.808681 0.000000
1653953748345516010 166.975046 0.000000
1653953748513731852 168.209377 0.000000
1653953748680284064 166.546376 0.000000
1653953749469231020 788.941055 0.000000
1653953749635735555 166.497104 0.000000
1653953749802889897 167.149051 0.000000
1653953749970437276 167.540710 0.000000
1653953750137586311 167.143793 0.000000
1653953750304906668 167.312644 0.000000
1653953750471233153 166.321224 0.000000
1653953750637977773 166.737935 0.000000
1653953750804520293 166.537217 0.000000
1653953750971452755 166.927186 0.000000
1653953751139140027 167.682029 0.000000
1653953751557058721 417.912570 0.000000
1653953751724124887 167.056012 0.000000
1653953751891507662 167.378118 0.000000
1653953752058777763 167.265059 0.000000
1653953752224981093 166.198660 0.000000
1653953752392224933 167.237956 0.000000
1653953752558139014 165.909015 0.000000
1653953752724604475 166.460264 0.000000
1653953752891131331 166.521559 0.000000
1653953753303927400 412.792615 0.000000
1653953753471071064 167.138363 0.000000
1653953753636449833 165.373576 0.000000
1653953753802567892 166.112982 0.000000
1653953753969500007 166.926718 0.000000
1653953754135715203 166.210315 0.000000
1653953754302224804 166.503843 0.000000
1653953754468302075 166.073546 0.000000
1653953754634853485 166.547212 0.000000
1653953754800667469 165.809067 0.000000
1653953754966953659 166.281649 0.000000
1653953755134068719 167.108600 0.000000
1653953755300118943 166.044516 0.000000
1653953755466645061 166.521923 0.000000
1653953755633188448 166.536747 0.000000
1653953755799714471 166.520760 0.000000
1653953755965798484 166.076515 0.000000
1653953756132229354 166.424871 0.000000
1653953756297788949 165.551817 0.000000
1653953756463867468 166.072284 0.000000
1653953756629335292 165.463042 0.000000
1653953756795665135 166.324493 0.000000
1653953756961225775 165.556502 0.000000
1653953757128530998 167.301462 0.000000
1653953757295318449 166.781117 0.000000
1653953757461870460 166.543423 0.000000
1653953757629174234 167.298496 0.000000
1653953757794917576 165.738145 0.000000
1653953757961333528 166.410976 0.000000
1653953758127636377 166.297918 0.000000
1653953758294326557 166.683918 0.000000
1653953758459719871 165.388300 0.000000
1653953758625344815 165.620616 0.000000
1653953758791982062 166.631619 0.000000
1653953758958475591 166.487931 0.000000
1653953759123887125 165.406036 0.000000
1653953759289618923 165.727202 0.000000
1653953759456575692 166.950975 0.000000
1653953759622225170 165.644351 0.000000
1653953759788162543 165.930813 0.000000
1653953760238083203 449.915544 0.000000
1653953760404205432 166.116937 0.000000
1653953760570601709 166.389694 0.000000
1653953760737235760 166.628833 0.000000
1653953760903842131 166.601079 0.000000
1653953761069734047 165.887114 0.000000
1653953761235447739 165.708870 0.000000
1653953761401702074 166.249128 0.000000
1653953761567873361 166.166090 0.000000
1653953761734041766 166.163609 0.000000
1653953761900391950 166.345287 0.000000
1653953762066217326 165.820128 0.000000
1653953762481820682 415.598702 0.000000
1653953762648024194 166.197909 0.000000
1653953762813442025 165.412025 0.000000
1653953762979703484 166.255649 0.000000
1653953763145687633 165.979005 0.000000
1653953763311600714 165.908763 0.000000
1653953763478506306 166.900686 0.000000
1653953763645382755 166.870284 0.000000
1653953763811630118 166.242070 0.000000
1653953764232501687 420.866762 0.000000
1653953764398207936 165.700690 0.000000
1653953765202975099 804.762821 0.000000
1653953765368805039 165.826280 0.000000
1653953765535044674 166.234541 0.000000
1653953765700454608 165.405224 0.000000
1653953765865848073 165.388438 0.000000
1653953766031699980 165.847142 0.000000
1653953766197481982 165.777673 0.000000
1653953766363077143 165.590316 0.000000
1653953766529286460 166.203232 0.000000
1653953766694495472 165.202232 0.000000
1653953766860910955 166.409228 0.000000
1653953767027193658 166.277054 0.000000
1653953767192693770 165.495204 0.000000
1653953767358040113 165.342314 0.000000
1653953767581128837 223.083702 0.000000
1653953767746211275 165.077697 0.000000
1653953767912694134 166.477795 0.000000
1653953768080556061 167.857275 0.000000
1653953768246020556 165.459454 0.000000
1653953768412286054 166.260451 0.000000
1653953768577652435 165.360664 0.000000
1653953768743596890 165.940043 0.000000
1653953768909984010 166.382279 0.000000
1653953769076342098 166.353597 0.000000
1653953769707520346 631.173165 0.000000
1653953769874123698 166.599008 0.000000
1653953770040402125 166.273906 0.000000
1653953770207382140 166.975039 0.000000
1653953770373650382 166.262839 0.000000
1653953770538694442 165.037680 0.000000
1653953770704806697 166.107282 0.000000
1653953770870371679 165.560050 0.000000
1653953771035761625 165.385500 0.000000
1653953771201367859 165.601297 0.000000
1653953771366588805 165.216115 0.000000
1653953771532741973 166.148206 0.000000
1653953771698609942 165.864181 0.000000
1653953771863978909 165.363223 0.000000
1653953772030037175 166.053606 0.000000
1653953772195578662 165.535604 0.000000
1653953772361965686 166.382285 0.000000
1653953772527579572 165.607618 0.000000
1653953772692716838 165.132879 0.000000
1653953772858733232 166.011570 0.000000
1653953773024943468 166.205086 0.000000
1653953773190166701 165.218101 0.000000
1653953773355422731 165.251897 0.000000
1653953773521119604 165.692044 0.000000
1653953773688731900 167.607506 0.000000
1653953773855132735 166.396098 0.000000
1653953774020500006 165.362250 0.000000
1653953774185764702 165.259900 0.000000
1653953774351338162 165.567737 0.000000
1653953774517700727 166.358670 0.000000
1653953774683700667 165.994833 0.000000
1653953774848624720 164.918535 0.000000
1653953775014482352 165.852701 0.000000
1653953775180147684 165.660604 0.000000
1653953775346147139 165.994289 0.000000
1653953775512384416 166.232591 0.000000
1653953775677967705 165.577876 0.000000
1653953775843660800 165.688516 0.000000
1653953776009179970 165.515257 0.000000
1653953776174458422 165.273500 0.000000
1653953776340109053 165.645502 0.000000
1653953776505305088 165.190177 0.000000
1653953776671584608 166.275470 0.000000
1653953776836697535 165.108644 0.000000
1653953777002496314 165.794104 0.000000
1653953777169612708 167.111572 0.000000
1653953777335939522 166.321633 0.000000
1653953777501803899 165.859776 0.000000
1653953777667930762 166.122614 0.000000
1653953777833936051 166.001000 0.000000
1653953777999062891 165.123406 0.000000
1653953778165361590 166.293426 0.000000
1653953778331264289 165.897613 0.000000
1653953778496394310 165.124558 0.000000
1653953778662692918 166.294553 0.000000
1653953778828610411 165.912069 0.000000
1653953778994927870 166.312818 0.000000
1653953779159767312 164.834811 0.000000
1653953779325531970 165.760569 0.000000
1653953779490834652 165.298426 0.000000
1653953779656422089 165.583111 0.000000
1653953779822742285 166.315487 0.000000
1653953779987716877 164.970313 0.000000
1653953780153877703 166.156847 0.000000
1653953780319551725 165.668725 0.000000
1653953780484656450 165.099523 0.000000
1653953780651915449 167.254399 0.000000
1653953780818163538 166.243152 0.000000
1653953780983469867 165.302185 0.000000
1653953781148942785 165.468181 0.000000
1653953781315463067 166.516033 0.000000
1653953781480923637 165.456785 0.000000
1653953781646488808 165.561320 0.000000
1653953781812510650 166.016771 0.000000
1653953781977805797 165.291521 0.000000
1653953782143742906 165.932072 0.000000
1653953782309502075 165.751702 0.000000
1653953782475471488 165.964823 0.000000
1653953782641113022 165.637636 0.000000
1653953782806730616 165.613549 0.000000
1653953783705751035 899.016503 0.000000
1653953783871089243 165.333304 0.000000
1653953784037269818 166.175694 0.000000
1653953784449123078 411.848574 0.000000
1653953784614280999 165.153416 0.000000
1653953784780691251 166.405059 0.000000
1653953784945845080 165.148964 0.000000
1653953785111677508 165.827973 0.000000
1653953785277930130 166.248472 0.000000
1653953785443868063 165.932871 0.000000
1653953785609313208 165.439472 0.000000
1653953785775738913 166.420788 0.000000
1653953785941821223 166.077980 0.000000
1653953786108091861 166.265691 0.000000
1653953786273480243 165.384558 0.000000
1653953786438488495 165.003639 0.000000
1653953786857532661 419.039485 0.000000
1653953787023763593 166.225490 0.000000
1653953787728685248 704.918233 0.000000
1653953787894874716 166.183830 0.000000
1653953788061347524 166.468002 0.000000
1653953788227440085 166.088272 0.000000
1653953788395100586 167.655404 0.000000
1653953788560337018 165.231185 0.000000
1653953788726903835 166.561049 0.000000
1653953788892351411 165.442009 0.000000
1653953789058166719 165.810278 0.000000
1653953789223298086 165.126505 0.000000
1653953789388425032 165.121903 0.000000
1653953789553971722 165.542251 0.000000
1653953789720636697 166.659177 0.000000
1653953789887257740 166.616066 0.000000
1653953790052429085 165.166148 0.000000
1653953790218379825 165.944681 0.000000
1653953790384761243 166.377314 0.000000
1653953790550955646 166.190062 0.000000
1653953790716423416 165.462748 0.000000
1653953790882390334 165.961420 0.000000
1653953791048554401 166.159847 0.000000
1653953791214394980 165.836143 0.000000
1653953791380827226 166.426703 0.000000
1653953791546157625 165.326115 0.000000
1653953791711653540 165.491374 0.000000
1653953791879000475 167.341021 0.000000
1653953792044241459 165.235581 0.000000
1653953792516000677 471.754477 0.000000
1653953792681530836 165.524571 0.000000
1653953792847542582 166.006894 0.000000
1653953793013345451 165.798348 0.000000
1653953793178790287 165.439749 0.000000
1653953793344013550 165.218798 0.000000
1653953793510153770 166.135905 0.000000
1653953793675240605 165.082861 0.000000
1653953793839929800 164.684834 0.000000
1653953794005887403 165.953353 0.000000
1653953794171252864 165.360591 0.000000
1653953794589615279 418.357714 0.000000
1653953794754629591 165.008814 0.000000
1653953794919984686 165.350590 0.000000
1653953795536596034 616.605685 0.000000
1653953795703968519 167.365318 0.000000
1653953795869629864 165.656256 0.000000
1653953796035508476 165.873874 0.000000
1653953796201111328 165.599464 0.000000
1653953796367274083 166.156746 0.000000
1653953796532643506 165.364226 0.000000
1653953796697839589 165.190871 0.000000
1653953796864106969 166.261386 0.000000
1653953797030443143 166.330943 0.000000
1653953797195512496 165.063188 0.000000
1653953797418581426 223.064278 0.000000
1653953798044852485 626.266038 0.000000
1653953798210034400 165.176368 0.000000
1653953798375515261 165.476410 0.000000
1653953798540332532 164.813040 0.000000
1653953798706279969 165.944228 0.000000
1653953798871836912 165.552507 0.000000
1653953799038108545 166.267568 0.000000
1653953799456816819 418.702155 0.000000
1653953799621763350 164.941799 0.000000
1653953799788218666 166.450364 0.000000
1653953799954401541 166.178325 0.000000
1653953800119325520 164.919618 0.000000
1653953800534865365 415.535876 0.000000
1653953800900793392 365.921903 0.000000
1653953801066654884 165.856776 0.000000
1653953801233151163 166.490937 0.000000
1653953801398301227 165.146099 0.000000
1653953801817878754 419.572871 0.000000
1653953802374817322 556.933767 0.000000
1653953802540872348 166.050125 0.000000
1653953802707539862 166.662036 0.000000
1653953802872966098 165.420192 0.000000
1653953803038938557 165.968259 0.000000
1653953803459759949 420.816731 0.000000
1653953803626065319 166.299797 0.000000
1653953803792556931 166.485747 0.000000
1653953803957907516 165.347169 0.000000
1653953804124383522 166.470929 0.000000
1653953804290927231 166.538903 0.000000
1653953804457443872 166.512401 0.000000
1653953804623852116 166.400882 0.000000
1653953804789400625 165.542896 0.000000
1653953804955377679 165.972032 0.000000
1653953805121451757 166.069213 0.000000
1653953805286616314 165.159023 0.000000
1653953805452698872 166.076871 0.000000
1653953805618847736 166.143947 0.000000
1653953805784260799 165.408980 0.000000
1653953805950336201 166.070586 0.000000
1653953806115759434 165.418130 0.000000
1653953806281612147 165.847365 0.000000
1653953806446551206 164.933125 0.000000
1653953806612000988 165.445601 0.000000
1653953806777229614 165.223172 0.000000
1653953806942569467 165.335588 0.000000
1653953807108166215 165.592028 0.000000
1653953807273449775 165.279865 0.000000
1653953807439505864 166.051164 0.000000
1653953807605299811 165.789540 0.000000
1653953807770831721 165.526893 0.000000
1653953807936635058 165.798927 0.000000
1653953808101824228 165.184064 0.000000
1653953808267855777 166.026543 0.000000
1653953808433648699 165.787760 0.000000
1653953808598890699 165.238060 0.000000
1653953809464393052 865.497376 0.000000
1653953809830146346 365.747130 0.000000
1653953810202742923 372.590979 0.000000
1653953810368700166 165.951788 0.000000
1653953810990794818 622.085121 0.000000
1653953811157636302 166.836523 0.000000
1653953811322796514 165.155841 0.000000
1653953811487910268 165.109805 0.000000
1653953811653178837 165.264199 0.000000
1653953811818518953 165.334433 0.000000
1653953811984610083 166.086568 0.000000
1653953812611069997 626.455377 0.000000
1653953812776990615 165.913918 0.000000
1653953813187988257 410.992891 0.000000
1653953813354029429 166.036201 0.000000
1653953814085904496 731.870797 0.000000
1653953814251265924 165.355721 0.000000
1653953814416394711 165.124326 0.000000
1653953814829698985 413.299943 0.000000
1653953814996009365 166.304060 0.000000
1653953815161846676 165.832645 0.000000
1653953815331020796 169.169458 0.000000
1653953815496629066 165.604355 0.000000
1653953815663261982 166.628777 0.000000
1653953815828489734 165.222163 0.000000
1653953815994651522 166.157433 0.000000
1653953816160634147 165.978185 0.000000
1653953816325691873 165.051937 0.000000
1653953816491873201 166.176026 0.000000
1653953816657180002 165.301839 0.000000
1653953816823423775 166.239428 0.000000
1653953816988681146 165.253186 0.000000
1653953817155018130 166.333367 0.000000
1653953817320265528 165.242817 0.000000
1653953817486333574 166.063861 0.000000
1653953817652066604 165.729019 0.000000
1653953817817709446 165.638728 0.000000
1653953817983050136 165.337237 0.000000
1653953818148337365 165.283525 0.000000
1653953818313479320 165.137059 0.000000
1653953818478985625 165.501508 0.000000
1653953819011608840 532.619090 0.000000
1653953819176536039 164.921859 0.000000
1653953819341882415 165.341745 0.000000
1653953819507307174 165.420344 0.000000
1653953820139302630 631.991647 0.000000
1653953820512557934 373.249967 0.000000
1653953820678197949 165.633575 0.000000
1653953820844190450 165.988016 0.000000
1653953821009512213 165.317698 0.000000
1653953821174331626 164.814872 0.000000
1653953821339739114 165.403348 0.000000
1653953821504713131 164.969924 0.000000
1653953821671193288 166.476565 0.000000
1653953821837102485 165.904328 0.000000
1653953822003128082 166.020240 0.000000
1653953822168684120 165.550775 0.000000
1653953822334901068 166.211986 0.000000
1653953822500494735 165.588744 0.000000
1653953822667598383 167.099825 0.000000
1653953822833996082 166.393174 0.000000
1653953822999217450 165.217244 0.000000
1653953823164546073 165.324648 0.000000
1653953823331019017 166.468579 0.000000
1653953823497188052 166.164360 0.000000
1653953823663407476 166.215003 0.000000
1653953823829521128 166.108199 0.000000
1653953824192711609 363.185745 0.000000
1653953824357801630 165.085420 0.000000
1653953824523421931 165.615024 0.000000
1653953824689336700 165.910245 0.000000
1653953824855390221 166.049316 0.000000
1653953825021075003 165.678713 0.000000
1653953825186278979 165.199461 0.000000
1653953825351469213 165.185965 0.000000
1653953825516569223 165.096941 0.000000
1653953825682883227 166.309946 0.000000
1653953825849096403 166.209230 0.000000
1653953826014483161 165.381195 0.000000
1653953826179925587 165.437946 0.000000
1653953826345349183 165.419711 0.000000
1653953826510418912 165.065718 0.000000
1653953826676534898 166.111781 0.000000
1653953826841717675 165.178582 0.000000
1653953827006890463 165.168272 0.000000
1653953827172107524 165.212641 0.000000
1653953827337353141 165.241077 0.000000
1653953827502976559 165.619278 0.000000
1653953827668833465 165.852907 0.000000
1653953827834145131 165.307266 0.000000
1653953828000144695 165.994092 0.000000
1653953828165411111 165.262341 0.000000
1653953828331696199 166.279476 0.000000
1653953828497184673 165.484604 0.000000
1653953828663521121 166.331211 0.000000
1653953828830236060 166.709081 0.000000
1653953828995612272 165.371801 0.000000
1653953829695146189 699.529998 0.000000
1653953829861090112 165.938711 0.000000
1653953830026393884 165.297643 0.000000
1653953830192506779 166.107383 0.000000
1653953830358768669 166.257475 0.000000
1653953830525020624 166.247164 0.000000
1653953830690762552 165.737081 0.000000
1653953830857036754 166.269691 0.000000
1653953831023179606 166.138011 0.000000
1653953831188551814 165.366926 0.000000
1653953831353882344 165.326077 0.000000
1653953831520163963 166.276712 0.000000
1653953831686066378 165.897899 0.000000
1653953831851547987 165.477231 0.000000
1653953832017494166 165.943379 0.000000
1653953832183182926 165.684352 0.000000
1653953832348125909 164.939108 0.000000
1653953832513860792 165.730908 0.000000
1653953832680153788 166.283797 0.000000
1653953832846414152 166.255182 0.000000
1653953833012785781 166.366516 0.000000
1653953833180277599 167.486932 0.000000
1653953833346457285 166.175756 0.000000
1653953833511972311 165.510281 0.000000
1653953833677248607 165.271986 0.000000
1653953834137256609 460.003643 0.000000
1653953834303305811 166.044245 0.000000
1653953834468487762 165.177831 0.000000
1653953834634586563 166.094026 0.000000
1653953834799845303 165.252194 0.000000
1653953835219322176 419.471952 0.000000
1653953835385496823 166.170001 0.000000
1653953835551377475 165.875652 0.000000
1653953835716766304 165.385170 0.000000
1653953835882710650 165.939931 0.000000
1653953836048058684 165.343474 0.000000
1653953836213636429 165.558065 0.000000
1653953836379142830 165.501725 0.000000
1653953836544228159 165.080769 0.000000
1653953836711430846 167.196163 0.000000
1653953836876992425 165.555795 0.000000
1653953837043188027 166.191051 0.000000
1653953837208465087 165.272334 0.000000
1653953837373795382 165.324321 0.000000
1653953837539898908 166.098773 0.000000
1653953837705464341 165.559835 0.000000
1653953837870949171 165.479578 0.000000
1653953838036118961 165.165495 0.000000
1653953838202539892 166.415242 0.000000
1653953838368377924 165.833702 0.000000
1653953838534636135 166.253645 0.000000
1653953838700193899 165.553680 0.000000
1653953838866223833 166.024176 0.000000
1653953839031673340 165.445437 0.000000
1653953839197134233 165.455576 0.000000
1653953839362422684 165.283613 0.000000
1653953839527989369 165.562173 0.000000
1653953839973430729 445.435602 0.000000
1653953840140411446 166.975554 0.000000
1653953840306225632 165.809946 0.000000
1653953840471505758 165.275100 0.000000
1653953840837696071 366.174551 0.000000
1653953841004267465 166.566654 0.000000
1653953841577010237 572.738081 0.000000
1653953841743119474 166.104080 0.000000
1653953841909261259 166.136848 0.000000
1653953842074924546 165.658892 0.000000
1653953842241463008 166.533220 0.000000
1653953842406806251 165.338642 0.000000
1653953842573067884 166.256893 0.000000
1653953842738557441 165.486371 0.000000
1653953842903816888 165.255544 0.000000
1653953843365184477 461.363359 0.000000
1653953843530668587 165.479194 0.000000
1653953843696194565 165.520270 0.000000
1653953843861745265 165.546145 0.000000
1653953844027356080 165.606490 0.000000
1653953844400561912 373.200775 0.000000
1653953844566486619 165.918798 0.000000
1653953844731714476 165.223162 0.000000
1653953844897522942 165.803409 0.000000
1653953845063705834 166.178362 0.000000
1653953845229457718 165.715519 0.000000
1653953845395768588 166.306751 0.000000
1653953845561404766 165.631547 0.000000
1653953845727893090 166.484359 0.000000
1653953845893134003 165.236182 0.000000
1653953846259059953 365.921851 0.000000
1653953846424781540 165.715859 0.000000
1653953846590174943 165.388205 0.000000
1653953846756839813 166.660074 0.000000
1653953846923482531 166.637566 0.000000
1653953847088920707 165.433306 0.000000
1653953847255246344 166.320936 0.000000
1653953847423196570 167.946383 0.000000
1653953847589306727 166.106152 0.000000
1653953847755052144 165.741483 0.000000
1653953847921075369 166.019341 0.000000
1653953848087486401 166.407258 0.000000
1653953848253750832 166.260427 0.000000
1653953848419299751 165.544859 0.000000
1653953848584958080 165.653648 0.000000
1653953848750962886 165.999764 0.000000
1653953849162401713 411.433298 0.000000
1653953849327723395 165.316592 0.000000
1653953849494011270 166.282312 0.000000
1653953850067938212 573.922908 0.000000
1653953850233731309 165.787651 0.000000
1653953850398937333 165.201704 0.000000
1653953850564507715 165.566058 0.000000
1653953850729935080 165.423260 0.000000
1653953850896149709 166.210429 0.000000
1653953851063322636 167.167660 0.000000
1653953851229846309 166.518478 0.000000
1653953851395999745 166.148455 0.000000
1653953851562575991 166.571725 0.000000
1653953851728851847 166.271381 0.000000
1653953851894378542 165.522305 0.000000
1653953852059731563 165.348331 0.000000
1653953852225249770 165.513667 0.000000
1653953852391572218 166.318308 0.000000
1653953852557930982 166.354744 0.000000
1653953852723551526 165.615622 0.000000
1653953852889454874 165.898261 0.000000
1653953853254804945 365.346412 0.000000
1653953853420783317 165.973517 0.000000
1653953853587249070 166.461882 0.000000
1653953853752731877 165.478337 0.000000
1653953853919102458 166.364483 0.000000
1653953854085365463 166.257356 0.000000
1653953854748741207 663.370888 0.000000
1653953854914757527 166.010827 0.000000
1653953855081461724 166.699346 0.000000
1653953855248092506 166.624447 0.000000
1653953855413622477 165.524419 0.000000
1653953855580032379 166.405361 0.000000
1653953855745538265 165.501601 0.000000
1653953855911362322 165.800643 0.000000
1653953856077255599 165.889118 0.000000
1653953856243673850 166.412582 0.000000
1653953856410126761 166.446892 0.000000
1653953856575207254 165.075412 0.000000
1653953856740984181 165.772476 0.000000
1653953857152493386 411.504559 0.000000
1653953857317992109 165.493606 0.000000
1653953857484265857 166.268766 0.000000
1653953857650131881 165.860797 0.000000
1653953857815909584 165.771729 0.000000
1653953857981947744 166.034251 0.000000
1653953858147666534 165.714174 0.000000
1653953858312839703 165.168644 0.000000
1653953858479264425 166.420793 0.000000
1653953858645818829 166.549964 0.000000
1653953859278856461 633.031669 0.000000
1653953859684228415 405.367183 0.000000
1653953859850423053 166.188774 0.000000
1653953860224009487 373.582229 0.000000
1653953860389785464 165.770289 0.000000
1653953860555126268 165.335887 0.000000
1653953860721639312 166.507972 0.000000
1653953860886852063 165.208436 0.000000
1653953861052308180 165.452003 0.000000
1653953861217634474 165.320621 0.000000
1653953861384031217 166.392514 0.000000
1653953861550525799 166.489640 0.000000
1653953861716318885 165.788480 0.000000
1653953861882378528 166.055220 0.000000
1653953862050238014 167.855161 0.000000
1653953862215837274 165.594855 0.000000
1653953862381832126 165.990597 0.000000
1653953862547430530 165.593441 0.000000
1653953862713814687 166.380010 0.000000
1653953862879899513 166.079288 0.000000
1653953863045928925 166.024486 0.000000
1653953863211493308 165.559427 0.000000
1653953863378055861 166.556965 0.000000
1653953863544541726 166.481510 0.000000
1653953863710153403 165.607172 0.000000
1653953863876940180 166.782870 0.000000
1653953864042676046 165.731565 0.000000
1653953864208282890 165.603007 0.000000
1653953864373207973 164.920422 0.000000
1653953864539349571 166.137453 0.000000
1653953864705665029 166.310782 0.000000
1653953864871948110 166.277199 0.000000
1653953865037869144 165.916753 0.000000
1653953865204399642 166.525404 0.000000
1653953865369966125 165.560564 0.000000
1653953865536595101 166.624416 0.000000
1653953865703010958 166.410509 0.000000
1653953865868222659 165.205928 0.000000
1653953866034838230 166.610930 0.000000
1653953866201333871 166.490569 0.000000
1653953866366485727 165.146603 0.000000
1653953866739207684 372.717331 0.000000
1653953866963118755 223.905513 0.000000
1653953867129676406 166.551837 0.000000
1653953867295072730 165.391687 0.000000
1653953867460954682 165.878173 0.000000
1653953867626337856 165.378453 0.000000
1653953867791789109 165.447707 0.000000
1653953867958073854 166.280084 0.000000
1653953868123505290 165.427563 0.000000
1653953868289708339 166.197932 0.000000
1653953868455841270 166.127844 0.000000
1653953868622118657 166.273453 0.000000
1653953868788646147 166.523651 0.000000
1653953868954273765 165.622090 0.000000
1653953869120158061 165.878944 0.000000
1653953869285562499 165.400518 0.000000
1653953869450943533 165.375221 0.000000
1653953869870791460 419.841353 0.000000
1653953870036845378 166.048941 0.000000
1653953870203061039 166.210770 0.000000
1653953870369954871 166.888561 0.000000
1653953870781730748 411.771439 0.000000
1653953871194433568 412.696951 0.000000
1653953871360137527 165.698558 0.000000
1653953871526425323 166.282879 0.000000
1653953871692866307 166.435682 0.000000
1653953871858677785 165.807449 0.000000
1653953872024541116 165.858976 0.000000
1653953872190468306 165.923776 0.000000
1653953872358027523 167.554597 0.000000
1653953872524330813 166.298114 0.000000
1653953872689901968 165.566368 0.000000
1653953872856233430 166.327362 0.000000
1653953873022958147 166.719605 0.000000
1653953873188301681 165.338427 0.000000
1653953873354638378 166.332671 0.000000
1653953873520123404 165.480416 0.000000
1653953873685838313 165.709412 0.000000
1653953873852225514 166.382227 0.000000
1653953874018458245 166.228125 0.000000
1653953874391482680 373.019959 0.000000
1653953874557576921 166.088020 0.000000
1653953874723421474 165.840954 0.000000
1653953874889788342 166.362232 0.000000
1653953875296195969 406.403195 0.000000
1653953875461741020 165.539685 0.000000
1653953875685652016 223.905723 0.000000
1653953875852438290 166.781574 0.000000
1653953876019863122 167.420332 0.000000
1653953876185365020 165.495668 0.000000
1653953876352023757 166.654277 0.000000
1653953876518896865 166.868792 0.000000
1653953876684683483 165.782088 0.000000
1653953876850502771 165.814165 0.000000
1653953877016935466 166.428401 0.000000
1653953877183109623 166.167859 0.000000
1653953877349252739 166.138815 0.000000
1653953877515538851 166.280409 0.000000
1653953877681270583 165.728007 0.000000
1653953877847589404 166.313616 0.000000
1653953878013820049 166.225708 0.000000
1653953878179462207 165.637452 0.000000
1653953878345188420 165.721799 0.000000
1653953878510752002 165.559184 0.000000
1653953878676374443 165.618450 0.000000
1653953879050288787 373.909358 0.000000
1653953879215955687 165.661467 0.000000
1653953879382952175 166.991131 0.000000
1653953879548426276 165.469851 0.000000
1653953879714526441 166.095199 0.000000
1653953879880100669 165.569769 0.000000
1653953880300740752 420.635867 0.000000
1653953880466441340 165.693998 0.000000
1653953880633018841 166.572775 0.000000
1653953880799461909 166.438166 0.000000
1653953880966069681 166.603071 0.000000
1653953881132704205 166.629227 0.000000
1653953881298621242 165.912421 0.000000
1653953881465438641 166.812773 0.000000
1653953881631219862 165.775638 0.000000
1653953881797726178 166.501720 0.000000
1653953881964049205 166.318091 0.000000
1653953882130663828 166.610338 0.000000
1653953882296556342 165.886380 0.000000
1653953882463136659 166.574864 0.000000
1653953882629024562 165.883559 0.000000
1653953882795499560 166.469104 0.000000
1653953882961997665 166.493474 0.000000
1653953883128651748 166.650004 0.000000
1653953883294728332 166.070710 0.000000
1653953883668546476 373.813087 0.000000
1653953883834583141 166.031684 0.000000
1653953884001317808 166.730086 0.000000
1653953884167733640 166.410856 0.000000
1653953884333125659 165.387297 0.000000
1653953884500104583 166.974073 0.000000
1653953884665833365 165.724029 0.000000
1653953884831576643 165.737693 0.000000
1653953884997100832 165.520184 0.000000
1653953885163483280 166.377968 0.000000
1653953885329924708 166.437032 0.000000
1653953885496420021 166.490797 0.000000
1653953885662883167 166.459118 0.000000
1653953885829229740 166.342278 0.000000
1653953885996324991 167.090053 0.000000
1653953886161798677 165.469091 0.000000
1653953886328711352 166.908426 0.000000
1653953886495284101 166.568198 0.000000
1653953886661007033 165.717535 0.000000
1653953886827987100 166.975120 0.000000
1653953886994134131 166.142054 0.000000
1653953887160244922 166.105870 0.000000
1653953887325765148 165.515701 0.000000
1653953887491860471 166.089744 0.000000
1653953887657077923 165.212560 0.000000
1653953887823674545 166.592223 0.000000
1653953888197775550 374.096619 0.000000
1653953888363523571 165.742067 0.000000
1653953888529216879 165.688593 0.000000
1653953888694975208 165.753839 0.000000
1653953888860518878 165.537961 0.000000
1653953889026824124 166.300739 0.000000
1653953889192608903 165.780572 0.000000
1653953889358586889 165.973937 0.000000
1653953889523659207 165.068481 0.000000
1653953889690426308 166.763806 0.000000
1653953889855724526 165.294063 0.000000
1653953890021726388 165.997202 0.000000
1653953890187074501 165.344134 0.000000
1653953890353500330 166.419614 0.000000
1653953890520085480 166.580494 0.000000
1653953890685606346 165.515130 0.000000
1653953890851569281 165.959280 0.000000
1653953891018099328 166.525120 0.000000
1653953891184167909 166.062682 0.000000
1653953891350356134 166.183399 0.000000
1653953891516081731 165.720505 0.000000
1653953891681919765 165.832646 0.000000
1653953891848432577 166.507339 0.000000
1653953892013990287 165.552999 0.000000
1653953892179239363 165.244529 0.000000
1653953892344626733 165.382542 0.000000
1653953892510920844 166.289460 0.000000
1653953892676245211 165.318614 0.000000
1653953892841625243 165.374614 0.000000
1653953893007398992 165.769529 0.000000
1653953893173814075 166.410297 0.000000
1653953893339213562 165.395097 0.000000
1653953893863698603 524.480075 0.000000
1653953894029511218 165.807102 0.000000
1653953894196175610 166.659802 0.000000
1653953894362669010 166.486531 0.000000
1653953894528219413 165.546138 0.000000
1653953894694718583 166.493655 0.000000
1653953894860339483 165.616321 0.000000
1653953895026870621 166.526341 0.000000
1653953895192820369 165.945238 0.000000
1653953895358239374 165.414846 0.000000
1653953895523791361 165.548127 0.000000
1653953895690358497 166.562315 0.000000
1653953895856049247 165.685026 0.000000
1653953896022598485 166.543842 0.000000
1653953896188109336 165.506362 0.000000
1653953896353620005 165.505036 0.000000
1653953896522009542 168.384400 0.000000
1653953896902791618 380.777667 0.000000
1653953897068860032 166.063286 0.000000
1653953897235315136 166.450578 0.000000
1653953897400960083 165.639825 0.000000
1653953897566992202 166.028230 0.000000
1653953897732854569 165.857988 0.000000
1653953897898441751 165.583329 0.000000
1653953898064627730 166.180906 0.000000
1653953898231299389 166.666496 0.000000
1653953898597861227 366.557051 0.000000
1653953898763787042 165.920299 0.000000
1653953898929492039 165.700590 0.000000
1653953899095576424 166.079829 0.000000
1653953899801967828 706.387274 0.000000
1653953899967541047 165.567657 0.000000
1653953900339367267 371.822361 0.000000
1653953900505654118 166.282055 0.000000
1653953900672122888 166.463513 0.000000
1653953900838448134 166.320604 0.000000
1653953901004225057 165.772899 0.000000
1653953901170310509 166.081267 0.000000
1653953901336903307 166.587230 0.000000
1653953901503048252 166.140494 0.000000
1653953901669090649 166.038347 0.000000
1653953901834877120 165.782062 0.000000
1653953902000451320 165.570064 0.000000
1653953902166144497 165.687850 0.000000
1653953902332766227 166.617065 0.000000
1653953902498412045 165.641317 0.000000
1653953902722160277 223.743952 0.000000
1653953902888229916 166.064948 0.000000
1653953903053810105 165.575614 0.000000
1653953903220313405 166.499029 0.000000
1653953903385895152 165.577307 0.000000
1653953903551669874 165.770758 0.000000
1653953904659619025 1107.943517 0.000000
1653953905070804186 411.179405 0.000000
1653953905236225820 165.417012 0.000000
1653953905401760397 165.529315 0.000000
1653953905567297184 165.532452 0.000000
1653953905733074431 165.772872 0.000000
1653953905898730225 165.651283 0.000000
1653953906065151377 166.415935 0.000000
1653953906231260702 166.104785 0.000000
1653953906605189390 373.925009 0.000000
1653953906771107791 165.912221 0.000000
1653953906937269483 166.157176 0.000000
1653953907103011257 165.737449 0.000000
1653953907269406331 166.390674 0.000000
1653953907677211455 407.800318 0.000000
1653953907842992151 165.776642 0.000000
1653953908008822340 165.826432 0.000000
1653953908178443894 169.617378 0.000000
1653953908345116039 166.668086 0.000000
1653953908510809405 165.689016 0.000000
1653953908676945788 166.131647 0.000000
1653953908843711601 166.762015 0.000000
1653953909009240554 165.525170 0.000000
1653953909174842055 165.597607 0.000000
1653953909341271962 166.425702 0.000000
1653953910067114066 725.838184 0.000000
1653953910232857854 165.738360 0.000000
1653953910399094499 166.232210 0.000000
1653953910565491719 166.391632 0.000000
1653953910731257763 165.761473 0.000000
1653953910896794448 165.532726 0.000000
1653953911063053682 166.255136 0.000000
1653953911228693079 165.635981 0.000000
1653953911395348230 166.651458 0.000000
1653953911561070857 165.717586 0.000000
1653953911726972196 165.897004 0.000000
1653953911892836374 165.861231 0.000000
1653953912059113809 166.273597 0.000000
1653953912225151486 166.033547 0.000000
1653953912391310650 166.155466 0.000000
1653953912557501859 166.185415 0.000000
1653953912723398546 165.892574 0.000000
1653953912889145275 165.742188 0.000000
1653953913055451892 166.302346 0.000000
1653953913221789538 166.334152 0.000000
1653953913388279197 166.485495 0.000000
1653953913554551098 166.268092 0.000000
1653953913720336932 165.782045 0.000000
1653953914443126729 722.785191 0.000000
1653953914609161984 166.029602 0.000000
1653953914774900181 165.733500 0.000000
1653953914941282756 166.378417 0.000000
1653953915107221756 165.934183 0.000000
1653953915527379305 420.153454 0.000000
1653953915693761462 166.376825 0.000000
1653953915860294436 166.527729 0.000000
1653953916025700926 165.401202 0.000000
1653953916192185707 166.480025 0.000000
1653953916358490360 166.300232 0.000000
1653953916524851237 166.355690 0.000000
1653953916690836859 165.981086 0.000000
1653953916856203368 165.362795 0.000000
1653953917022339394 166.132032 0.000000
1653953917188221655 165.878512 0.000000
1653953917354868663 166.643390 0.000000
1653953917521618150 166.745493 0.000000
1653953917933780151 412.158041 0.000000
1653953918099577711 165.792809 0.000000
1653953918265806906 166.224278 0.000000
1653953918431552770 165.740337 0.000000
1653953918597720017 166.162560 0.000000
1653953918763856844 166.131599 0.000000
1653953918931178427 167.317439 0.000000
1653953919097871535 166.688490 0.000000
1653953919264079964 166.203741 0.000000
1653953919429610110 165.525937 0.000000
1653953919595556051 165.940728 0.000000
1653953919760972437 165.410592 0.000000
1653953919927517193 166.538997 0.000000
1653953920092650429 165.128691 0.000000
1653953920258782968 166.128471 0.000000
1653953920424470892 165.683503 0.000000
1653953920590360737 165.885204 0.000000
1653953920814984098 224.618821 0.000000
1653953921227384255 412.395055 0.000000
1653953921393521194 166.131662 0.000000
1653953921560148597 166.622897 0.000000
1653953921725595459 165.442392 0.000000
1653953921891939473 166.339970 0.000000
1653953922057192525 165.248928 0.000000
1653953922223586376 166.389281 0.000000
1653953922390107166 166.517025 0.000000
1653953922557057219 166.945903 0.000000
1653953922722245899 165.184551 0.000000
1653953922888278490 166.028310 0.000000
1653953923054967355 166.684725 0.000000
1653953923221582612 166.611648 0.000000
1653953923641997934 420.410986 0.000000
1653953923808280217 166.277401 0.000000
1653953923973923938 165.634511 0.000000
1653953924139938169 166.010694 0.000000
1653953924766612955 626.670716 0.000000
1653953924932493772 165.873840 0.000000
1653953925098803843 166.304262 0.000000
1653953925264746118 165.937935 0.000000
1653953925430807034 166.056891 0.000000
1653953925597440453 166.628833 0.000000
1653953925764040104 166.595125 0.000000
1653953925931030656 166.985911 0.000000
1653953926096468405 165.432342 0.000000
1653953926262942012 166.467698 0.000000
1653953926428522057 165.576221 0.000000
1653953926594976238 166.450553 0.000000
1653953926761463369 166.483274 0.000000
1653953926927311036 165.843864 0.000000
1653953927093240380 165.924202 0.000000
1653953927466273855 373.029681 0.000000
1653953927632045658 165.766010 0.000000
1653953927797521714 165.471885 0.000000
1653953927963352428 165.826088 0.000000
1653953928128765599 165.408585 0.000000
1653953928295074622 166.304878 0.000000
1653953928658498832 363.419544 0.000000
1653953928824517368 166.013524 0.000000
1653953928991378091 166.855586 0.000000
1653953929157454532 166.072301 0.000000
1653953929322952650 165.494023 0.000000
1653953929488803545 165.845863 0.000000
1653953929655274485 166.466785 0.000000
1653953929820809309 165.530775 0.000000
1653953929987292948 166.479955 0.000000
1653953930152870687 165.572211 0.000000
1653953930319407374 166.532061 0.000000
1653953930485839033 166.425850 0.000000
1653953930652278107 166.435070 0.000000
1653953930818845842 166.563671 0.000000
1653953930985614555 166.763435 0.000000
1653953931151306960 165.688020 0.000000
1653953931317044140 165.732739 0.000000
1653953931483500285 166.452176 0.000000
1653953931650070284 166.565494 0.000000
1653953932014915021 364.840447 0.000000
1653953932180768987 165.848855 0.000000
1653953932347446041 166.672523 0.000000
1653953932513877152 166.427362 0.000000
1653953932680202721 166.321464 0.000000
1653953932846473645 166.267181 0.000000
1653953933012911432 166.433532 0.000000
1653953933179593906 166.678324 0.000000
1653953933346256036 166.657004 0.000000
1653953933512810349 166.550063 0.000000
1653953933678399964 165.585937 0.000000
1653953933844772077 166.368089 0.000000
1653953934011286564 166.509815 0.000000
1653953934177131927 165.841436 0.000000
1653953934343266406 166.130029 0.000000
1653953934508501430 165.230975 0.000000
1653953934674467732 165.962489 0.000000
1653953935048511227 374.038824 0.000000
1653953935214844243 166.328135 0.000000
1653953935381385293 166.536364 0.000000
1653953935547030312 165.639506 0.000000
1653953935713657619 166.623102 0.000000
1653953935878969462 165.306129 0.000000
1653953936045379006 166.404588 0.000000
1653953936213105478 167.722823 0.000000
1653953936379530869 166.420810 0.000000
1653953936545806852 166.270912 0.000000
1653953936712412639 166.600775 0.000000
1653953936878604928 166.188163 0.000000
1653953937043995177 165.386566 0.000000
1653953937210399303 166.400352 0.000000
1653953937377060589 166.656850 0.000000
1653953937543295235 166.230206 0.000000
1653953937709594342 166.294827 0.000000
1653953937875516821 165.916756 0.000000
1653953938041164355 165.642101 0.000000
1653953938207049818 165.880246 0.000000
1653953938373615315 166.561097 0.000000
1653953938739206806 365.586770 0.000000
1653953938904775776 165.563584 0.000000
1653953939070769612 165.989505 0.000000
1653953939236536142 165.762260 0.000000
1653953939402568421 166.027423 0.000000
1653953939568872734 166.300454 0.000000
1653953939735325378 166.448855 0.000000
1653953939902041070 166.711722 0.000000
1653953940067783659 165.738476 0.000000
1653953940233670550 165.880476 0.000000
1653953940398998682 165.323592 0.000000
1653953940565507383 166.504742 0.000000
1653953940731480560 165.968722 0.000000
1653953940897690397 166.205517 0.000000
1653953941064110975 166.416775 0.000000
1653953941230937610 166.823530 0.000000
1653953941396938977 165.996995 0.000000
1653953941562525397 165.582574 0.000000
1653953941728740427 166.210930 0.000000
1653953941895448490 166.702675 0.000000
1653953942061368056 165.915496 0.000000
1653953942227937501 166.549789 0.000000
1653953942394087472 166.145635 0.000000
1653953942560442860 166.351495 0.000000
1653953942726075773 165.629060 0.000000
1653953942894704485 168.624954 0.000000
1653953943060351862 165.643378 0.000000
1653953943226946705 166.591125 0.000000
1653953943393713243 166.761326 0.000000
1653953943560000917 166.283704 0.000000
1653953943725837579 165.832988 0.000000
1653953943892316222 166.474644 0.000000
1653953944058623120 166.302823 0.000000
1653953944225040661 166.413035 0.000000
1653953944390440405 165.394973 0.000000
1653953944556733220 166.289061 0.000000
1653953944723336086 166.598692 0.000000
1653953944889802115 166.461558 0.000000
1653953945055442605 165.636175 0.000000
1653953945222143039 166.695913 0.000000
1653953945387651607 165.504383 0.000000
1653953945553377210 165.721614 0.000000
1653953945719205422 165.823566 0.000000
1653953945885422570 166.213244 0.000000
1653953946052137994 166.711620 0.000000
1653953946218361285 166.219137 0.000000
1653953946630333581 411.968740 0.000000
1653953946796219482 165.881090 0.000000
1653953946962972032 166.748029 0.000000
1653953947129761473 166.785597 0.000000
1653953947296199415 166.433812 0.000000
1653953947461922972 165.718886 0.000000
1653953947627433208 165.505801 0.000000
1653953947793461373 166.024652 0.000000
1653953947959860086 166.395236 0.000000
1653953948126653164 166.788934 0.000000
1653953948292978840 166.321064 0.000000
1653953948459374649 166.391669 0.000000
1653953948626098010 166.719298 0.000000
1653953948791964751 165.862686 0.000000
1653953948957754653 165.783388 0.000000
1653953949123991932 166.231465 0.000000
1653953949290543227 166.547311 0.000000
1653953949457146629 166.599619 0.000000
1653953949623935078 166.784607 0.000000
1653953949790397470 166.457976 0.000000
1653953949956892609 166.489806 0.000000
1653953950124102263 167.205585 0.000000
1653953950290584162 166.477959 0.000000
1653953950457472256 166.883453 0.000000
1653953950624353414 166.877074 0.000000
1653953950790515132 166.156445 0.000000
1653953950956737521 166.218565 0.000000
1653953951123508019 166.766187 0.000000
1653953951289695805 166.184204 0.000000
1653953951664152352 374.452403 0.000000
1653953951830219540 166.061690 0.000000
1653953951996180694 165.956892 0.000000
1653953952162496675 166.311772 0.000000
1653953952328448694 165.948631 0.000000
1653953952495663935 167.210996 0.000000
1653953952662260300 166.592371 0.000000
1653953952828920453 166.655994 0.000000
1653953952996655180 167.730600 0.000000
1653953953220930139 224.271453 0.000000
1653953953387515924 166.581259 0.000000
1653953953554886326 167.365846 0.000000
1653953953962238864 407.348679 0.000000
1653953954128584173 166.338638 0.000000
1653953954295269077 166.680299 0.000000
1653953954461796966 166.523554 0.000000
1653953954628663620 166.862470 0.000000
1653953954795223319 166.555679 0.000000
1653953954960655260 165.426333 0.000000
1653953955126324940 165.665310 0.000000
1653953955291988761 165.659195 0.000000
1653953955458872383 166.879517 0.000000
1653953955879849823 420.973196 0.000000
1653953956046691684 166.835536 0.000000
1653953956224452348 177.755619 0.000000
1653953956390275220 165.818889 0.000000
1653953956556451560 166.173194 0.000000
1653953956723169762 166.713962 0.000000
1653953956889768019 166.593772 0.000000
1653953957056251104 166.478063 0.000000
1653953957221950035 165.694893 0.000000
1653953957388174221 166.220251 0.000000
1653953957554798926 166.620304 0.000000
1653953957720355686 165.552156 0.000000
1653953957886643165 166.283324 0.000000
1653953958053295438 166.648178 0.000000
1653953958219736392 166.436423 0.000000
1653953958385671215 165.930951 0.000000
1653953958552131389 166.454903 0.000000
1653953958718348395 166.213039 0.000000
1653953958884643480 166.290850 0.000000
1653953959304301706 419.654342 0.000000
1653953959470144190 165.837582 0.000000
1653953959636638234 166.489468 0.000000
1653953959803785674 167.143226 0.000000
1653953959970282185 166.486236 0.000000
1653953960136878988 166.592839 0.000000
1653953960694610369 557.725623 0.000000
1653953960861207402 166.592227 0.000000
1653953961027276651 166.064528 0.000000
1653953961192904436 165.623551 0.000000
1653953961558847793 365.939366 0.000000
1653953961724777382 165.925322 0.000000
1653953961890550564 165.769042 0.000000
1653953962056218603 165.663799 0.000000
1653953962223007377 166.785000 0.000000
1653953962389258331 166.247007 0.000000
1653953962554792692 165.530510 0.000000
1653953962720014315 165.217169 0.000000
1653953962885812529 165.793943 0.000000
1653953963051947970 166.131610 0.000000
1653953963217769612 165.817357 0.000000
1653953963384306604 166.532517 0.000000
1653953963550393068 166.082068 0.000000
1653953963716655576 166.257592 0.000000
1653953963883688704 167.029125 0.000000
1653953964050913504 167.220429 0.000000
1653953964217693282 166.774321 0.000000
1653953964383963142 166.263721 0.000000
1653953964550843514 166.875416 0.000000
1653953964717889202 167.039548 0.000000
1653953964885009158 167.114488 0.000000
1653953965051519212 166.504090 0.000000
1653953965217800925 166.276707 0.000000
1653953965384417387 166.613020 0.000000
1653953965551105757 166.683679 0.000000
1653953965717933787 166.824066 0.000000
1653953965884836616 166.897577 0.000000
1653953966050843202 166.001380 0.000000
1653953966217010458 166.162816 0.000000
1653953966382740265 165.724780 0.000000
1653953966749813308 367.067285 0.000000
1653953966915909082 166.085641 0.000000
1653953967083581504 167.667876 0.000000
1653953967249812192 166.226413 0.000000
1653953967416797913 166.981267 0.000000
1653953967583589238 166.786618 0.000000
1653953967749237103 165.643806 0.000000
1653953967916045813 166.804495 0.000000
1653953968082416541 166.367000 0.000000
1653953968449935303 367.513929 0.000000
1653953968616062434 166.122554 0.000000
1653953968781820671 165.754148 0.000000
1653953968947684413 165.855850 0.000000
1653953969114397305 166.708882 0.000000
1653953969280703413 166.301988 0.000000
1653953969447658793 166.950970 0.000000
1653953969614491914 166.829031 0.000000
1653953969780155365 165.658740 0.000000
1653953969945768980 165.609501 0.000000
1653953970112062820 166.289945 0.000000
1653953970278696000 166.628855 0.000000
1653953970445326102 166.624073 0.000000
1653953970612877576 167.545956 0.000000
1653953970778609295 165.727094 0.000000
1653953970945435881 166.821884 0.000000
1653953971111581109 166.141269 0.000000
1653953971278113368 166.527409 0.000000
1653953971444581890 166.463024 0.000000
1653953971855851398 411.265504 0.000000
1653953972022371338 166.514884 0.000000
1653953972188683139 166.307111 0.000000
1653953972355335543 166.647898 0.000000
1653953972522177995 166.836829 0.000000
1653953972688009086 165.827032 0.000000
1653953972854431579 166.417993 0.000000
1653953973021140224 166.703368 0.000000
1653953973187202052 166.058019 0.000000
1653953973354159335 166.952879 0.000000
1653953973519994806 165.830399 0.000000
1653953974054151669 534.151590 0.000000
1653953974220782707 166.626308 0.000000
1653953974387421700 166.633690 0.000000
1653953974553895404 166.469999 0.000000
1653953974720295823 166.396234 0.000000
1653953974886755337 166.454115 0.000000
1653953975052717798 165.958465 0.000000
1653953975219206821 166.484111 0.000000
1653953975385745029 166.534279 0.000000
1653953975610219726 224.468622 0.000000
1653953975776299905 166.075102 0.000000
1653953975943161706 166.857220 0.000000
1653953976109884548 166.718913 0.000000
1653953976277141389 167.252777 0.000000
1653953976443854248 166.708499 0.000000
1653953976610107095 166.248602 0.000000
1653953976776738198 166.626532 0.000000
1653953976943424179 166.680794 0.000000
1653953977109973506 166.545158 0.000000
1653953977276299554 166.322023 0.000000
1653953977443056906 166.753573 0.000000
1653953977608958765 165.896902 0.000000
1653953977775411146 166.448433 0.000000
1653953977942197491 166.782501 0.000000
1653953978108415556 166.212871 0.000000
1653953978274768491 166.348081 0.000000
1653953978441353301 166.580200 0.000000
1653953978607467239 166.109412 0.000000
1653953978774105198 166.632591 0.000000
1653953978940400213 166.291206 0.000000
1653953979107352273 166.947725 0.000000
1653953979273287779 165.931869 0.000000
1653953979439771419 166.479369 0.000000
1653953979606049549 166.274081 0.000000
1653953979772712515 166.659227 0.000000
1653953979939441951 166.724881 0.000000
1653953980105914239 166.468344 0.000000
1653953980272621137 166.702703 0.000000
1653953980438100096 165.474814 0.000000
1653953980604429906 166.325746 0.000000
1653953980770930181 166.496102 0.000000
1653953980937300949 166.365954 0.000000
1653953981103917402 166.612609 0.000000
1653953981270719732 166.798061 0.000000
1653953981437077778 166.353750 0.000000
1653953981603794846 166.712853 0.000000
1653953981769566443 165.766938 0.000000
1653953981935715659 166.144667 0.000000
1653953982101796264 166.076796 0.000000
1653953982268134212 166.330396 0.000000
1653953982434403180 166.264654 0.000000
1653953982600993637 166.586592 0.000000
1653953982767461368 166.463897 0.000000
1653953982933910937 166.445269 0.000000
1653953983100688364 166.773493 0.000000
1653953983267772044 167.079722 0.000000
1653953983434499515 166.723376 0.000000
1653953983601089145 166.585360 0.000000
1653953983767281068 166.187859 0.000000
1653953983933687085 166.401872 0.000000
1653953984099925729 166.234738 0.000000
1653953984265793585 165.864525 0.000000
1653953984431577202 165.779582 0.000000
1653953984598458470 166.877574 0.000000
1653953984764977893 166.515324 0.000000
1653953984931618174 166.636230 0.000000
1653953985097325107 165.702733 0.000000
1653953985263199264 165.869536 0.000000
1653953985429616175 166.412772 0.000000
1653953985595736457 166.116518 0.000000
1653953985961206193 365.464218 0.000000
1653953986127207572 165.996051 0.000000
1653953986292706691 165.494488 0.000000
1653953986459555829 166.845354 0.000000
1653953986626134086 166.573952 0.000000
1653953986792529541 166.390889 0.000000
1653953986958730972 166.197408 0.000000
1653953987125532439 166.797162 0.000000
1653953987291268950 165.732182 0.000000
1653953987664688589 373.415615 0.000000
1653953987830944180 166.249486 0.000000
1653953987997955321 167.005808 0.000000
1653953988164178766 166.218784 0.000000
1653953988329582757 165.399721 0.000000
1653953988495895469 166.307880 0.000000
1653953988661594349 165.695399 0.000000
1653953988828112611 166.514252 0.000000
1653953988995498950 167.381929 0.000000
1653953989161772271 166.269151 0.000000
1653953989328391739 166.615228 0.000000
1653953989495810168 167.414244 0.000000
1653953989661841244 166.025824 0.000000
1653953989828510308 166.664914 0.000000
1653953989994819658 166.304499 0.000000
1653953990160682182 165.858094 0.000000
1653953990326888028 166.201583 0.000000
1653953990492432057 165.538783 0.000000
1653953990658919672 166.482839 0.000000
1653953990825499693 166.575154 0.000000
1653953990992534989 167.030826 0.000000
1653953991160775138 168.236024 0.000000
1653953991327148846 166.370035 0.000000
1653953991493493269 166.340107 0.000000
1653953991660264262 166.766577 0.000000
1653953991826833517 166.564203 0.000000
1653953991993567766 166.727949 0.000000
1653953992159419370 165.846948 0.000000
1653953992325752539 166.328528 0.000000
1653953992492329086 166.572618 0.000000
1653953992658613317 166.279770 0.000000
1653953992825454891 166.837004 0.000000
1653953992992415522 166.956456 0.000000
1653953993158605964 166.186527 0.000000
1653953993325832009 167.221761 0.000000
1653953993491236100 165.398472 0.000000
1653953994118242924 627.002558 0.000000
1653953994284746682 166.498308 0.000000
1653953994451621573 166.869844 0.000000
1653953994619128568 167.502995 0.000000
1653953994785761905 166.629507 0.000000
1653953994952846047 167.078633 0.000000
1653953995118823625 165.972817 0.000000
1653953995284968566 166.140179 0.000000
1653953995450710111 165.737542 0.000000
1653953995617168131 166.454090 0.000000
1653953995783351245 166.178850 0.000000
1653953995949853890 166.498274 0.000000
1653953996116680858 166.822057 0.000000
1653953996282892274 166.207151 0.000000
1653953996449889850 166.993376 0.000000
1653953996615993574 166.099544 0.000000
1653953996781668400 165.670897 0.000000
1653953997201898965 420.225879 0.000000
1653953997367955449 166.051442 0.000000
1653953997534521299 166.561771 0.000000
1653953997701381347 166.855368 0.000000
1653953997868022717 166.637320 0.000000
1653953998036819229 168.791731 0.000000
1653953998402555815 365.732772 0.000000
1653953998568203095 165.642127 0.000000
1653953998734265816 166.057018 0.000000
1653953998900096190 165.816719 0.000000
1653953999066772513 166.671161 0.000000
1653953999233206826 166.429261 0.000000
1653953999399510501 166.299280 0.000000
1653953999565373768 165.859139 0.000000
1653953999731221747 165.843724 0.000000
1653954000097427106 366.200643 0.000000
1653954000263395056 165.963311 0.000000
1653954000628746137 365.346388 0.000000
1653954000795230352 166.478642 0.000000
1653954000961611040 166.375391 0.000000
1653954001128460340 166.845155 0.000000
1653954001294812312 166.347787 0.000000
1653954001460799137 165.982645 0.000000
1653954001627422756 166.618276 0.000000
1653954001792875423 165.448356 0.000000
1653954001959152164 166.272571 0.000000
1653954002126044252 166.887589 0.000000
1653954002292212981 166.163485 0.000000
1653954002458700338 166.483983 0.000000
1653954002625077323 166.372770 0.000000
1653954002791439012 166.357559 0.000000
1653954002957985841 166.542604 0.000000
1653954003124596555 166.606830 0.000000
1653954003291409148 166.809160 0.000000
1653954003457683629 166.270717 0.000000
1653954003624217277 166.529328 0.000000
1653954003790993256 166.771879 0.000000
1653954003957783452 166.785946 0.000000
1653954004123175610 165.387758 0.000000
1653954004289418699 166.237295 0.000000
1653954004455049791 165.627232 0.000000
1653954004621713076 166.659271 0.000000
1653954004787843150 166.125910 0.000000
1653954004954604239 166.755501 0.000000
1653954005121446972 166.838786 0.000000
1653954005288528737 167.077671 0.000000
1653954005455003353 166.470793 0.000000
1653954005621944732 166.937214 0.000000
1653954005787456425 165.507463 0.000000
1653954005953769098 166.307748 0.000000
1653954006120720946 166.947422 0.000000
1653954006286890039 166.165443 0.000000
1653954006453533429 166.639215 0.000000
1653954006865058084 411.520425 0.000000
1653954007031273376 166.210823 0.000000
1653954007197262029 165.984927 0.000000
1653954007364738938 167.471924 0.000000
1653954007531239684 166.496451 0.000000
1653954007698159878 166.914565 0.000000
1653954007864772399 166.608247 0.000000
1653954008031043481 166.265519 0.000000
1653954008197884976 166.837154 0.000000
1653954008364585146 166.695385 0.000000
1653954008531449910 166.859140 0.000000
1653954008698021576 166.567567 0.000000
1653954008864381846 166.355173 0.000000
1653954009030631571 166.245074 0.000000
1653954009197352766 166.713131 0.000000
1653954009363885215 166.528190 0.000000
1653954009530962533 167.073094 0.000000
1653954009697628975 166.662021 0.000000
1653954009864173548 166.540608 0.000000
1653954010029920834 165.743136 0.000000
1653954010196761978 166.836999 0.000000
1653954010363243147 166.477320 0.000000
1653954010529974661 166.726893 0.000000
1653954010696680028 166.700780 0.000000
1653954011117629414 420.945666 0.000000
1653954011283425052 165.790556 0.000000
1653954011450252899 166.822915 0.000000
1653954011616604803 166.347804 0.000000
1653954011784150467 167.541424 0.000000
1653954011950469620 166.313585 0.000000
1653954012116726432 166.252707 0.000000
1653954012282866441 166.135850 0.000000
1653954012449982795 167.112053 0.000000
1653954012615955235 165.968129 0.000000
1653954012782291261 166.307775 0.000000
1653954013156225319 373.929883 0.000000
1653954013322216412 165.985740 0.000000
1653954013488668032 166.447140 0.000000
1653954013655634893 166.961235 0.000000
1653954013821531140 165.891962 0.000000
1653954013987907389 166.371994 0.000000
1653954014154072387 166.160698 0.000000
1653954014320829769 166.752687 0.000000
1653954014487927293 167.093956 0.000000
1653954014654504446 166.571906 0.000000
1653954014821186474 166.677727 0.000000
1653954014987637552 166.446548 0.000000
1653954015154910887 167.268168 0.000000
1653954015321221658 166.306406 0.000000
1653954015545790318 224.563782 0.000000
1653954015712065133 166.270631 0.000000
1653954015877792761 165.723136 0.000000
1653954016044245370 166.448134 0.000000
1653954016211100333 166.851180 0.000000
1653954016377863443 166.758173 0.000000
1653954016544504679 166.637368 0.000000
1653954016710633657 166.125290 0.000000
1653954016876682477 166.044820 0.000000
1653954017042106144 165.419765 0.000000
1653954017208833055 166.722701 0.000000
1653954017375128375 166.291136 0.000000
1653954017741488573 366.354991 0.000000
1653954017907805166 166.310673 0.000000
1653954018075074131 167.264614 0.000000
1653954018241439259 166.360346 0.000000
1653954018407980387 166.536653 0.000000
1653954018575141574 167.156276 0.000000
1653954018741740240 166.594792 0.000000
1653954018907671753 165.927313 0.000000
1653954019074682910 167.006315 0.000000
1653954019241635655 166.948088 0.000000
1653954019408512306 166.872110 0.000000
1653954019575119562 166.602505 0.000000
1653954019741415198 166.291060 0.000000
1653954019907581331 166.161999 0.000000
1653954020074549083 166.963311 0.000000
1653954020241166613 166.613094 0.000000
1653954020407328537 166.158325 0.000000
1653954020573905965 166.572691 0.000000
1653954020740629822 166.720706 0.000000
1653954020906845210 166.211048 0.000000
1653954021073575377 166.725868 0.000000
1653954021239964350 166.385118 0.000000
1653954021406942808 166.974304 0.000000
1653954021573791660 166.845442 0.000000
1653954021739905537 166.110118 0.000000
1653954021905447220 165.537864 0.000000
1653954022072749602 167.298098 0.000000
1653954022238400714 165.648034 0.000000
1653954022405166163 166.761434 0.000000
1653954022571899838 166.729622 0.000000
1653954022737566693 165.663013 0.000000
1653954022903252002 165.679970 0.000000
1653954023069683985 166.427874 0.000000
1653954023236122919 166.435080 0.000000
1653954023402810565 166.683811 0.000000
1653954023569380219 166.565504 0.000000
1653954023735144395 165.760031 0.000000
1653954023900971974 165.823745 0.000000
1653954024559991356 659.014866 0.000000
1653954024727184867 167.187101 0.000000
1653954025100814414 373.624771 0.000000
1653954025268305969 167.485566 0.000000
1653954025435022068 166.711343 0.000000
1653954025601450211 166.424159 0.000000
1653954025768643706 167.189346 0.000000
1653954025935877717 167.229725 0.000000
1653954026101845426 165.962838 0.000000
1653954026268777518 166.927376 0.000000
1653954026434696495 165.914777 0.000000
1653954026601432208 166.731299 0.000000
1653954026768001089 166.564615 0.000000
1653954026934662399 166.656284 0.000000
1653954027101023950 166.356157 0.000000
1653954027267711549 166.684060 0.000000
1653954027434355570 166.639446 0.000000
1653954027601001123 166.641830 0.000000
1653954027767847560 166.842272 0.000000
1653954027933195742 165.344193 0.000000
1653954028099510991 166.311435 0.000000
1653954028266554727 167.039075 0.000000
1653954028432696271 166.137520 0.000000
1653954028599337858 166.637257 0.000000
1653954028766522344 167.179626 0.000000
1653954028933114525 166.587924 0.000000
1653954029100060342 166.941638 0.000000
1653954029267091854 167.025738 0.000000
1653954029433205739 166.107204 0.000000
1653954029599348261 166.138372 0.000000
1653954029766152614 166.800083 0.000000
1653954030140061374 373.904440 0.000000
1653954030306288117 166.221290 0.000000
1653954030472688286 166.395844 0.000000
1653954030638491457 165.800027 0.000000
1653954030804950904 166.455898 0.000000
1653954030971145647 166.190664 0.000000
1653954031137493591 166.343665 0.000000
1653954031304202497 166.704445 0.000000
1653954031470260401 166.053925 0.000000
1653954031636416233 166.151577 0.000000
1653954031802957037 166.536479 0.000000
1653954031969364501 166.402858 0.000000
1653954032135370564 166.002509 0.000000
1653954032764549940 629.175382 0.000000
1653954032930556844 166.001735 0.000000
1653954033096400700 165.839159 0.000000
1653954033261963575 165.558876 0.000000
1653954033427627521 165.659861 0.000000
1653954033594344219 166.710473 0.000000
1653954033760814924 166.466503 0.000000
1653954033927483691 166.665193 0.000000
1653954034093853762 166.365761 0.000000
1653954034260056346 166.198618 0.000000
1653954034426300058 166.225849 0.000000
1653954034591975175 165.671017 0.000000
1653954034759395060 167.415804 0.000000
1653954034926212233 166.813474 0.000000
1653954035092645952 166.429880 0.000000
1653954035259689110 167.038803 0.000000
1653954035426478737 166.785845 0.000000
1653954035846912192 420.429545 0.000000
1653954036213413223 366.495719 0.000000
1653954036379272394 165.853568 0.000000
1653954036546469580 167.191678 0.000000
1653954036921305667 374.831721 0.000000
1653954037088565389 167.254074 0.000000
1653954037254964201 166.393760 0.000000
1653954037421864085 166.895428 0.000000
1653954037588376246 166.508051 0.000000
1653954037756080503 167.699451 0.000000
1653954037922076997 165.991623 0.000000
1653954038089353313 167.272525 0.000000
1653954038255997191 166.639347 0.000000
1653954038421990929 165.988380 0.000000
1653954038588546621 166.551157 0.000000
1653954038755011401 166.459131 0.000000
1653954038922441670 167.426150 0.000000
1653954039288837591 366.390969 0.000000
1653954039454884347 166.041438 0.000000
1653954039621800073 166.911055 0.000000
1653954039789328991 167.524438 0.000000
1653954039955958505 166.625003 0.000000
1653954040122948631 166.986418 0.000000
1653954040289620535 166.668636 0.000000
1653954040455451680 165.828174 0.000000
1653954040822495037 367.039088 0.000000
1653954040988533148 166.032212 0.000000
1653954041154190993 165.653299 0.000000
1653954041320590766 166.395738 0.000000
1653954041487307466 166.712750 0.000000
1653954041653080035 165.767410 0.000000
1653954041820364012 167.279002 0.000000
1653954041987152426 166.784133 0.000000
1653954042153459438 166.302747 0.000000
1653954042320161174 166.698008 0.000000
1653954042486329007 166.163603 0.000000
1653954042653270893 166.937691 0.000000
1653954042819925740 166.650031 0.000000
1653954042986390769 166.459472 0.000000
1653954043151933862 165.537620 0.000000
1653954043318885190 166.947599 0.000000
1653954043485264740 166.375195 0.000000
1653954043652529453 167.260583 0.000000
1653954043818855886 166.321611 0.000000
1653954043985326818 166.466612 0.000000
1653954044151220080 165.888722 0.000000
1653954044783822657 632.597915 0.000000
1653954044951334293 167.507183 0.000000
1653954045117667721 166.328922 0.000000
1653954045284350515 166.678820 0.000000
1653954045451058718 166.704857 0.000000
1653954045617194175 166.131257 0.000000
1653954045783807189 166.609734 0.000000
1653954045950563396 166.752092 0.000000
1653954046116472736 165.905270 0.000000
1653954046282348107 165.864556 0.000000
1653954046449231315 166.878958 0.000000
1653954046615819230 166.583701 0.000000
1653954046783588427 167.765187 0.000000
1653954046950298973 166.705063 0.000000
1653954047116946437 166.643515 0.000000
1653954047283424115 166.473389 0.000000
1653954047449198415 165.770105 0.000000
1653954047616350429 167.148165 0.000000
1653954047782018757 165.664445 0.000000
1653954047948146531 166.123614 0.000000
1653954048114489851 166.339356 0.000000
1653954048281961835 167.467519 0.000000
1653954048448930271 166.963805 0.000000
1653954048615007456 166.072945 0.000000
1653954049036076088 421.064908 0.000000
1653954049202866054 166.784438 0.000000
1653954049369677159 166.807256 0.000000
1653954049536032642 166.349930 0.000000
1653954049702370821 166.333478 0.000000
1653954049869374011 166.998232 0.000000
1653954050035460774 166.081608 0.000000
1653954050202221594 166.756374 0.000000
1653954050368389111 166.163900 0.000000
1653954050535028967 166.635059 0.000000
1653954050701794921 166.760887 0.000000
1653954050869619862 167.820295 0.000000
1653954051035992149 166.367541 0.000000
1653954051202968714 166.972300 0.000000
1653954051568858705 365.885200 0.000000
1653954051734813990 165.950064 0.000000
1653954051901395590 166.577410 0.000000
1653954052068275820 166.876130 0.000000
1653954052234499039 166.218985 0.000000
1653954052400886396 166.383242 0.000000
1653954052568731368 167.840603 0.000000
1653954052734829457 166.093879 0.000000
1653954052901485108 166.651922 0.000000
1653954053068182081 166.692643 0.000000
1653954053235129823 166.943613 0.000000
1653954053401307852 166.171974 0.000000
1653954053567689471 166.377274 0.000000
1653954053735121020 167.427474 0.000000
1653954053901715403 166.589291 0.000000
1653954054068233136 166.513427 0.000000
1653954054234798721 166.562159 0.000000
1653954054400322278 165.519927 0.000000
1653954054566759873 166.434248 0.000000
1653954054733309079 166.545401 0.000000
1653954054899120837 165.807699 0.000000
1653954055067152118 168.026920 0.000000
1653954055233464610 166.307410 0.000000
1653954055399683589 166.214949 0.000000
1653954055565034356 165.347113 0.000000
1653954055731778308 166.740208 0.000000
1653954055898095030 166.312467 0.000000
1653954056064515067 166.416248 0.000000
1653954056476777152 412.257694 0.000000
1653954056643535879 166.754275 0.000000
1653954056809887605 166.347606 0.000000
1653954056976443355 166.551023 0.000000
1653954057142563602 166.116176 0.000000
1653954057309247158 166.678385 0.000000
1653954057475570670 166.318675 0.000000
1653954057641923586 166.348596 0.000000
1653954057808621224 166.693494 0.000000
1653954057975172538 166.545084 0.000000
1653954058143178884 168.002477 0.000000
1653954058309062244 165.879239 0.000000
1653954058476317789 167.249621 0.000000
1653954058643073884 166.752387 0.000000
1653954058809228803 166.151135 0.000000
1653954058976470543 167.236318 0.000000
1653954059142748449 166.273300 0.000000
1653954059309155079 166.399895 0.000000
1653954059475725681 166.566293 0.000000
1653954059642267322 166.536839 0.000000
1653954059808703215 166.431658 0.000000
1653954059975019285 166.311694 0.000000
1653954060141765396 166.741811 0.000000
1653954060307607079 165.837675 0.000000
1653954060475016470 167.406063 0.000000
1653954060641587704 166.566778 0.000000
1653954060808322990 166.730791 0.000000
1653954060975497172 167.168615 0.000000
1653954061142063319 166.560684 0.000000
1653954061308328464 166.261242 0.000000
1653954061474670294 166.337469 0.000000
1653954061640996651 166.322328 0.000000
1653954062054571706 413.570915 0.000000
1653954062222647660 168.070917 0.000000
1653954062389647070 166.993712 0.000000
1653954062556054497 166.403197 0.000000
1653954062722207656 166.149160 0.000000
1653954062887748249 165.535786 0.000000
1653954063053754666 166.001855 0.000000
1653954063220117023 166.357868 0.000000
1653954063387943259 167.822262 0.000000
1653954063553973771 166.026348 0.000000
1653954063720457997 166.480355 0.000000
1653954063888738383 168.276250 0.000000
1653954064055216522 166.474092 0.000000
1653954064220959722 165.738664 0.000000
1653954064388204183 167.240407 0.000000
1653954064555202064 166.993285 0.000000
1653954064722166453 166.960119 0.000000
1653954064888766032 166.594547 0.000000
1653954065056010617 167.240385 0.000000
1653954065223118480 167.103242 0.000000
1653954065389672942 166.549627 0.000000
1653954065555939096 166.262540 0.000000
1653954065977016659 421.073469 0.000000
1653954066397701402 420.679777 0.000000
1653954066772041555 374.335106 0.000000
1653954066938708681 166.661137 0.000000
1653954067104769614 166.056342 0.000000
1653954067271799966 167.026503 0.000000
1653954067438216099 166.410884 0.000000
1653954067604629025 166.408162 0.000000
1653954067770984991 166.348965 0.000000
1653954067937772857 166.784259 0.000000
1653954068104304598 166.527521 0.000000
1653954068271211682 166.902458 0.000000
1653954068437589579 166.372850 0.000000
1653954068604164301 166.569301 0.000000
1653954068770812415 166.643036 0.000000
1653954068937368867 166.550749 0.000000
1653954069104114545 166.741097 0.000000
1653954069271673317 167.555089 0.000000
1653954069438008735 166.329734 0.000000
1653954070146712659 708.699890 0.000000
1653954070314199452 167.481627 0.000000
1653954070480437443 166.233515 0.000000
1653954070647047841 166.605772 0.000000
1653954070814045155 166.992989 0.000000
1653954070982004244 167.954844 0.000000
1653954071149227435 167.218906 0.000000
1653954071315873981 166.642607 0.000000
1653954071690248461 374.370160 0.000000
1653954071856299947 166.045467 0.000000
1653954072023231773 166.927371 0.000000
1653954072189847388 166.611084 0.000000
1653954072356729428 166.877274 0.000000
1653954072523116196 166.381509 0.000000
1653954072690650905 167.530381 0.000000
1653954072856839570 166.184485 0.000000
1653954073024327796 167.483065 0.000000
1653954073191504804 167.173321 0.000000
1653954073358064935 166.555865 0.000000
1653954073523768704 165.691531 0.000000
1653954073690766098 166.993314 0.000000
1653954073856993749 166.223140 0.000000
1653954074023743295 166.745963 0.000000
1653954074191110946 167.363406 0.000000
1653954074358121771 167.006625 0.000000
1653954074525373467 167.246955 0.000000
1653954074692641139 167.263768 0.000000
1653954074860139560 167.494311 0.000000
1653954075026717787 166.572032 0.000000
1653954075194421806 167.700058 0.000000
1653954075361341267 166.914245 0.000000
1653954075529730398 168.384986 0.000000
1653954075696651674 166.916976 0.000000
1653954075863859938 167.203613 0.000000
1653954076238848522 374.984715 0.000000
1653954076404816131 165.962522 0.000000
1653954076572982592 168.161700 0.000000
1653954076739383297 166.396136 0.000000
1653954076907152135 167.765235 0.000000
1653954077074040915 166.884244 0.000000
1653954077239803472 165.758116 0.000000
1653954077613777010 373.969323 0.000000
1653954077779586602 165.803914 0.000000
1653954077947876141 168.285100 0.000000
1653954078115509975 167.629678 0.000000
1653954078283804388 168.290326 0.000000
1653954078449703407 165.893758 0.000000
1653954078616175953 166.468847 0.000000
1653954078782913690 166.734059 0.000000
1653954078949165481 166.246539 0.000000
1653954079116330685 167.160819 0.000000
1653954079529321540 412.986450 0.000000
1653954079695969845 166.643088 0.000000
1653954079863409312 167.433178 0.000000
1653954080029676017 166.261795 0.000000
1653954080196016355 166.335641 0.000000
1653954080362739638 166.719492 0.000000
1653954080529458902 166.714754 0.000000
1653954080695592959 166.130067 0.000000
1653954080862015828 166.419266 0.000000
1653954081028749461 166.729834 0.000000
1653954081491786744 463.031625 0.000000
1653954081658155983 166.364348 0.000000
1653954081825780438 167.620411 0.000000
1653954081993347013 167.562452 0.000000
1653954082159896938 166.545865 0.000000
1653954082326390516 166.488937 0.000000
1653954082492648706 166.253679 0.000000
1653954082659380826 166.728216 0.000000
1653954082827134108 167.749403 0.000000
1653954082993400868 166.262524 0.000000
1653954083159948903 166.544189 0.000000
1653954083327499919 167.546496 0.000000
1653954083740327704 412.823845 0.000000
1653954083906829937 166.497572 0.000000
1653954084073124181 166.289728 0.000000
1653954084240429790 167.299204 0.000000
1653954084407324347 166.890308 0.000000
1653954084573843169 166.514511 0.000000
1653954084740729372 166.882088 0.000000
1653954084907140021 166.405944 0.000000
1653954085073429478 166.285002 0.000000
1653954085239883695 166.449586 0.000000
1653954085407102307 167.214407 0.000000
1653954085573129804 166.024027 0.000000
1653954085739309564 166.175516 0.000000
1653954085905564437 166.252037 0.000000
1653954086073441413 167.872214 0.000000
1653954086240389810 166.944072 0.000000
1653954086407385502 166.992286 0.000000
1653954086827636951 420.246077 0.000000
1653954086994539877 166.896923 0.000000
1653954087161849917 167.304948 0.000000
1653954087328122214 166.268428 0.000000
1653954087496090855 167.963674 0.000000
1653954087662302779 166.208546 0.000000
1653954087829250203 166.943210 0.000000
1653954087996219818 166.965284 0.000000
1653954088162661155 166.437433 0.000000
1653954088329247586 166.582602 0.000000
1653954088496496756 167.245771 0.000000
1653954088661917605 165.416559 0.000000
1653954088828499269 166.577118 0.000000
1653954088995588627 167.084699 0.000000
1653954089163541704 167.948025 0.000000
1653954089330736975 167.191694 0.000000
1653954089497301067 166.559380 0.000000
1653954089663582009 166.276747 0.000000
1653954089829859808 166.273680 0.000000
1653954089996563795 166.699567 0.000000
1653954090555636107 559.068242 0.000000
1653954090722170043 166.528503 0.000000
1653954090889766689 167.591645 0.000000
1653954091115232524 225.460292 0.000000
1653954091281720087 166.482912 0.000000
1653954091449067964 167.343411 0.000000
1653954091615381727 166.310170 0.000000
1653954091783028890 167.641800 0.000000
1653954091949959896 166.925716 0.000000
1653954092116876648 166.911966 0.000000
1653954092283008147 166.127414 0.000000
1653954092656720556 373.707987 0.000000
1653954092880774908 224.049126 0.000000
1653954093047491113 166.711514 0.000000
1653954093214911673 167.415940 0.000000
1653954093380991817 166.075878 0.000000
1653954093548293445 167.297068 0.000000
1653954094058744102 510.446502 0.000000
1653954094226548767 167.798992 0.000000
1653954094393530074 166.977153 0.000000
1653954094560291093 166.756864 0.000000
1653954094784914415 224.619388 0.000000
1653954094951383695 166.464980 0.000000
1653954095117664180 166.275228 0.000000
1653954095284277279 166.608764 0.000000
1653954095451393330 167.112237 0.000000
1653954095618091946 166.694405 0.000000
1653954095784545697 166.450379 0.000000
1653954095950669812 166.120084 0.000000
1653954096116667543 165.993441 0.000000
1653954096283191086 166.519451 0.000000
1653954096449587438 166.391123 0.000000
1653954096616359939 166.768326 0.000000
1653954096782375145 166.011178 0.000000
1653954096948829069 166.450104 0.000000
1653954097115819903 166.986173 0.000000
1653954097281899980 166.075852 0.000000
1653954097448929379 167.025795 0.000000
1653954097616730215 167.796776 0.000000
1653954097784850613 168.115863 0.000000
1653954097951464485 166.610034 0.000000
1653954098117575430 166.106925 0.000000
1653954098283701469 166.121887 0.000000
1653954098450422094 166.716597 0.000000
1653954098618369949 167.944002 0.000000
1653954098785139775 166.764626 0.000000
1653954098951395868 166.251822 0.000000
1653954099118053044 166.653037 0.000000
1653954099284508581 166.451642 0.000000
1653954099451097263 166.585015 0.000000
1653954099618552693 167.451211 0.000000
1653954099784725166 166.168643 0.000000
1653954099952681739 167.952082 0.000000
1653954100120211197 167.525248 0.000000
1653954100286861093 166.645340 0.000000
1653954100453625607 166.760614 0.000000
1653954100620642497 167.008570 0.000000
1653954100787242996 166.596184 0.000000
1653954100954372111 167.124831 0.000000
1653954101121504113 167.128243 0.000000
1653954101287817454 166.308929 0.000000
1653954101454027202 166.205473 0.000000
1653954101620992171 166.960919 0.000000
1653954101787535481 166.538915 0.000000
1653954101953109078 165.569833 0.000000
1653954102120045159 166.931971 0.000000
1653954102286566428 166.516703 0.000000
1653954102452807475 166.235970 0.000000
1653954102620460500 167.648820 0.000000
1653954102789539367 169.074787 0.000000
1653954102955966342 166.401786 0.000000
1653954103123208650 167.238209 0.000000
1653954103289540929 166.328074 0.000000
1653954103455402978 165.836379 0.000000
1653954103622234024 166.827107 0.000000
1653954103788537743 166.300033 0.000000
1653954103956168805 167.627023 0.000000
1653954104122775017 166.602107 0.000000
1653954104288967961 166.188494 0.000000
1653954104456876346 167.904430 0.000000
1653954104623126985 166.245281 0.000000
1653954104789806562 166.675644 0.000000
1653954104955530755 165.720751 0.000000
1653954105123444061 167.909006 0.000000
1653954105291102850 167.654784 0.000000
1653954105457493124 166.386270 0.000000
1653954105623976619 166.479492 0.000000
1653954105791030369 167.049369 0.000000
1653954105957458586 166.423451 0.000000
1653954106124276716 166.813735 0.000000
1653954106290799907 166.519011 0.000000
1653954106458690487 167.886340 0.000000
1653954106625407536 166.712219 0.000000
1653954106792146071 166.734606 0.000000
1653954106959750012 167.598959 0.000000
1653954107126305996 166.551990 0.000000
1653954107292495141 166.185396 0.000000
1653954107459299619 166.800711 0.000000
1653954107626216657 166.913164 0.000000
1653954107792839951 166.619659 0.000000
1653954107959297596 166.453736 0.000000
1653954108125527495 166.225439 0.000000
1653954108293072478 167.541078 0.000000
1653954108460132040 167.055328 0.000000
1653954108627278460 167.141714 0.000000
1653954108794062903 166.780700 0.000000
1653954108960475125 166.408427 0.000000
1653954109128391057 167.911782 0.000000
1653954109770228410 641.832913 0.000000
1653954109936998533 166.765026 0.000000
1653954110103019576 166.015881 0.000000
1653954110269883998 166.859726 0.000000
1653954110437746710 167.858412 0.000000
1653954110813511423 375.760463 0.000000
1653954110979416170 165.900076 0.000000
1653954111146452402 167.032609 0.000000
1653954111313039849 166.582816 0.000000
1653954111480664266 167.620644 0.000000
1653954111647313201 166.644444 0.000000
1653954111814921436 167.604486 0.000000
1653954111981563820 166.637869 0.000000
1653954112148095415 166.527188 0.000000
1653954112314751238 166.648987 0.000000
1653954112481774982 167.019128 0.000000
1653954112649688427 167.909431 0.000000
1653954112817488734 167.796092 0.000000
1653954113392768574 575.275750 0.000000
1653954113560315269 167.541667 0.000000
1653954113727472404 167.153409 0.000000
1653954114493176778 765.699393 0.000000
1653954114913985724 420.802892 0.000000
1653954115080084116 166.093350 0.000000
1653954115708115312 628.026074 0.000000
1653954115875013301 166.892893 0.000000
1653954116042686772 167.668499 0.000000
1653954116209796876 167.105588 0.000000
1653954116377325243 167.524262 0.000000
1653954116543516958 166.185631 0.000000
1653954116709925527 166.397358 0.000000
1653954116876586349 166.657074 0.000000
1653954117043382717 166.790734 0.000000
1653954117210414503 167.027641 0.000000
1653954117376650510 166.231748 0.000000
1653954117544321189 167.665587 0.000000
1653954117769194159 224.868477 0.000000
1653954117935575874 166.377828 0.000000
1653954118103038324 167.457795 0.000000
1653954118269637832 166.596241 0.000000
1653954118437446838 167.803859 0.000000
1653954118604423436 166.972543 0.000000
1653954119018727192 414.298375 0.000000
1653954119185067518 166.335601 0.000000
1653954119353125809 168.054963 0.000000
1653954119520286329 167.156355 0.000000
1653954119686853272 166.562617 0.000000
1653954120161041199 474.183557 0.000000
1653954120327862172 166.815007 0.000000
1653954120496405485 168.540658 0.000000
1653954120663950035 167.538726 0.000000
1653954120830431920 166.477419 0.000000
1653954120997306484 166.870625 0.000000
1653954121164848274 167.537987 0.000000
1653954121331940252 167.086791 0.000000
1653954122072556279 740.611346 0.000000
1653954122240173998 167.611024 0.000000
1653954122406849524 166.670424 0.000000
1653954122574483407 167.629693 0.000000
1653954122740813518 166.322689 0.000000
1653954122907748291 166.930529 0.000000
1653954123074685942 166.932344 0.000000
1653954123240981298 166.291072 0.000000
1653954123407477760 166.493649 0.000000
1653954123573783975 166.302070 0.000000
1653954123740322240 166.534286 0.000000
1653954123907073457 166.746506 0.000000
1653954124074286950 167.209730 0.000000
1653954124241090860 166.799931 0.000000
1653954124407524805 166.430316 0.000000
1653954124574640612 167.112116 0.000000
1653954125282781047 708.136296 0.000000
1653954125449907241 167.120502 0.000000
1653954125618091044 168.178746 0.000000
1653954125785311874 167.216840 0.000000
1653954125951589598 166.273574 0.000000
1653954126119236961 167.643259 0.000000
1653954126285915252 166.673605 0.000000
1653954126699094221 413.174870 0.000000
1653954126865299981 166.201065 0.000000
1653954127033055251 167.750599 0.000000
1653954127453165428 420.105467 0.000000
1653954127621334278 168.164010 0.000000
1653954127787943121 166.605412 0.000000
1653954127955692085 167.744264 0.000000
1653954128122428923 166.732763 0.000000
1653954128289485411 167.052906 0.000000
1653954128456066935 166.577806 0.000000
1653954128624490050 168.418579 0.000000
1653954128791298213 166.802740 0.000000
1653954128958320455 167.018263 0.000000
1653954129516611345 558.286705 0.000000
1653954129684045725 167.428959 0.000000
1653954129851084863 167.035744 0.000000
1653954130017621564 166.532186 0.000000
1653954130184458223 166.832560 0.000000
1653954130351884581 167.422183 0.000000
1653954130519960279 168.071899 0.000000
1653954130686469229 166.503954 0.000000
1653954130854592313 168.119083 0.000000
1653954131022186928 167.590046 0.000000
1653954131188508918 166.318026 0.000000
1653954131355785833 167.243787 0.000000
1653954131522584108 166.794140 0.000000
1653954131688934494 166.346597 0.000000
1653954131856173466 167.234707 0.000000
1653954132024246815 168.069135 0.000000
1653954132191311400 167.060496 0.000000
1653954132357912511 166.596324 0.000000
1653954132525400587 167.483906 0.000000
1653954132692463619 167.058211 0.000000
1653954132860210616 167.742928 0.000000
1653954133026757697 166.542564 0.000000
1653954133195067338 168.305160 0.000000
1653954133361963449 166.890103 0.000000
1653954133528786807 166.818362 0.000000
1653954133696400100 167.609298 0.000000
1653954133863202316 166.798506 0.000000
1653954134029914483 166.708056 0.000000
1653954134197530723 167.611805 0.000000
1653954134365209579 167.674445 0.000000
1653954134533245651 168.028018 0.000000
1653954134700717198 167.466270 0.000000
1653954135075665881 374.944428 0.000000
1653954135242237372 166.566254 0.000000
1653954135409100462 166.858474 0.000000
1653954135576096176 166.991880 0.000000
1653954135744033669 167.933398 0.000000
1653954135910900368 166.863006 0.000000
1653954136078125500 167.221395 0.000000
1653954136246528272 168.398722 0.000000
1653954136413505664 166.972921 0.000000
1653954136581682253 168.172820 0.000000
1653954136748189353 166.503142 0.000000
1653954136914993031 166.798340 0.000000
1653954137082027945 167.031111 0.000000
1653954137248809631 166.777436 0.000000
1653954137415603660 166.790275 0.000000
1653954137582219533 166.612421 0.000000
1653954137748874319 166.650691 0.000000
1653954137916841545 167.963583 0.000000
1653954138083561206 166.715962 0.000000
1653954138250217343 166.651713 0.000000
1653954138416777267 166.554365 0.000000
1653954138583756788 166.975692 0.000000
1653954138750677877 166.917116 0.000000
1653954138917071569 166.390088 0.000000
1653954139084451733 167.376616 0.000000
