1653953744451381604 321.807170 0.000000
1653953744610019684 158.621421 0.000000
1653953744766363803 156.339758 0.000000
1653953744922942953 156.573673 0.000000
1653953745081130884 158.183018 0.000000
1653953745239028445 157.892663 0.000000
1653953745851311353 612.278281 0.000000
1653953746077289073 225.972859 0.000000
1653953746234254133 156.959685 0.000000
1653953746390659047 156.399552 0.000000
1653953746547249266 156.585268 0.000000
1653953746702760127 155.504596 0.000000
1653953746858638858 155.872812 0.000000
1653953747015804108 157.159697 0.000000
1653953747173088236 157.278570 0.000000
1653953747329231106 156.137528 0.000000
1653953747485621044 156.384641 0.000000
1653953747643692132 158.065410 0.000000
1653953747799192176 155.495363 0.000000
1653953747955413378 156.215980 0.000000
1653953748112069354 156.651155 0.000000
1653953748268500248 156.425748 0.000000
1653953748425272420 156.766800 0.000000
1653953748581473043 156.193041 0.000000
1653953748736866802 155.388752 0.000000
1653953748893214377 156.340636 0.000000
1653953749048324799 155.105523 0.000000
1653953749203953861 155.624306 0.000000
1653953750262413728 1058.454764 0.000000
1653953750419058328 156.638120 0.000000
1653953750574952925 155.889252 0.000000
1653953750732436205 157.480006 0.000000
1653953750888450672 156.008179 0.000000
1653953751043655050 155.199635 0.000000
1653953751198301765 154.642341 0.000000
1653953751353813892 155.506969 0.000000
1653953751509413679 155.595601 0.000000
1653953751664992663 155.573994 0.000000
1653953751819936465 154.939206 0.000000
1653953751974996758 155.055202 0.000000
1653953752129801156 154.800144 0.000000
1653953752284988389 155.181388 0.000000
1653953752440316376 155.323356 0.000000
1653953752596576660 156.255314 0.000000
1653953752752166043 155.584131 0.000000
1653953752906334753 154.163633 0.000000
1653953753131284251 224.943507 0.000000
1653953753286575388 155.286891 0.000000
1653953753442222106 155.643347 0.000000
1653953753597539208 155.310612 0.000000
1653953753753134381 155.590838 0.000000
1653953753908080017 154.941460 0.000000
1653953754064966906 156.881491 0.000000
1653953754221896356 156.923793 0.000000
1653953754377132315 155.232081 0.000000
1653953754773986452 396.849624 0.000000
1653953754929076758 155.086184 0.000000
1653953755084133593 155.052795 0.000000
1653953755239558162 155.419814 0.000000
1653953755440940484 201.377761 0.000000
1653953755596895546 155.949941 0.000000
1653953755751875960 154.975670 0.000000
1653953755907701818 155.820957 0.000000
1653953756062904942 155.197326 0.000000
1653953756217383368 154.473228 0.000000
1653953756372086961 154.697650 0.000000
1653953756829239002 457.146647 0.000000
1653953756984033776 154.789866 0.000000
1653953757138849280 154.810252 0.000000
1653953757294466542 155.611539 0.000000
1653953757449316173 154.844766 0.000000
1653953758361645292 912.324428 0.000000
1653953758517281641 155.631516 0.000000
1653953758672120519 154.834553 0.000000
1653953758826764138 154.638663 0.000000
1653953758982070206 155.301842 0.000000
1653953759138380825 156.306608 0.000000
1653953759293259820 154.874610 0.000000
1653953759741592765 448.328129 0.000000
1653953759896595499 154.995723 0.000000
1653953760051428721 154.827729 0.000000
1653953760207148216 155.714902 0.000000
1653953760362314116 155.160805 0.000000
1653953760517887834 155.569422 0.000000
1653953760672786103 154.893725 0.000000
1653953760828417472 155.626907 0.000000
1653953760983931324 155.509993 0.000000
1653953761138605247 154.668796 0.000000
1653953761293765726 155.155119 0.000000
1653953761450367892 156.598287 0.000000
1653953761605146138 154.772748 0.000000
1653953761760870262 155.720089 0.000000
1653953761915684507 154.810291 0.000000
1653953762070858304 155.168995 0.000000
1653953762225777986 154.915173 0.000000
1653953762380717271 154.934514 0.000000
1653953762535870187 155.148054 0.000000
1653953762988037569 452.163352 0.000000
1653953763142730977 154.687118 0.000000
1653953763589388710 446.652977 0.000000
1653953763744546230 155.153324 0.000000
1653953763899013769 154.461876 0.000000
1653953764053366202 154.347346 0.000000
1653953764207653923 154.284074 0.000000
1653953764362591679 154.932995 0.000000
1653953764517636648 155.038880 0.000000
1653953764672567820 154.926653 0.000000
1653953765123430011 450.857720 0.000000
1653953765278360063 154.924761 0.000000
1653953765433566158 155.202329 0.000000
1653953765588068143 154.497457 0.000000
1653953765743541118 155.468490 0.000000
1653953765898220894 154.672165 0.000000
1653953766053157556 154.932612 0.000000
1653953766208384471 155.221452 0.000000
1653953766363461422 155.073670 0.000000
1653953766518109970 154.643155 0.000000
1653953766673084686 154.969742 0.000000
1653953766827187459 154.098760 0.000000
1653953767272648397 445.454203 0.000000
1653953767427903214 155.248878 0.000000
1653953767582734742 154.825649 0.000000
1653953767737833767 155.094594 0.000000
1653953767893029090 155.190678 0.000000
1653953768349526508 456.492777 0.000000
1653953768504837154 155.305324 0.000000
1653953768660183769 155.341553 0.000000
1653953768816585948 156.397559 0.000000
1653953768972325872 155.735454 0.000000
1653953769127256981 154.926282 0.000000
1653953769281594920 154.333354 0.000000
1653953769436778540 155.178512 0.000000
1653953769591099331 154.316570 0.000000
1653953769745530047 154.425589 0.000000
1653953770134526112 388.991930 0.000000
1653953770289133327 154.602411 0.000000
1653953770443608741 154.470838 0.000000
1653953770598276197 154.661998 0.000000
1653953770753581846 155.300617 0.000000
1653953770908870626 155.284054 0.000000
1653953771064352840 155.477643 0.000000
1653953771218863767 154.505444 0.000000
1653953771373286333 154.418065 0.000000
1653953771527477857 154.185045 0.000000
1653953771682522337 155.039536 0.000000
1653953771837588849 155.062576 0.000000
1653953771992818840 155.225810 0.000000
1653953772147153802 154.329514 0.000000
1653953772302373972 155.214772 0.000000
1653953772456540783 154.162186 0.000000
1653953772610784440 154.238844 0.000000
1653953772765627762 154.839725 0.000000
1653953772921195500 155.561640 0.000000
1653953773320031386 398.831638 0.000000
1653953773475013993 154.977585 0.000000
1653953773629370009 154.351320 0.000000
1653953773783790856 154.415820 0.000000
1653953773938411432 154.615369 0.000000
1653953774094255654 155.839307 0.000000
1653953774248599734 154.339994 0.000000
1653953774402974213 154.369838 0.000000
1653953774557265944 154.287371 0.000000
1653953774712823021 155.551881 0.000000
1653953774867874333 155.047087 0.000000
1653953775023058027 155.178909 0.000000
1653953775177867968 154.805123 0.000000
1653953775333043138 155.170542 0.000000
1653953775489546309 156.499227 0.000000
1653953775643765857 154.215349 0.000000
1653953775797683834 153.913456 0.000000
1653953775951882007 154.194676 0.000000
1653953776106544119 154.657982 0.000000
1653953776261214766 154.666422 0.000000
1653953776415802038 154.582356 0.000000
1653953776570294680 154.487400 0.000000
1653953776958179723 387.880076 0.000000
1653953777113249832 155.064502 0.000000
1653953777267764731 154.510203 0.000000
1653953777421942867 154.173410 0.000000
1653953777577051857 155.105252 0.000000
1653953777731143924 154.088102 0.000000
1653953778187198779 456.049633 0.000000
1653953778341963389 154.759999 0.000000
1653953778496243778 154.275959 0.000000
1653953778650321857 154.072583 0.000000
1653953778804252976 153.927406 0.000000
1653953778960752700 156.495565 0.000000
1653953779405779022 445.021836 0.000000
1653953779560029251 154.245378 0.000000
1653953779714014788 153.981757 0.000000
1653953779868878007 154.856608 0.000000
1653953780022835304 153.953057 0.000000
1653953780178038061 155.196046 0.000000
1653953780332731228 154.689043 0.000000
1653953780487833302 155.098340 0.000000
1653953780643187261 155.350085 0.000000
1653953780797806221 154.614364 0.000000
1653953781243492232 445.682224 0.000000
1653953781398072305 154.575845 0.000000
1653953781552340975 154.264495 0.000000
1653953781707434603 155.089274 0.000000
1653953782102592364 395.152859 0.000000
1653953782256869128 154.271517 0.000000
1653953782412040820 155.167931 0.000000
1653953782566894065 154.849869 0.000000
1653953782722807254 155.908600 0.000000
1653953782877401843 154.589251 0.000000
1653953783031601733 154.193672 0.000000
1653953783186896834 155.289703 0.000000
1653953783341254421 154.352881 0.000000
1653953783496640408 155.381807 0.000000
1653953783651704465 155.059254 0.000000
1653953783806868518 155.160958 0.000000
1653953783961174205 154.302043 0.000000
1653953784115331406 154.153202 0.000000
1653953784270703666 155.367950 0.000000
1653953784425861147 155.153502 0.000000
1653953784581512165 155.646197 0.000000
1653953784736252496 154.736532 0.000000
1653953784890814457 154.558073 0.000000
1653953785046040111 155.221550 0.000000
1653953785200603215 154.558528 0.000000
1653953785354893150 154.286207 0.000000
1653953785509415905 154.519528 0.000000
1653953785663910555 154.490345 0.000000
1653953786055004189 391.089521 0.000000
1653953786209169087 154.159426 0.000000
1653953786364056321 154.883152 0.000000
1653953786519161012 155.098751 0.000000
1653953786673565417 154.400020 0.000000
1653953786828814760 155.245179 0.000000
1653953786982955848 154.136693 0.000000
1653953787138187726 155.226656 0.000000
1653953787293464622 155.272671 0.000000
1653953787691751054 398.282549 0.000000
1653953787845546838 153.790096 0.000000
1653953787999671257 154.119352 0.000000
1653953788452790971 453.115830 0.000000
1653953788607946686 155.150378 0.000000
1653953789064216820 456.265007 0.000000
1653953789220059968 155.837891 0.000000
1653953789375029751 154.965915 0.000000
1653953789529436320 154.403060 0.000000
1653953789684797949 155.357699 0.000000
1653953789839515025 154.713488 0.000000
1653953789994348276 154.827482 0.000000
1653953790149394332 155.042252 0.000000
1653953790304553532 155.154442 0.000000
1653953790458445898 153.887668 0.000000
1653953790612649069 154.198956 0.000000
1653953790766986782 154.332828 0.000000
1653953790921823978 154.833166 0.000000
1653953791076802933 154.974995 0.000000
1653953791231924618 155.117327 0.000000
1653953791386775353 154.847609 0.000000
1653953791541400495 154.621463 0.000000
1653953791695802588 154.398380 0.000000
1653953791850233614 154.426892 0.000000
1653953792005425453 155.187654 0.000000
1653953792159970588 154.540951 0.000000
1653953792314215119 154.240678 0.000000
1653953792468802944 154.584710 0.000000
1653953792623669020 154.862146 0.000000
1653953792778860112 155.186892 0.000000
1653953792933119709 154.255352 0.000000
1653953793088207521 155.083758 0.000000
1653953793242612575 154.399251 0.000000
1653953793396930638 154.313899 0.000000
1653953793551919400 154.984917 0.000000
1653953793706329299 154.406260 0.000000
1653953793861565611 155.231791 0.000000
1653953794016814928 155.245303 0.000000
1653953794170903782 154.084975 0.000000
1653953794325414006 154.505077 0.000000
1653953794480875521 155.457546 0.000000
1653953794635619337 154.739677 0.000000
1653953794790762914 155.139482 0.000000
1653953794945939852 155.172458 0.000000
1653953795100142756 154.198764 0.000000
1653953795255335274 155.187744 0.000000
1653953795410667018 155.327629 0.000000
1653953795565432966 154.761938 0.000000
1653953795720675397 155.238697 0.000000
1653953795875132171 154.452674 0.000000
1653953796029505621 154.368960 0.000000
1653953796183930416 154.419963 0.000000
1653953796338421126 154.486951 0.000000
1653953796493398886 154.973650 0.000000
1653953796648472822 155.070069 0.000000
1653953796802937094 154.460283 0.000000
1653953796957969090 155.027926 0.000000
1653953797113456199 155.483306 0.000000
1653953797268619029 155.158445 0.000000
1653953797423254878 154.632311 0.000000
1653953797577492042 154.233615 0.000000
1653953797732729169 155.232823 0.000000
1653953797887123192 154.390259 0.000000
1653953798041428563 154.301468 0.000000
1653953798196651233 155.218861 0.000000
1653953798350763540 154.107997 0.000000
1653953798504874059 154.106524 0.000000
1653953798659639018 154.761236 0.000000
1653953798813993298 154.350266 0.000000
1653953798969715128 155.712122 0.000000
1653953799125217025 155.497703 0.000000
1653953799280833910 155.612816 0.000000
1653953799435513095 154.674614 0.000000
1653953799589657628 154.140393 0.000000
1653953799744408429 154.745780 0.000000
1653953799899183066 154.770492 0.000000
1653953800123245610 224.058559 0.000000
1653953800278718093 155.468103 0.000000
1653953800432941574 154.218960 0.000000
1653953800822238121 389.292634 0.000000
1653953800977298157 155.054773 0.000000
1653953801132561619 155.259464 0.000000
1653953801287819239 155.252392 0.000000
1653953801442384153 154.561210 0.000000
1653953801597558870 155.170307 0.000000
1653953801821862367 224.297643 0.000000
1653953802273721681 451.855445 0.000000
1653953802427778529 154.051281 0.000000
1653953802583293206 155.511295 0.000000
1653953802737946390 154.648142 0.000000
1653953802894667826 156.717463 0.000000
1653953803050237460 155.564882 0.000000
1653953803206801146 156.559240 0.000000
1653953803818126656 611.319827 0.000000
1653953803973267874 155.135525 0.000000
1653953804127815807 154.542315 0.000000
1653953804283341344 155.520109 0.000000
1653953804437610775 154.243848 0.000000
1653953804592478442 154.863481 0.000000
1653953804747823855 155.340471 0.000000
1653953804902279074 154.450613 0.000000
1653953805057501831 155.217635 0.000000
1653953805212676551 155.170030 0.000000
1653953805668537565 455.856698 0.000000
1653953805822908803 154.366206 0.000000
1653953805977522296 154.609670 0.000000
1653953806132373483 154.846769 0.000000
1653953806286525521 154.147193 0.000000
1653953806440707759 154.178224 0.000000
1653953806885997033 445.285259 0.000000
1653953807041115585 155.113370 0.000000
1653953807196364299 155.244301 0.000000
1653953807352066335 155.697124 0.000000
1653953807506684957 154.614178 0.000000
1653953807661171693 154.482170 0.000000
1653953807816092699 154.917182 0.000000
1653953807971717946 155.621428 0.000000
1653953808433968716 462.246877 0.000000
1653953808589231170 155.256740 0.000000
1653953808743362550 154.126973 0.000000
1653953808897528645 154.161149 0.000000
1653953809052321978 154.789359 0.000000
1653953809207440402 155.113999 0.000000
1653953809362489715 155.045594 0.000000
1653953809516659164 154.165902 0.000000
1653953809670921507 154.258949 0.000000
1653953809825474055 154.547592 0.000000
1653953809982794552 157.315932 0.000000
1653953810137744314 154.946342 0.000000
1653953810293157333 155.408228 0.000000
1653953810448152916 154.991589 0.000000
1653953810603053718 154.897038 0.000000
1653953810757069569 154.012965 0.000000
1653953811150708616 393.634809 0.000000
1653953811305455936 154.742224 0.000000
1653953811459790025 154.330505 0.000000
1653953811614617974 154.822135 0.000000
1653953811769823138 155.200523 0.000000
1653953811924297068 154.470166 0.000000
1653953812078615778 154.313939 0.000000
1653953812233799958 155.180487 0.000000
1653953812388262938 154.457562 0.000000
1653953812543643148 155.376382 0.000000
1653953812697926807 154.280579 0.000000
1653953812852173290 154.242224 0.000000
1653953813006329960 154.152898 0.000000
1653953813161794498 155.460268 0.000000
1653953813318772523 156.973620 0.000000
1653953813473888500 155.112058 0.000000
1653953813628913682 155.020771 0.000000
1653953813783547007 154.629616 0.000000
1653953813937954346 154.403636 0.000000
1653953814092713813 154.755356 0.000000
1653953814247262293 154.544424 0.000000
1653953814401649024 154.383033 0.000000
1653953814557022730 155.369606 0.000000
1653953814711520219 154.493459 0.000000
1653953814866944087 155.420069 0.000000
1653953815022229718 155.281712 0.000000
1653953815176954635 154.720833 0.000000
1653953815331550583 154.592053 0.000000
1653953815486013884 154.459351 0.000000
1653953815640444361 154.426983 0.000000
1653953815795860335 155.412095 0.000000
1653953815950935903 155.071774 0.000000
1653953816105526698 154.587092 0.000000
1653953816558336557 452.806105 0.000000
1653953816712655942 154.313636 0.000000
1653953816867488394 154.827111 0.000000
1653953817022600135 155.105938 0.000000
1653953817474340977 451.736007 0.000000
1653953817629091420 154.746495 0.000000
1653953818073966009 444.870134 0.000000
1653953818228641479 154.671034 0.000000
1653953818383483177 154.837739 0.000000
1653953818538192257 154.704123 0.000000
1653953818693037990 154.841733 0.000000
1653953818847937658 154.896070 0.000000
1653953819002527090 154.584806 0.000000
1653953819157260181 154.729402 0.000000
1653953819312549173 155.284758 0.000000
1653953819467432834 154.879726 0.000000
1653953819622335509 154.898129 0.000000
1653953819777698735 155.358981 0.000000
1653953819932712197 155.009734 0.000000
1653953820088114278 155.398177 0.000000
1653953820243819989 155.701832 0.000000
1653953820398925004 155.100915 0.000000
1653953820554148555 155.219677 0.000000
1653953820708898519 154.746376 0.000000
1653953820863327683 154.425305 0.000000
1653953821018065038 154.733718 0.000000
1653953821172207004 154.138152 0.000000
1653953821327654967 155.444174 0.000000
1653953821482307675 154.648659 0.000000
1653953821637494485 155.182335 0.000000
1653953821792781628 155.283289 0.000000
1653953821946740227 153.954516 0.000000
1653953822101067053 154.321588 0.000000
1653953822255385389 154.313875 0.000000
1653953822409892178 154.502649 0.000000
1653953822565019840 155.123863 0.000000
1653953822720813115 155.787040 0.000000
1653953822875611075 154.794141 0.000000
1653953823030331486 154.716281 0.000000
1653953823184749588 154.414113 0.000000
1653953823340963270 156.209497 0.000000
1653953823496045056 155.077346 0.000000
1653953823651289288 155.239535 0.000000
1653953823806560664 155.267236 0.000000
1653953823961945166 155.380053 0.000000
1653953824413694546 451.745629 0.000000
1653953824568875086 155.175559 0.000000
1653953825014116310 445.237900 0.000000
1653953825168350074 154.229325 0.000000
1653953825323565655 155.211473 0.000000
1653953825478000516 154.430190 0.000000
1653953825632995489 154.990934 0.000000
1653953825787248848 154.249445 0.000000
1653953825941752755 154.500138 0.000000
1653953826095918480 154.161801 0.000000
1653953826250237366 154.315323 0.000000
1653953826405137072 154.895768 0.000000
1653953826559545577 154.404149 0.000000
1653953826713609586 154.058807 0.000000
1653953827171784554 458.170969 0.000000
1653953827326537233 154.746510 0.000000
1653953827481821809 155.279865 0.000000
1653953827869760837 387.935229 0.000000
1653953828024474484 154.708697 0.000000
1653953828178909429 154.429433 0.000000
1653953828333687613 154.772565 0.000000
1653953828489001566 155.310005 0.000000
1653953828644084163 155.078196 0.000000
1653953828798443132 154.354016 0.000000
1653953828952765070 154.318375 0.000000
1653953829107499792 154.730292 0.000000
1653953829262994530 155.490464 0.000000
1653953829418186034 155.187800 0.000000
1653953829573211818 155.021459 0.000000
1653953829728583987 155.367859 0.000000
1653953829882957760 154.369709 0.000000
1653953830038825100 155.863455 0.000000
1653953830195717066 156.886012 0.000000
1653953830351210327 155.489473 0.000000
1653953830506800869 155.586006 0.000000
1653953830661522415 154.717432 0.000000
1653953830816408177 154.882105 0.000000
1653953830972014210 155.601803 0.000000
1653953831126494104 154.475058 0.000000
1653953831280727887 154.230034 0.000000
1653953831435786432 155.054736 0.000000
1653953831590573222 154.782259 0.000000
1653953831745586082 155.008304 0.000000
1653953831900778207 155.188346 0.000000
1653953832055737761 154.955813 0.000000
1653953832209869612 154.128383 0.000000
1653953832365512980 155.639602 0.000000
1653953832519630737 154.114158 0.000000
1653953832674640594 155.006086 0.000000
1653953832830045528 155.401451 0.000000
1653953832984836477 154.787332 0.000000
1653953833139063537 154.224138 0.000000
1653953833296390960 157.323218 0.000000
1653953833450671630 154.276586 0.000000
1653953833606004968 155.329429 0.000000
1653953833761540000 155.530727 0.000000
1653953833915968229 154.423598 0.000000
1653953834070659504 154.686951 0.000000
1653953834225830865 155.167040 0.000000
1653953834437260215 211.424819 0.000000
1653953834592285040 155.021021 0.000000
1653953834747585106 155.295660 0.000000
1653953834902030870 154.442021 0.000000
1653953835057677305 155.642601 0.000000
1653953835213104661 155.422735 0.000000
1653953835367742231 154.633621 0.000000
1653953835521989228 154.241454 0.000000
1653953835676146682 154.153379 0.000000
1653953836132004282 455.837464 0.000000
1653953836286648478 154.639254 0.000000
1653953836441268296 154.615855 0.000000
1653953836598009812 156.737235 0.000000
1653953836752722777 154.708805 0.000000
1653953836907683828 154.956963 0.000000
1653953837061921940 154.232808 0.000000
1653953837217729850 155.803516 0.000000
1653953837372025039 154.291771 0.000000
1653953837527211489 155.182602 0.000000
1653953837682299160 155.083761 0.000000
1653953837836869899 154.566058 0.000000
1653953837991478682 154.604838 0.000000
1653953838146465734 154.983233 0.000000
1653953838300824876 154.354527 0.000000
1653953838455074338 154.245468 0.000000
1653953838610461470 155.382932 0.000000
1653953838764874187 154.408152 0.000000
1653953838919811603 154.933322 0.000000
1653953839074721204 154.905672 0.000000
1653953839229415395 154.690237 0.000000
1653953839384688837 155.269712 0.000000
1653953839539431381 154.737780 0.000000
1653953839696050466 156.615016 0.000000
1653953839850748551 154.693855 0.000000
1653953840005853130 155.100491 0.000000
1653953840160949060 155.091935 0.000000
1653953840315317643 154.364183 0.000000
1653953840470530359 155.208477 0.000000
1653953840626556556 156.021856 0.000000
1653953840781830530 155.270069 0.000000
1653953840937205537 155.370778 0.000000
1653953841093202797 155.993030 0.000000
1653953841247801315 154.594188 0.000000
1653953841403071219 155.266050 0.000000
1653953841557674327 154.599244 0.000000
1653953841711868481 154.189844 0.000000
1653953841867214846 155.342976 0.000000
1653953842022695174 155.475436 0.000000
1653953842177508982 154.809674 0.000000
1653953842332502027 154.988664 0.000000
1653953842488036205 155.530118 0.000000
1653953842642294377 154.253546 0.000000
1653953842798010502 155.712136 0.000000
1653953842953812758 155.798487 0.000000
1653953843109244021 155.427489 0.000000
1653953843264063107 154.815096 0.000000
1653953843419037914 154.970953 0.000000
1653953843573528450 154.486773 0.000000
1653953843728837540 155.304915 0.000000
1653953843883991699 155.149368 0.000000
1653953844039208508 155.213122 0.000000
1653953844194316927 155.104508 0.000000
1653953844349389425 155.068936 0.000000
1653953844503635851 154.242165 0.000000
1653953844657713706 154.073480 0.000000
1653953844812870175 155.152450 0.000000
1653953844968515626 155.641626 0.000000
1653953845123694144 155.175372 0.000000
1653953845278434569 154.736329 0.000000
1653953845432565885 154.127858 0.000000
1653953845588003688 155.433749 0.000000
1653953845743413266 155.405473 0.000000
1653953845899521762 156.104377 0.000000
1653953846054284406 154.758920 0.000000
1653953846209527737 155.239252 0.000000
1653953846365035176 155.503630 0.000000
1653953846520687322 155.648216 0.000000
1653953846675595529 154.904303 0.000000
1653953846830576054 154.976699 0.000000
1653953846984902724 154.321509 0.000000
1653953847441594511 456.687713 0.000000
1653953847596914159 155.312766 0.000000
1653953847751671079 154.753216 0.000000
1653953847907012340 155.337223 0.000000
1653953848062038408 155.022294 0.000000
1653953848216992741 154.950073 0.000000
1653953848371504982 154.506587 0.000000
1653953848526746709 155.237221 0.000000
1653953848681834001 155.083258 0.000000
1653953848836249227 154.411377 0.000000
1653953848991593422 155.340376 0.000000
1653953849148080012 156.458800 0.000000
1653953849303597019 155.512351 0.000000
1653953849458807593 155.206657 0.000000
1653953849613235557 154.424046 0.000000
1653953850002267763 389.028201 0.000000
1653953851081734145 1079.462187 0.000000
1653953851237010967 155.271395 0.000000
1653953851625642976 388.628260 0.000000
1653953851780365310 154.716691 0.000000
1653953851935063057 154.692905 0.000000
1653953852585126214 650.058788 0.000000
1653953853040770323 455.638781 0.000000
1653953853195973239 155.197663 0.000000
1653953853350953261 154.974995 0.000000
1653953853506093578 155.136428 0.000000
1653953853661026068 154.928941 0.000000
1653953853816020163 154.990121 0.000000
1653953853971498659 155.474567 0.000000
1653953854127094292 155.592451 0.000000
1653953854282433013 155.333203 0.000000
1653953854436818417 154.381802 0.000000
1653953854592404358 155.581646 0.000000
1653953854746728931 154.320558 0.000000
1653953855266882456 520.149691 0.000000
1653953855421420736 154.532972 0.000000
1653953855872287138 450.862247 0.000000
1653953856027269405 154.976855 0.000000
1653953856415594745 388.321372 0.000000
1653953856570153877 154.554639 0.000000
1653953856725981539 155.822415 0.000000
1653953856880542762 154.557289 0.000000
1653953857035140586 154.593935 0.000000
1653953857190478699 155.333713 0.000000
1653953857345797017 155.314424 0.000000
1653953857801734725 455.933369 0.000000
1653953857957146200 155.405851 0.000000
1653953858111950247 154.800143 0.000000
1653953858266570662 154.615884 0.000000
1653953858717001524 450.426777 0.000000
1653953858871995513 154.989403 0.000000
1653953859026983959 154.984325 0.000000
1653953859181560161 154.572620 0.000000
1653953859336093163 154.528777 0.000000
1653953859491722189 155.625404 0.000000
1653953859646899345 155.173568 0.000000
1653953859802103801 155.199525 0.000000
1653953859957001886 154.894222 0.000000
1653953860111657406 154.651733 0.000000
1653953860267161446 155.499987 0.000000
1653953860421896673 154.731188 0.000000
1653953860578325825 156.425187 0.000000
1653953860732945881 154.616477 0.000000
1653953860887589734 154.638061 0.000000
1653953861042785691 155.192441 0.000000
1653953861197175668 154.386532 0.000000
1653953861352598428 155.418365 0.000000
1653953861741619130 389.016869 0.000000
1653953861896624119 155.000358 0.000000
1653953862051109525 154.481692 0.000000
1653953862205820104 154.706730 0.000000
1653953862361355325 155.530189 0.000000
1653953862515843327 154.483672 0.000000
1653953862670290975 154.443343 0.000000
1653953862824575070 154.279871 0.000000
1653953862979142774 154.564494 0.000000
1653953863133953195 154.806648 0.000000
1653953863289173555 155.216185 0.000000
1653953863444408413 155.231350 0.000000
1653953863598772576 154.360459 0.000000
1653953863753335401 154.557563 0.000000
1653953863908099510 154.760094 0.000000
1653953864062385076 154.281697 0.000000
1653953864217918783 155.529693 0.000000
1653953864373447749 155.524982 0.000000
1653953864528010720 154.558766 0.000000
1653953864683189146 155.173335 0.000000
1653953864838574668 155.381604 0.000000
1653953864993989124 155.410301 0.000000
1653953865148634470 154.640992 0.000000
1653953865303054000 154.415175 0.000000
1653953865458148629 155.091035 0.000000
1653953865614237432 156.084714 0.000000
1653953865769480783 155.236181 0.000000
1653953865924092108 154.607150 0.000000
1653953866079589614 155.494278 0.000000
1653953866234090254 154.496626 0.000000
1653953866389447505 155.353101 0.000000
1653953866845091481 455.640401 0.000000
1653953867000641967 155.545069 0.000000
1653953867157389259 156.742682 0.000000
1653953867312975458 155.582600 0.000000
1653953867468669497 155.689829 0.000000
1653953867624253541 155.580210 0.000000
1653953867778978031 154.721136 0.000000
1653953867934114607 155.132471 0.000000
1653953868089650055 155.531159 0.000000
1653953868245555721 155.901376 0.000000
1653953868400783827 155.223556 0.000000
1653953868555322671 154.534569 0.000000
1653953868710571807 155.243659 0.000000
1653953868865366213 154.791288 0.000000
1653953869019841655 154.470255 0.000000
1653953869174527585 154.680597 0.000000
1653953869329597714 155.065162 0.000000
1653953869484452567 154.850283 0.000000
1653953869640004000 155.547554 0.000000
1653953869794544446 154.536593 0.000000
1653953869949404602 154.856056 0.000000
1653953870103950953 154.542422 0.000000
1653953870258832793 154.877962 0.000000
1653953870414504546 155.666455 0.000000
1653953870860578805 446.068754 0.000000
1653953871316843069 456.258011 0.000000
1653953871471425934 154.577112 0.000000
1653953871626899315 155.467858 0.000000
1653953871781761644 154.858446 0.000000
1653953871936976670 155.211264 0.000000
1653953872093103464 156.122574 0.000000
1653953872247843488 154.735498 0.000000
1653953872403122363 155.275278 0.000000
1653953872557928167 154.802185 0.000000
1653953872957137121 399.204669 0.000000
1653953873111801892 154.660085 0.000000
1653953873267126261 155.320320 0.000000
1653953873421764680 154.634751 0.000000
1653953873577239198 155.470774 0.000000
1653953873731782581 154.539138 0.000000
1653953873887818649 156.032119 0.000000
1653953874043432496 155.607894 0.000000
1653953874500356052 456.919722 0.000000
1653953874655623192 155.261532 0.000000
1653953874810191804 154.564533 0.000000
1653953874965538845 155.342385 0.000000
1653953875411134423 445.591303 0.000000
1653953875565884902 154.745112 0.000000
1653953875789486755 223.597601 0.000000
1653953875943957114 154.466080 0.000000
1653953876099838933 155.876792 0.000000
1653953876255460908 155.618026 0.000000
1653953876409790554 154.325757 0.000000
1653953876565183496 155.388974 0.000000
1653953876720105620 154.918004 0.000000
1653953876875938285 155.828510 0.000000
1653953877030563077 154.621199 0.000000
1653953877476148169 445.580909 0.000000
1653953877631071064 154.917796 0.000000
1653953877786714107 155.638839 0.000000
1653953877941359863 154.640859 0.000000
1653953878096051736 154.686290 0.000000
1653953878250525397 154.469551 0.000000
1653953879098039989 847.510778 0.000000
1653953879252949954 154.904327 0.000000
1653953879408097154 155.143162 0.000000
1653953879562853888 154.753225 0.000000
1653953879718275311 155.417529 0.000000
1653953879873057484 154.778244 0.000000
1653953880027463286 154.400615 0.000000
1653953880426475444 399.007618 0.000000
1653953880581098141 154.617625 0.000000
1653953881027428925 446.326454 0.000000
1653953881182273582 154.839179 0.000000
1653953881337687783 155.409000 0.000000
1653953881493048521 155.356427 0.000000
1653953881648230547 155.178222 0.000000
1653953881803025749 154.790827 0.000000
1653953882191832209 388.802596 0.000000
1653953882346984391 155.146930 0.000000
1653953882501635748 154.646667 0.000000
1653953882656652601 155.012272 0.000000
1653953882811907191 155.249864 0.000000
1653953882967395459 155.484399 0.000000
1653953883121828958 154.428717 0.000000
1653953883276738756 154.906068 0.000000
1653953883431431973 154.690583 0.000000
1653953883586020896 154.584924 0.000000
1653953883740996589 154.971669 0.000000
1653953883895474696 154.474120 0.000000
1653953884065044106 169.564578 0.000000
1653953884220611438 155.563157 0.000000
1653953884375054671 154.439219 0.000000
1653953884532385161 157.326275 0.000000
1653953884756834351 224.444089 0.000000
1653953884912013585 155.174163 0.000000
1653953885066685551 154.667270 0.000000
1653953885222234775 155.545415 0.000000
1653953885377030463 154.790857 0.000000
1653953885532699572 155.664882 0.000000
1653953885687865599 155.162274 0.000000
1653953885843114430 155.244556 0.000000
1653953885997809414 154.690534 0.000000
1653953886152322750 154.509497 0.000000
1653953886307390756 155.063495 0.000000
1653953886763897150 456.502119 0.000000
1653953886918207379 154.305117 0.000000
1653953887073387795 155.176287 0.000000
1653953887228949934 155.557468 0.000000
1653953887383949911 154.995632 0.000000
1653953887538823271 154.868535 0.000000
1653953887694307156 155.480023 0.000000
1653953887850789695 156.478464 0.000000
1653953888005346013 154.552444 0.000000
1653953888160243632 154.893700 0.000000
1653953888314637510 154.390079 0.000000
1653953888469309264 154.667504 0.000000
1653953888624936174 155.621527 0.000000
1653953888780044187 155.104379 0.000000
1653953888934958766 154.910535 0.000000
1653953889090371177 155.408537 0.000000
1653953889246007112 155.632061 0.000000
1653953889401060970 155.049713 0.000000
1653953889556524795 155.459801 0.000000
1653953889712082398 155.553664 0.000000
1653953889866805627 154.718989 0.000000
1653953890022402251 155.592680 0.000000
1653953890178060688 155.653771 0.000000
1653953890333164020 155.099072 0.000000
1653953890489138051 155.970243 0.000000
1653953890643735447 154.593152 0.000000
1653953890798737213 154.997396 0.000000
1653953890953919426 155.178156 0.000000
1653953891109439804 155.516553 0.000000
1653953891506987049 397.543232 0.000000
1653953891906624118 399.632243 0.000000
1653953892061552698 154.923604 0.000000
1653953892217133539 155.574767 0.000000
1653953892372276959 155.138824 0.000000
1653953892526938757 154.657121 0.000000
1653953892916337994 389.395411 0.000000
1653953893071532473 155.188745 0.000000
1653953893226128385 154.590725 0.000000
1653953893380551174 154.418940 0.000000
1653953893769297365 388.742297 0.000000
1653953893924197996 154.895844 0.000000
1653953894379869463 455.666029 0.000000
1653953894534486528 154.611763 0.000000
1653953894691113541 156.622998 0.000000
1653953894845731308 154.612830 0.000000
1653953895000796701 155.060271 0.000000
1653953895155395188 154.594102 0.000000
1653953895309946391 154.546832 0.000000
1653953895464997529 155.046938 0.000000
1653953895619571916 154.570648 0.000000
1653953895774701708 155.125673 0.000000
1653953895930153399 155.445115 0.000000
1653953896084620324 154.461218 0.000000
1653953896239971381 155.347017 0.000000
1653953896394688403 154.712582 0.000000
1653953896549324012 154.631168 0.000000
1653953896704851462 155.523582 0.000000
1653953896860292859 155.436866 0.000000
1653953897323505740 463.208736 0.000000
1653953897478795070 155.283862 0.000000
1653953897634294965 155.496254 0.000000
1653953897788958327 154.659493 0.000000
1653953897945040006 156.076602 0.000000
1653953898100850776 155.805191 0.000000
1653953898489817693 388.962019 0.000000
1653953898644598458 154.788654 0.000000
1653953898799695007 155.078963 0.000000
1653953898954836557 155.137433 0.000000
1653953899109725271 154.885082 0.000000
1653953899264796386 155.066579 0.000000
1653953899420099275 155.299170 0.000000
1653953899574857642 154.754643 0.000000
1653953899729712279 154.850612 0.000000
1653953899885104019 155.387605 0.000000
1653953900108618282 223.510319 0.000000
1653953900264605822 155.983696 0.000000
1653953900715203853 450.593838 0.000000
1653953900870103827 154.894688 0.000000
1653953901024622971 154.515000 0.000000
1653953901180156092 155.529366 0.000000
1653953901334689554 154.529413 0.000000
1653953901489977675 155.284493 0.000000
1653953901644746206 154.762246 0.000000
1653953901799189309 154.437184 0.000000
1653953901954272218 155.078979 0.000000
1653953902108808315 154.529984 0.000000
1653953902264122847 155.310623 0.000000
1653953902418868424 154.741096 0.000000
1653953902573523412 154.651141 0.000000
1653953902728920567 155.392781 0.000000
1653953902884048093 155.123832 0.000000
1653953903039590578 155.538385 0.000000
1653953903195072341 155.477974 0.000000
1653953903350776902 155.697516 0.000000
1653953903750190776 399.410090 0.000000
1653953903904517952 154.322525 0.000000
1653953904059920915 155.398969 0.000000
1653953904214743376 154.818516 0.000000
1653953904370003674 155.256494 0.000000
1653953904524681303 154.673901 0.000000
1653953904679503167 154.817258 0.000000
1653953904833845170 154.338159 0.000000
1653953904989212898 155.363628 0.000000
1653953905143427842 154.211175 0.000000
1653953905298758338 155.326562 0.000000
1653953905454325750 155.563217 0.000000
1653953905609676735 155.346745 0.000000
1653953905764907828 155.227375 0.000000
1653953906222585540 457.673813 0.000000
1653953906378123629 155.532731 0.000000
1653953906533335289 155.207540 0.000000
1653953906688723308 155.384115 0.000000
1653953906843976784 155.249767 0.000000
1653953906999322918 155.342735 0.000000
1653953907154087683 154.761027 0.000000
1653953908257581701 1103.490274 0.000000
1653953908412216183 154.629510 0.000000
1653953908566687130 154.466312 0.000000
1653953908790278495 223.586222 0.000000
1653953908945012303 154.728510 0.000000
1653953909100504680 155.488506 0.000000
1653953909255806864 155.298786 0.000000
1653953909410240525 154.429616 0.000000
1653953909564601706 154.357429 0.000000
1653953909719696865 155.091450 0.000000
1653953909875287023 155.586295 0.000000
1653953910030515862 155.224378 0.000000
1653953910185979733 155.460102 0.000000
1653953910341291053 155.306945 0.000000
1653953910496824635 155.529853 0.000000
1653953910651188371 154.360018 0.000000
1653953911050675111 399.482976 0.000000
1653953911205633922 154.952762 0.000000
1653953911594205559 388.567785 0.000000
1653953911750295236 156.085026 0.000000
1653953911905452864 155.152792 0.000000
1653953912060730951 155.274159 0.000000
1653953912216192801 155.457965 0.000000
1653953912370907048 154.710528 0.000000
1653953912526413778 155.502646 0.000000
1653953912681772633 155.354986 0.000000
1653953912837762715 155.985999 0.000000
1653953912992857552 155.090722 0.000000
1653953913148181756 155.320306 0.000000
1653953913302928028 154.741796 0.000000
1653953913457560590 154.628763 0.000000
1653953913612961542 155.396833 0.000000
1653953913768340085 155.374730 0.000000
1653953913923187474 154.843820 0.000000
1653953914078548214 155.356946 0.000000
1653953914233548691 154.996447 0.000000
1653953914389308377 155.755867 0.000000
1653953914544569385 155.257369 0.000000
1653953914698963242 154.389742 0.000000
1653953914853601204 154.633821 0.000000
1653953915011273588 157.668574 0.000000
1653953915166065335 154.787558 0.000000
1653953915320489717 154.420262 0.000000
1653953915476138170 155.644585 0.000000
1653953915630822336 154.680358 0.000000
1653953916029863705 399.037681 0.000000
1653953916185009831 155.141133 0.000000
1653953916341053573 156.039031 0.000000
1653953916495985059 154.923893 0.000000
1653953916651508015 155.519072 0.000000
1653953916806142134 154.630065 0.000000
1653953916961199814 155.053764 0.000000
1653953917116592351 155.386330 0.000000
1653953917271287157 154.690666 0.000000
1653953917425608324 154.316912 0.000000
1653953917580165850 154.553597 0.000000
1653953917734871486 154.702102 0.000000
1653953917890555829 155.680217 0.000000
1653953918045232766 154.672091 0.000000
1653953918202718574 157.481007 0.000000
1653953918358647503 155.925025 0.000000
1653953918513887366 155.235949 0.000000
1653953918970143489 456.252319 0.000000
1653953919125073556 154.924700 0.000000
1653953919280829814 155.750805 0.000000
1653953919726406701 445.572337 0.000000
1653953919881008179 154.594723 0.000000
1653953920035742155 154.730087 0.000000
1653953920191223423 155.477485 0.000000
1653953920346276022 155.048107 0.000000
1653953920501887020 155.607696 0.000000
1653953920657525624 155.634434 0.000000
1653953920812130514 154.600219 0.000000
1653953920967529681 155.395027 0.000000
1653953921122622912 155.089392 0.000000
1653953921278240357 155.613841 0.000000
1653953921433097453 154.853172 0.000000
1653953921587691619 154.590348 0.000000
1653953922219606367 631.911824 0.000000
1653953922374628201 155.016191 0.000000
1653953922529680747 155.046547 0.000000
1653953922685275263 155.590040 0.000000
1653953922841283631 156.003632 0.000000
1653953923292657447 451.369714 0.000000
1653953923447574693 154.912512 0.000000
1653953923602090240 154.510907 0.000000
1653953923756912140 154.818236 0.000000
1653953923912082285 155.166221 0.000000
1653953924067430452 155.344056 0.000000
1653953924222942772 155.507435 0.000000
1653953924377852755 154.906047 0.000000
1653953924533189140 155.332781 0.000000
1653953924933231928 400.038162 0.000000
1653953925379841422 446.604849 0.000000
1653953925534832789 154.986691 0.000000
1653953925689405575 154.568330 0.000000
1653953925844665728 155.256409 0.000000
1653953926464341091 619.671344 0.000000
1653953926618912417 154.566265 0.000000
1653953926773108095 154.189970 0.000000
1653953926928781099 155.669296 0.000000
1653953927083437482 154.652125 0.000000
1653953927239069244 155.627563 0.000000
1653953927393715468 154.642474 0.000000
1653953927549118616 155.398247 0.000000
1653953927704656139 155.534242 0.000000
1653953927859738805 155.078701 0.000000
1653953928015437967 155.695338 0.000000
1653953928170431850 154.990170 0.000000
1653953928325517332 155.081412 0.000000
1653953928480615512 155.093535 0.000000
1653953928635365268 154.745606 0.000000
1653953928790066697 154.697054 0.000000
1653953928946657216 156.586846 0.000000
1653953929102157236 155.495920 0.000000
1653953929257658268 155.496963 0.000000
1653953929412413260 154.750322 0.000000
1653953929566842350 154.423317 0.000000
1653953929722619574 155.773581 0.000000
1653953929877415833 154.792500 0.000000
1653953930032700121 155.279372 0.000000
1653953930188100143 155.396243 0.000000
1653953930342735381 154.631290 0.000000
1653953930497643981 154.880499 0.000000
1653953930652245987 154.598230 0.000000
1653953930807289085 155.033954 0.000000
1653953930962490014 155.195852 0.000000
1653953931117231876 154.737937 0.000000
1653953931272206970 154.970373 0.000000
1653953931427006721 154.795763 0.000000
1653953931581210963 154.199365 0.000000
1653953931737178794 155.963552 0.000000
1653953931892807513 155.624985 0.000000
1653953932049638596 156.827395 0.000000
1653953932204961858 155.318442 0.000000
1653953932360261256 155.295988 0.000000
1653953932514819421 154.554120 0.000000
1653953932669245794 154.422685 0.000000
1653953932824480010 155.230056 0.000000
1653953932979756474 155.271588 0.000000
1653953933134175620 154.415211 0.000000
1653953933288605160 154.425766 0.000000
1653953933444431031 155.822393 0.000000
1653953933599250137 154.815241 0.000000
1653953933753403786 154.149985 0.000000
1653953933907906491 154.498891 0.000000
1653953934062358939 154.448916 0.000000
1653953934519182797 456.820465 0.000000
1653953934673663987 154.476494 0.000000
1653953934828643641 154.975534 0.000000
1653953934982957351 154.309877 0.000000
1653953935138795316 155.833745 0.000000
1653953935295209063 156.409507 0.000000
1653953935450036690 154.823994 0.000000
1653953935605341948 155.301827 0.000000
1653953936062367453 457.020709 0.000000
1653953936217021440 154.649316 0.000000
1653953936371772672 154.746687 0.000000
1653953936526770553 154.992469 0.000000
1653953936681435820 154.660862 0.000000
1653953936836388856 154.949628 0.000000
1653953936990908150 154.514377 0.000000
1653953937145796010 154.883971 0.000000
1653953937300327882 154.527773 0.000000
1653953937455480386 155.148671 0.000000
1653953937609954473 154.470345 0.000000
1653953937765183743 155.221362 0.000000
1653953937920585267 155.396703 0.000000
1653953938075012877 154.423125 0.000000
1653953938230235835 155.217596 0.000000
1653953938385883400 155.643477 0.000000
1653953938542546191 156.658781 0.000000
1653953938697680924 155.130959 0.000000
1653953938852695147 155.009898 0.000000
1653953939007538178 154.839111 0.000000
1653953939163274624 155.732146 0.000000
1653953939318921308 155.642574 0.000000
1653953939473383623 154.458080 0.000000
1653953939628925136 155.519072 0.000000
1653953939783601855 154.672428 0.000000
1653953939939182635 155.576084 0.000000
1653953940093911805 154.724940 0.000000
1653953940248800020 154.884451 0.000000
1653953940403740757 154.936898 0.000000
1653953940559394141 155.649575 0.000000
1653953940714308321 154.909860 0.000000
1653953941172084999 457.772173 0.000000
1653953941326789110 154.698984 0.000000
1653953941482114692 155.321117 0.000000
1653953941637178595 155.058104 0.000000
1653953941794136408 156.954144 0.000000
1653953941949918869 155.778807 0.000000
1653953942339127812 389.205099 0.000000
1653953942494827663 155.694755 0.000000
1653953942649470633 154.638013 0.000000
1653953942805179766 155.705144 0.000000
1653953942959755654 154.571934 0.000000
1653953943114817532 155.058124 0.000000
1653953943270040640 155.218993 0.000000
1653953943424593941 154.548555 0.000000
1653953943579326859 154.729230 0.000000
1653953943733826584 154.495976 0.000000
1653953943889247988 155.418184 0.000000
1653953944347156870 457.904965 0.000000
1653953944502718912 155.557839 0.000000
1653953944657986989 155.264183 0.000000
1653953944813031206 155.039150 0.000000
1653953944968936965 155.901790 0.000000
1653953945125706908 156.765713 0.000000
1653953945279974264 154.263061 0.000000
1653953945435280361 155.301547 0.000000
1653953945590780979 155.495875 0.000000
1653953946046832842 456.048483 0.000000
1653953946435314299 388.476654 0.000000
1653953946590738576 155.418438 0.000000
1653953946746163858 155.421133 0.000000
1653953946901602201 155.434614 0.000000
1653953947056357906 154.751937 0.000000
1653953947211800669 155.438798 0.000000
1653953947367067181 155.262107 0.000000
1653953947521538361 154.467568 0.000000
1653953947676910228 155.368529 0.000000
1653953948128787348 451.873521 0.000000
1653953948530574988 401.782493 0.000000
1653953948685349437 154.767759 0.000000
1653953948843870299 158.516353 0.000000
1653953949289095566 445.220401 0.000000
1653953949444501201 155.399220 0.000000
1653953949599220407 154.714690 0.000000
1653953949754741335 155.516738 0.000000
1653953949910349431 155.604288 0.000000
1653953950065864216 155.510966 0.000000
1653953950220877444 155.009204 0.000000
1653953950376643930 155.761757 0.000000
1653953950531723686 155.076225 0.000000
1653953950686921424 155.193628 0.000000
1653953950841503545 154.578257 0.000000
1653953950996595697 155.086905 0.000000
1653953951151628806 155.029371 0.000000
1653953951306445613 154.812702 0.000000
1653953951462107007 155.657861 0.000000
1653953951616991707 154.880775 0.000000
1653953951771846767 154.851161 0.000000
1653953951927704794 155.854388 0.000000
1653953952083017995 155.308635 0.000000
1653953952237845876 154.823768 0.000000
1653953952393413528 155.563577 0.000000
1653953952548581836 155.162924 0.000000
1653953952703468828 154.883922 0.000000
1653953952858739438 155.267428 0.000000
1653953953013954509 155.210958 0.000000
1653953953169666522 155.707898 0.000000
1653953953324895982 155.225581 0.000000
1653953953479994689 155.095264 0.000000
1653953953635707353 155.708279 0.000000
1653953953791185796 155.474881 0.000000
1653953953945710449 154.520788 0.000000
1653953954100543748 154.829340 0.000000
1653953954255814164 155.266607 0.000000
1653953954411312429 155.494583 0.000000
1653953954566178769 154.861870 0.000000
1653953954721483144 155.300019 0.000000
1653953954877493194 156.005169 0.000000
1653953955033335392 155.838567 0.000000
1653953955188785440 155.446658 0.000000
1653953955345230925 156.440638 0.000000
1653953955500785598 155.549631 0.000000
1653953955656314266 155.524132 0.000000
1653953955811733435 155.415227 0.000000
1653953956037234603 225.496322 0.000000
1653953956193044327 155.804452 0.000000
1653953956638870655 445.820701 0.000000
1653953956793701589 154.825601 0.000000
1653953956949258901 155.553132 0.000000
1653953957103991095 154.728310 0.000000
1653953957493572380 389.576845 0.000000
1653953957648646724 155.068892 0.000000
1653953957804067995 155.417637 0.000000
1653953957958816108 154.743241 0.000000
1653953958114470819 155.651152 0.000000
1653953958270546450 156.071517 0.000000
1653953958426247510 155.697001 0.000000
1653953958581810772 155.558997 0.000000
1653953958738329896 156.515708 0.000000
1653953958894460066 156.125389 0.000000
1653953959050242395 155.777423 0.000000
1653953959206044745 155.798828 0.000000
1653953959361499664 155.451400 0.000000
1653953959516588882 155.085208 0.000000
1653953959671814302 155.221622 0.000000
1653953959827389720 155.571451 0.000000
1653953959982977437 155.583357 0.000000
1653953960138333676 155.352631 0.000000
1653953960589967257 451.629416 0.000000
1653953960745922107 155.950048 0.000000
1653953960900235897 154.309671 0.000000
1653953961054838083 154.597571 0.000000
1653953961210741448 155.899213 0.000000
1653953961366641276 155.896064 0.000000
1653953961521787411 155.142388 0.000000
1653953961677469221 155.678262 0.000000
1653953961833181743 155.708668 0.000000
1653953961990542541 157.356624 0.000000
1653953962446832489 456.285509 0.000000
1653953962602358001 155.520695 0.000000
1653953962757997052 155.635192 0.000000
1653953962912555566 154.554891 0.000000
1653953963067923962 155.364206 0.000000
1653953963223153660 155.225632 0.000000
1653953963378627121 155.469914 0.000000
1653953963534011084 155.378410 0.000000
1653953963986907954 452.892882 0.000000
1653953964141829330 154.916060 0.000000
1653953964296141593 154.308479 0.000000
1653953964450752819 154.607152 0.000000
1653953964605858379 155.100909 0.000000
1653953964761600624 155.738190 0.000000
1653953964917361117 155.756649 0.000000
1653953965072559578 155.194191 0.000000
1653953965227157492 154.593549 0.000000
1653953965383906993 156.745473 0.000000
1653953965538508948 154.597930 0.000000
1653953965694059597 155.546175 0.000000
1653953965849840022 155.776425 0.000000
1653953966250079838 400.236566 0.000000
1653953966404915576 154.830957 0.000000
1653953966559770303 154.850692 0.000000
1653953966715800266 156.025919 0.000000
1653953966871284748 155.480562 0.000000
1653953967026241044 154.952762 0.000000
1653953967181007232 154.762291 0.000000
1653953967336691219 155.678945 0.000000
1653953968037741261 701.046020 0.000000
1653953968193382286 155.635190 0.000000
1653953968349444304 156.057948 0.000000
1653953968504936382 155.487487 0.000000
1653953968659167694 154.226987 0.000000
1653953969116280286 457.108522 0.000000
1653953969272255843 155.971182 0.000000
1653953969426815649 154.555696 0.000000
1653953969582593490 155.772059 0.000000
1653953970029391772 446.794308 0.000000
1653953970184235076 154.838734 0.000000
1653953970340129804 155.890859 0.000000
1653953970495572291 155.437761 0.000000
1653953970650956002 155.379075 0.000000
1653953970805502942 154.542976 0.000000
1653953970959791361 154.284400 0.000000
1653953971115230326 155.434950 0.000000
1653953971560872408 445.638163 0.000000
1653953971716217128 155.339774 0.000000
1653953971871087094 154.865766 0.000000
1653953972025872258 154.781662 0.000000
1653953972181467795 155.591453 0.000000
1653953972336798742 155.326081 0.000000
1653953972494162767 157.360230 0.000000
1653953972649644775 155.478234 0.000000
1653953972804914670 155.265776 0.000000
1653953973193955727 389.036973 0.000000
1653953973349050852 155.090007 0.000000
1653953973504296225 155.241168 0.000000
1653953973659802740 155.499038 0.000000
1653953973815590836 155.783881 0.000000
1653953973970169754 154.574183 0.000000
1653953974125209740 155.036377 0.000000
1653953974280560804 155.347024 0.000000
1653953974436429451 155.864217 0.000000
1653953974591144165 154.710681 0.000000
1653953974745893190 154.743251 0.000000
1653953974901760243 155.862983 0.000000
1653953975056655438 154.891416 0.000000
1653953975513617027 456.957599 0.000000
1653953975667951104 154.329718 0.000000
1653953975823543935 155.588340 0.000000
1653953975979057462 155.509132 0.000000
1653953976134378691 155.316899 0.000000
1653953976290054649 155.670470 0.000000
1653953976444714235 154.655466 0.000000
1653953976599501128 154.782272 0.000000
1653953976753973207 154.467953 0.000000
1653953976909138357 155.160978 0.000000
1653953977064581682 155.438484 0.000000
1653953977219799430 155.212617 0.000000
1653953977375585725 155.781062 0.000000
1653953977531003343 155.413683 0.000000
1653953977685758992 154.751410 0.000000
1653953978132206492 446.443228 0.000000
1653953978287050177 154.839109 0.000000
1653953978441933632 154.878554 0.000000
1653953978843234386 401.296794 0.000000
1653953979290461644 447.221119 0.000000
1653953979446320808 155.854032 0.000000
1653953979601594887 155.269233 0.000000
1653953979756815361 155.216443 0.000000
1653953979911804498 154.984922 0.000000
1653953980066530869 154.721976 0.000000
1653953980221202943 154.668255 0.000000
1653953980376876545 155.668731 0.000000
1653953980531775538 154.894813 0.000000
1653953980687073381 155.293974 0.000000
1653953980841758723 154.681193 0.000000
1653953980997208724 155.446206 0.000000
1653953981152493198 155.279996 0.000000
1653953981307766309 155.269778 0.000000
1653953981463461305 155.690987 0.000000
1653953981617943518 154.478284 0.000000
1653953981772670179 154.722606 0.000000
1653953981926984181 154.310188 0.000000
1653953982316155502 389.167482 0.000000
1653953982470975575 154.814886 0.000000
1653953982923834269 452.853632 0.000000
1653953983079177499 155.338671 0.000000
1653953983233853253 154.671731 0.000000
1653953983389032616 155.175259 0.000000
1653953983544512502 155.476088 0.000000
1653953983699087460 154.571344 0.000000
1653953983854309508 155.217242 0.000000
1653953984010520163 156.206716 0.000000
1653953984165337164 154.812841 0.000000
1653953984320685233 155.344292 0.000000
1653953984476452247 155.763335 0.000000
1653953984631459580 155.002932 0.000000
1653953984785994380 154.530239 0.000000
1653953984941913417 155.915123 0.000000
1653953985096683915 154.766138 0.000000
1653953985251201710 154.513099 0.000000
1653953985406916642 155.710547 0.000000
1653953985562259274 155.337114 0.000000
1653953985716979841 154.716106 0.000000
1653953985872097052 155.113056 0.000000
1653953986027053136 154.952563 0.000000
1653953986183721568 156.665100 0.000000
1653953986339487376 155.761975 0.000000
1653953986494068915 154.577167 0.000000
1653953986648282412 154.209734 0.000000
1653953986803010726 154.724425 0.000000
1653953986958617181 155.602450 0.000000
1653953987114375123 155.753538 0.000000
1653953987270478093 156.098514 0.000000
1653953987425154671 154.672789 0.000000
1653953987580677247 155.518777 0.000000
1653953987736524273 155.843339 0.000000
1653953987891861469 155.333658 0.000000
1653953988290864226 398.998752 0.000000
1653953988446344506 155.475691 0.000000
1653953988601861279 155.513687 0.000000
1653953988757333782 155.468874 0.000000
1653953988913434837 156.090029 0.000000
1653953989068356084 154.917158 0.000000
1653953989223046737 154.686573 0.000000
1653953989379884929 156.834492 0.000000
1653953989535460300 155.571533 0.000000
1653953989690992332 155.528068 0.000000
1653953989846559500 155.563244 0.000000
1653953990001714064 155.150550 0.000000
1653953990156889888 155.170952 0.000000
1653953990312015840 155.121787 0.000000
1653953990467193373 155.173503 0.000000
1653953990622736591 155.539314 0.000000
1653953990778348583 155.608033 0.000000
1653953990933927068 155.574841 0.000000
1653953991089745585 155.815054 0.000000
1653953991244699172 154.949773 0.000000
1653953991399312152 154.609071 0.000000
1653953991554641838 155.325666 0.000000
1653953991950051831 395.406914 0.000000
1653953992106398240 156.340961 0.000000
1653953992261755395 155.351517 0.000000
1653953992417591358 155.831994 0.000000
1653953992574276790 156.681608 0.000000
1653953992729034912 154.754148 0.000000
1653953992884375648 155.336266 0.000000
1653953993040803963 156.424350 0.000000
1653953993195778543 154.970801 0.000000
1653953993351711979 155.929701 0.000000
1653953993751554343 399.838697 0.000000
1653953993907328927 155.769927 0.000000
1653953994063234221 155.901485 0.000000
1653953994219036475 155.798505 0.000000
1653953994375086480 156.046236 0.000000
1653953994530702822 155.612553 0.000000
1653953994685998608 155.292208 0.000000
1653953994841177759 155.175317 0.000000
1653953994996904131 155.722614 0.000000
1653953995151452982 154.544044 0.000000
1653953995306561107 155.103810 0.000000
1653953995462458803 155.893932 0.000000
1653953995618306173 155.843520 0.000000
1653953995773062904 154.753115 0.000000
1653953995928550607 155.483568 0.000000
1653953996083094998 154.540652 0.000000
1653953996238843731 155.745448 0.000000
1653953996393701279 154.853373 0.000000
1653953996549184446 155.479127 0.000000
1653953996704413777 155.225618 0.000000
1653953996860425398 156.007401 0.000000
1653953997015606272 155.177150 0.000000
1653953997171077867 155.466954 0.000000
1653953997326312852 155.230755 0.000000
1653953997481858108 155.541332 0.000000
1653953997927517316 445.654674 0.000000
1653953998082991146 155.468607 0.000000
1653953998238490566 155.494995 0.000000
1653953998394070071 155.575456 0.000000
1653953998549335807 155.261706 0.000000
1653953998705842567 156.502927 0.000000
1653953998861772899 155.926327 0.000000
1653953999016780625 155.002479 0.000000
1653953999172429522 155.644752 0.000000
1653953999328580320 156.147085 0.000000
1653953999483732863 155.148473 0.000000
1653953999638924156 155.188216 0.000000
1653953999794795304 155.865465 0.000000
1653953999950547896 155.748578 0.000000
1653954000105677136 155.124993 0.000000
1653954000261257612 155.577003 0.000000
1653954000416896821 155.634889 0.000000
1653954000571607392 154.706566 0.000000
1653954000726900571 155.288629 0.000000
1653954000882703661 155.799226 0.000000
1653954001038436232 155.728531 0.000000
1653954001497211055 458.770604 0.000000
1653954001652964840 155.749590 0.000000
1653954001808560693 155.590687 0.000000
1653954001964246831 155.682335 0.000000
1653954002120220216 155.969255 0.000000
1653954002276693081 156.468635 0.000000
1653954002431882143 155.186698 0.000000
1653954002587439333 155.553625 0.000000
1653954002742384013 154.940710 0.000000
1653954002898046104 155.658471 0.000000
1653954003053738297 155.687381 0.000000
1653954003209542237 155.800422 0.000000
1653954003364126402 154.580518 0.000000
1653954003519989367 155.859231 0.000000
1653954003675469954 155.476283 0.000000
1653954004285121128 609.647626 0.000000
1653954004440072349 154.946913 0.000000
1653954004594706807 154.629782 0.000000
1653954004749792255 155.080942 0.000000
1653954004904708255 154.912152 0.000000
1653954005060391942 155.679798 0.000000
1653954005215984326 155.588666 0.000000
1653954005370982734 154.993642 0.000000
1653954005526814109 155.827456 0.000000
1653954005682323595 155.505382 0.000000
1653954005838080041 155.752140 0.000000
1653954005993148212 155.063896 0.000000
1653954006148326393 155.174523 0.000000
1653954006303520937 155.190581 0.000000
1653954006459258531 155.733128 0.000000
1653954006615041175 155.779275 0.000000
1653954006770012981 154.967806 0.000000
1653954006925480590 155.463585 0.000000
1653954007081117331 155.631986 0.000000
1653954007236651902 155.531431 0.000000
1653954007392085446 155.429069 0.000000
1653954007547527176 155.437710 0.000000
1653954007702862457 155.330666 0.000000
1653954007859208447 156.341855 0.000000
1653954008014180314 154.966519 0.000000
1653954008169861488 155.677331 0.000000
1653954008325257551 155.392114 0.000000
1653954008480629284 155.366505 0.000000
1653954008635448774 154.815496 0.000000
1653954008790353111 154.899288 0.000000
1653954008945645726 155.287701 0.000000
1653954009101279660 155.629728 0.000000
1653954009255788951 154.505059 0.000000
1653954009411281328 155.487928 0.000000
1653954009635462924 224.177722 0.000000
1653954009790836469 155.369139 0.000000
1653954009947218312 156.377653 0.000000
1653954010102114888 154.892536 0.000000
1653954010257624028 155.505226 0.000000
1653954010413543898 155.915294 0.000000
1653954010569194747 155.646534 0.000000
1653954010724833654 155.634110 0.000000
1653954010880345785 155.507766 0.000000
1653954011036016068 155.665806 0.000000
1653954011191267643 155.246943 0.000000
1653954011346658921 155.388025 0.000000
1653954011502185973 155.523017 0.000000
1653954011657389116 155.198447 0.000000
1653954011812623437 155.230772 0.000000
1653954011968652686 156.025340 0.000000
1653954012124307610 155.651172 0.000000
1653954012281328959 157.016466 0.000000
1653954012436629458 155.296841 0.000000
1653954012592419205 155.785778 0.000000
1653954012748035280 155.612232 0.000000
1653954012903730570 155.691978 0.000000
1653954013059329383 155.594784 0.000000
1653954013515601769 456.268236 0.000000
1653954013670925429 155.317777 0.000000
1653954014135027691 464.097795 0.000000
1653954014290357606 155.325365 0.000000
1653954014514320639 223.957366 0.000000
1653954014669553430 155.226939 0.000000
1653954014824315633 154.758013 0.000000
1653954014979416759 155.097648 0.000000
1653954015135214769 155.793956 0.000000
1653954015290746771 155.527979 0.000000
1653954015446736496 155.985446 0.000000
1653954015602219661 155.479854 0.000000
1653954015759223970 156.999733 0.000000
1653954015914807332 155.578831 0.000000
1653954016070034029 155.222358 0.000000
1653954016463956773 393.917957 0.000000
1653954016619979217 156.018462 0.000000
1653954016775389601 155.406120 0.000000
1653954016931426958 156.032686 0.000000
1653954017332280378 400.848423 0.000000
1653954017487947720 155.662706 0.000000
1653954017642786945 154.834973 0.000000
1653954017798024826 155.233711 0.000000
1653954017952701949 154.673369 0.000000
1653954018410025771 457.319863 0.000000
1653954018565359181 155.328924 0.000000
1653954018720254317 154.891312 0.000000
1653954019109450099 389.191447 0.000000
1653954019264769552 155.313874 0.000000
1653954019421611408 156.836153 0.000000
1653954019577055495 155.439618 0.000000
1653954019732797419 155.737839 0.000000
1653954019888116471 155.314842 0.000000
1653954020043180770 155.060490 0.000000
1653954020199104888 155.919543 0.000000
1653954020354223012 155.113920 0.000000
1653954020510157891 155.931135 0.000000
1653954020665734954 155.572909 0.000000
1653954020821304851 155.564923 0.000000
1653954020977477061 156.167283 0.000000
1653954021132698305 155.217435 0.000000
1653954021288419766 155.717828 0.000000
1653954021443625799 155.187730 0.000000
1653954021599592421 155.962808 0.000000
1653954021754794651 155.198492 0.000000
1653954021910027837 155.229101 0.000000
1653954022065801024 155.769122 0.000000
1653954022221305025 155.499856 0.000000
1653954022375962022 154.652923 0.000000
1653954022532148905 156.182342 0.000000
1653954022688664613 156.510611 0.000000
1653954022844272921 155.604213 0.000000
1653954022999856663 155.580013 0.000000
1653954023155116240 155.255843 0.000000
1653954023311079493 155.958723 0.000000
1653954023466513265 155.429033 0.000000
1653954023622308243 155.790670 0.000000
1653954023777496250 155.184423 0.000000
1653954023932672920 155.170817 0.000000
1653954024088795217 156.118068 0.000000
1653954024244265560 155.466725 0.000000
1653954024399691820 155.422265 0.000000
1653954024555936156 156.239996 0.000000
1653954025012842816 456.902881 0.000000
1653954025167952365 155.103386 0.000000
1653954025325137272 157.180624 0.000000
1653954025480356932 155.213981 0.000000
1653954025635092887 154.731619 0.000000
1653954025790850322 155.753491 0.000000
1653954025947741456 156.887100 0.000000
1653954026102874199 155.128798 0.000000
1653954026258030681 155.152618 0.000000
1653954026706233339 448.198623 0.000000
1653954026861757155 155.518073 0.000000
1653954027016976243 155.215039 0.000000
1653954027172232121 155.251950 0.000000
1653954027630354275 458.118506 0.000000
1653954027786633230 156.274054 0.000000
1653954027942136084 155.499513 0.000000
1653954028097406827 155.266643 0.000000
1653954028252263437 154.852761 0.000000
1653954028408263756 155.996139 0.000000
1653954028563568007 155.288490 0.000000
1653954028718803132 155.231216 0.000000
1653954028874547561 155.740665 0.000000
1653954029029837458 155.286133 0.000000
1653954029185792206 155.951124 0.000000
1653954029341512042 155.716082 0.000000
1653954029496840319 155.324012 0.000000
1653954029652556652 155.712259 0.000000
1653954029808947017 156.386130 0.000000
1653954029964998139 156.046436 0.000000
1653954030120615652 155.612161 0.000000
1653954030276169468 155.549832 0.000000
1653954030431523960 155.350332 0.000000
1653954030587544085 156.016226 0.000000
1653954031039301983 451.753904 0.000000
1653954031194630941 155.324106 0.000000
1653954031351738663 157.102018 0.000000
1653954031507049634 155.306614 0.000000
1653954031662500360 155.447949 0.000000
1653954031818713137 156.208517 0.000000
1653954031974441674 155.724503 0.000000
1653954032130688153 156.241900 0.000000
1653954032286422357 155.729890 0.000000
1653954032442316742 155.890143 0.000000
1653954032598154846 155.828999 0.000000
1653954032753960476 155.801852 0.000000
1653954032909282909 155.317411 0.000000
1653954033064917136 155.630333 0.000000
1653954033219818945 154.897814 0.000000
1653954033375187384 155.364053 0.000000
1653954033773116916 397.925578 0.000000
1653954033928690553 155.568740 0.000000
1653954034084592743 155.897965 0.000000
1653954034240131467 155.534926 0.000000
1653954034395489372 155.353509 0.000000
1653954034550764168 155.270727 0.000000
1653954034706289441 155.520628 0.000000
1653954034861861254 155.567803 0.000000
1653954035018007481 156.141662 0.000000
1653954035173352340 155.340609 0.000000
1653954035329639293 156.283039 0.000000
1653954035485760472 156.117330 0.000000
1653954035641333632 155.570046 0.000000
1653954035796524823 155.187057 0.000000
1653954035951531621 155.002849 0.000000
1653954036107324281 155.788660 0.000000
1653954036262471887 155.143837 0.000000
1653954036418470896 155.995276 0.000000
1653954036573424506 154.948924 0.000000
1653954036728818992 155.390667 0.000000
1653954036883900831 155.078680 0.000000
1653954037039400316 155.496147 0.000000
1653954037194602783 155.198639 0.000000
1653954037351020486 156.413908 0.000000
1653954037506718947 155.694332 0.000000
1653954037662507621 155.784876 0.000000
1653954037817460244 154.948934 0.000000
1653954037973210194 155.746152 0.000000
1653954038127713953 154.499759 0.000000
1653954038282953968 155.236016 0.000000
1653954038742355246 459.396207 0.000000
1653954038897619900 155.260063 0.000000
1653954039053410632 155.786830 0.000000
1653954039209799288 156.383480 0.000000
1653954039366386984 156.584047 0.000000
1653954039522042384 155.650794 0.000000
1653954039677799270 155.752390 0.000000
1653954040124619228 446.814896 0.000000
1653954040279611261 154.987257 0.000000
1653954040434231740 154.615142 0.000000
1653954040590156887 155.920571 0.000000
1653954040745564842 155.403675 0.000000
1653954040901763631 156.194800 0.000000
1653954041056776627 155.009338 0.000000
1653954041212169808 155.389522 0.000000
1653954041367833479 155.660069 0.000000
1653954041523411693 155.574583 0.000000
1653954041678599010 155.183192 0.000000
1653954041834686494 156.083640 0.000000
1653954041989620356 154.928736 0.000000
1653954042145306532 155.682162 0.000000
1653954042300886793 155.575760 0.000000
1653954042687930488 387.039982 0.000000
1653954042843376311 155.441067 0.000000
1653954042999527247 156.146586 0.000000
1653954043154625231 155.090101 0.000000
1653954043310496764 155.867298 0.000000
1653954043466232225 155.731326 0.000000
1653954043622130137 155.893718 0.000000
1653954043777662642 155.528104 0.000000
1653954043932507387 154.840536 0.000000
1653954044088761904 156.249926 0.000000
1653954044244679955 155.914868 0.000000
1653954044400359064 155.672238 0.000000
1653954044556426481 156.063814 0.000000
1653954044712258722 155.828507 0.000000
1653954044867704309 155.441718 0.000000
1653954045266608293 398.900113 0.000000
1653954045422057402 155.444524 0.000000
1653954045822229492 400.168181 0.000000
1653954045977386041 155.152365 0.000000
1653954046134657763 157.266630 0.000000
1653954046291070152 156.407327 0.000000
1653954046446234299 155.150987 0.000000
1653954046602320479 156.082231 0.000000
1653954046758533079 156.208611 0.000000
1653954046914484551 155.947633 0.000000
1653954047070286720 155.798229 0.000000
1653954047226172411 155.882021 0.000000
1653954048138253183 912.075986 0.000000
1653954048293616743 155.358313 0.000000
1653954048449336146 155.714441 0.000000
1653954048604573934 155.233508 0.000000
1653954048760384349 155.806084 0.000000
1653954048915261132 154.872510 0.000000
1653954049070410726 155.145462 0.000000
1653954049615954600 545.540135 0.000000
1653954049770856177 154.896380 0.000000
1653954049926347845 155.487644 0.000000
1653954050083538928 157.187414 0.000000
1653954050239214128 155.669913 0.000000
1653954050394428928 155.210736 0.000000
1653954050549946982 155.514208 0.000000
1653954050705404811 155.452960 0.000000
1653954050861538472 156.129591 0.000000
1653954051016794893 155.252361 0.000000
1653954051407130832 390.332192 0.000000
1653954051563914749 156.779336 0.000000
1653954051720219226 156.300208 0.000000
1653954051875708047 155.484821 0.000000
1653954052031194804 155.482842 0.000000
1653954052186366232 155.167620 0.000000
1653954052341833890 155.463618 0.000000
1653954052497580761 155.742841 0.000000
1653954052653889232 156.304332 0.000000
1653954052809409757 155.516546 0.000000
1653954052966277729 156.863211 0.000000
1653954053121833631 155.550364 0.000000
1653954053277577028 155.739513 0.000000
1653954053433292637 155.711429 0.000000
1653954053588721794 155.425368 0.000000
1653954053743957121 155.231167 0.000000
1653954053899471301 155.510386 0.000000
1653954054055144545 155.667711 0.000000
1653954054210995939 155.847434 0.000000
1653954054366702265 155.702628 0.000000
1653954054522243598 155.538023 0.000000
1653954054677817848 155.569609 0.000000
1653954054832657320 154.835282 0.000000
1653954054987635374 154.974160 0.000000
1653954055143330012 155.690453 0.000000
1653954055299368756 156.034574 0.000000
1653954055455132291 155.759185 0.000000
1653954055912526706 457.390717 0.000000
1653954056067758284 155.226812 0.000000
1653954056458313486 390.551374 0.000000
1653954056614487103 156.169174 0.000000
1653954056771748359 157.257472 0.000000
1653954056927694728 155.942300 0.000000
1653954057083447788 155.749085 0.000000
1653954057238703662 155.251599 0.000000
1653954057394460290 155.752901 0.000000
1653954057549798922 155.334849 0.000000
1653954057704644157 154.841598 0.000000
1653954057860330957 155.683017 0.000000
1653954058016984364 156.648711 0.000000
1653954058172221580 155.232786 0.000000
1653954058327661521 155.436268 0.000000
1653954058483604031 155.938572 0.000000
1653954058639119313 155.511057 0.000000
1653954059332035582 692.912370 0.000000
1653954059488082449 156.041805 0.000000
1653954059934783011 446.695520 0.000000
1653954060091509853 156.721715 0.000000
1653954060247415968 155.901118 0.000000
1653954060403754243 156.332496 0.000000
1653954060559812161 156.053382 0.000000
1653954060715543525 155.727159 0.000000
1653954061168113573 452.565960 0.000000
1653954061323040402 154.921270 0.000000
1653954061478305256 155.259878 0.000000
1653954061634437410 156.127943 0.000000
1653954061789520634 155.079634 0.000000
1653954061945134656 155.609568 0.000000
1653954062100697100 155.559638 0.000000
1653954062255892222 155.191433 0.000000
1653954062411261464 155.365142 0.000000
1653954062567423930 156.158191 0.000000
1653954062962647360 395.218993 0.000000
1653954063118086946 155.435293 0.000000
1653954063274213664 156.121966 0.000000
1653954063429204259 154.986627 0.000000
1653954063818694304 389.486238 0.000000
1653954064272615322 453.915760 0.000000
1653954064427898980 155.278181 0.000000
1653954064583669730 155.766013 0.000000
1653954064739297152 155.622621 0.000000
1653954064894869451 155.567513 0.000000
1653954065050614054 155.740113 0.000000
1653954065451745026 401.125069 0.000000
1653954065608731043 156.981046 0.000000
1653954065764717387 155.982573 0.000000
1653954065920477892 155.756738 0.000000
1653954066075339952 154.858784 0.000000
1653954066230653291 155.293059 0.000000
1653954066386408725 155.750998 0.000000
1653954066610488914 224.076615 0.000000
1653954066766649018 156.156020 0.000000
1653954067166770017 400.113847 0.000000
1653954067322097966 155.322862 0.000000
1653954067478470350 156.368420 0.000000
1653954067634556207 156.081251 0.000000
1653954067789989898 155.430399 0.000000
1653954068237549974 447.555625 0.000000
1653954068392894573 155.338517 0.000000
1653954068548124616 155.225843 0.000000
1653954068950612114 402.483604 0.000000
1653954069106068904 155.452415 0.000000
1653954069262751738 156.678529 0.000000
1653954069417528432 154.772098 0.000000
1653954069573392841 155.860554 0.000000
1653954069728567387 155.170447 0.000000
1653954069883399855 154.824855 0.000000
1653954070039176557 155.773054 0.000000
1653954070195594301 156.414020 0.000000
1653954070350526763 154.928367 0.000000
1653954070505738070 155.206492 0.000000
1653954070661020925 155.279006 0.000000
1653954070816563007 155.538003 0.000000
1653954070973315724 156.748648 0.000000
1653954071129009489 155.689470 0.000000
1653954071284610889 155.597420 0.000000
1653954071440191547 155.576433 0.000000
1653954071595882279 155.685530 0.000000
1653954071751950008 156.062748 0.000000
1653954071907688924 155.734766 0.000000
1653954072063984131 156.291087 0.000000
1653954072219581277 155.593367 0.000000
1653954072374499659 154.914668 0.000000
1653954072530752855 156.249427 0.000000
1653954072686076731 155.319440 0.000000
1653954072841741639 155.661559 0.000000
1653954072997592222 155.847334 0.000000
1653954073153862852 156.267312 0.000000
1653954073309477268 155.610256 0.000000
1653954073464963520 155.481827 0.000000
1653954073620405318 155.437539 0.000000
1653954073775938821 155.528907 0.000000
1653954073931894023 155.951433 0.000000
1653954074087751423 155.853622 0.000000
1653954074243597080 155.841939 0.000000
1653954074398927403 155.325668 0.000000
1653954074787950907 389.020095 0.000000
1653954074944063239 156.106609 0.000000
1653954075099940591 155.871684 0.000000
1653954075255868906 155.924651 0.000000
1653954075411082940 155.209138 0.000000
1653954075566638522 155.551817 0.000000
1653954075722498799 155.856539 0.000000
1653954075877619126 155.116031 0.000000
1653954076033096522 155.473568 0.000000
1653954076189051765 155.950882 0.000000
1653954076344774982 155.719515 0.000000
1653954076500931868 156.152310 0.000000
1653954076656606353 155.669468 0.000000
1653954076813145602 156.535069 0.000000
1653954076967976028 154.826241 0.000000
1653954077125125547 157.144656 0.000000
1653954077280132225 155.002302 0.000000
1653954077436361063 156.224869 0.000000
1653954077591760904 155.395807 0.000000
1653954077747572000 155.807407 0.000000
1653954077902656446 155.080201 0.000000
1653954078057719968 155.060618 0.000000
1653954078214292399 156.568648 0.000000
1653954078369674203 155.378273 0.000000
1653954078815565607 445.887801 0.000000
1653954078970868968 155.298760 0.000000
1653954079126653889 155.779859 0.000000
1653954079583493119 456.835071 0.000000
1653954079739136691 155.638053 0.000000
1653954079894677911 155.537230 0.000000
1653954080347317582 452.635336 0.000000
1653954080503119624 155.797427 0.000000
1653954080658912126 155.787396 0.000000
1653954080814619639 155.704368 0.000000
1653954080969543647 154.920020 0.000000
1653954081125213311 155.666450 0.000000
1653954081571957465 446.740013 0.000000
1653954081727190518 155.225626 0.000000
1653954081881931763 154.736719 0.000000
1653954082037777856 155.842039 0.000000
1653954082193358667 155.576160 0.000000
1653954082348765869 155.402952 0.000000
1653954082504218798 155.448699 0.000000
1653954082659794968 155.572391 0.000000
1653954082816796351 156.996998 0.000000
1653954082973085994 156.285248 0.000000
1653954083128744456 155.653029 0.000000
1653954083284171203 155.423035 0.000000
1653954083439655004 155.479646 0.000000
1653954083595112944 155.453319 0.000000
1653954083750466597 155.349894 0.000000
1653954083905928286 155.456447 0.000000
1653954084061559168 155.626855 0.000000
1653954084218181084 156.616979 0.000000
1653954084374530527 156.345544 0.000000
1653954084529756889 155.221511 0.000000
1653954084684863773 155.102985 0.000000
1653954084840308918 155.441147 0.000000
1653954085286337186 446.024401 0.000000
1653954085441565173 155.222728 0.000000
1653954085666974326 225.404710 0.000000
1653954085821795441 154.816122 0.000000
1653954085977558245 155.758168 0.000000
1653954086133282901 155.719774 0.000000
1653954086288480369 155.193685 0.000000
1653954086444276030 155.791907 0.000000
1653954086600050229 155.770340 0.000000
1653954086755590661 155.535991 0.000000
1653954086911496252 155.901456 0.000000
1653954087066926271 155.425910 0.000000
1653954087523052507 456.122582 0.000000
1653954087679049233 155.991573 0.000000
1653954087836481002 157.427718 0.000000
1653954087992345767 155.860139 0.000000
1653954088147676109 155.326399 0.000000
1653954088303226625 155.545975 0.000000
1653954088459466391 156.235743 0.000000
1653954088615003676 155.534304 0.000000
1653954088770507843 155.498970 0.000000
1653954088925586469 155.074864 0.000000
1653954089081346818 155.756166 0.000000
1653954089237386535 156.035668 0.000000
1653954089392727057 155.336768 0.000000
1653954089548846663 156.115122 0.000000
1653954089705561302 156.710805 0.000000
1653954089862241360 156.676520 0.000000
1653954090017772956 155.527892 0.000000
1653954090470305576 452.528226 0.000000
1653954090625992643 155.681920 0.000000
1653954090782212444 156.214463 0.000000
1653954090938413747 156.196612 0.000000
1653954091391057751 452.640055 0.000000
1653954091546012891 154.950494 0.000000
1653954091701993355 155.975387 0.000000
1653954091858325201 156.327446 0.000000
1653954092013672413 155.343057 0.000000
1653954092169424311 155.747748 0.000000
1653954092324407225 154.979095 0.000000
1653954092480359874 155.948655 0.000000
1653954092870545251 390.181493 0.000000
1653954093027420631 156.870602 0.000000
1653954093183334904 155.910254 0.000000
1653954093340021785 156.682731 0.000000
1653954093496726282 156.699305 0.000000
1653954093943939106 447.207567 0.000000
1653954094099517345 155.571223 0.000000
1653954094255263914 155.741242 0.000000
1653954094411623845 156.355781 0.000000
1653954094567190622 155.562773 0.000000
1653954094722929283 155.734661 0.000000
1653954094878509481 155.575994 0.000000
1653954095034913644 156.398945 0.000000
1653954095190804159 155.886310 0.000000
1653954095346112740 155.304218 0.000000
1653954095501508936 155.392380 0.000000
1653954095656446610 154.933905 0.000000
1653954095813372872 156.922384 0.000000
1653954095969302663 155.925561 0.000000
1653954096124717220 155.410553 0.000000
1653954096280166640 155.444991 0.000000
1653954096435611397 155.441135 0.000000
1653954096591274503 155.658500 0.000000
1653954096747884385 156.606033 0.000000
1653954097200104529 452.215242 0.000000
1653954097355321931 155.211480 0.000000
1653954097511498785 156.171883 0.000000
1653954097666894404 155.391820 0.000000
1653954097822349552 155.450908 0.000000
1653954097977809114 155.454580 0.000000
1653954098134749834 156.936736 0.000000
1653954098289786994 155.033136 0.000000
1653954098445789097 155.998119 0.000000
1653954098601243853 155.450782 0.000000
1653954098755992273 154.744601 0.000000
1653954098912680065 156.683718 0.000000
1653954099068794424 156.110144 0.000000
1653954099224180946 155.382042 0.000000
1653954099381258599 157.073589 0.000000
1653954099536717490 155.455066 0.000000
1653954099692453059 155.731384 0.000000
1653954099848306391 155.848546 0.000000
1653954100005616770 157.306155 0.000000
1653954100161547341 155.926227 0.000000
1653954100318654584 157.099532 0.000000
1653954100474595339 155.935227 0.000000
1653954100630420296 155.820521 0.000000
1653954100786463033 156.038101 0.000000
1653954100941933060 155.466208 0.000000
1653954101097805837 155.869044 0.000000
1653954101253889845 156.080378 0.000000
1653954101409388112 155.493661 0.000000
1653954101564923135 155.529560 0.000000
1653954101719698641 154.771462 0.000000
1653954101875500604 155.797803 0.000000
1653954102030679194 155.174484 0.000000
1653954102186586731 155.904014 0.000000
1653954102342157591 155.566752 0.000000
1653954102497952590 155.791695 0.000000
1653954102652494076 154.537630 0.000000
1653954102807855580 155.357548 0.000000
1653954102963314001 155.454393 0.000000
1653954103119515345 156.197958 0.000000
1653954103275589399 156.069348 0.000000
1653954103432543390 156.949731 0.000000
1653954103588167814 155.619458 0.000000
1653954103744277355 156.104815 0.000000
1653954103899594312 155.313306 0.000000
1653954104352654380 453.055307 0.000000
1653954104742203493 389.544207 0.000000
1653954105131771981 389.563638 0.000000
1653954105286748886 154.971512 0.000000
1653954105442457326 155.703309 0.000000
1653954105597836897 155.374333 0.000000
1653954105754503388 156.661690 0.000000
1653954105909733531 155.225958 0.000000
1653954106064843064 155.105053 0.000000
1653954106220512298 155.665174 0.000000
1653954106444552346 224.035482 0.000000
1653954106600426491 155.869740 0.000000
1653954106756201751 155.770935 0.000000
1653954106911439802 155.234117 0.000000
1653954107312980884 401.535950 0.000000
1653954107468433013 155.447048 0.000000
1653954107624199746 155.762578 0.000000
1653954107780261314 156.056691 0.000000
1653954107934970180 154.704933 0.000000
1653954108090588881 155.614848 0.000000
1653954108246122785 155.529603 0.000000
1653954108401484057 155.357333 0.000000
1653954108557488094 155.999812 0.000000
1653954108714035243 156.542498 0.000000
1653954108869836023 155.796129 0.000000
1653954109025365170 155.524678 0.000000
1653954109180798515 155.429505 0.000000
1653954109337230907 156.428754 0.000000
1653954109493251347 156.014937 0.000000
1653954109649050206 155.795015 0.000000
1653954109804824649 155.770829 0.000000
1653954109961537098 156.708815 0.000000
1653954110116871823 155.329093 0.000000
1653954110272259993 155.384591 0.000000
1653954110427745154 155.480906 0.000000
1653954110584027622 156.278604 0.000000
1653954110740135766 156.103298 0.000000
1653954110895735658 155.595843 0.000000
1653954111051204600 155.465008 0.000000
1653954111207334209 156.125785 0.000000
1653954111365326782 157.988544 0.000000
1653954111520308146 154.977475 0.000000
1653954111676985653 156.672335 0.000000
1653954111832253177 155.263590 0.000000
1653954111988318997 156.061971 0.000000
1653954112144291495 155.966679 0.000000
1653954112300160307 155.865224 0.000000
1653954112456461584 156.296952 0.000000
1653954112611730180 155.264091 0.000000
1653954112768489563 156.755403 0.000000
1653954112924442655 155.949153 0.000000
1653954113313563231 389.116627 0.000000
1653954113470156065 156.587627 0.000000
1653954113935204695 465.030372 0.000000
1653954114091844273 156.635038 0.000000
1653954114247931052 156.082313 0.000000
1653954114403993563 156.058427 0.000000
1653954114559365820 155.367777 0.000000
1653954114716177608 156.802202 0.000000
1653954114871645484 155.464983 0.000000
1653954115027659002 156.009573 0.000000
1653954115183509346 155.846369 0.000000
1653954115339978222 156.464822 0.000000
1653954115495597203 155.614706 0.000000
1653954115651274459 155.673181 0.000000
1653954115807947305 156.666120 0.000000
1653954115963373748 155.421401 0.000000
1653954116119303611 155.924275 0.000000
1653954116275092492 155.785387 0.000000
1653954116430430705 155.333757 0.000000
1653954116586921978 156.486035 0.000000
1653954116742413733 155.487856 0.000000
1653954116897790501 155.372127 0.000000
1653954117053323632 155.528675 0.000000
1653954117209515564 156.188193 0.000000
1653954117365759833 156.240064 0.000000
1653954117521612876 155.849257 0.000000
1653954117677083564 155.462020 0.000000
1653954117833404657 156.316457 0.000000
1653954117988960881 155.552461 0.000000
1653954118144633502 155.668845 0.000000
1653954118534079630 389.442383 0.000000
1653954118691341511 157.257733 0.000000
1653954118846931760 155.564980 0.000000
1653954119002517218 155.580983 0.000000
1653954119157306975 154.786079 0.000000
1653954119314030067 156.719929 0.000000
1653954119469342144 155.306759 0.000000
1653954119625611536 156.265373 0.000000
1653954119782898508 157.282948 0.000000
1653954119938269543 155.366814 0.000000
1653954120093636222 155.363161 0.000000
1653954120249869806 156.229915 0.000000
1653954120405674217 155.799816 0.000000
1653954120560973274 155.294486 0.000000
1653954120717764934 156.787145 0.000000
1653954120873708094 155.938444 0.000000
1653954121030641469 156.929391 0.000000
1653954121186388085 155.742708 0.000000
1653954121342011987 155.619377 0.000000
1653954121497709570 155.693658 0.000000
1653954121654251440 156.537751 0.000000
1653954121809897384 155.642480 0.000000
1653954121965471314 155.569781 0.000000
1653954122120494935 155.019928 0.000000
1653954122276698624 156.199896 0.000000
1653954122433000582 156.297968 0.000000
1653954122823039058 390.033770 0.000000
1653954122978058494 155.014840 0.000000
1653954123133423083 155.360239 0.000000
1653954123824416012 690.988558 0.000000
1653954123980159481 155.738102 0.000000
1653954124136929371 156.765475 0.000000
1653954124292472605 155.539109 0.000000
1653954124448586756 156.110437 0.000000
1653954124605665789 157.075219 0.000000
1653954124761123359 155.453791 0.000000
1653954124916740880 155.612836 0.000000
1653954125073030604 156.285629 0.000000
1653954125228278181 155.243843 0.000000
1653954125383968982 155.686516 0.000000
1653954125539934993 155.961470 0.000000
1653954125695874658 155.935331 0.000000
1653954125851030973 155.151638 0.000000
1653954126006457781 155.422678 0.000000
1653954126162185408 155.723598 0.000000
1653954126317990120 155.800960 0.000000
1653954126473624650 155.631409 0.000000
1653954126629541227 155.912938 0.000000
1653954126785283463 155.737460 0.000000
1653954126942010077 156.722636 0.000000
1653954127097384057 155.369263 0.000000
1653954127253072182 155.683885 0.000000
1653954127408521177 155.445106 0.000000
1653954127563774141 155.249306 0.000000
1653954127719761561 155.983476 0.000000
1653954127875071027 155.305025 0.000000
1653954128030755093 155.679731 0.000000
1653954128186185774 155.427027 0.000000
1653954128342248951 156.058071 0.000000
1653954128497612477 155.359095 0.000000
1653954128654088910 156.472564 0.000000
1653954128810499799 156.405979 0.000000
1653954128966132714 155.628518 0.000000
1653954129419759998 453.623465 0.000000
1653954129575179715 155.414890 0.000000
1653954129730390616 155.206510 0.000000
1653954129887368146 156.973541 0.000000
1653954130275868431 388.496773 0.000000
1653954130431427803 155.552731 0.000000
1653954130586917812 155.485499 0.000000
1653954131043261457 456.339351 0.000000
1653954131199869818 156.602989 0.000000
1653954131358152532 158.279748 0.000000
1653954131514992540 156.836068 0.000000
1653954131670712127 155.715247 0.000000
1653954131826279261 155.563115 0.000000
1653954131983470269 157.186708 0.000000
1653954132139208115 155.733475 0.000000
1653954132295208605 155.996671 0.000000
1653954132450915704 155.702408 0.000000
1653954132606990492 156.070884 0.000000
1653954132762272713 155.277746 0.000000
1653954132918251815 155.975267 0.000000
1653954133074484650 156.227318 0.000000
1653954133231615869 157.127199 0.000000
1653954133387130496 155.510768 0.000000
1653954133845455647 458.321232 0.000000
1653954134022420486 176.959457 0.000000
1653954134178332406 155.906527 0.000000
1653954134335041608 156.704671 0.000000
1653954134491650563 156.604800 0.000000
1653954134648900759 157.245926 0.000000
1653954134806285838 157.379787 0.000000
1653954134962611790 156.320990 0.000000
1653954135118134439 155.518033 0.000000
1653954135273800442 155.661999 0.000000
1653954135429306754 155.501921 0.000000
1653954135585947819 156.637271 0.000000
1653954135741668464 155.716816 0.000000
1653954135898353252 156.680689 0.000000
1653954136053908902 155.552369 0.000000
1653954136211738052 157.825291 0.000000
1653954136367272399 155.530843 0.000000
