1653953744079578974 138.848741 7.199400 7 0 0.000000
1653953745034864791 119.404862 8.374457 8 0 0.000000
1653953746107277427 119.151981 8.392292 9 0 0.000000
1653953747052505696 118.147689 8.463564 8 0 0.000000
1653953747776101703 180.894385 5.527946 4 0 0.000000
1653953749074943620 144.309984 6.929250 9 0 0.000000
1653953750019059338 118.009760 8.473538 8 0 0.000000
1653953751102246210 135.392917 7.385614 8 0 0.000000
1653953752079112717 122.103260 8.189451 8 0 0.000000
1653953753038796593 159.936418 6.252059 6 0 0.000000
1653953754090423207 131.448135 7.607263 8 0 0.000000
1653953755026575633 117.014467 8.545617 8 0 0.000000
1653953756100661382 119.337935 8.379219 9 0 0.000000
1653953757081130006 122.552270 8.159364 8 0 0.000000
1653953758084437603 200.656240 4.983516 5 0 0.000000
1653953759021591989 117.139587 8.536480 8 0 0.000000
1653953760024808822 143.311858 6.977554 7 0 0.000000
1653953761036963488 144.588265 6.915939 7 0 0.000000
1653953762090327426 117.035494 8.544056 9 0 0.000000
1653953763062000409 138.804962 7.204070 7 0 0.000000
1653953764114882709 116.982402 8.547964 9 0 0.000000
1653953765050287378 116.921069 8.552448 8 0 0.000000
1653953766100425926 116.677714 8.570298 9 0 0.000000
1653953767027922611 132.495281 7.547197 7 0 0.000000
1653953768077283299 116.591325 8.576651 9 0 0.000000
1653953769011724504 116.799849 8.561266 8 0 0.000000
1653953770061304241 116.615453 8.574861 9 0 0.000000
1653953771109846332 116.500097 8.583346 9 0 0.000000
1653953772124997769 145.016871 6.895523 7 0 0.000000
1653953773081443737 159.403003 6.273224 6 0 0.000000
1653953773921694724 140.037091 7.140724 6 0 0.000000
1653953775032821848 138.886756 7.199896 8 0 0.000000
1653953776077066201 130.526486 7.661042 8 0 0.000000
1653953777026095290 135.571203 7.375959 7 0 0.000000
1653953778096997507 152.981528 6.536544 7 0 0.000000
1653953779028583513 116.443838 8.587506 8 0 0.000000
1653953780080244039 116.846716 8.557895 9 0 0.000000
1653953781084123041 143.407143 6.972952 7 0 0.000000
1653953782017770138 116.702075 8.568548 8 0 0.000000
1653953783106368259 120.950893 8.267514 9 0 0.000000
1653953784078922235 121.565186 8.225765 8 0 0.000000
1653953785128810828 116.650438 8.572338 9 0 0.000000
1653953786063385788 116.817685 8.560041 8 0 0.000000
1653953787067212192 143.399648 6.973317 7 0 0.000000
1653953788035784237 138.362920 7.227134 7 0 0.000000
1653953789084369273 174.760134 5.721997 6 0 0.000000
1653953790044316933 137.130710 7.292064 7 0 0.000000
1653953791044231951 142.840386 7.000595 7 0 0.000000
1653953792095247474 116.775645 8.563147 9 0 0.000000
1653953793064821726 121.193278 8.251044 8 0 0.000000
1653953794114859365 116.666683 8.571121 9 0 0.000000
1653953794968548582 121.951702 8.199705 7 0 0.000000
1653953796114324346 127.304486 7.854940 9 0 0.000000
1653953797074257171 137.128963 7.292177 7 0 0.000000
1653953798045703970 121.426814 8.235140 8 0 0.000000
1653953799115362559 133.702034 7.479022 8 0 0.000000
1653953799931922747 116.647471 8.572546 7 0 0.000000
1653953801119672765 148.464658 6.735424 8 0 0.000000
1653953802051466832 116.470116 8.585588 8 0 0.000000
1653953803137653244 135.768895 7.365218 8 0 0.000000
1653953804055731068 131.149447 7.624626 7 0 0.000000
1653953805107970996 116.910821 8.553182 9 0 0.000000
1653953806069893954 137.412194 7.277090 7 0 0.000000
1653953807002829706 116.612729 8.575081 8 0 0.000000
1653953808006854410 143.427582 6.971940 7 0 0.000000
1653953809040620056 147.676515 6.771360 7 0 0.000000
1653953810090858002 116.686422 8.569487 9 0 0.000000
1653953811142531848 116.848646 8.557786 9 0 0.000000
1653953812114961078 121.549299 8.226820 8 0 0.000000
1653953813049561752 116.818290 8.559806 8 0 0.000000
1653953814125244377 134.456076 7.437138 8 0 0.000000
1653953815061429186 117.018864 8.545321 8 0 0.000000
1653953816112716449 116.805542 8.560933 9 0 0.000000
1653953816965572298 142.137976 7.035186 6 0 0.000000
1653953818077990985 139.048266 7.191537 8 0 0.000000
1653953819128298121 116.696948 8.568922 9 0 0.000000
1653953820063474909 116.893005 8.554532 8 0 0.000000
1653953821157803070 156.328383 6.396619 7 0 0.000000
1653953822059658110 150.304582 6.652954 6 0 0.000000
1653953823126149367 152.351543 6.563579 7 0 0.000000
1653953824061088863 116.863561 8.556703 8 0 0.000000
1653953825105236870 130.514333 7.661749 8 0 0.000000
1653953826160449194 117.241487 8.529089 9 0 0.000000
1653953826744681087 116.842485 8.558246 5 0 0.000000
1653953828004447272 157.466043 6.350385 8 0 0.000000
1653953829080829927 134.543565 7.432301 8 0 0.000000
1653953830156401662 134.441753 7.437905 8 0 0.000000
1653953831092781893 117.043169 8.543538 8 0 0.000000
1653953832116051255 146.177214 6.840818 7 0 0.000000
1653953833096234751 196.032471 5.101086 5 0 0.000000
1653953834069764068 121.687192 8.217523 8 0 0.000000
1653953835121325675 116.835715 8.558700 9 0 0.000000
1653953836057714389 117.044396 8.543461 8 0 0.000000
1653953837111193600 117.049012 8.543121 9 0 0.000000
1653953838156012537 130.598138 7.656829 8 0 0.000000
1653953839092288924 117.030246 8.544486 8 0 0.000000
1653953840064372069 121.506323 8.229748 8 0 0.000000
1653953841109858360 130.681688 7.651942 8 0 0.000000
1653953842163431778 117.059762 8.542357 9 0 0.000000
1653953843121790889 191.667475 5.217251 5 0 0.000000
1653953844172170878 116.704721 8.568328 9 0 0.000000
1653953845105605530 116.675078 8.570498 8 0 0.000000
1653953846076249657 138.659094 7.211706 7 0 0.000000
1653953847127779006 116.832753 8.558962 9 0 0.000000
1653953848178156630 116.704755 8.568347 9 0 0.000000
1653953849112510142 116.790209 8.562070 8 0 0.000000
1653953850163140420 116.732758 8.566287 9 0 0.000000
1653953851135135324 242.993970 4.115248 4 0 0.000000
1653953852092958831 136.828009 7.308236 7 0 0.000000
1653953853170111305 134.640121 7.426989 8 0 0.000000
1653953854096142553 132.286360 7.559140 7 0 0.000000
1653953855070677068 121.812820 8.209047 8 0 0.000000
1653953856122778158 116.895920 8.554311 9 0 0.000000
1653953857173925437 116.790242 8.562073 9 0 0.000000
1653953858158845954 196.980155 5.076552 5 0 0.000000
1653953858856845997 232.661619 4.297994 3 0 0.000000
1653953860098575166 155.211796 6.442629 8 0 0.000000
1653953860799663526 116.844027 8.558122 6 0 0.000000
1653953862189487605 173.723828 5.756124 8 0 0.000000
1653953863125056859 116.942483 8.550944 8 0 0.000000
1653953864094929936 138.549036 7.217439 7 0 0.000000
1653953865149468635 117.167181 8.534538 9 0 0.000000
1653953866083182408 116.710345 8.567936 8 0 0.000000
1653953867130527239 130.913953 7.638363 8 0 0.000000
1653953868183317065 116.972566 8.548715 9 0 0.000000
1653953869111832058 132.640640 7.538920 7 0 0.000000
1653953870163318626 116.827251 8.559310 9 0 0.000000
1653953871099628269 117.034784 8.544182 8 0 0.000000
1653953872151241285 116.842004 8.558281 9 0 0.000000
1653953873087233273 116.995342 8.547081 8 0 0.000000
1653953874140591514 117.034946 8.544102 9 0 0.000000
1653953875191817185 116.798600 8.561435 9 0 0.000000
1653953876195300521 143.348502 6.975701 7 0 0.000000
1653953877129939225 116.825693 8.559457 8 0 0.000000
1653953878150123182 145.734538 6.861508 7 0 0.000000
1653953879200680688 116.724653 8.566880 9 0 0.000000
1653953880173382661 121.583642 8.224513 8 0 0.000000
1653953881183285676 144.267880 6.931359 7 0 0.000000
1653953882144935325 137.374658 7.279158 7 0 0.000000
1653953883198189024 117.023390 8.544950 9 0 0.000000
1653953884133977478 116.969673 8.548940 8 0 0.000000
1653953885067421751 116.676647 8.570410 8 0 0.000000
1653953886156593813 136.142169 7.345028 8 0 0.000000
1653953887177039337 145.773731 6.859749 7 0 0.000000
1653953888112228026 116.894252 8.554423 8 0 0.000000
1653953888932720160 117.208779 8.531465 7 0 0.000000
1653953890177706476 138.327306 7.228995 9 0 0.000000
1653953891151899534 121.770096 8.211925 8 0 0.000000
1653953892204899843 116.995707 8.547006 9 0 0.000000
1653953893178572543 121.705378 8.216313 8 0 0.000000
1653953894115678465 117.134518 8.536922 8 0 0.000000
1653953895124431380 144.103516 6.939261 7 0 0.000000
1653953896181235072 117.418588 8.516246 9 0 0.000000
1653953897116590331 116.915572 8.552900 8 0 0.000000
1653953898171007951 117.153535 8.535517 9 0 0.000000
1653953899125892242 159.142681 6.283484 6 0 0.000000
1653953900184020689 176.350444 5.670389 6 0 0.000000
1653953901117544505 186.700445 5.356050 5 0 0.000000
1653953902193237617 134.457390 7.437065 8 0 0.000000
1653953903134051287 117.597621 8.503278 8 0 0.000000
1653953904164872331 128.848841 7.760804 8 0 0.000000
1653953905104652891 117.468713 8.512626 8 0 0.000000
1653953906182424967 134.717168 7.422720 8 0 0.000000
1653953907121828017 117.421353 8.516046 8 0 0.000000
1653953908173608963 116.861008 8.556915 9 0 0.000000
1653953909146167423 121.565964 8.225727 8 0 0.000000
1653953910199865863 117.072668 8.541343 9 0 0.000000
1653953911137838925 117.242709 8.529030 8 0 0.000000
1653953912190811490 116.993231 8.547231 9 0 0.000000
1653953913037164829 141.055288 7.089238 6 0 0.000000
1653953914002479477 193.058705 5.179658 5 0 0.000000
1653953915175349311 167.548568 5.968267 7 0 0.000000
1653953916171250995 165.979297 6.024691 6 0 0.000000
1653953917109980732 117.337211 8.522154 8 0 0.000000
1653953918168384234 151.195831 6.613735 7 0 0.000000
1653953919215082393 130.833581 7.643082 8 0 0.000000
1653953920152276931 117.144950 8.536115 8 0 0.000000
1653953921206568844 117.139485 8.536535 9 0 0.000000
1653953922168746556 137.449915 7.275163 7 0 0.000000
1653953922870932409 117.027067 8.544746 6 0 0.000000
1653953924017736697 191.129837 5.231930 6 0 0.000000
1653953925135314734 139.693000 7.158337 8 0 0.000000
1653953926190130918 117.197744 8.532292 9 0 0.000000
1653953927197495571 201.468545 4.963446 5 0 0.000000
1653953928133851280 117.040529 8.543762 8 0 0.000000
1653953929188741656 117.205609 8.531692 9 0 0.000000
1653953930195709027 167.823958 5.958485 6 0 0.000000
1653953931131177608 116.929553 8.551864 8 0 0.000000
1653953932188740220 117.503238 8.510135 9 0 0.000000
1653953933124022467 116.906873 8.553568 8 0 0.000000
1653953934209516546 217.094141 4.606197 5 0 0.000000
1653953935147471615 117.240237 8.529193 8 0 0.000000
1653953936181738378 129.279097 7.734948 8 0 0.000000
1653953937240342824 117.618871 8.501759 9 0 0.000000
1653953938178209305 117.229396 8.529999 8 0 0.000000
1653953939232206324 117.107053 8.538923 9 0 0.000000
1653953940168947590 117.088473 8.540245 8 0 0.000000
1653953941224895714 117.323894 8.523146 9 0 0.000000
1653953942159946854 116.875855 8.555682 8 0 0.000000
1653953943156836081 166.144210 6.018723 6 0 0.000000
1653953944210896205 117.114122 8.538412 9 0 0.000000
1653953945172329916 137.343600 7.280793 7 0 0.000000
1653953946226015618 117.072393 8.541446 9 0 0.000000
1653953947166228325 117.522480 8.508713 8 0 0.000000
1653953948198117085 128.980383 7.752774 8 0 0.000000
1653953949136096745 117.243668 8.528970 8 0 0.000000
1653953950192467825 117.369146 8.519733 9 0 0.000000
1653953951248266761 117.306862 8.524350 9 0 0.000000
1653953952204452746 119.519332 8.366573 8 0 0.000000
1653953953149124725 157.441304 6.351411 6 0 0.000000
1653953954203936507 117.196892 8.532328 9 0 0.000000
1653953955141808597 117.230050 8.529948 8 0 0.000000
1653953956196346939 117.167110 8.534540 9 0 0.000000
1653953957253173371 117.420914 8.516063 9 0 0.000000
1653953958193016612 117.476313 8.512058 8 0 0.000000
1653953959225583205 129.066806 7.747684 8 0 0.000000
1653953960165518795 117.487370 8.511222 8 0 0.000000
1653953961219911273 117.151071 8.535721 9 0 0.000000
1653953962253775533 172.302433 5.803470 6 0 0.000000
1653953963213442812 191.928664 5.210139 5 0 0.000000
1653953964148537424 187.014932 5.347053 5 0 0.000000
1653953965204536781 117.329526 8.522732 9 0 0.000000
1653953966262006778 117.492726 8.510880 9 0 0.000000
1653953967001889960 123.309922 8.109388 6 0 0.000000
1653953968213186837 134.584220 7.430053 9 0 0.000000
1653953969154099370 117.610110 8.502384 8 0 0.000000
1653953970157552943 143.346408 6.975908 7 0 0.000000
1653953971261787219 184.034470 5.433630 6 0 0.000000
1653953972202556755 117.591983 8.503677 8 0 0.000000
1653953973212760681 144.310452 6.929294 7 0 0.000000
1653953974268001234 117.244431 8.528862 9 0 0.000000
1653953975226472274 136.920368 7.303298 7 0 0.000000
1653953976165223026 117.339991 8.521964 8 0 0.000000
1653953977259736310 121.607816 8.222833 9 0 0.000000
1653953978197393544 117.203229 8.531903 8 0 0.000000
1653953979235044573 129.702023 7.709721 8 0 0.000000
1653953980209633144 121.819735 8.208592 8 0 0.000000
1653953981174736766 137.868087 7.253107 7 0 0.000000
1653953982231271355 117.388830 8.518415 9 0 0.000000
1653953983267485234 129.522642 7.720414 8 0 0.000000
1653953984187611710 131.442589 7.607650 7 0 0.000000
1653953985243717653 117.341084 8.521872 9 0 0.000000
1653953986204315433 160.095520 6.246111 6 0 0.000000
1653953986909088083 117.457834 8.513384 6 0 0.000000
1653953988258914255 149.976505 6.667525 9 0 0.000000
1653953989196222324 117.159660 8.535081 8 0 0.000000
1653953990255073623 117.646365 8.499777 9 0 0.000000
1653953991217480701 137.482925 7.273429 7 0 0.000000
1653953992273546068 117.336439 8.522200 9 0 0.000000
1653953993252521010 489.482913 2.042953 2 0 0.000000
1653953994229578009 122.127956 8.187854 8 0 0.000000
1653953995195558790 137.993018 7.246521 7 0 0.000000
1653953996251657064 117.340312 8.521934 9 0 0.000000
1653953997189813632 117.265332 8.527361 8 0 0.000000
1653953998247010111 117.462417 8.513082 9 0 0.000000
1653953999183107367 117.008029 8.546121 8 0 0.000000
1653954000231327779 131.022982 7.631983 8 0 0.000000
1653954001168203797 117.104941 8.539017 8 0 0.000000
1653954002242302156 153.438286 6.517094 7 0 0.000000
1653954003207870078 137.933931 7.249619 7 0 0.000000
1653954004242542443 129.329887 7.731916 8 0 0.000000
1653954005242262079 142.812955 7.001963 7 0 0.000000
1653954006180092679 117.224893 8.530325 8 0 0.000000
1653954007236862982 117.414991 8.516515 9 0 0.000000
1653954008174283891 117.170378 8.534053 8 0 0.000000
1653954009230707691 117.376631 8.519308 9 0 0.000000
1653954010265308030 129.321282 7.732454 8 0 0.000000
1653954011203605438 117.282708 8.526081 8 0 0.000000
1653954012250915269 149.611413 6.683791 7 0 0.000000
1653954013189783836 117.354782 8.520895 8 0 0.000000
1653954014246058861 117.359832 8.520508 9 0 0.000000
1653954015213167845 138.154151 7.238068 7 0 0.000000
1653954016270631693 117.492043 8.510929 9 0 0.000000
1653954017164757816 149.016732 6.710463 6 0 0.000000
1653954018247839762 135.381291 7.386329 8 0 0.000000
1653954019188571404 117.587588 8.504019 8 0 0.000000
1653954020245981698 117.485783 8.511361 9 0 0.000000
1653954021183087707 117.134201 8.536921 8 0 0.000000
1653954022266766201 135.455632 7.382263 8 0 0.000000
1653954023233377515 138.083326 7.241794 7 0 0.000000
1653954024197608876 137.743369 7.259668 7 0 0.000000
1653954025253457107 117.312675 8.523953 9 0 0.000000
1653954026192735064 117.405996 8.517180 8 0 0.000000
1653954027249725524 117.439602 8.514741 9 0 0.000000
1653954028229948295 122.524249 8.161410 8 0 0.000000
1653954029190551302 137.224557 7.287089 7 0 0.000000
1653954030252588333 151.715207 6.591107 7 0 0.000000
1653954031305123318 175.418429 5.700523 6 0 0.000000
1653954032280366346 121.901248 8.203084 8 0 0.000000
1653954033217311728 117.114145 8.538385 8 0 0.000000
1653954034195834528 122.311495 8.175589 8 0 0.000000
1653954035251987764 117.346142 8.521491 9 0 0.000000
1653954036191377430 117.419753 8.516168 8 0 0.000000
1653954037249538987 117.569664 8.505318 9 0 0.000000
1653954038275971670 146.629366 6.819736 7 0 0.000000
1653954039215757151 117.469433 8.512581 8 0 0.000000
1653954040272850690 117.450808 8.513911 9 0 0.000000
1653954041278698744 143.688684 6.959302 7 0 0.000000
1653954042254605749 121.984302 8.197502 8 0 0.000000
1653954043311172419 117.391721 8.518156 9 0 0.000000
1653954044253246275 117.754868 8.491903 8 0 0.000000
1653954045312110762 117.647822 8.499671 9 0 0.000000
1653954046251983976 117.480273 8.511786 8 0 0.000000
1653954047309917736 117.544537 8.507149 9 0 0.000000
1653954048248626485 117.334755 8.522345 8 0 0.000000
1653954049298723601 131.258142 7.618343 8 0 0.000000
1653954050239067867 117.538782 8.507522 8 0 0.000000
1653954051297681090 117.619879 8.501689 9 0 0.000000
1653954052239058290 117.668438 8.498187 8 0 0.000000
1653954053293685249 117.176221 8.533823 9 0 0.000000
1653954054233290240 117.446697 8.514216 8 0 0.000000
1653954055292255474 117.658836 8.498862 9 0 0.000000
1653954055999795514 117.919673 8.480086 6 0 0.000000
1653954057254569426 156.842695 6.375651 8 0 0.000000
1653954058218709636 137.730127 7.260355 7 0 0.000000
1653954059226284944 143.935267 6.947372 7 0 0.000000
1653954060283890174 117.507562 8.509792 9 0 0.000000
1653954061220127317 187.243302 5.340527 5 0 0.000000
1653954062279944393 132.473167 7.548473 8 0 0.000000
1653954063221329983 117.668655 8.498112 8 0 0.000000
1653954064264545890 149.026496 6.710020 7 0 0.000000
1653954065319649011 117.229504 8.529972 9 0 0.000000
1653954066297022034 122.167208 8.185206 8 0 0.000000
1653954067239600749 117.818476 8.487355 8 0 0.000000
1653954068299307017 117.741337 8.492920 9 0 0.000000
1653954069239673615 117.541925 8.507320 8 0 0.000000
1653954070214263754 139.222836 7.182507 7 0 0.000000
1653954071273007321 117.634329 8.500642 9 0 0.000000
1653954072328901155 117.317454 8.523584 9 0 0.000000
1653954073269344561 117.547088 8.506626 8 0 0.000000
1653954074326333959 176.160612 5.676500 6 0 0.000000
1653954075283493683 119.640985 8.358062 8 0 0.000000
1653954076309986027 171.077844 5.845148 6 0 0.000000
1653954077133084683 117.581494 8.504448 7 0 0.000000
1653954078262146236 141.128809 7.085531 8 0 0.000000
1653954079203133049 117.619061 8.501713 8 0 0.000000
1653954079913140767 177.497964 5.633741 4 0 0.000000
1653954081321720299 156.504668 6.389416 9 0 0.000000
1653954082261038307 117.411025 8.516817 8 0 0.000000
1653954083084270003 117.600902 8.503074 7 0 0.000000
1653954084329226331 138.324676 7.229169 9 0 0.000000
1653954085252210238 131.850182 7.584098 7 0 0.000000
1653954086271292415 145.579158 6.868926 7 0 0.000000
1653954087252132467 122.600809 8.156274 8 0 0.000000
1653954088301131951 131.120853 7.626315 8 0 0.000000
1653954089241511467 117.543627 8.507203 8 0 0.000000
1653954090323395442 135.231514 7.394508 8 0 0.000000
1653954091264569364 117.642521 8.500023 8 0 0.000000
1653954092320647133 117.338222 8.522100 9 0 0.000000
1653954093262919192 117.780051 8.490117 8 0 0.000000
1653954094300152313 129.649306 7.712827 8 0 0.000000
1653954095239265598 117.384947 8.518674 8 0 0.000000
1653954096298498055 117.688736 8.496719 9 0 0.000000
1653954097236106888 187.517892 5.332714 5 0 0.000000
1653954098137816084 180.337269 5.545025 5 0 0.000000
1653954099337786385 133.326221 7.500186 9 0 0.000000
1653954100280389596 117.821262 8.487134 8 0 0.000000
1653954101312647378 172.038958 5.812501 6 0 0.000000
1653954102252337224 117.457270 8.513448 8 0 0.000000
1653954103308585609 117.357148 8.520723 9 0 0.000000
1653954103923509520 153.726564 6.504870 4 0 0.000000
1653954105310260954 173.339752 5.768878 8 0 0.000000
1653954106248974649 117.335030 8.522300 8 0 0.000000
1653954107305690693 117.408955 8.516952 9 0 0.000000
1653954108245914458 117.523947 8.508613 8 0 0.000000
1653954109347434023 183.582342 5.447021 6 0 0.000000
1653954110323342423 139.411451 7.172804 7 0 0.000000
1653954111263214514 117.479956 8.511796 8 0 0.000000
1653954112349457961 135.776232 7.364832 8 0 0.000000
1653954113315897109 138.058529 7.243084 7 0 0.000000
1653954114257693072 156.962030 6.370807 6 0 0.000000
1653954115352434536 121.634178 8.221119 9 0 0.000000
1653954115940696399 117.648286 8.499616 5 0 0.000000
1653954117262652937 165.240215 6.051636 8 0 0.000000
1653954118280373815 169.616354 5.895526 6 0 0.000000
1653954119341521264 117.901047 8.481385 9 0 0.000000
1653954120289137158 157.931462 6.331679 6 0 0.000000
1653954121257040336 138.267482 7.232128 7 0 0.000000
1653954122349812000 136.592624 7.320834 8 0 0.000000
1653954123291364706 117.690137 8.496604 8 0 0.000000
1653954124233299827 117.737720 8.493154 8 0 0.000000
1653954125351900700 159.795915 6.257817 7 0 0.000000
1653954126321314350 138.483487 7.220860 7 0 0.000000
1653954127265384060 157.340615 6.355463 6 0 0.000000
1653954128324156937 117.637595 8.500407 9 0 0.000000
1653954129326842452 167.110159 5.983930 6 0 0.000000
1653954130300155283 139.040695 7.191932 7 0 0.000000
1653954131368642990 152.636650 6.551316 7 0 0.000000
1653954132336583526 138.272814 7.231849 7 0 0.000000
1653954133278731687 117.763095 8.491233 8 0 0.000000
