1653953745081130884 190.305008 5.252564 5 0 0.000000
1653953746077289073 332.047934 3.011570 3 0 0.000000
1653953747015804108 156.413602 6.393078 6 0 0.000000
1653953748112069354 156.604092 6.385316 7 0 0.000000
1653953749048324799 156.036750 6.408508 6 0 0.000000
1653953749203953861 155.624306 6.425535 1 0 0.000000
1653953751043655050 306.611659 3.261399 6 0 0.000000
1653953752129801156 155.159065 6.444805 7 0 0.000000
1653953753131284251 166.908555 5.991115 6 0 0.000000
1653953754064966906 155.609106 6.426166 6 0 0.000000
1653953755084133593 203.828895 4.905969 5 0 0.000000
1653953756062904942 163.123578 6.130134 6 0 0.000000
1653953757138849280 215.183529 4.647081 5 0 0.000000
1653953757449316173 155.228152 6.441910 2 0 0.000000
1653953759138380825 281.506268 3.552262 6 0 0.000000
1653953760051428721 228.256548 4.380931 4 0 0.000000
1653953761138605247 155.306364 6.438697 7 0 0.000000
1653953762070858304 155.370922 6.436021 6 0 0.000000
1653953763142730977 214.369642 4.664733 5 0 0.000000
1653953764053366202 227.653881 4.392538 4 0 0.000000
1653953765123430011 214.008064 4.672619 5 0 0.000000
1653953766053157556 154.949636 6.453503 6 0 0.000000
1653953766827187459 154.801356 6.459699 5 0 0.000000
1653953767893029090 213.162800 4.691129 5 0 0.000000
1653953769127256981 205.699825 4.861339 6 0 0.000000
1653953770134526112 201.449191 4.963917 5 0 0.000000
1653953771064352840 154.966260 6.452815 6 0 0.000000
1653953772147153802 154.680856 6.464715 7 0 0.000000
1653953772921195500 154.803433 6.459600 5 0 0.000000
1653953774094255654 195.505173 5.114827 6 0 0.000000
1653953775023058027 154.795847 6.459932 6 0 0.000000
1653953776106544119 154.779479 6.460627 7 0 0.000000
1653953777113249832 201.336151 4.966695 5 0 0.000000
1653953777731143924 154.469242 6.473601 4 0 0.000000
1653953778960752700 204.930191 4.879601 6 0 0.000000
1653953780022835304 212.411727 4.707732 5 0 0.000000
1653953780797806221 154.989576 6.451855 5 0 0.000000
1653953782102592364 260.952939 3.832045 5 0 0.000000
1653953783031601733 154.830140 6.458493 6 0 0.000000
1653953784115331406 154.814264 6.459175 7 0 0.000000
1653953785046040111 155.113967 6.446700 6 0 0.000000
1653953786055004189 201.788826 4.955578 5 0 0.000000
1653953787138187726 154.735697 6.462432 7 0 0.000000
1653953787999671257 215.366167 4.643153 4 0 0.000000
1653953789064216820 354.843738 2.818104 3 0 0.000000
1653953790149394332 155.021112 6.450558 7 0 0.000000
1653953791076802933 154.563676 6.469640 6 0 0.000000
1653953792159970588 154.734325 6.462527 7 0 0.000000
1653953793088207521 154.702256 6.463867 6 0 0.000000
1653953794016814928 154.763570 6.461288 6 0 0.000000
1653953795100142756 154.756854 6.461571 7 0 0.000000
1653953796029505621 154.889607 6.456036 6 0 0.000000
1653953797113456199 154.846021 6.457859 7 0 0.000000
1653953798041428563 154.658153 6.465710 6 0 0.000000
1653953799125217025 154.822101 6.458825 7 0 0.000000
1653953800123245610 166.333776 6.011852 6 0 0.000000
1653953801132561619 201.858787 4.953850 5 0 0.000000
1653953801821862367 172.320388 5.802982 4 0 0.000000
1653953803050237460 204.724751 4.884502 6 0 0.000000
1653953804127815807 269.389227 3.712027 4 0 0.000000
1653953805057501831 154.939359 6.453792 6 0 0.000000
1653953806132373483 214.969875 4.651718 5 0 0.000000
1653953807041115585 227.181012 4.401689 4 0 0.000000
1653953807971717946 155.096064 6.447437 6 0 0.000000
1653953809052321978 216.116220 4.627042 5 0 0.000000
1653953810137744314 155.056330 6.449103 7 0 0.000000
1653953811150708616 202.588926 4.936008 5 0 0.000000
1653953812078615778 154.646582 6.466164 6 0 0.000000
1653953813161794498 154.735771 6.462461 7 0 0.000000
1653953814092713813 155.149176 6.445242 6 0 0.000000
1653953815176954635 154.887591 6.456130 7 0 0.000000
1653953816105526698 154.758225 6.461534 6 0 0.000000
1653953817022600135 229.263198 4.361701 4 0 0.000000
1653953818073966009 350.450879 2.853431 3 0 0.000000
1653953819157260181 154.752130 6.461772 7 0 0.000000
1653953820088114278 155.138251 6.445693 6 0 0.000000
1653953821172207004 154.866568 6.457012 7 0 0.000000
1653953822101067053 154.805760 6.459531 6 0 0.000000
1653953823030331486 154.872975 6.456720 6 0 0.000000
1653953823961945166 155.264630 6.440438 6 0 0.000000
1653953825168350074 301.597103 3.315636 4 0 0.000000
1653953826095918480 154.590664 6.468526 6 0 0.000000
1653953827171784554 215.169003 4.647419 5 0 0.000000
1653953828178909429 201.419947 4.964628 5 0 0.000000
1653953829107499792 154.760575 6.461407 6 0 0.000000
1653953830038825100 155.216791 6.442432 6 0 0.000000
1653953831126494104 155.376841 6.435782 7 0 0.000000
1653953832055737761 154.869915 6.456864 6 0 0.000000
1653953833139063537 154.757307 6.461583 7 0 0.000000
1653953834070659504 155.261751 6.440560 6 0 0.000000
1653953835057677305 164.498860 6.078918 6 0 0.000000
1653953836132004282 214.857731 4.654077 5 0 0.000000
1653953837061921940 154.981820 6.452184 6 0 0.000000
1653953838146465734 154.930826 6.454327 7 0 0.000000
1653953839074721204 154.705012 6.463738 6 0 0.000000
1653953840160949060 155.171289 6.444320 7 0 0.000000
1653953841093202797 155.371399 6.436016 6 0 0.000000
1653953842177508982 154.896773 6.455741 7 0 0.000000
1653953843109244021 155.285073 6.439599 6 0 0.000000
1653953844194316927 155.006391 6.451179 7 0 0.000000
1653953845123694144 154.892338 6.455936 6 0 0.000000
1653953846054284406 155.094451 6.447521 6 0 0.000000
1653953846984902724 155.098935 6.447326 6 0 0.000000
1653953848062038408 215.422642 4.641941 5 0 0.000000
1653953849148080012 155.141099 6.445425 7 0 0.000000
1653953850002267763 213.542814 4.682811 4 0 0.000000
1653953851081734145 1079.462187 0.926384 1 0 0.000000
1653953851935063057 213.327313 4.687524 4 0 0.000000
1653953853195973239 420.298411 2.379234 3 0 0.000000
1653953854127094292 155.182917 6.443839 6 0 0.000000
1653953854746728931 154.904302 6.455426 4 0 0.000000
1653953856027269405 320.130441 3.123681 4 0 0.000000
1653953857190478699 193.863894 5.158143 6 0 0.000000
1653953858111950247 230.363447 4.340883 4 0 0.000000
1653953859181560161 213.917802 4.674601 5 0 0.000000
1653953860111657406 155.012205 6.450938 6 0 0.000000
1653953861197175668 155.069982 6.448533 7 0 0.000000
1653953862205820104 201.724803 4.957148 5 0 0.000000
1653953863133953195 154.684703 6.464590 6 0 0.000000
1653953864062385076 154.734558 6.462510 6 0 0.000000
1653953865148634470 155.174239 6.444192 7 0 0.000000
1653953866079589614 155.154755 6.444994 6 0 0.000000
1653953867157389259 215.555576 4.639081 5 0 0.000000
1653953868089650055 155.372901 6.435967 6 0 0.000000
1653953869174527585 154.977900 6.452341 7 0 0.000000
1653953870103950953 154.899678 6.455616 6 0 0.000000
1653953870860578805 252.204390 3.964961 3 0 0.000000
1653953872093103464 205.415877 4.868057 6 0 0.000000
1653953873111801892 203.735543 4.908224 5 0 0.000000
1653953874043432496 155.267499 6.440321 6 0 0.000000
1653953874965538845 230.522043 4.337894 4 0 0.000000
1653953876099838933 226.855378 4.408005 5 0 0.000000
1653953877030563077 155.116745 6.446593 6 0 0.000000
1653953878096051736 213.092939 4.692683 5 0 0.000000
1653953879098039989 500.990164 1.996031 2 0 0.000000
1653953880027463286 154.899517 6.455616 6 0 0.000000
1653953881182273582 288.697719 3.463772 4 0 0.000000
1653953882191832209 201.907414 4.952659 5 0 0.000000
1653953883121828958 154.994808 6.451636 6 0 0.000000
1653953884220611438 156.965014 6.370688 7 0 0.000000
1653953885222234775 166.932739 5.990276 6 0 0.000000
1653953886152322750 155.010433 6.451003 6 0 0.000000
1653953887073387795 230.261754 4.342799 4 0 0.000000
1653953888160243632 155.260895 6.440597 7 0 0.000000
1653953889090371177 155.017094 6.450728 6 0 0.000000
1653953890178060688 155.380097 6.435660 7 0 0.000000
1653953891109439804 155.225762 6.442060 6 0 0.000000
1653953892217133539 276.918461 3.611106 4 0 0.000000
1653953893226128385 201.794165 4.955427 5 0 0.000000
1653953893924197996 232.685694 4.297566 3 0 0.000000
1653953895155395188 205.194666 4.873306 6 0 0.000000
1653953896084620324 154.866071 6.456993 6 0 0.000000
1653953896860292859 155.130243 6.446019 5 0 0.000000
1653953898100850776 206.755023 4.836534 6 0 0.000000
1653953899109725271 201.770430 4.956018 5 0 0.000000
1653953900108618282 166.478155 6.006649 6 0 0.000000
1653953901180156092 214.303318 4.666191 5 0 0.000000
1653953902108808315 154.770383 6.460976 6 0 0.000000
1653953903195072341 155.176547 6.444105 7 0 0.000000
1653953904214743376 203.929523 4.903542 5 0 0.000000
1653953905143427842 154.776769 6.460752 6 0 0.000000
1653953906222585540 215.827542 4.633243 5 0 0.000000
1653953907154087683 155.246319 6.441209 6 0 0.000000
1653953908234746353 0.000000 0.000000 0 0 0.000000
1653953909100504680 324.398222 6.930341 6 0 0.000000
1653953910185979733 155.064008 6.448789 7 0 0.000000
1653953911205633922 203.926511 4.903624 5 0 0.000000
1653953912216192801 202.107545 4.947757 5 0 0.000000
1653953913148181756 155.327531 6.437845 6 0 0.000000
1653953914233548691 155.048476 6.449432 7 0 0.000000
1653953915166065335 155.415489 6.434201 6 0 0.000000
1653953916185009831 203.784804 4.907039 5 0 0.000000
1653953917116592351 155.258693 6.440653 6 0 0.000000
1653953918202718574 155.156656 6.444923 7 0 0.000000
1653953919125073556 230.584498 4.336725 4 0 0.000000
1653953920191223423 213.225087 4.689772 5 0 0.000000
1653953921122622912 155.229146 6.441919 6 0 0.000000
1653953922219606367 274.242296 3.646363 4 0 0.000000
1653953922841283631 155.414103 6.434207 4 0 0.000000
1653953924222942772 197.375583 5.066373 7 0 0.000000
1653953924933231928 236.758997 4.223632 3 0 0.000000
1653953925844665728 227.854070 4.388690 4 0 0.000000
1653953927239069244 232.396094 4.302915 6 0 0.000000
1653953928170431850 155.223195 6.442174 6 0 0.000000
1653953929102157236 155.283396 6.439666 6 0 0.000000
1653953930188100143 155.130328 6.446011 7 0 0.000000
1653953931117231876 154.846294 6.457642 6 0 0.000000
1653953932204961858 155.385696 6.435421 7 0 0.000000
1653953933134175620 154.864941 6.457072 6 0 0.000000
1653953934062358939 154.693532 6.464240 6 0 0.000000
1653953935138795316 215.283223 4.644956 5 0 0.000000
1653953936217021440 215.641071 4.637246 5 0 0.000000
1653953937145796010 154.791332 6.460125 6 0 0.000000
1653953938230235835 154.915082 6.454946 7 0 0.000000
1653953939163274624 155.502395 6.430601 6 0 0.000000
1653953940248800020 155.068233 6.448490 7 0 0.000000
1653953941172084999 230.817126 4.332357 4 0 0.000000
1653953941949918869 155.562231 6.428108 5 0 0.000000
1653953943114817532 194.145511 5.150663 6 0 0.000000
1653953943889247988 154.882188 6.456358 5 0 0.000000
1653953945125706908 206.072273 4.852567 6 0 0.000000
1653953946046832842 230.277242 4.342512 4 0 0.000000
1653953947211800669 194.156929 5.150357 6 0 0.000000
1653953948128787348 229.242931 4.362113 4 0 0.000000
1653953948843870299 238.355535 4.195317 3 0 0.000000
1653953950220877444 196.710787 5.083489 7 0 0.000000
1653953951151628806 155.121024 6.446405 6 0 0.000000
1653953952237845876 155.169899 6.444384 7 0 0.000000
1653953953169666522 155.299451 6.439007 6 0 0.000000
1653953954255814164 155.160106 6.444796 7 0 0.000000
1653953955188785440 155.491144 6.431066 6 0 0.000000
1653953956193044327 167.371734 5.974555 6 0 0.000000
1653953957103991095 227.731936 4.391036 4 0 0.000000
1653953958270546450 194.421547 5.143348 6 0 0.000000
1653953959206044745 155.912224 6.413694 6 0 0.000000
1653953960138333676 155.377612 6.435773 6 0 0.000000
1653953961210741448 214.477184 4.662406 5 0 0.000000
1653953961990542541 155.956401 6.411892 5 0 0.000000
1653953963223153660 205.431021 4.867715 6 0 0.000000
1653953964141829330 229.664316 4.354094 4 0 0.000000
1653953965227157492 155.042731 6.449662 7 0 0.000000
1653953966250079838 204.580514 4.887957 5 0 0.000000
1653953967181007232 155.150531 6.445186 6 0 0.000000
1653953968193382286 337.453385 2.963329 3 0 0.000000
1653953969272255843 215.770425 4.634463 5 0 0.000000
1653953970184235076 227.990199 4.386065 4 0 0.000000
1653953971115230326 155.161670 6.444716 6 0 0.000000
1653953972181467795 213.243364 4.689387 5 0 0.000000
1653953973193955727 202.493459 4.938330 5 0 0.000000
1653953974280560804 155.224525 6.442083 7 0 0.000000
1653953975056655438 155.214510 6.442513 5 0 0.000000
1653953976134378691 215.540338 4.639410 5 0 0.000000
1653953977219799430 155.055463 6.449112 7 0 0.000000
1653953978132206492 228.097346 4.384008 4 0 0.000000
1653953978843234386 237.004819 4.219243 3 0 0.000000
1653953980221202943 196.847997 5.079942 7 0 0.000000
1653953981152493198 155.210819 6.442675 6 0 0.000000
1653953981926984181 154.894369 6.455853 5 0 0.000000
1653953983233853253 261.369280 3.825938 5 0 0.000000
1653953984165337164 155.243248 6.441335 6 0 0.000000
1653953985251201710 155.119308 6.446476 7 0 0.000000
1653953986183721568 155.415748 6.434179 6 0 0.000000
1653953987270478093 155.246829 6.441185 7 0 0.000000
1653953988290864226 204.073463 4.900106 5 0 0.000000
1653953989223046737 155.358669 6.436508 6 0 0.000000
1653953990156889888 155.636473 6.425062 6 0 0.000000
1653953991244699172 155.397472 6.434951 7 0 0.000000
1653953992261755395 203.406826 4.916149 5 0 0.000000
1653953993195778543 155.666528 6.423824 6 0 0.000000
1653953994219036475 204.647663 4.886353 5 0 0.000000
1653953995151452982 155.398829 6.434893 6 0 0.000000
1653953996238843731 155.337721 6.437428 7 0 0.000000
1653953997171077867 155.368270 6.436151 6 0 0.000000
1653953998238490566 213.478073 4.684224 5 0 0.000000
1653953999172429522 155.652275 6.424403 6 0 0.000000
1653954000261257612 155.542830 6.428930 7 0 0.000000
1653954001038436232 155.431568 6.433528 5 0 0.000000
1653954002276693081 206.371851 4.845522 6 0 0.000000
1653954003209542237 155.471218 6.431908 6 0 0.000000
1653954004285121128 268.890915 3.718928 4 0 0.000000
1653954005215984326 155.139709 6.445630 6 0 0.000000
1653954006148326393 155.386173 6.435406 6 0 0.000000
1653954007236651902 155.471113 6.431899 7 0 0.000000
1653954008169861488 155.530525 6.429424 6 0 0.000000
1653954009255788951 155.127984 6.446103 7 0 0.000000
1653954010257624028 166.968367 5.989010 6 0 0.000000
1653954011191267643 155.602742 6.426435 6 0 0.000000
1653954012281328959 155.719034 6.421657 7 0 0.000000
1653954013059329383 155.596323 6.426732 5 0 0.000000
1653954014290357606 307.752293 3.249316 4 0 0.000000
1653954015290746771 166.726983 5.997666 6 0 0.000000
1653954016070034029 155.853244 6.416119 5 0 0.000000
1653954016931426958 215.343806 4.643641 4 0 0.000000
1653954017952701949 204.250636 4.895841 5 0 0.000000
1653954019264769552 262.409084 3.810779 5 0 0.000000
1653954020199104888 155.718081 6.421678 6 0 0.000000
1653954021288419766 155.612205 6.426057 7 0 0.000000
1653954022221305025 155.474518 6.431659 6 0 0.000000
1653954023311079493 155.677810 6.423347 7 0 0.000000
1653954024244265560 155.526623 6.429586 6 0 0.000000
1653954025167952365 230.917132 4.330472 4 0 0.000000
1653954026258030681 155.721176 6.421557 7 0 0.000000
1653954027172232121 228.545921 4.375403 4 0 0.000000
1653954028252263437 216.002295 4.629495 5 0 0.000000
1653954029185792206 155.582294 6.427226 6 0 0.000000
1653954030276169468 155.763845 6.419796 7 0 0.000000
1653954031194630941 229.611142 4.355109 4 0 0.000000
1653954032286422357 155.965913 6.411481 7 0 0.000000
1653954033219818945 155.561092 6.428136 6 0 0.000000
1653954034240131467 204.058252 4.900459 5 0 0.000000
1653954035173352340 155.532490 6.429346 6 0 0.000000
1653954036262471887 155.584688 6.427210 7 0 0.000000
1653954037194602783 155.351389 6.436864 6 0 0.000000
1653954038282953968 155.474854 6.431747 7 0 0.000000
1653954039209799288 231.706645 4.315715 4 0 0.000000
1653954040279611261 213.957877 4.673718 5 0 0.000000
1653954041212169808 155.422175 6.433912 6 0 0.000000
1653954042300886793 155.526877 6.429586 7 0 0.000000
1653954043310496764 201.917007 4.952408 5 0 0.000000
1653954044244679955 155.693080 6.422717 6 0 0.000000
1653954045266608293 204.381278 4.892715 5 0 0.000000
1653954046291070152 204.887805 4.880611 5 0 0.000000
1653954047226172411 155.844952 6.416411 6 0 0.000000
1653954048293616743 533.717150 1.873634 2 0 0.000000
1653954049070410726 155.354401 6.436713 5 0 0.000000
1653954050239214128 233.756297 4.277879 5 0 0.000000
1653954051016794893 155.511971 6.430200 5 0 0.000000
1653954052186366232 194.924503 5.130085 6 0 0.000000
1653954053277577028 155.882918 6.414893 7 0 0.000000
1653954054210995939 155.565583 6.427982 6 0 0.000000
1653954055299368756 155.477818 6.431620 7 0 0.000000
1653954056067758284 256.125571 3.904270 3 0 0.000000
1653954057238703662 195.153501 5.124065 6 0 0.000000
1653954058327661521 155.561447 6.428164 7 0 0.000000
1653954059332035582 334.787333 2.986935 3 0 0.000000
1653954060247415968 228.840040 4.369768 4 0 0.000000
1653954061323040402 215.120053 4.648463 5 0 0.000000
1653954062255892222 155.471349 6.431890 6 0 0.000000
1653954063274213664 203.659917 4.910041 5 0 0.000000
1653954064272615322 332.796208 3.004803 3 0 0.000000
1653954065050614054 155.594888 6.426746 5 0 0.000000
1653954066230653291 196.666212 5.084577 6 0 0.000000
1653954067322097966 218.284068 4.581084 5 0 0.000000
1653954068237549974 228.858924 4.369426 4 0 0.000000
1653954069262751738 205.035782 4.877089 5 0 0.000000
1653954070195594301 155.469171 6.431954 6 0 0.000000
1653954071284610889 155.569629 6.427817 7 0 0.000000
1653954072219581277 155.823989 6.417316 6 0 0.000000
1653954073309477268 155.695714 6.422631 7 0 0.000000
1653954074243597080 155.682544 6.423159 6 0 0.000000
1653954075255868906 202.449741 4.939385 5 0 0.000000
1653954076344774982 155.553927 6.428470 7 0 0.000000
1653954077280132225 155.888341 6.414662 6 0 0.000000
1653954078214292399 155.689592 6.422881 6 0 0.000000
1653954079126653889 228.086173 4.384227 4 0 0.000000
1653954080347317582 305.161423 3.276906 4 0 0.000000
1653954081125213311 155.575132 6.427597 5 0 0.000000
1653954082348765869 203.920585 4.903753 6 0 0.000000
1653954083284171203 155.896567 6.414332 6 0 0.000000
1653954084218181084 155.663857 6.423915 6 0 0.000000
1653954085286337186 213.627118 4.680964 5 0 0.000000
1653954086288480369 167.019198 5.987168 6 0 0.000000
1653954087066926271 155.685121 6.423054 5 0 0.000000
1653954088303226625 206.045731 4.853190 6 0 0.000000
1653954089237386535 155.689286 6.422883 6 0 0.000000
1653954090017772956 156.073421 6.407082 5 0 0.000000
1653954090938413747 230.155305 4.344800 4 0 0.000000
1653954092324407225 197.994755 5.050529 7 0 0.000000
1653954093340021785 203.118747 4.923127 5 0 0.000000
1653954094255263914 228.804834 4.370428 4 0 0.000000
1653954095346112740 155.831240 6.417021 7 0 0.000000
1653954096280166640 155.671629 6.423612 6 0 0.000000
1653954097355321931 215.026478 4.650491 5 0 0.000000
1653954098289786994 155.739844 6.420786 6 0 0.000000
1653954099224180946 155.728234 6.421274 6 0 0.000000
1653954100318654584 156.348643 6.395768 7 0 0.000000
1653954101253889845 155.868246 6.415498 6 0 0.000000
1653954102342157591 155.462534 6.432241 7 0 0.000000
1653954103275589399 155.568095 6.427893 6 0 0.000000
1653954104352654380 215.408523 4.642245 5 0 0.000000
1653954105286748886 311.359786 3.211666 3 0 0.000000
1653954106220512298 155.622586 6.425611 6 0 0.000000
1653954107312980884 218.489245 4.576791 5 0 0.000000
1653954108246122785 155.519284 6.429890 6 0 0.000000
1653954109337230907 155.868387 6.415496 7 0 0.000000
1653954110272259993 155.833880 6.416913 6 0 0.000000
1653954111365326782 156.148284 6.404000 7 0 0.000000
1653954112300160307 155.801212 6.418255 6 0 0.000000
1653954113313563231 202.676445 4.933872 5 0 0.000000
1653954114247931052 233.583838 4.280969 4 0 0.000000
1653954115339978222 156.002022 6.409980 7 0 0.000000
1653954116275092492 155.847512 6.416328 6 0 0.000000
1653954117365759833 155.805244 6.418089 7 0 0.000000
1653954118144633502 155.769808 6.419526 5 0 0.000000
1653954119314030067 194.892014 5.130848 6 0 0.000000
1653954120249869806 155.969162 6.411360 6 0 0.000000
1653954121342011987 156.015910 6.409422 7 0 0.000000
1653954122276698624 155.777249 6.419264 6 0 0.000000
1653954123133423083 214.176704 4.668946 4 0 0.000000
1653954124292472605 289.757811 3.451104 4 0 0.000000
1653954125383968982 155.924039 6.413214 7 0 0.000000
1653954126317990120 155.665946 6.423838 6 0 0.000000
1653954127253072182 155.842932 6.416549 6 0 0.000000
1653954128342248951 155.592535 6.426872 7 0 0.000000
1653954128966132714 155.966539 6.411451 4 0 0.000000
1653954130275868431 261.943036 3.817564 5 0 0.000000
1653954131358152532 216.452064 4.619859 5 0 0.000000
1653954132295208605 156.171881 6.403032 6 0 0.000000
1653954133387130496 155.984513 6.410715 7 0 0.000000
1653954134335041608 236.972972 4.219805 4 0 0.000000
1653954135273800442 156.455256 6.391418 6 0 0.000000
1653954136367272399 156.206457 6.401627 7 0 0.000000
