1653953745832309834 211.757556 4.720044 4 0 0.000000
1653953746836489895 167.358130 5.975024 6 0 0.000000
1653953747844044288 167.920486 5.955013 6 0 0.000000
1653953748680284064 167.242732 5.979147 5 0 0.000000
1653953749970437276 322.531980 3.100407 4 0 0.000000
1653953750971452755 166.830000 5.993913 6 0 0.000000
1653953751891507662 230.007182 4.347567 4 0 0.000000
1653953752891131331 166.598752 6.002259 6 0 0.000000
1653953753969500007 215.668851 4.636633 5 0 0.000000
1653953754966953659 166.237605 6.015317 6 0 0.000000
1653953755965798484 166.468177 6.006939 6 0 0.000000
1653953756961225775 165.898835 6.027563 6 0 0.000000
1653953757961333528 166.678936 5.999353 6 0 0.000000
1653953758958475591 166.185050 6.017197 6 0 0.000000
1653953759788162543 165.931875 6.026369 5 0 0.000000
1653953760903842131 223.130417 4.481573 5 0 0.000000
1653953761900391950 166.086683 6.020773 6 0 0.000000
1653953762979703484 215.856883 4.632583 5 0 0.000000
1653953763811630118 166.380162 6.010145 5 0 0.000000
1653953764398207936 293.283726 3.409607 2 0 0.000000
1653953765865848073 293.523461 3.406830 5 0 0.000000
1653953766860910955 165.838304 6.029770 6 0 0.000000
1653953767912694134 175.292294 5.704598 6 0 0.000000
1653953768909984010 166.210028 6.016305 6 0 0.000000
1653953769874123698 321.375257 3.111582 3 0 0.000000
1653953770870371679 166.036133 6.022597 6 0 0.000000
1653953771863978909 165.596420 6.038603 6 0 0.000000
1653953772858733232 165.787260 6.031640 6 0 0.000000
1653953773855132735 166.061789 6.021681 6 0 0.000000
1653953774848624720 165.576988 6.039304 6 0 0.000000
1653953775843660800 165.834429 6.029932 6 0 0.000000
1653953777002496314 165.543236 6.040547 7 0 0.000000
1653953777999062891 166.090000 6.020672 6 0 0.000000
1653953778994927870 165.972506 6.024913 6 0 0.000000
1653953779987716877 165.460453 6.043580 6 0 0.000000
1653953780983469867 165.954138 6.025591 6 0 0.000000
1653953781977805797 165.718435 6.034178 6 0 0.000000
1653953782806730616 165.779956 6.031910 5 0 0.000000
1653953783871089243 532.174904 1.879066 2 0 0.000000
1653953784945845080 214.946341 4.652219 5 0 0.000000
1653953785941821223 165.991259 6.024241 6 0 0.000000
1653953786857532661 228.923343 4.368188 4 0 0.000000
1653953787894874716 345.775851 2.892007 3 0 0.000000
1653953788892351411 166.240987 6.015178 6 0 0.000000
1653953789887257740 165.812697 6.030718 6 0 0.000000
1653953790882390334 165.850396 6.029348 6 0 0.000000
1653953791879000475 166.096867 6.020408 6 0 0.000000
1653953793013345451 226.863974 4.407830 5 0 0.000000
1653953794005887403 165.419250 6.045084 6 0 0.000000
1653953794919984686 228.519427 4.375902 4 0 0.000000
1653953795869629864 316.542420 3.159075 3 0 0.000000
1653953796864106969 165.741095 6.033321 6 0 0.000000
1653953797418581426 184.819470 5.410529 3 0 0.000000
1653953798871836912 242.204765 4.128662 6 0 0.000000
1653953799954401541 216.508042 4.618662 5 0 0.000000
1653953800900793392 315.459132 3.169934 3 0 0.000000
1653953801817878754 229.266671 4.361644 4 0 0.000000
1653953802872966098 263.766530 3.791155 4 0 0.000000
1653953803957907516 216.983541 4.608544 5 0 0.000000
1653953804955377679 166.239674 6.015218 6 0 0.000000
1653953805950336201 165.821437 6.030402 6 0 0.000000
1653953806942569467 165.367164 6.046965 6 0 0.000000
1653953807936635058 165.673069 6.035819 6 0 0.000000
1653953808598890699 165.559107 6.039964 4 0 0.000000
1653953809830146346 615.622253 1.624358 2 0 0.000000
1653953810990794818 386.875963 2.584762 3 0 0.000000
1653953811984610083 165.631228 6.037339 6 0 0.000000
1653953812776990615 396.184647 2.524040 2 0 0.000000
1653953813354029429 288.514546 3.465971 2 0 0.000000
1653953814996009365 328.390969 3.045104 5 0 0.000000
1653953815994651522 166.435805 6.008158 6 0 0.000000
1653953816988681146 165.666767 6.036037 6 0 0.000000
1653953817983050136 165.724171 6.033977 6 0 0.000000
1653953819011608840 257.135295 3.888937 4 0 0.000000
1653953819507307174 165.227983 6.052068 3 0 0.000000
1653953821009512213 300.436181 3.328440 5 0 0.000000
1653953822003128082 165.598213 6.038551 6 0 0.000000
1653953822999217450 166.010291 6.023556 6 0 0.000000
1653953823829521128 166.056158 6.021893 5 0 0.000000
1653953825021075003 198.587411 5.035442 6 0 0.000000
1653953826014483161 165.563790 6.039813 6 0 0.000000
1653953827006890463 165.397002 6.045905 6 0 0.000000
1653953828000144695 165.537877 6.040750 6 0 0.000000
1653953828995612272 165.906419 6.027318 6 0 0.000000
1653953830026393884 343.588784 2.910413 3 0 0.000000
1653953831023179606 166.126134 6.019348 6 0 0.000000
1653953832017494166 165.714704 6.034308 6 0 0.000000
1653953833012785781 165.876644 6.028384 6 0 0.000000
1653953833677248607 166.111239 6.019900 4 0 0.000000
1653953834799845303 224.514388 4.453959 5 0 0.000000
1653953835882710650 216.568541 4.617379 5 0 0.000000
1653953837043188027 165.775292 6.032000 7 0 0.000000
1653953838036118961 165.483389 6.042716 6 0 0.000000
1653953839031673340 165.920980 6.026793 6 0 0.000000
1653953839973430729 235.434241 4.247379 4 0 0.000000
1653953841004267465 206.160361 4.850429 5 0 0.000000
1653953841909261259 301.659670 3.314940 3 0 0.000000
1653953842903816888 165.754927 6.032845 6 0 0.000000
1653953844027356080 224.703092 4.450223 5 0 0.000000
1653953844897522942 217.536536 4.596819 4 0 0.000000
1653953845893134003 165.925453 6.026450 6 0 0.000000
1653953846923482531 206.064711 4.852727 5 0 0.000000
1653953847921075369 166.261267 6.014478 6 0 0.000000
1653953848750962886 165.973191 6.024913 5 0 0.000000
1653953849494011270 247.677401 4.037422 3 0 0.000000
1653953850896149709 233.685335 4.279178 6 0 0.000000
1653953851894378542 166.366667 6.010646 6 0 0.000000
1653953852889454874 165.841489 6.029688 6 0 0.000000
1653953853919102458 205.924926 4.856030 5 0 0.000000
1653953854914757527 331.879690 3.013092 3 0 0.000000
1653953855911362322 166.092636 6.020441 6 0 0.000000
1653953856740984181 165.919296 6.026842 5 0 0.000000
1653953857981947744 206.822285 4.834953 6 0 0.000000
1653953858645818829 165.963394 6.025266 4 0 0.000000
1653953859850423053 401.529209 2.490445 3 0 0.000000
1653953861052308180 200.309469 4.992158 6 0 0.000000
1653953862050238014 166.316939 6.012447 6 0 0.000000
1653953863045928925 165.943780 6.025966 6 0 0.000000
1653953864042676046 166.119918 6.019581 6 0 0.000000
1653953865037869144 165.860936 6.028981 6 0 0.000000
1653953866034838230 166.156292 6.018240 6 0 0.000000
1653953866963118755 232.065004 4.309042 4 0 0.000000
1653953867958073854 165.821324 6.030423 6 0 0.000000
1653953868954273765 166.028755 6.022888 6 0 0.000000
1653953870036845378 216.508995 4.618632 5 0 0.000000
1653953870781730748 248.290257 4.027465 3 0 0.000000
1653953872024541116 207.130082 4.827768 6 0 0.000000
1653953873022958147 166.398304 6.009513 6 0 0.000000
1653953874018458245 165.911880 6.027121 6 0 0.000000
1653953874889788342 217.827791 4.590683 4 0 0.000000
1653953876019863122 226.010102 4.424486 5 0 0.000000
1653953877016935466 166.173899 6.017618 6 0 0.000000
1653953878013820049 166.142402 6.018751 6 0 0.000000
1653953879050288787 207.289249 4.824072 5 0 0.000000
1653953879880100669 165.957483 6.025462 5 0 0.000000
1653953880966069681 217.188775 4.604183 5 0 0.000000
1653953881964049205 166.324978 6.012147 6 0 0.000000
1653953882961997665 166.319620 6.012335 6 0 0.000000
1653953884001317808 207.859114 4.810837 5 0 0.000000
1653953884997100832 165.959022 6.025409 6 0 0.000000
1653953885996324991 166.532874 6.004659 6 0 0.000000
1653953886994134131 166.296737 6.013174 6 0 0.000000
1653953887823674545 165.903220 6.027434 5 0 0.000000
1653953889026824124 200.519970 4.986911 6 0 0.000000
1653953890021726388 165.813010 6.030743 6 0 0.000000
1653953891018099328 166.057295 6.021841 6 0 0.000000
1653953892013990287 165.976595 6.024756 6 0 0.000000
1653953893007398992 165.563215 6.039810 6 0 0.000000
1653953894029511218 255.523143 3.913465 4 0 0.000000
1653953895026870621 166.221465 6.015886 6 0 0.000000
1653953896022598485 165.949899 6.025743 6 0 0.000000
1653953897068860032 209.247350 4.778920 5 0 0.000000
1653953898064627730 165.956809 6.025502 6 0 0.000000
1653953898929492039 216.211109 4.625003 4 0 0.000000
1653953899967541047 346.011587 2.890037 3 0 0.000000
1653953901004225057 207.332286 4.823070 5 0 0.000000
1653953902000451320 166.033244 6.022728 6 0 0.000000
1653953903053810105 175.555124 5.696065 6 0 0.000000
1653953903551669874 165.949031 6.025793 3 0 0.000000
1653953905070804186 759.561461 1.316539 2 0 0.000000
1653953906065151377 165.719812 6.034110 6 0 0.000000
1653953906937269483 218.024798 4.586535 4 0 0.000000
1653953908008822340 214.306303 4.666125 5 0 0.000000
1653953909009240554 166.732219 5.997492 6 0 0.000000
1653953910067114066 352.620498 2.835878 3 0 0.000000
1653953911063053682 165.985256 6.024462 6 0 0.000000
1653953912059113809 166.006143 6.023733 6 0 0.000000
1653953913055451892 166.051923 6.022052 6 0 0.000000
1653953913720336932 166.217446 6.016078 4 0 0.000000
1653953914941282756 305.231678 3.276149 4 0 0.000000
1653953916025700926 216.878679 4.610767 5 0 0.000000
1653953917022339394 166.101977 6.020237 6 0 0.000000
1653953917933780151 227.856359 4.388656 4 0 0.000000
1653953918931178427 166.228170 6.015651 6 0 0.000000
1653953920092650429 165.919597 6.026835 7 0 0.000000
1653953920814984098 180.579000 5.537607 4 0 0.000000
1653953922057192525 207.030151 4.830107 6 0 0.000000
1653953923054967355 166.291632 6.013381 6 0 0.000000
1653953923973923938 229.733636 4.352763 4 0 0.000000
1653953925098803843 281.214878 3.555935 4 0 0.000000
1653953926096468405 166.272840 6.014045 6 0 0.000000
1653953927093240380 166.124302 6.019431 6 0 0.000000
1653953927963352428 217.523416 4.597109 4 0 0.000000
1653953928991378091 205.600423 4.863692 5 0 0.000000
1653953929987292948 165.981617 6.024611 6 0 0.000000
1653953930985614555 166.382050 6.010087 6 0 0.000000
1653953932014915021 205.855775 4.857668 5 0 0.000000
1653953933012911432 166.328486 6.012046 6 0 0.000000
1653953934011286564 166.391539 6.009765 6 0 0.000000
1653953935048511227 207.440751 4.820556 5 0 0.000000
1653953936045379006 166.139637 6.018852 6 0 0.000000
1653953937043995177 166.431675 6.008315 6 0 0.000000
1653953938041164355 166.190182 6.017033 6 0 0.000000
1653953939070769612 205.916240 4.856230 5 0 0.000000
1653953940067783659 166.164865 6.017969 6 0 0.000000
1653953941064110975 166.049971 6.022117 6 0 0.000000
1653953942061368056 166.205367 6.016503 6 0 0.000000
1653953943060351862 166.490718 6.006103 6 0 0.000000
1653953944058623120 166.374435 6.010390 6 0 0.000000
1653953945055442605 166.132249 6.019144 6 0 0.000000
1653953946052137994 166.111723 6.019893 6 0 0.000000
1653953946962972032 227.704249 4.391579 4 0 0.000000
1653953947959860086 166.143997 6.018730 6 0 0.000000
1653953948957754653 166.311173 6.012659 6 0 0.000000
1653953949956892609 166.518464 6.005177 6 0 0.000000
1653953950956737521 166.636514 6.000931 6 0 0.000000
1653953951996180694 207.884275 4.810268 5 0 0.000000
1653953952996655180 166.741727 5.997155 6 0 0.000000
1653953953962238864 241.391809 4.142572 4 0 0.000000
1653953954960655260 166.397829 6.009517 6 0 0.000000
1653953956046691684 217.202551 4.603897 5 0 0.000000
1653953957056251104 168.255583 5.943187 6 0 0.000000
1653953958053295438 166.169851 6.017787 6 0 0.000000
1653953958884643480 166.265233 6.014328 5 0 0.000000
1653953959970282185 217.122171 4.605584 5 0 0.000000
1653953961027276651 264.243804 3.784315 4 0 0.000000
1653953962056218603 205.784216 4.859361 5 0 0.000000
1653953963051947970 165.950873 6.025734 6 0 0.000000
1653953964050913504 166.489848 6.006213 6 0 0.000000
1653953965051519212 166.761931 5.996368 6 0 0.000000
1653953966050843202 166.549405 6.004059 6 0 0.000000
1653953967083581504 206.541680 4.841498 5 0 0.000000
1653953968082416541 166.468266 6.006998 6 0 0.000000
1653953969114397305 206.391073 4.845052 5 0 0.000000
1653953970112062820 166.273362 6.014040 6 0 0.000000
1653953971111581109 166.581522 6.002892 6 0 0.000000
1653953972022371338 227.692705 4.391791 4 0 0.000000
1653953973021140224 166.456705 6.007396 6 0 0.000000
1653953974054151669 258.248222 3.872174 4 0 0.000000
1653953975052717798 166.423135 6.008616 6 0 0.000000
1653953976109884548 176.189708 5.675547 6 0 0.000000
1653953977109973506 166.677060 5.999466 6 0 0.000000
1653953978108415556 166.402717 6.009362 6 0 0.000000
1653953979107352273 166.484869 6.006386 6 0 0.000000
1653953980105914239 166.422962 6.008641 6 0 0.000000
1653953981103917402 166.329655 6.012005 6 0 0.000000
1653953982101796264 166.308844 6.012754 6 0 0.000000
1653953983100688364 166.477384 6.006655 6 0 0.000000
1653953984099925729 166.535488 6.004579 6 0 0.000000
1653953985097325107 166.229328 6.015644 6 0 0.000000
1653953986127207572 205.971819 4.854923 5 0 0.000000
1653953987125532439 166.383209 6.010068 6 0 0.000000
1653953987997955321 218.100773 4.584932 4 0 0.000000
1653953988995498950 166.252994 6.014774 6 0 0.000000
1653953989994819658 166.548977 6.004079 6 0 0.000000
1653953990992534989 166.281213 6.013739 6 0 0.000000
1653953991993567766 166.834149 5.993810 6 0 0.000000
1653953992992415522 166.470221 6.006922 6 0 0.000000
1653953994118242924 281.452330 3.552942 4 0 0.000000
1653953995118823625 166.758684 5.996518 6 0 0.000000
1653953996116680858 166.305165 6.012884 6 0 0.000000
1653953996781668400 166.242742 6.015150 4 0 0.000000
1653953998036819229 209.187252 4.780302 6 0 0.000000
1653953999066772513 205.983959 4.854589 5 0 0.000000
1653954000097427106 206.126409 4.851286 5 0 0.000000
1653954001128460340 206.201777 4.849504 5 0 0.000000
1653954002126044252 166.259537 6.014532 6 0 0.000000
1653954003124596555 166.421205 6.008699 6 0 0.000000
1653954004123175610 166.425798 6.008538 6 0 0.000000
1653954005121446972 166.373999 6.010390 6 0 0.000000
1653954006120720946 166.541385 6.004359 6 0 0.000000
1653954007031273376 227.633977 4.392938 4 0 0.000000
1653954008031043481 166.623605 6.001380 6 0 0.000000
1653954009030631571 166.593249 6.002472 6 0 0.000000
1653954010029920834 166.543363 6.004268 6 0 0.000000
1653954011117629414 217.537532 4.596819 5 0 0.000000
1653954012116726432 166.511498 6.005423 6 0 0.000000
1653954013156225319 207.890738 4.810010 5 0 0.000000
1653954014154072387 166.303128 6.012945 6 0 0.000000
1653954015154910887 166.801832 5.994973 6 0 0.000000
1653954016044245370 177.862418 5.622182 5 0 0.000000
1653954017042106144 166.306099 6.012863 6 0 0.000000
1653954018075074131 206.588823 4.840421 5 0 0.000000
1653954019074682910 166.596949 6.002348 6 0 0.000000
1653954020074549083 166.639846 6.000803 6 0 0.000000
1653954021073575377 166.500289 6.005848 6 0 0.000000
1653954022072749602 166.525157 6.004959 6 0 0.000000
1653954023069683985 166.151658 6.018450 6 0 0.000000
1653954023900971974 166.253634 6.014763 5 0 0.000000
1653954025100814414 399.942246 2.500328 3 0 0.000000
1653954026101845426 166.833830 5.993820 6 0 0.000000
1653954027101023950 166.525085 6.004933 6 0 0.000000
1653954028099510991 166.410539 6.009091 6 0 0.000000
1653954029100060342 166.753840 5.996706 6 0 0.000000
1653954030140061374 207.995167 4.807688 5 0 0.000000
1653954031137493591 166.234565 6.015446 6 0 0.000000
1653954032135370564 166.308632 6.012765 6 0 0.000000
1653954033096400700 320.338759 3.121650 3 0 0.000000
1653954034093853762 166.237778 6.015321 6 0 0.000000
1653954035092645952 166.459107 6.007256 6 0 0.000000
1653954035846912192 251.418064 3.977375 3 0 0.000000
1653954037088565389 248.325352 4.026889 5 0 0.000000
1653954038089353313 166.793473 5.995276 6 0 0.000000
1653954038922441670 166.612833 6.001764 5 0 0.000000
1653954040122948631 200.079887 4.997889 6 0 0.000000
1653954041154190993 206.244282 4.848521 5 0 0.000000
1653954042153459438 166.540297 6.004393 6 0 0.000000
1653954043151933862 166.407738 6.009167 6 0 0.000000
1653954044151220080 166.543387 6.004286 6 0 0.000000
1653954045117667721 322.144673 3.104152 3 0 0.000000
1653954046116472736 166.463672 6.007179 6 0 0.000000
1653954047116946437 166.740163 5.997159 6 0 0.000000
1653954048114489851 166.253179 6.014776 6 0 0.000000
1653954049036076088 230.392294 4.340343 4 0 0.000000
1653954050035460774 166.559157 6.003694 6 0 0.000000
1653954051035992149 166.750676 5.996813 6 0 0.000000
1653954052068275820 206.452221 4.843630 5 0 0.000000
1653954053068182081 166.646879 6.000562 6 0 0.000000
1653954054068233136 166.670509 5.999694 6 0 0.000000
1653954055067152118 166.482726 6.006493 6 0 0.000000
1653954056064515067 166.223066 6.015864 6 0 0.000000
1653954057142563602 215.605355 4.638010 5 0 0.000000
1653954058143178884 166.764452 5.996311 6 0 0.000000
1653954059142748449 166.590333 6.002584 6 0 0.000000
1653954060141765396 166.498032 6.005904 6 0 0.000000
1653954061142063319 166.711768 5.998213 6 0 0.000000
1653954062054571706 228.122988 4.383521 4 0 0.000000
1653954063053754666 166.525771 6.004906 6 0 0.000000
1653954064055216522 166.906196 5.991242 6 0 0.000000
1653954065056010617 166.794568 5.995239 6 0 0.000000
1653954065977016659 230.247219 4.343077 4 0 0.000000
1653954067104769614 281.933091 3.546876 4 0 0.000000
1653954068104304598 166.584382 6.002791 6 0 0.000000
1653954069104114545 166.629915 6.001141 6 0 0.000000
1653954070146712659 347.528238 2.877427 3 0 0.000000
1653954071149227435 167.081275 5.984949 6 0 0.000000
1653954072189847388 208.119338 4.804828 5 0 0.000000
1653954073191504804 166.938339 5.990072 6 0 0.000000
1653954074191110946 166.595536 6.002364 6 0 0.000000
1653954075194421806 167.213958 5.980200 6 0 0.000000
1653954075863859938 167.354955 5.975160 4 0 0.000000
1653954077074040915 201.692425 4.957936 6 0 0.000000
1653954078115509975 208.289226 4.800911 5 0 0.000000
1653954079116330685 166.799058 5.995080 6 0 0.000000
1653954080196016355 215.932030 4.630977 5 0 0.000000
1653954081028749461 166.542683 6.004324 5 0 0.000000
1653954082159896938 226.224940 4.420290 5 0 0.000000
1653954083159948903 166.671158 5.999688 6 0 0.000000
1653954084073124181 228.289410 4.380320 4 0 0.000000
1653954085073429478 166.712843 5.998169 6 0 0.000000
1653954086073441413 166.664631 5.999928 6 0 0.000000
1653954087161849917 217.676861 4.593863 5 0 0.000000
1653954088162661155 166.797763 5.995137 6 0 0.000000
1653954089163541704 166.809129 5.994721 6 0 0.000000
1653954089996563795 166.600214 6.002242 5 0 0.000000
1653954091115232524 279.662171 3.575679 4 0 0.000000
1653954092116876648 166.935996 5.990151 6 0 0.000000
1653954093047491113 232.649010 4.298235 4 0 0.000000
1653954094058744102 252.808847 3.955489 4 0 0.000000
1653954095117664180 176.482101 5.666150 6 0 0.000000
1653954096116667543 166.496552 6.005986 6 0 0.000000
1653954097115819903 166.521059 6.005090 6 0 0.000000
1653954098117575430 166.955208 5.989485 6 0 0.000000
1653954099118053044 166.741995 5.997136 6 0 0.000000
1653954100120211197 167.022307 5.987079 6 0 0.000000
1653954101121504113 166.877297 5.992253 6 0 0.000000
1653954102120045159 166.419340 6.008766 6 0 0.000000
1653954103123208650 167.186046 5.981079 6 0 0.000000
1653954104122775017 166.586787 6.002603 6 0 0.000000
1653954105123444061 166.773934 5.995988 6 0 0.000000
1653954106124276716 166.801184 5.995008 6 0 0.000000
1653954107126305996 167.000521 5.987849 6 0 0.000000
1653954108125527495 166.533017 6.004675 6 0 0.000000
1653954109128391057 167.139838 5.982868 6 0 0.000000
1653954110103019576 324.871273 3.078096 3 0 0.000000
1653954111146452402 208.682257 4.791875 5 0 0.000000
1653954112148095415 166.936241 5.990158 6 0 0.000000
1653954112817488734 167.343410 5.975560 4 0 0.000000
1653954113727472404 303.323609 3.296762 3 0 0.000000
1653954115080084116 450.865212 2.217931 3 0 0.000000
1653954116209796876 282.423263 3.540723 4 0 0.000000
1653954117210414503 166.763783 5.996297 6 0 0.000000
1653954118103038324 178.520287 5.601464 5 0 0.000000
1653954119185067518 216.401324 4.620947 5 0 0.000000
1653954120161041199 243.989373 4.098471 4 0 0.000000
1653954121164848274 167.296737 5.977244 6 0 0.000000
1653954122072556279 453.849069 2.203352 2 0 0.000000
1653954123074685942 167.016117 5.987249 6 0 0.000000
1653954124074286950 166.596219 6.002395 6 0 0.000000
1653954124574640612 166.780788 5.995759 3 0 0.000000
1653954126119236961 257.428203 3.884510 6 0 0.000000
1653954127033055251 228.450035 4.377238 4 0 0.000000
1653954128122428923 217.870383 4.589793 5 0 0.000000
1653954128958320455 167.174059 5.981637 5 0 0.000000
1653954130184458223 245.223231 4.077845 5 0 0.000000
1653954131188508918 167.337532 5.975794 6 0 0.000000
1653954132191311400 167.124810 5.983232 6 0 0.000000
1653954133195067338 167.288182 5.977549 6 0 0.000000
1653954134197530723 167.072688 5.985256 6 0 0.000000
1653954135075665881 219.528290 4.555107 4 0 0.000000
1653954136078125500 167.072401 5.985279 6 0 0.000000
1653954137082027945 167.312843 5.976676 6 0 0.000000
1653954138083561206 166.918395 5.990815 6 0 0.000000
1653954139084451733 166.810932 5.994662 6 0 0.000000
