1653953743974213187 120.589690 8.289476 8 0 0.000000
1653953744677815304 100.508810 9.948805 7 0 0.000000
1653953745724809071 174.493419 5.730693 6 0 0.000000
1653953746968911141 124.405673 8.037926 10 0 0.000000
1653953747757194018 98.530677 10.148641 8 0 0.000000
1653953748969725698 121.247972 8.247207 10 0 0.000000
1653953749954077492 98.430301 10.158970 10 0 0.000000
1653953750931687766 97.756354 10.229025 10 0 0.000000
1653953752007191119 97.768611 10.227769 11 0 0.000000
1653953752979939398 97.269965 10.280152 10 0 0.000000
1653953753971593292 99.160425 10.084163 10 0 0.000000
1653953755005831241 129.274750 7.735164 8 0 0.000000
1653953755997780264 99.190304 10.081163 10 0 0.000000
1653953756973601243 108.419472 9.223003 9 0 0.000000
1653953758008296284 147.809000 6.765278 7 0 0.000000
1653953758980654649 97.231337 10.284274 10 0 0.000000
1653953759951706401 97.100867 10.298112 10 0 0.000000
1653953760634010406 97.467707 10.259356 7 0 0.000000
1653953761957560848 132.350533 7.555435 10 0 0.000000
1653953762929912445 97.230492 10.284346 10 0 0.000000
1653953763996661355 96.972344 10.311705 11 0 0.000000
1653953764969667947 97.296226 10.277423 10 0 0.000000
1653953765936114695 96.639960 10.347182 10 0 0.000000
1653953767001102600 96.811975 10.328756 11 0 0.000000
1653953767776651049 96.938782 10.315281 8 0 0.000000
1653953769000228083 135.948500 7.355480 9 0 0.000000
1653953769862748993 123.212981 8.115751 7 0 0.000000
1653953771004136628 114.133875 8.761265 10 0 0.000000
1653953771952561225 118.547102 8.435041 8 0 0.000000
1653953773017001447 96.762931 10.334070 11 0 0.000000
1653953773955493118 104.271428 9.589856 9 0 0.000000
1653953774980945002 146.488907 6.826259 7 0 0.000000
1653953775946686937 96.569908 10.354733 10 0 0.000000
1653953777009443408 96.610404 10.350443 11 0 0.000000
1653953777979273308 96.978818 10.311086 10 0 0.000000
1653953779020050537 115.637397 8.647384 9 0 0.000000
1653953779971835977 118.969152 8.405256 8 0 0.000000
1653953780986352938 144.926648 6.899835 7 0 0.000000
1653953781951215499 96.482505 10.364170 10 0 0.000000
1653953783016539162 96.843338 10.325500 11 0 0.000000
1653953783983018701 96.644111 10.346831 10 0 0.000000
1653953784951382941 96.832501 10.326693 10 0 0.000000
1653953785918267194 96.684434 10.342500 10 0 0.000000
1653953786663728120 106.490318 9.390163 7 0 0.000000
1653953787948336816 160.571901 6.227577 8 0 0.000000
1653953788998729874 116.706192 8.568221 9 0 0.000000
1653953789949733335 118.871663 8.412167 8 0 0.000000
1653953791017445501 97.060911 10.302402 11 0 0.000000
1653953791788741381 96.408043 10.372154 8 0 0.000000
1653953792998818229 134.447748 7.437544 9 0 0.000000
1653953794034101145 103.524167 9.659195 10 0 0.000000
1653953795001339137 96.719915 10.338717 10 0 0.000000
1653953795968539241 96.715811 10.339123 10 0 0.000000
1653953796993054816 146.355697 6.832497 7 0 0.000000
1653953797960831033 96.773613 10.332968 10 0 0.000000
1653953799024146847 96.658645 10.344998 11 0 0.000000
1653953799661754335 212.531565 4.705089 3 0 0.000000
1653953800965923305 163.016348 6.134175 8 0 0.000000
1653953802030327861 96.760030 10.334417 11 0 0.000000
1653953802996125928 96.575853 10.354131 10 0 0.000000
1653953803969109421 97.293554 10.277666 10 0 0.000000
1653953805036484705 97.029195 10.305654 11 0 0.000000
1653953805968129187 155.269385 6.440225 6 0 0.000000
1653953807030902475 96.611264 10.350279 11 0 0.000000
1653953807998571391 96.762482 10.334113 10 0 0.000000
1653953808966801413 96.819073 10.328124 10 0 0.000000
1653953810036006121 97.196253 10.288020 11 0 0.000000
1653953810979051258 117.876505 8.483157 8 0 0.000000
1653953812043611728 96.773396 10.332903 11 0 0.000000
1653953813008525654 96.487501 10.363619 10 0 0.000000
1653953813976959330 96.839258 10.325953 10 0 0.000000
1653953814993203741 203.245028 4.920076 5 0 0.000000
1653953816059360657 96.919135 10.317431 11 0 0.000000
1653953817025710782 120.789451 8.278573 8 0 0.000000
1653953817993220257 96.746994 10.335816 10 0 0.000000
1653953818966345364 97.308674 10.276171 10 0 0.000000
1653953820008930715 148.936067 6.714079 7 0 0.000000
1653953821024349261 203.079445 4.924078 5 0 0.000000
1653953821988714749 96.432724 10.369513 10 0 0.000000
1653953823021634200 114.764989 8.713167 9 0 0.000000
1653953823989116381 96.744056 10.336108 10 0 0.000000
1653953825057253550 97.099509 10.298303 11 0 0.000000
1653953826025415201 96.812082 10.328854 10 0 0.000000
1653953827065897022 104.044138 9.610932 10 0 0.000000
1653953828035439797 96.950038 10.314140 10 0 0.000000
1653953829004079533 96.860186 10.323756 10 0 0.000000
1653953830063183233 117.674099 8.497751 9 0 0.000000
1653953831005302018 104.674440 9.552935 9 0 0.000000
1653953832047133483 115.754843 8.638633 9 0 0.000000
1653953833015589942 96.841472 10.325709 10 0 0.000000
1653953833960210864 118.073359 8.469006 8 0 0.000000
1653953835068421254 110.817054 9.023557 10 0 0.000000
1653953836014883417 118.303424 8.452530 8 0 0.000000
1653953836983971148 96.904519 10.318983 10 0 0.000000
1653953838048830965 96.801508 10.329998 11 0 0.000000
1653953839006479563 119.702109 8.353795 8 0 0.000000
1653953839978993773 97.247288 10.282626 10 0 0.000000
1653953840853204554 97.128108 10.295001 9 0 0.000000
1653953842038910303 148.208967 6.747036 8 0 0.000000
1653953842993867084 119.365393 8.377343 8 0 0.000000
1653953844035389266 115.720396 8.641199 9 0 0.000000
1653953844981342365 118.238444 8.457079 8 0 0.000000
1653953846057520329 119.571136 8.362929 9 0 0.000000
1653953847025980374 96.839571 10.325671 10 0 0.000000
1653953847984462920 119.805705 8.346527 8 0 0.000000
1653953849048122603 96.692217 10.341654 11 0 0.000000
1653953850019796727 97.163543 10.291516 10 0 0.000000
1653953851002100806 163.713214 6.108088 6 0 0.000000
1653953852066711346 96.778696 10.332417 11 0 0.000000
1653953853007942522 104.575800 9.561944 9 0 0.000000
1653953854029320976 145.904135 6.853483 7 0 0.000000
1653953855063355150 114.886921 8.703774 9 0 0.000000
1653953856027528001 137.734607 7.260109 7 0 0.000000
1653953856999506319 97.194018 10.288296 10 0 0.000000
1653953858010803899 144.467132 6.921800 7 0 0.000000
1653953859045172776 147.762630 6.767412 7 0 0.000000
1653953860013004117 96.779082 10.332378 10 0 0.000000
1653953861082148846 97.191007 10.288598 11 0 0.000000
1653953861856991624 96.851594 10.324675 8 0 0.000000
1653953863005227651 114.819343 8.709011 10 0 0.000000
1653953864018518225 144.751708 6.908186 7 0 0.000000
1653953865086920008 97.123176 10.295752 11 0 0.000000
1653953866054039286 96.708130 10.339986 10 0 0.000000
1653953867025589180 97.150881 10.292832 10 0 0.000000
1653953868062208975 103.658181 9.646738 10 0 0.000000
1653953869035874663 97.362153 10.270465 10 0 0.000000
1653953869925569674 148.277885 6.743884 6 0 0.000000
1653953871029187650 122.619895 8.154996 9 0 0.000000
1653953871997062660 96.783127 10.331913 10 0 0.000000
1653953873042586425 116.165607 8.608125 9 0 0.000000
1653953874012545124 96.991764 10.309718 10 0 0.000000
1653953875048721544 103.613371 9.650866 10 0 0.000000
1653953876087729732 129.871628 7.699651 8 0 0.000000
1653953876863595215 96.979402 10.311066 8 0 0.000000
1653953878005551449 114.191655 8.756903 10 0 0.000000
1653953879052098189 116.279174 8.599712 9 0 0.000000
1653953880023294545 97.115800 10.296579 10 0 0.000000
1653953880508452031 97.027141 10.305933 5 0 0.000000
1653953882012800433 150.431125 6.647396 10 0 0.000000
1653953883079011531 96.924334 10.316906 11 0 0.000000
1653953883856867794 97.228153 10.284677 8 0 0.000000
1653953885073125854 135.135449 7.399745 9 0 0.000000
1653953886011167491 156.336150 6.396305 6 0 0.000000
1653953887079956153 97.158691 10.292025 11 0 0.000000
1653953888050020563 97.002211 10.308594 10 0 0.000000
1653953888946116596 99.561916 10.043566 9 0 0.000000
1653953890018337699 134.023555 7.461148 8 0 0.000000
1653953891033877652 126.937780 7.877583 8 0 0.000000
1653953892098863366 96.812356 10.328777 11 0 0.000000
1653953893069460969 97.055648 10.302931 10 0 0.000000
1653953894015080918 118.198053 8.460058 8 0 0.000000
1653953894891735260 97.401840 10.266305 9 0 0.000000
1653953896018799720 140.878986 7.098085 8 0 0.000000
1653953897054314030 115.053228 8.691334 9 0 0.000000
1653953898023527477 96.917136 10.317645 10 0 0.000000
1653953899092399530 97.164678 10.291222 11 0 0.000000
1653953899868734621 97.038178 10.304828 8 0 0.000000
1653953901018002064 114.922412 8.701195 10 0 0.000000
1653953902085630969 97.053238 10.303205 11 0 0.000000
1653953903093419650 143.965461 6.945901 7 0 0.000000
1653953903578352414 96.982388 10.310707 5 0 0.000000
1653953904988407460 201.431854 4.964345 7 0 0.000000
1653953906037681505 116.582164 8.577359 9 0 0.000000
1653953907022548116 164.140288 6.092196 6 0 0.000000
1653953908061450411 103.886061 9.625544 10 0 0.000000
1653953909030842344 96.935374 10.315745 10 0 0.000000
1653953910096131974 96.840559 10.325830 11 0 0.000000
1653953911067131267 97.096054 10.298669 10 0 0.000000
1653953912117996077 116.758524 8.564375 9 0 0.000000
1653953913088219142 121.271930 8.245526 8 0 0.000000
1653953914041933963 158.948085 6.291189 6 0 0.000000
1653953915085878099 115.990036 8.621151 9 0 0.000000
1653953916058022646 97.210175 10.286537 10 0 0.000000
1653953916834499704 97.055750 10.302945 8 0 0.000000
1653953918044835723 121.029845 8.262168 10 0 0.000000
1653953919114950648 97.278968 10.279269 11 0 0.000000
1653953920088228025 97.323435 10.274564 10 0 0.000000
1653953921096440359 144.025959 6.942982 7 0 0.000000
1653953922031051486 133.511584 7.489746 7 0 0.000000
1653953923088012148 117.435527 8.514981 9 0 0.000000
1653953924058541899 97.048683 10.303651 10 0 0.000000
1653953925125000021 96.946439 10.314517 11 0 0.000000
1653953926094946554 96.990093 10.309847 10 0 0.000000
1653953927066670548 97.168379 10.290988 10 0 0.000000
1653953928040072262 97.335978 10.273251 10 0 0.000000
1653953929112175572 97.459764 10.260205 11 0 0.000000
1653953930045491468 133.326992 7.500140 7 0 0.000000
1653953931097061257 116.837190 8.558633 9 0 0.000000
1653953932033616538 156.088416 6.406456 6 0 0.000000
1653953933071946218 129.787001 7.704682 8 0 0.000000
1653953934126899868 117.213228 8.531180 9 0 0.000000
1653953935097746829 97.080833 10.300285 10 0 0.000000
1653953936067808714 97.002353 10.308620 10 0 0.000000
1653953936914710026 105.858589 9.446201 8 0 0.000000
1653953938121325748 134.064553 7.458878 9 0 0.000000
1653953939092937124 97.157042 10.292181 10 0 0.000000
1653953940105516988 168.758929 5.925459 6 0 0.000000
1653953941048559509 104.778728 9.543578 9 0 0.000000
1653953942117229026 97.147806 10.293173 11 0 0.000000
1653953943115197847 166.323726 6.012212 6 0 0.000000
1653953944130583654 145.050631 6.893931 7 0 0.000000
1653953945103839210 97.321668 10.274794 10 0 0.000000
1653953946046188308 104.701070 9.550601 9 0 0.000000
1653953947113882597 97.059374 10.302574 11 0 0.000000
1653953948136507025 146.085353 6.845133 7 0 0.000000
1653953949109950821 97.340475 10.272807 10 0 0.000000
1653953950082158923 97.216849 10.285864 10 0 0.000000
1653953951053502136 97.129502 10.295022 10 0 0.000000
1653953952067032571 202.701792 4.933251 5 0 0.000000
1653953953142644556 97.778664 10.226736 11 0 0.000000
1653953954083194464 156.753514 6.379247 6 0 0.000000
1653953955056391613 97.315294 10.275410 10 0 0.000000
1653953956099064634 115.848419 8.631661 9 0 0.000000
1653953957070830562 97.172676 10.290544 10 0 0.000000
1653953957948590295 97.525024 10.253375 9 0 0.000000
1653953959108606082 115.997535 8.620572 10 0 0.000000
1653953960082565939 97.391806 10.267364 10 0 0.000000
1653953961129584476 130.873352 7.640743 8 0 0.000000
1653953962071555734 134.563166 7.431225 7 0 0.000000
1653953963125409740 117.090888 8.540082 9 0 0.000000
1653953964098705211 97.325511 10.274372 10 0 0.000000
1653953965148788486 116.671723 8.570749 9 0 0.000000
1653953966121438721 97.260756 10.281188 10 0 0.000000
1653953967093139069 97.166257 10.291238 10 0 0.000000
1653953968138634487 116.162337 8.608359 9 0 0.000000
1653953969080249083 134.512895 7.434039 7 0 0.000000
1653953970150712638 97.309127 10.275922 11 0 0.000000
1653953971100154636 118.675945 8.426002 8 0 0.000000
1653953972076101347 97.590811 10.246461 10 0 0.000000
1653953972538681788 154.189895 6.485358 3 0 0.000000
1653953974147455967 146.247912 6.837504 11 0 0.000000
1653953975122393975 97.490023 10.257062 10 0 0.000000
1653953976095419129 97.298731 10.277227 10 0 0.000000
1653953977144766225 116.590201 8.576762 9 0 0.000000
1653953978120143337 97.533472 10.252445 10 0 0.000000
1653953979094054099 97.386780 10.267881 10 0 0.000000
1653953980124510913 147.203697 6.793104 7 0 0.000000
1653953981153365923 146.975131 6.803680 7 0 0.000000
1653953982032235597 97.648162 10.240426 9 0 0.000000
1653953983162086460 141.227279 7.080581 8 0 0.000000
1653953983842053216 97.134311 10.294621 7 0 0.000000
1653953985153750332 119.241406 8.386082 11 0 0.000000
1653953986127744169 97.395367 10.267005 10 0 0.000000
1653953987092162637 120.547834 8.295154 8 0 0.000000
1653953988163182467 97.361499 10.270585 11 0 0.000000
1653953989138508547 97.528494 10.252981 10 0 0.000000
1653953990084857410 157.720774 6.340157 6 0 0.000000
1653953991154429433 97.229806 10.284487 11 0 0.000000
1653953992128601347 97.413195 10.265129 10 0 0.000000
1653953993089778875 120.143297 8.323124 8 0 0.000000
1653953994147448495 117.514724 8.509273 9 0 0.000000
1653953994830102753 97.517989 10.254092 7 0 0.000000
1653953996134054660 144.879614 6.902095 9 0 0.000000
1653953997107844089 97.374658 10.269161 10 0 0.000000
1653953998081688370 97.378437 10.268582 10 0 0.000000
1653953999131161419 116.604080 8.575732 9 0 0.000000
1653954000082721212 118.940971 8.407249 8 0 0.000000
1653954001031579494 118.603304 8.431185 8 0 0.000000
1653954002174026608 103.855220 9.628455 11 0 0.000000
1653954003150411824 97.633857 10.241859 10 0 0.000000
1653954004124532260 97.408066 10.265671 10 0 0.000000
1653954005098824643 97.425422 10.263859 10 0 0.000000
1653954006147672799 116.534801 8.580841 9 0 0.000000
1653954007121022119 97.330465 10.273804 10 0 0.000000
1653954008184346603 118.143372 8.464020 9 0 0.000000
1653954009062326456 97.549457 10.250804 9 0 0.000000
1653954010113757586 116.821911 8.559762 9 0 0.000000
1653954011186084031 97.480387 10.258071 11 0 0.000000
1653954012112101878 231.500385 4.319571 4 0 0.000000
1653954013062021053 118.734799 8.421769 8 0 0.000000
1653954014109043503 104.698366 9.550894 10 0 0.000000
1653954015124179210 145.015231 6.895630 7 0 0.000000
1653954016098060030 97.384215 10.268197 10 0 0.000000
1653954017148132856 116.670091 8.570835 9 0 0.000000
1653954018126259622 97.808637 10.223624 10 0 0.000000
1653954019102389707 97.608969 10.244536 10 0 0.000000
1653954020147484234 174.178326 5.741108 6 0 0.000000
1653954021131475229 98.394936 10.162695 10 0 0.000000
1653954022155787553 146.326247 6.833853 7 0 0.000000
1653954023118927037 120.385515 8.306170 8 0 0.000000
1653954024027247157 100.920603 9.908401 9 0 0.000000
1653954025060471879 129.148981 7.742749 8 0 0.000000
1653954026109836455 116.592223 8.576619 9 0 0.000000
1653954027185465666 97.778257 10.226573 11 0 0.000000
1653954028061389736 97.321231 10.274863 9 0 0.000000
1653954029105632283 104.420264 9.576319 10 0 0.000000
1653954030176295658 97.329213 10.274004 11 0 0.000000
1653954031153940218 97.760471 10.228666 10 0 0.000000
1653954032031834967 97.540005 10.251799 9 0 0.000000
1653954033183873610 115.199423 8.680264 10 0 0.000000
1653954034157846476 97.393586 10.267227 10 0 0.000000
1653954034936759169 97.360261 10.270727 8 0 0.000000
1653954036160568895 135.974830 7.354085 9 0 0.000000
1653954037136978998 97.637247 10.241598 10 0 0.000000
1653954038187993033 116.775172 8.563159 9 0 0.000000
1653954039134008071 105.108752 9.513591 9 0 0.000000
1653954040152447565 145.486716 6.873260 7 0 0.000000
1653954041199967814 116.386871 8.591719 9 0 0.000000
1653954042177516883 97.750920 10.229666 10 0 0.000000
1653954043152639603 97.508163 10.255119 10 0 0.000000
1653954044174451947 127.722280 7.829226 8 0 0.000000
1653954045136874796 120.298616 8.312354 8 0 0.000000
1653954046113278153 97.636293 10.241669 10 0 0.000000
1653954047184844893 97.411377 10.265343 11 0 0.000000
1653954048161417137 97.653359 10.239898 10 0 0.000000
1653954049138856293 97.739959 10.230816 10 0 0.000000
1653954050176854183 129.745636 7.707145 8 0 0.000000
1653954051151540862 97.464483 10.259707 10 0 0.000000
1653954052129523371 97.794515 10.225132 10 0 0.000000
1653954053202411157 97.531078 10.252703 11 0 0.000000
1653954054170123880 138.238695 7.233552 7 0 0.000000
1653954055047751364 97.510324 10.254920 9 0 0.000000
1653954056209173857 116.137861 8.610131 10 0 0.000000
1653954057185193625 97.598009 10.245694 10 0 0.000000
1653954058164255676 97.901292 10.213857 10 0 0.000000
1653954059189749055 128.182713 7.801123 8 0 0.000000
1653954060164845606 97.505835 10.255394 10 0 0.000000
1653954061213636356 104.874000 9.534791 10 0 0.000000
1653954062190099537 97.642406 10.241042 10 0 0.000000
1653954063165867567 97.573205 10.248337 10 0 0.000000
1653954063848196851 97.471964 10.258976 7 0 0.000000
1653954065211170827 123.902357 8.070587 11 0 0.000000
1653954066186819981 97.560935 10.249586 10 0 0.000000
1653954066970040415 97.898324 10.214238 8 0 0.000000
1653954068199633789 136.617263 7.319493 9 0 0.000000
1653954069175223702 97.554842 10.250209 10 0 0.000000
1653954070151746438 97.648454 10.240417 10 0 0.000000
1653954071126105824 97.432245 10.263154 10 0 0.000000
1653954072102499583 97.635519 10.241770 10 0 0.000000
1653954073148949260 116.268209 8.600509 9 0 0.000000
1653954074222180746 97.562617 10.249420 11 0 0.000000
1653954075182582832 120.046498 8.329844 8 0 0.000000
1653954076161488821 97.886482 10.215486 10 0 0.000000
1653954077138409813 97.688110 10.236242 10 0 0.000000
1653954078068287384 232.463895 4.301641 4 0 0.000000
1653954079129624848 117.922082 8.479867 9 0 0.000000
1653954080160862557 128.899962 7.757668 8 0 0.000000
1653954081138575659 97.766987 10.227949 10 0 0.000000
1653954082214762596 97.829528 10.221272 11 0 0.000000
1653954083077594292 107.850037 9.271797 8 0 0.000000
1653954084185790093 158.309403 6.316573 7 0 0.000000
1653954085135942637 118.765265 8.419701 8 0 0.000000
1653954086177747609 115.751959 8.638853 9 0 0.000000
1653954087199109236 127.666165 7.832681 8 0 0.000000
1653954088173849514 97.470090 10.259143 10 0 0.000000
1653954089151198680 97.730791 10.231758 10 0 0.000000
1653954090226872642 97.784272 10.226147 11 0 0.000000
1653954091204085551 97.717456 10.233184 10 0 0.000000
1653954092181189609 97.706704 10.234325 10 0 0.000000
1653954093231731069 116.722723 8.567011 9 0 0.000000
1653954094207815611 97.604122 10.245014 10 0 0.000000
1653954095183894409 97.603642 10.245075 10 0 0.000000
1653954096162519309 97.858647 10.218420 10 0 0.000000
1653954097142439435 97.988282 10.204913 10 0 0.000000
1653954098217438857 97.723231 10.232564 11 0 0.000000
1653954099194920333 97.744087 10.230373 10 0 0.000000
1653954100143782699 118.603595 8.431149 8 0 0.000000
1653954101200734349 117.435074 8.515054 9 0 0.000000
1653954102177796321 97.701743 10.234765 10 0 0.000000
1653954103228163293 116.703445 8.568434 9 0 0.000000
1653954104204043647 97.583903 10.247158 10 0 0.000000
1653954105183069825 97.898718 10.214231 10 0 0.000000
1653954106157775962 97.466680 10.259502 10 0 0.000000
1653954107229697946 97.443420 10.261941 11 0 0.000000
1653954108207563702 97.782767 10.226353 10 0 0.000000
1653954109185788876 97.818490 10.222595 10 0 0.000000
1653954110237621343 116.866393 8.556495 9 0 0.000000
1653954111010368412 128.786669 7.764507 6 0 0.000000
1653954112242640110 123.223008 8.115093 10 0 0.000000
1653954113123358080 97.853739 10.218936 9 0 0.000000
1653954114164266568 148.696866 6.724895 7 0 0.000000
1653954115240985886 97.879705 10.216219 11 0 0.000000
1653954115827197906 97.698357 10.235205 6 0 0.000000
1653954117154057913 132.682093 7.536590 10 0 0.000000
1653954118228637842 97.685274 10.236558 11 0 0.000000
1653954119183085560 119.301950 8.381811 8 0 0.000000
1653954120249935334 118.534403 8.436052 9 0 0.000000
1653954121215481269 120.689129 8.285468 8 0 0.000000
1653954122158456883 117.867903 8.483782 8 0 0.000000
1653954123137759818 97.926161 10.211345 10 0 0.000000
1653954124224177570 135.798320 7.363650 8 0 0.000000
1653954125203930159 97.971296 10.206658 10 0 0.000000
1653954126183416788 97.944709 10.209430 10 0 0.000000
1653954127230702834 104.724643 9.548490 10 0 0.000000
1653954128208514710 97.777098 10.226916 10 0 0.000000
1653954129168244182 119.962142 8.335682 8 0 0.000000
1653954130192321028 146.292313 6.835425 7 0 0.000000
1653954131245239239 116.986517 8.547673 9 0 0.000000
1653954132203572670 119.787695 8.347825 8 0 0.000000
1653954133182358996 97.874353 10.216734 10 0 0.000000
1653954134258751468 97.849972 10.219321 11 0 0.000000
