1653958548990577042 1842.117916 0.000000
1653958550795754278 1805.142881 0.000000
1653958551475272003 679.489604 0.000000
1653958552955549374 1480.242680 0.000000
1653958554282910149 1327.332599 0.000000
1653958554974977125 691.996552 0.000000
1653958556214439539 1239.433547 0.000000
1653958556966458421 751.991578 0.000000
1653958558081388279 1114.902158 0.000000
1653958559114719949 1033.303259 0.000000
1653958559872685346 757.933665 0.000000
1653958561258132745 1385.418546 0.000000
1653958562102214560 844.052071 0.000000
1653958565253773821 3151.532278 0.000000
1653958566100893601 847.091144 0.000000
1653958567537740419 1436.818753 0.000000
1653958568701401869 1163.632593 0.000000
1653958569426497579 725.066436 0.000000
1653958570742972065 1316.445514 0.000000
1653958571729353831 986.343652 0.000000
1653958572817323345 1087.940917 0.000000
1653958574099415978 1282.063214 0.000000
1653958575044419204 944.960856 0.000000
1653958576386574744 1342.126859 0.000000
1653958577228462185 841.860950 0.000000
1653958581429826126 4201.335870 0.000000
1653958582240105884 810.249408 0.000000
1653958584123642501 1883.508080 0.000000
1653958585089511141 965.837979 0.000000
1653958586501321203 1411.782492 0.000000
1653958587637041878 1135.692965 0.000000
1653958588367729691 730.658836 0.000000
1653958589802430494 1434.674878 0.000000
1653958590484075745 681.612389 0.000000
1653958591685589235 1201.483856 0.000000
1653958592968553324 1282.934956 0.000000
1653958593755546980 786.963751 0.000000
1653958595151293598 1395.717896 0.000000
1653958596064081959 912.760486 0.000000
1653958597246215730 1182.107009 0.000000
1653958598071210134 824.966860 0.000000
1653958598687492639 616.252736 0.000000
1653958600086660606 1399.138959 0.000000
1653958600868753906 782.064378 0.000000
1653958602257315444 1388.533312 0.000000
1653958603220176015 962.832290 0.000000
1653958605712108221 2491.904342 0.000000
1653958606665520341 953.385427 0.000000
1653958607190880685 525.332158 0.000000
1653958608843671237 1652.763910 0.000000
1653958609705682361 861.981025 0.000000
1653958610803337279 1097.628511 0.000000
1653958612018581366 1215.215150 0.000000
1653958612648024714 629.414918 0.000000
1653958614074187286 1426.134666 0.000000
1653958614969244395 895.027991 0.000000
1653958616440651941 1471.378543 0.000000
1653958617370700273 930.020838 0.000000
1653958617952114985 581.382753 0.000000
1653958619174083383 1221.940122 0.000000
1653958620282806009 1108.696421 0.000000
1653958621396360909 1113.530323 0.000000
1653958622355104371 958.717096 0.000000
1653958623113933428 758.801708 0.000000
1653958624925835023 1811.874036 0.000000
1653958625655713252 729.849327 0.000000
1653958626953747448 1298.009663 0.000000
1653958627877668779 923.892770 0.000000
1653958628884200634 1006.505268 0.000000
1653958630283784770 1399.557776 0.000000
1653958631213888032 930.069728 0.000000
1653958632465002944 1251.080867 0.000000
1653958633461560362 996.532487 0.000000
1653958634082861942 621.280518 0.000000
1653958635629921457 1547.032713 0.000000
1653958636472133967 842.182956 0.000000
1653958637806967944 1334.806884 0.000000
1653958638753348817 946.354682 0.000000
1653958639425926742 672.549108 0.000000
1653958641044594311 1618.640365 0.000000
1653958642072883284 1028.259534 0.000000
1653958643039578916 966.668439 0.000000
1653958644294413567 1254.806385 0.000000
1653958644955757027 661.318697 0.000000
1653958646539607285 1583.822668 0.000000
1653958647220743726 681.085077 0.000000
1653958650300706136 3079.937046 0.000000
1653958651015971326 715.236864 0.000000
1653958652414818758 1398.802011 0.000000
1653958653336784971 921.933171 0.000000
1653958654065083419 728.271330 0.000000
1653958655391272015 1326.159700 0.000000
1653958656287133984 895.836820 0.000000
1653958657479123606 1191.963627 0.000000
1653958658514417874 1035.260660 0.000000
1653958659275448321 760.998914 0.000000
1653958660904649410 1629.174402 0.000000
1653958661907347318 1002.670790 0.000000
1653958662834255314 926.883283 0.000000
1653958663613909969 779.619153 0.000000
1653958664376740969 762.800328 0.000000
1653958665926588729 1549.820130 0.000000
1653958666800060344 873.442663 0.000000
1653958668120954620 1320.870194 0.000000
1653958669168962980 1047.981408 0.000000
1653958669958007072 789.014663 0.000000
1653958671465792554 1507.752314 0.000000
1653958672276915143 811.092400 0.000000
1653958673504429153 1227.488124 0.000000
1653958674554679564 1050.222902 0.000000
1653958675250282415 695.573037 0.000000
1653958676837799643 1587.490561 0.000000
1653958677642223418 804.395293 0.000000
1653958678646951313 1004.701228 0.000000
1653958679651260447 1004.284878 0.000000
1653958680434690793 783.404681 0.000000
1653958681909247027 1474.530900 0.000000
1653958682711857732 802.584254 0.000000
1653958683976005573 1264.120097 0.000000
1653958685016850161 1040.820181 0.000000
1653958685822679652 805.798584 0.000000
1653958687331748628 1509.042866 0.000000
1653958688157693582 825.915340 0.000000
1653958689381325824 1223.603932 0.000000
1653958690398237667 1016.886117 0.000000
1653958691070057422 671.795915 0.000000
1653958692520555692 1450.471879 0.000000
1653958693432278251 911.695681 0.000000
1653958694566565935 1134.261498 0.000000
1653958695815664549 1249.070764 0.000000
1653958696561033367 745.342558 0.000000
1653958697989160231 1428.089036 0.000000
1653958698595334172 606.145540 0.000000
1653958699841524321 1246.164121 0.000000
1653958700832735623 991.192666 0.000000
1653958701652427965 819.664638 0.000000
1653958703251695278 1599.233704 0.000000
1653958703840792770 589.069416 0.000000
1653958705478173194 1637.352664 0.000000
1653958706482261745 1004.060515 0.000000
1653958707347933057 865.643333 0.000000
1653958708511486542 1163.525731 0.000000
1653958709256498220 744.985790 0.000000
1653958710605751196 1349.223987 0.000000
1653958711567667639 961.890066 0.000000
1653958712228026320 660.327605 0.000000
1653958713508499197 1280.444681 0.000000
1653958714341245480 832.718588 0.000000
1653958715232045627 890.776363 0.000000
1653958716087206644 855.129508 0.000000
1653958716772828075 685.595941 0.000000
1653958718272528731 1499.672550 0.000000
1653958719088474652 815.921194 0.000000
1653958720345416407 1256.917209 0.000000
1653958721395963596 1050.519906 0.000000
1653958722286824166 890.833125 0.000000
1653958723684418939 1397.570107 0.000000
1653958724722838090 1038.391507 0.000000
1653958725909777467 1186.912228 0.000000
1653958726894393253 984.591154 0.000000
1653958727758914249 864.492164 0.000000
1653958729201129318 1442.189389 0.000000
1653958729920252827 719.099458 0.000000
1653958731262564415 1342.288980 0.000000
1653958732147861345 885.270433 0.000000
1653958732980221387 832.333134 0.000000
1653958734513731842 1533.483397 0.000000
1653958735438621118 924.863902 0.000000
1653958737277035324 1838.384333 0.000000
1653958738339879437 1062.815210 0.000000
1653958739002197750 662.290377 0.000000
1653958740426208765 1423.983360 0.000000
1653958741307118982 880.882322 0.000000
1653958742757366824 1450.222142 0.000000
1653958743848550201 1091.155367 0.000000
1653958744552204597 703.624445 0.000000
1653958746190818466 1638.591260 0.000000
1653958746965998872 775.153790 0.000000
1653958748154559808 1188.533291 0.000000
1653958749321524418 1166.934755 0.000000
1653958749942936600 621.385655 0.000000
1653958751532533508 1589.566562 0.000000
1653958752288434742 755.873860 0.000000
1653958753407153910 1118.689971 0.000000
1653958754165247838 758.068679 0.000000
