1653958534043776506 1020.497267 0.000000
1653958535134352807 1090.532143 0.000000
1653958536503975614 1369.596350 0.000000
1653958537098078553 594.076507 0.000000
1653958538096086337 997.982174 0.000000
1653958538896051477 799.938017 0.000000
1653958539753351592 857.266602 0.000000
1653958540817539466 1064.133803 0.000000
1653958541289401756 471.834126 0.000000
1653958542259229741 969.799062 0.000000
1653958543182960234 923.704979 0.000000
1653958544285316895 1102.331277 0.000000
1653958545683638101 1398.294524 0.000000
1653958546156734189 473.067642 0.000000
1653958547127160749 970.399798 0.000000
1653958548171284881 1044.094965 0.000000
1653958549386153877 1214.841237 0.000000
1653958550693356986 1307.175149 0.000000
1653958551289430837 596.044137 0.000000
1653958552310180467 1020.722476 0.000000
1653958553194192211 883.985132 0.000000
1653958554380260937 1186.041139 0.000000
1653958555779748824 1399.458218 0.000000
1653958556450357923 670.579225 0.000000
1653958557463035040 1012.642942 0.000000
1653958558243280272 780.216490 0.000000
1653958559223706594 980.395916 0.000000
1653958560436346704 1212.611819 0.000000
1653958561083080163 646.703760 0.000000
1653958562031953182 948.843175 0.000000
1653958562990118939 958.135155 0.000000
1653958564463847885 1473.699312 0.000000
1653958565765079740 1301.202893 0.000000
1653958566531280858 766.173077 0.000000
1653958567407337685 876.029333 0.000000
1653958568282726430 875.359232 0.000000
1653958569585643351 1302.889232 0.000000
1653958571100900534 1515.225985 0.000000
1653958571758465907 657.538806 0.000000
1653958572621544643 863.050540 0.000000
1653958573430100925 808.526728 0.000000
1653958574682687321 1252.559083 0.000000
1653958575634980787 952.264503 0.000000
1653958576319721377 684.711312 0.000000
1653958577495260721 1175.512242 0.000000
1653958578329621894 834.331597 0.000000
1653958580756194303 2426.552132 0.000000
1653958581756366785 1000.144412 0.000000
1653958582663297378 906.899505 0.000000
1653958584018810956 1355.482375 0.000000
1653958584770023636 751.169887 0.000000
1653958585869089197 1099.038302 0.000000
1653958586858045301 988.928931 0.000000
1653958588166879048 1308.805015 0.000000
1653958589350185074 1183.273977 0.000000
1653958589994810132 644.592558 0.000000
1653958591020914614 1026.077575 0.000000
1653958592038808190 1017.863885 0.000000
1653958593243187078 1204.328092 0.000000
1653958594464279450 1221.063736 0.000000
1653958595366679835 902.372846 0.000000
1653958596352388127 985.679301 0.000000
1653958597339641296 987.223089 0.000000
1653958598428257801 1088.588194 0.000000
1653958599741427077 1313.140639 0.000000
1653958600501339299 759.884999 0.000000
1653958601624544787 1123.178772 0.000000
1653958602436043407 811.470444 0.000000
1653958603573746663 1137.674559 0.000000
1653958604864332153 1290.557169 0.000000
1653958606871535173 2007.173733 0.000000
1653958607814839919 943.277221 0.000000
1653958608412418913 597.550644 0.000000
1653958609517530076 1105.078001 0.000000
1653958610644483480 1126.930246 0.000000
1653958613307431355 2662.915680 0.000000
1653958614423219663 1115.760348 0.000000
1653958615703447573 1280.198814 0.000000
1653958616812030332 1108.556257 0.000000
1653958617685613870 873.554662 0.000000
1653958618778528868 1092.886677 0.000000
1653958619754211374 975.653288 0.000000
1653958621141570169 1387.328695 0.000000
1653958622232459495 1090.860975 0.000000
1653958623563196686 1330.706725 0.000000
1653958624944278746 1381.051891 0.000000
1653958625687915378 743.606832 0.000000
1653958626678997176 991.053702 0.000000
1653958628039365942 1360.340766 0.000000
1653958629092216169 1052.822082 0.000000
1653958630415262905 1323.021672 0.000000
1653958631194758307 779.462260 0.000000
1653958632013430448 818.643575 0.000000
1653958633031836465 1018.378989 0.000000
1653958634079691159 1047.828222 0.000000
1653958635409413505 1329.696078 0.000000
1653958636171563105 762.118636 0.000000
1653958637081967371 910.377082 0.000000
1653958637848244000 766.241688 0.000000
1653958638809148650 960.873793 0.000000
1653958640088948740 1279.768857 0.000000
1653958640672198946 583.223864 0.000000
1653958642024108266 1351.879751 0.000000
1653958642933407930 909.260041 0.000000
1653958643849768481 916.332801 0.000000
1653958645163799984 1313.999969 0.000000
1653958645779866128 616.036836 0.000000
1653958646687991684 908.075004 0.000000
1653958647546042493 858.024102 0.000000
1653958648801918072 1255.847895 0.000000
1653958650005089889 1203.142438 0.000000
1653958650687729746 682.611646 0.000000
1653958651630153235 942.376130 0.000000
1653958652336056034 705.872538 0.000000
1653958653350842987 1014.762426 0.000000
1653958654670740182 1319.867105 0.000000
1653958655313202093 642.433925 0.000000
1653958656505693778 1192.464623 0.000000
1653958657418433758 912.710958 0.000000
1653958658646861505 1228.403596 0.000000
1653958659999262450 1352.374474 0.000000
1653958660584340362 585.050840 0.000000
1653958661504284685 919.918688 0.000000
1653958662514309776 1009.996770 0.000000
1653958663544026759 1029.688812 0.000000
1653958664711106977 1167.045568 0.000000
1653958665482806762 771.670832 0.000000
1653958666533402582 1050.569654 0.000000
1653958667546608681 1013.177442 0.000000
1653958668928642102 1382.005145 0.000000
1653958670054550565 1125.880892 0.000000
1653958670665623548 611.044702 0.000000
1653958671559917498 894.262575 0.000000
1653958674168448484 2608.501932 0.000000
1653958675082522633 914.044856 0.000000
1653958675989375876 906.824652 0.000000
1653958676940955887 951.550296 0.000000
1653958678136147073 1195.164434 0.000000
1653958678882750034 746.568250 0.000000
1653958679980995974 1098.211806 0.000000
1653958680979266093 998.243437 0.000000
1653958682048148548 1068.854249 0.000000
1653958683144626768 1096.448857 0.000000
1653958683764119841 619.467683 0.000000
1653958684696128375 931.981817 0.000000
1653958685568980403 872.826941 0.000000
1653958686598134982 1029.127485 0.000000
1653958688032839290 1434.679064 0.000000
1653958688659337167 626.471456 0.000000
1653958689686805845 1027.442624 0.000000
1653958690849367596 1162.531190 0.000000
1653958692177613332 1328.219354 0.000000
1653958693372884713 1195.245200 0.000000
1653958693967974574 595.057421 0.000000
1653958694994075862 1026.071965 0.000000
1653958696039666770 1045.561926 0.000000
1653958697210455227 1170.756943 0.000000
1653958698553313179 1342.828012 0.000000
1653958699280770369 727.429255 0.000000
1653958700436303407 1155.505549 0.000000
1653958701367150596 930.818637 0.000000
1653958702383606661 1016.429849 0.000000
1653958703997029567 1613.395724 0.000000
1653958704627655917 630.597898 0.000000
1653958706249967824 1622.288493 0.000000
1653958707308512944 1058.519351 0.000000
1653958708666158355 1357.614865 0.000000
1653958710017764415 1351.578020 0.000000
1653958710823208315 805.413985 0.000000
1653958711949354638 1126.121090 0.000000
1653958712981893289 1032.508996 0.000000
1653958714203586184 1221.665852 0.000000
1653958715463835587 1260.223282 0.000000
1653958716221156332 757.292389 0.000000
1653958717300643056 1079.460809 0.000000
1653958718217547054 916.868116 0.000000
1653958719858269092 1640.695026 0.000000
1653958721346604173 1488.309472 0.000000
1653958722307354324 960.686087 0.000000
1653958723208486491 901.106427 0.000000
1653958724113167909 904.657662 0.000000
1653958725355463328 1242.268616 0.000000
1653958726698086539 1342.599210 0.000000
1653958727473176848 775.059783 0.000000
1653958728377368767 904.162421 0.000000
1653958729446989790 1069.592472 0.000000
1653958730778257845 1331.245121 0.000000
1653958732025657667 1247.376424 0.000000
1653958732912572971 886.886963 0.000000
1653958733897175086 984.576035 0.000000
1653958734896837080 999.634687 0.000000
1653958736731794809 1834.931141 0.000000
1653958737598416473 866.593278 0.000000
1653958738845932279 1247.488051 0.000000
1653958740159391488 1313.434877 0.000000
1653958740764639776 605.220684 0.000000
1653958741835222500 1070.557962 0.000000
1653958742716796674 881.549853 0.000000
1653958744099137851 1382.314264 0.000000
1653958745118839119 1019.670943 0.000000
1653958745752781658 633.911993 0.000000
1653958746803100601 1050.294335 0.000000
1653958747947121513 1143.977697 0.000000
1653958749123795658 1176.646360 0.000000
1653958750413393810 1289.569997 0.000000
1653958751248692750 835.266655 0.000000
1653958752050869472 802.150646 0.000000
