1653958542682427274 1123.909437 0.000000
1653958543365723787 683.258124 0.000000
1653958544478539838 1112.788332 0.000000
1653958545481797740 1003.229932 0.000000
1653958546578370152 1096.544221 0.000000
1653958547722378751 1143.980689 0.000000
1653958548501062920 778.655824 0.000000
1653958549281725645 780.635867 0.000000
1653958550283276855 1001.523816 0.000000
1653958551432101094 1148.796715 0.000000
1653958552382270767 950.141497 0.000000
1653958553113798602 731.492097 0.000000
1653958554169363672 1055.529248 0.000000
1653958555235915634 1066.523465 0.000000
1653958556303658732 1067.714631 0.000000
1653958557535071117 1231.382110 0.000000
1653958558146002467 610.899054 0.000000
1653958559124354640 978.325165 0.000000
1653958559986951246 862.568280 0.000000
1653958560991678999 1004.699152 0.000000
1653958562586304404 1594.592829 0.000000
1653958563316957814 730.632710 0.000000
1653958564546251972 1229.264545 0.000000
1653958565320356620 774.083217 0.000000
1653958566311358324 990.973685 0.000000
1653958567416013569 1104.628353 0.000000
1653958568094047069 678.004367 0.000000
1653958569015142053 921.066202 0.000000
1653958570047528888 1032.356579 0.000000
1653958571220207036 1172.648814 0.000000
1653958572483098868 1262.860113 0.000000
1653958573028693704 545.566220 0.000000
1653958574070788107 1042.059356 0.000000
1653958575000300738 929.485477 0.000000
1653958576243976435 1243.646985 0.000000
1653958577587614387 1343.586076 0.000000
1653958578401776688 814.135348 0.000000
1653958579475805898 1074.001380 0.000000
1653958580414644154 938.811233 0.000000
1653958581784711710 1370.022290 0.000000
1653958582702299139 917.559103 0.000000
1653958583439684476 737.356815 0.000000
1653958584555666374 1115.954188 0.000000
1653958585429629136 873.927740 0.000000
1653958587674013455 2244.355031 0.000000
1653958588648132477 974.074092 0.000000
1653958589798984486 1150.818747 0.000000
1653958591131923293 1332.912525 0.000000
1653958591665143212 533.191734 0.000000
1653958592675712758 1010.544698 0.000000
1653958593650938172 975.194818 0.000000
1653958594710095688 1059.127211 0.000000
1653958596562140282 1852.019690 0.000000
1653958597669627190 1107.458403 0.000000
1653958598738265525 1068.611958 0.000000
1653958599505588075 767.289695 0.000000
1653958600446839964 941.215053 0.000000
1653958601285939437 839.068953 0.000000
1653958602455765914 1169.798992 0.000000
1653958603574784008 1118.990400 0.000000
1653958604341900795 767.089072 0.000000
1653958605295092262 953.162670 0.000000
1653958606264522666 969.404840 0.000000
1653958607484454041 1219.904372 0.000000
1653958608595244357 1110.761855 0.000000
1653958609310996262 715.724216 0.000000
1653958610214331932 903.310887 0.000000
1653958611160144905 945.783484 0.000000
1653958612270996233 1110.824742 0.000000
1653958613732379758 1461.356186 0.000000
1653958614460860838 728.452744 0.000000
1653958615522064649 1061.176614 0.000000
1653958616396958206 874.866584 0.000000
1653958617426354037 1029.369514 0.000000
1653958618705359039 1278.976876 0.000000
1653958619426691288 721.305887 0.000000
1653958620497303575 1070.581181 0.000000
1653958621378132145 880.801496 0.000000
1653958622380739987 1002.578744 0.000000
1653958623628553518 1247.785451 0.000000
1653958624227485916 598.900068 0.000000
1653958625062914313 835.403655 0.000000
1653958626293220959 1230.280324 0.000000
1653958627539374573 1246.126952 0.000000
1653958628632061490 1092.660596 0.000000
1653958629324611372 692.523801 0.000000
1653958630383402598 1058.762750 0.000000
1653958631298055793 914.622809 0.000000
1653958632466334963 1168.252257 0.000000
1653958633714647457 1248.286964 0.000000
1653958634487267579 772.592472 0.000000
1653958635320202404 832.906154 0.000000
1653958636338118797 1017.869183 0.000000
1653958637443337042 1105.188266 0.000000
1653958638376112178 932.747782 0.000000
1653958639178089776 801.946395 0.000000
1653958640063198612 885.070972 0.000000
1653958640935012155 871.778953 0.000000
1653958642178286062 1243.239412 0.000000
1653958643489160593 1310.843409 0.000000
1653958644243380116 754.182436 0.000000
1653958645354774994 1111.366567 0.000000
1653958646254212294 899.411595 0.000000
1653958647380755322 1126.492796 0.000000
1653958648407733371 1026.950309 0.000000
1653958648997389126 589.629990 0.000000
1653958650181726943 1184.312037 0.000000
1653958651312077859 1130.324480 0.000000
1653958652451935375 1139.831731 0.000000
1653958653368712086 916.750059 0.000000
1653958654105884522 737.147608 0.000000
1653958655172479477 1066.567516 0.000000
1653958656170115801 997.609782 0.000000
1653958657362559509 1192.416796 0.000000
1653958658426001185 1063.415099 0.000000
1653958659172128063 746.099694 0.000000
1653958660200589227 1028.434331 0.000000
1653958661350110510 1149.492722 0.000000
1653958662401074374 1050.936071 0.000000
1653958663655042503 1253.917831 0.000000
1653958664410919557 755.850388 0.000000
1653958665414924346 1003.979119 0.000000
1653958666599075123 1184.123949 0.000000
1653958667977056385 1377.952531 0.000000
1653958669091243794 1114.158526 0.000000
1653958669852718849 761.446991 0.000000
1653958670797574763 944.828700 0.000000
1653958671948758304 1151.157421 0.000000
1653958673053008388 1104.226398 0.000000
1653958674288165897 1235.129769 0.000000
1653958674913494202 625.300440 0.000000
1653958676114951032 1201.426164 0.000000
1653958677124077726 1009.089296 0.000000
1653958678341705187 1217.602473 0.000000
1653958679559363406 1217.631877 0.000000
1653958680340262047 780.861064 0.000000
1653958681330198817 989.906108 0.000000
1653958682206715365 876.461314 0.000000
1653958683627165482 1420.416163 0.000000
1653958684730352292 1103.155748 0.000000
1653958685501394950 771.015335 0.000000
1653958686588416125 1086.989552 0.000000
1653958687433822098 845.381866 0.000000
1653958688767782674 1333.936801 0.000000
1653958690087530826 1319.723926 0.000000
1653958690893171093 805.614051 0.000000
1653958691805592763 912.397669 0.000000
1653958692612667096 807.049140 0.000000
1653958693811166830 1198.474525 0.000000
1653958695006613733 1195.419634 0.000000
1653958695732783625 726.144387 0.000000
1653958696682347340 949.538180 0.000000
1653958697571840822 889.467006 0.000000
1653958698634884900 1063.014544 0.000000
1653958699718988246 1084.075732 0.000000
1653958700471413540 752.401934 0.000000
1653958701406916030 935.473858 0.000000
1653958702254574529 847.630293 0.000000
1653958703106987243 852.388567 0.000000
1653958704216499922 1109.490061 0.000000
1653958704881997799 665.471210 0.000000
1653958706073958574 1191.938247 0.000000
1653958707178183474 1104.201100 0.000000
1653958708551782161 1373.571358 0.000000
1653958709753515303 1201.703018 0.000000
1653958710715548893 962.004862 0.000000
1653958711860613943 1145.042372 0.000000
1653958712776350486 915.709165 0.000000
1653958713914721556 1138.343520 0.000000
1653958715142453057 1227.705685 0.000000
1653958715731011865 588.510526 0.000000
1653958717046798985 1315.752659 0.000000
1653958717961816908 914.984034 0.000000
1653958719532710217 1570.866908 0.000000
1653958720796326994 1263.590500 0.000000
1653958721672264096 875.911272 0.000000
1653958722580284420 907.997145 0.000000
1653958723560234992 979.924090 0.000000
1653958724765073069 1204.812257 0.000000
1653958725782311702 1017.212408 0.000000
1653958726429379932 647.042611 0.000000
1653958727423684747 994.272570 0.000000
1653958728501225212 1077.514039 0.000000
1653958729457793348 956.539915 0.000000
1653958730502471070 1044.651080 0.000000
1653958731080602368 578.099323 0.000000
1653958732038947387 958.321539 0.000000
1653958732934560209 895.588160 0.000000
1653958734283993896 1349.404098 0.000000
1653958735642991316 1358.970888 0.000000
1653958736530892850 887.872065 0.000000
1653958737764094445 1233.172768 0.000000
1653958738846409575 1082.288819 0.000000
1653958739973613612 1127.177099 0.000000
1653958741107728925 1134.083429 0.000000
1653958741819082688 711.329957 0.000000
1653958742763977287 944.870357 0.000000
1653958743940267358 1176.262397 0.000000
1653958745089335018 1149.041714 0.000000
1653958746515927826 1426.565058 0.000000
1653958747272518554 756.563881 0.000000
1653958748631363656 1358.816961 0.000000
1653958749523305239 891.916404 0.000000
1653958750607777388 1084.447432 0.000000
