1653958541323826376 1732.448361 0.000000
1653958542396801546 1072.941262 0.000000
1653958543539978261 1143.145141 0.000000
1653958544697601165 1157.587578 0.000000
1653958545608143857 910.514616 0.000000
1653958546795603937 1187.433874 0.000000
1653958547760483384 964.852009 0.000000
1653958548737898578 977.388581 0.000000
1653958549742234168 1004.292024 0.000000
1653958550505486642 763.225125 0.000000
1653958551745159772 1239.646387 0.000000
1653958553030581113 1285.388494 0.000000
1653958554050396292 1019.785941 0.000000
1653958555263829117 1213.404499 0.000000
1653958555866595296 602.737983 0.000000
1653958557222714323 1356.089438 0.000000
1653958558299334748 1076.585899 0.000000
1653958559262242706 962.880599 0.000000
1653958560345033242 1082.758436 0.000000
1653958561298155582 953.090661 0.000000
1653958562886325599 1588.143024 0.000000
1653958564131057173 1244.703349 0.000000
1653958565129959545 998.872737 0.000000
1653958566309084757 1179.098465 0.000000
1653958567235935874 926.825056 0.000000
1653958568523577145 1287.613852 0.000000
1653958569688803925 1165.198734 0.000000
1653958570565389093 876.557884 0.000000
1653958571658990675 1093.573106 0.000000
1653958572381291753 722.274451 0.000000
1653958573848351230 1467.030765 0.000000
1653958575131324140 1282.945437 0.000000
1653958577491805863 1315.734001 0.000000
1653958578406769750 914.935777 0.000000
1653958579528716784 1121.917776 0.000000
1653958580729601557 1200.857300 0.000000
1653958581660996780 931.370040 0.000000
1653958582830258736 1169.236457 0.000000
1653958583681500794 851.214755 0.000000
1653958585027661011 1346.131576 0.000000
1653958586138130838 1110.441811 0.000000
1653958587098025405 959.866101 0.000000
1653958588390317958 1292.236934 0.000000
1653958589316828058 926.481313 0.000000
1653958590699735890 1382.867903 0.000000
1653958591969670191 1269.906176 0.000000
1653958593104558289 1134.859802 0.000000
1653958594255270147 1150.684184 0.000000
1653958595191306666 936.008718 0.000000
1653958596559459326 1368.125865 0.000000
1653958597734074341 1174.586774 0.000000
1653958598640743437 906.639503 0.000000
1653958599704827420 1064.055476 0.000000
1653958600615070778 910.215339 0.000000
1653958601898149414 1283.050861 0.000000
1653958602925691916 1027.503456 0.000000
1653958603860401975 934.684134 0.000000
1653958604922548549 1062.116499 0.000000
1653958605860611507 938.036621 0.000000
1653958606961268892 1100.629190 0.000000
1653958608426343978 1465.046845 0.000000
1653958609424201112 997.829549 0.000000
1653958610690538380 1266.308772 0.000000
1653958611570660488 880.095942 0.000000
1653958612756302673 1185.614355 0.000000
1653958613754132163 997.802096 0.000000
1653958614758171733 1004.006999 0.000000
1653958615915616238 1157.418073 0.000000
1653958616765276829 849.628051 0.000000
1653958618154244068 1388.940657 0.000000
1653958619194930225 1040.657967 0.000000
1653958620448769498 1253.805991 0.000000
1653958621630576246 1181.772884 0.000000
1653958622513330679 882.726448 0.000000
1653958624126404243 1613.045799 0.000000
1653958625179886676 1053.453571 0.000000
1653958626143982851 964.067483 0.000000
1653958627191339945 1047.328203 0.000000
1653958628161573241 970.210174 0.000000
1653958629441866531 1280.267457 0.000000
1653958630713756328 1271.862920 0.000000
1653958631758413826 1044.629689 0.000000
1653958632736258973 977.820690 0.000000
1653958633626646269 890.360819 0.000000
1653958634978161212 1351.484222 0.000000
1653958636125486070 1147.296637 0.000000
1653958637203300129 1077.786776 0.000000
1653958638188658360 985.324968 0.000000
1653958639042448170 853.762196 0.000000
1653958640562498702 1520.016969 0.000000
1653958641631348515 1068.821081 0.000000
1653958642867308220 1235.930387 0.000000
1653958644073052670 1205.718449 0.000000
1653958644956437577 883.356020 0.000000
1653958646456484182 1499.999606 0.000000
1653958647633494334 1176.981155 0.000000
1653958648815117166 1181.594842 0.000000
1653958649808730786 993.586792 0.000000
1653958650797367182 988.607539 0.000000
1653958652393314987 1595.920813 0.000000
1653958653796060109 1402.717572 0.000000
1653958654710777436 914.688790 0.000000
1653958655698556569 987.753133 0.000000
1653958656560562444 861.979794 0.000000
1653958657880154956 1319.565299 0.000000
1653958658980275196 1100.094821 0.000000
1653958659776075477 795.773639 0.000000
1653958660798363808 1022.261168 0.000000
1653958661573239687 774.848595 0.000000
1653958662808237678 1234.969513 0.000000
1653958664125103528 1316.840477 0.000000
1653958665221629747 1096.500439 0.000000
1653958666421140940 1199.483919 0.000000
1653958667318894065 897.727320 0.000000
1653958668580408967 1261.486477 0.000000
1653958669672896332 1092.460221 0.000000
1653958670655944258 983.017771 0.000000
1653958671886252352 1230.280189 0.000000
1653958672669671669 783.390740 0.000000
1653958674241435959 1571.735788 0.000000
1653958675577092181 1335.636024 0.000000
1653958676534279353 957.157908 0.000000
1653958677826907815 1292.594668 0.000000
1653958678778725760 951.789383 0.000000
1653958680404743385 1625.991509 0.000000
1653958681476818256 1072.049998 0.000000
1653958682502161732 1025.317015 0.000000
1653958683668544530 1166.350973 0.000000
1653958684535281517 866.707308 0.000000
1653958685945712073 1410.401453 0.000000
1653958686953373167 1007.626965 0.000000
1653958687895038854 941.641190 0.000000
1653958689020734294 1125.670396 0.000000
1653958689799893446 779.130009 0.000000
1653958691321087112 1521.164553 0.000000
1653958692507743528 1186.629279 0.000000
1653958693598282938 1090.513775 0.000000
1653958694871320641 1273.010861 0.000000
1653958695737760334 866.395907 0.000000
1653958697241699387 1503.914109 0.000000
1653958698165373660 923.647747 0.000000
1653958699156113523 990.714223 0.000000
1653958700418336919 1262.198368 0.000000
1653958701335567291 917.205088 0.000000
1653958702815433147 1479.839645 0.000000
1653958703673649091 858.190229 0.000000
1653958704552451242 878.764924 0.000000
1653958705484093893 931.613723 0.000000
1653958706414579159 930.457362 0.000000
1653958707898093734 1483.488283 0.000000
1653958708954147109 1056.026006 0.000000
1653958709836776716 882.601521 0.000000
1653958710869930215 1033.125398 0.000000
1653958711933226332 1063.267515 0.000000
1653958713192580839 1259.324593 0.000000
1653958714448030201 1255.421943 0.000000
1653958715209886018 761.829686 0.000000
1653958716340029754 1130.116173 0.000000
1653958717230501785 890.445014 0.000000
1653958718548664874 1318.134979 0.000000
1653958719816091677 1267.401108 0.000000
1653958720608656610 792.541128 0.000000
1653958721827440750 1218.759216 0.000000
1653958722838789432 1011.321889 0.000000
1653958724197061085 1358.246476 0.000000
1653958725532902090 1335.814824 0.000000
1653958726592760796 1059.833252 0.000000
1653958727788864793 1196.078788 0.000000
1653958728700160893 911.267699 0.000000
1653958730109331181 1409.142688 0.000000
1653958731644597061 1535.239744 0.000000
1653958732702854369 1058.230811 0.000000
1653958733792346573 1089.462500 0.000000
1653958734646984388 854.612286 0.000000
1653958736035091191 1388.082026 0.000000
1653958737441760520 1406.642913 0.000000
1653958738521652645 1079.862015 0.000000
1653958739523767810 1002.088077 0.000000
1653958740347730939 823.937751 0.000000
1653958741665593767 1317.833845 0.000000
1653958742958843278 1293.221451 0.000000
1653958744076242213 1117.373962 0.000000
1653958745151457730 1075.187277 0.000000
1653958745939980862 788.496735 0.000000
1653958747265502065 1325.494170 0.000000
1653958748777898552 1512.368632 0.000000
1653958749775517250 997.592807 0.000000
1653958751065743633 1290.201485 0.000000
1653958751701216626 635.448215 0.000000
1653958752880058018 1178.813011 0.000000
