1653958554870459643 1414.623622 0.000000
1653958556483341654 1612.854729 0.000000
1653958557657512073 1174.139447 0.000000
1653958558640594270 983.054263 0.000000
1653958560302058300 1661.430331 0.000000
1653958561561676090 1259.590381 0.000000
1653958562879811806 1318.101541 0.000000
1653958563723186435 843.342960 0.000000
1653958564603181143 879.967074 0.000000
1653958566255309460 1652.100953 0.000000
1653958567541437129 1286.099518 0.000000
1653958568703561834 1162.097492 0.000000
1653958569757565589 1053.976337 0.000000
1653958570716736379 959.143927 0.000000
1653958572071904645 1355.138697 0.000000
1653958573230988425 1159.053295 0.000000
1653958574571246763 1340.219327 0.000000
1653958575554261059 982.986628 0.000000
1653958579133442637 3579.154504 0.000000
1653958580075357159 941.887701 0.000000
1653958581652263319 1576.873193 0.000000
1653958582688211822 1035.920483 0.000000
1653958583442241339 754.002023 0.000000
1653958584766184687 1323.911524 0.000000
1653958585835592474 1069.380007 0.000000
1653958587265505052 1429.882161 0.000000
1653958588298507489 1032.974506 0.000000
1653958589076893780 778.358467 0.000000
1653958590259553010 1182.628573 0.000000
1653958591419033922 1159.454065 0.000000
1653958593005088249 1586.011131 0.000000
1653958594133035315 1127.918334 0.000000
1653958594816431861 683.365133 0.000000
1653958596217739327 1401.278133 0.000000
1653958597287152966 1069.384161 0.000000
1653958598647460339 1360.279092 0.000000
1653958599653731549 1006.242408 0.000000
1653958600693935360 1040.174152 0.000000
1653958601923911734 1229.937078 0.000000
1653958603001537978 1077.599607 0.000000
1653958609637195890 6635.630298 0.000000
1653958610840925385 1203.689326 0.000000
1653958611964928199 1123.974864 0.000000
1653958612821119310 856.162259 0.000000
1653958613997015830 1175.864836 0.000000
1653958615194890470 1197.838215 0.000000
1653958616623406152 1428.483132 0.000000
1653958617607607900 984.174415 0.000000
1653958618273603750 665.969573 0.000000
1653958619340258391 1066.625017 0.000000
1653958620388470977 1048.182727 0.000000
1653958621955341783 1566.837704 0.000000
1653958623056390750 1101.011595 0.000000
1653958623706590719 650.170707 0.000000
1653958624579219058 872.597080 0.000000
1653958625832001999 1252.762731 0.000000
1653958627283597233 1451.566813 0.000000
1653958628300671855 1017.046431 0.000000
1653958629057237178 756.537663 0.000000
1653958630228306836 1171.043878 0.000000
1653958631519066893 1290.732232 0.000000
1653958632811064074 1291.969708 0.000000
1653958633927405184 1116.314498 0.000000
1653958634691538341 764.106916 0.000000
1653958635903606341 1212.040641 0.000000
1653958637007585121 1103.951627 0.000000
1653958638498724381 1491.112172 0.000000
1653958639512576687 1013.824191 0.000000
1653958640315939318 803.336495 0.000000
1653958641853920563 1537.956042 0.000000
1653958642939548854 1085.600666 0.000000
1653958644499561239 1559.984264 0.000000
1653958645512102506 1012.513212 0.000000
1653958646493215249 981.086357 0.000000
1653958647842286895 1349.045204 0.000000
1653958648841296065 998.981165 0.000000
1653958650045673827 1204.352994 0.000000
1653958651155357614 1109.655496 0.000000
1653958651935493677 780.108359 0.000000
1653958652915703421 980.183858 0.000000
1653958654164465555 1248.735076 0.000000
1653958655450610731 1286.112344 0.000000
1653958656589514433 1138.875722 0.000000
1653958657501333884 911.795535 0.000000
1653958658762590969 1261.228188 0.000000
1653958660033608730 1270.990878 0.000000
1653958661504321095 1470.680511 0.000000
1653958662690686927 1186.337636 0.000000
1653958663230432464 539.717436 0.000000
1653958664398165508 1167.706753 0.000000
1653958665617319037 1219.129499 0.000000
1653958666834199979 1216.851588 0.000000
1653958668000816360 1166.587995 0.000000
1653958668557021965 556.138033 0.000000
1653958669615857985 1058.811713 0.000000
1653958670930462304 1314.575923 0.000000
1653958672035469383 1104.979164 0.000000
1653958673106251631 1070.754734 0.000000
1653958674263310020 1157.031015 0.000000
1653958675302110638 1038.770312 0.000000
1653958676656069659 1353.922812 0.000000
1653958677837030166 1180.934476 0.000000
1653958678781965016 944.907867 0.000000
1653958679770362963 988.371746 0.000000
1653958680759657262 989.259488 0.000000
1653958681932181206 1172.497442 0.000000
1653958683219142154 1286.929510 0.000000
1653958684197366189 978.195204 0.000000
1653958685052459538 855.066963 0.000000
1653958686048138116 995.644735 0.000000
1653958687392386270 1344.222354 0.000000
1653958688631937258 1239.522952 0.000000
1653958689594715513 962.751292 0.000000
1653958690589899968 995.160454 0.000000
1653958691461351648 871.422227 0.000000
1653958692573345723 1111.964532 0.000000
1653958693998903752 1425.525905 0.000000
1653958695096136445 1097.203660 0.000000
1653958696080095315 983.924094 0.000000
1653958697092104542 1011.976631 0.000000
1653958698353070115 1260.936857 0.000000
1653958699616651217 1263.544316 0.000000
1653958700680917989 1064.238611 0.000000
1653958701577331035 896.386178 0.000000
1653958702625772006 1048.414013 0.000000
1653958703797018096 1171.218387 0.000000
1653958705370702951 1573.656118 0.000000
1653958706428703330 1057.970870 0.000000
1653958707202469926 773.738726 0.000000
1653958708079713395 877.216180 0.000000
1653958709064718752 984.982259 0.000000
1653958710657462088 1592.716639 0.000000
1653958711829267178 1171.776894 0.000000
1653958712689640770 860.347016 0.000000
1653958713652469288 962.802527 0.000000
1653958714895100001 1242.604562 0.000000
1653958716159508277 1264.379970 0.000000
1653958717127186231 967.649758 0.000000
1653958717971788064 844.571858 0.000000
1653958719242277814 1270.462141 0.000000
1653958720294124365 1051.817067 0.000000
1653958721655020034 1360.869763 0.000000
1653958722738513041 1083.464566 0.000000
1653958723740410822 1001.871580 0.000000
1653958724876147492 1135.708685 0.000000
1653958726091266539 1215.091905 0.000000
1653958727448638720 1357.342005 0.000000
1653958728459533946 1010.867592 0.000000
1653958729525550481 1065.990987 0.000000
1653958730561297125 1035.720153 0.000000
1653958731785511888 1224.189489 0.000000
1653958733404681669 1619.141731 0.000000
1653958734615268245 1210.559078 0.000000
1653958735359613779 744.319538 0.000000
1653958736335003609 975.361139 0.000000
1653958737288589696 953.557982 0.000000
1653958738472390796 1183.776021 0.000000
1653958739394365223 921.938499 0.000000
1653958740097361800 702.968632 0.000000
1653958741457044352 1359.660270 0.000000
1653958742431056526 973.980440 0.000000
1653958744046318482 1615.230572 0.000000
1653958746009180050 1962.833207 0.000000
1653958747432456821 1423.249768 0.000000
1653958748560862274 1128.376741 0.000000
1653958749502567748 941.676723 0.000000
1653958750398983108 896.390467 0.000000
1653958751833284698 1434.277269 0.000000
1653958753064535356 1231.223108 0.000000
1653958753825229470 760.665126 0.000000
1653958754537106774 711.851684 0.000000
1653958755552602311 1015.471972 0.000000
1653958756393293775 840.668080 0.000000
