1653958554456312291 0.000000 0.000000 0 0 0.000000
1653958554870459643 1414.623622 2.414601 1 0 0.000000
1653958556457453525 0.000000 0.000000 0 0 0.000000
1653958556483341654 1612.854729 38.627879 1 0 0.000000
1653958557657512073 1174.139447 0.851665 1 0 0.000000
1653958558640594270 983.054263 1.017209 1 0 0.000000
1653958560302058300 1661.430331 0.601879 1 0 0.000000
1653958561460192612 0.000000 0.000000 0 0 0.000000
1653958561561676090 1259.590381 9.853827 1 0 0.000000
1653958562879811806 1318.101541 0.758647 1 0 0.000000
1653958563723186435 843.342960 1.185713 1 0 0.000000
1653958564603181143 879.967074 1.136370 1 0 0.000000
1653958566255309460 1652.100953 0.605280 1 0 0.000000
1653958567463767721 0.000000 0.000000 0 0 0.000000
1653958567541437129 1286.099518 12.875092 1 0 0.000000
1653958568703561834 1162.097492 0.860493 1 0 0.000000
1653958569757565589 1053.976337 0.948763 1 0 0.000000
1653958570716736379 959.143927 1.042567 1 0 0.000000
1653958572071904645 1355.138697 0.737916 1 0 0.000000
1653958573230988425 1159.053295 0.862750 1 0 0.000000
1653958574468420554 0.000000 0.000000 0 0 0.000000
1653958574571246763 1340.219327 9.725154 1 0 0.000000
1653958575554261059 982.986628 1.017279 1 0 0.000000
1653958577469281393 0.000000 0.000000 0 0 0.000000
1653958578470078094 0.000000 0.000000 0 0 0.000000
1653958579133442637 3579.154504 1.507467 1 0 0.000000
1653958580075357159 941.887701 1.061667 1 0 0.000000
1653958581472412402 0.000000 0.000000 0 0 0.000000
1653958581652263319 1576.873193 5.560163 1 0 0.000000
1653958583442241339 894.961253 1.117332 2 0 0.000000
1653958584474854618 0.000000 0.000000 0 0 0.000000
1653958584766184687 1323.911524 3.432533 1 0 0.000000
1653958585835592474 1069.380007 0.935097 1 0 0.000000
1653958587265505052 1429.882161 0.699343 1 0 0.000000
1653958588298507489 1032.974506 0.968052 1 0 0.000000
1653958589076893780 778.358467 1.284709 1 0 0.000000
1653958590259553010 1182.628573 0.845552 1 0 0.000000
1653958591419033922 1159.454065 0.862455 1 0 0.000000
1653958592480725589 0.000000 0.000000 0 0 0.000000
1653958593005088249 1586.011131 1.907077 1 0 0.000000
1653958594133035315 1127.918334 0.886566 1 0 0.000000
1653958594816431861 683.365133 1.463279 1 0 0.000000
1653958596217739327 1401.278133 0.713619 1 0 0.000000
1653958597287152966 1069.384161 0.935092 1 0 0.000000
1653958598485061276 0.000000 0.000000 0 0 0.000000
1653958598647460339 1360.279092 6.157676 1 0 0.000000
1653958599653731549 1006.242408 0.993768 1 0 0.000000
1653958600693935360 1040.174152 0.961350 1 0 0.000000
1653958601923911734 1229.937078 0.813024 1 0 0.000000
1653958603001537978 1077.599607 0.927966 1 0 0.000000
1653958604489508738 0.000000 0.000000 0 0 0.000000
1653958605489789247 0.000000 0.000000 0 0 0.000000
1653958606490371155 0.000000 0.000000 0 0 0.000000
1653958607491514463 0.000000 0.000000 0 0 0.000000
1653958608491622217 0.000000 0.000000 0 0 0.000000
1653958609492421485 0.000000 0.000000 0 0 0.000000
1653958609637195890 6635.630298 6.907302 1 0 0.000000
1653958610840925385 1203.689326 0.830751 1 0 0.000000
1653958611964928199 1123.974864 0.889677 1 0 0.000000
1653958612821119310 856.162259 1.167964 1 0 0.000000
1653958613997015830 1175.864836 0.850415 1 0 0.000000
1653958615194890470 1197.838215 0.834812 1 0 0.000000
1653958616497002169 0.000000 0.000000 0 0 0.000000
1653958616623406152 1428.483132 7.911148 1 0 0.000000
1653958618273603750 825.071994 1.211976 2 0 0.000000
1653958619340258391 1066.625017 0.937511 1 0 0.000000
1653958620388470977 1048.182727 0.954005 1 0 0.000000
1653958621500404060 0.000000 0.000000 0 0 0.000000
1653958621955341783 1566.837704 2.198103 1 0 0.000000
1653958623056390750 1101.011595 0.908225 1 0 0.000000
1653958623706590719 650.170707 1.537988 1 0 0.000000
1653958624579219058 872.597080 1.145963 1 0 0.000000
1653958625832001999 1252.762731 0.798223 1 0 0.000000
1653958627283597233 1451.566813 0.688897 1 0 0.000000
1653958628300671855 1017.046431 0.983212 1 0 0.000000
1653958629057237178 756.537663 1.321763 1 0 0.000000
1653958630228306836 1171.043878 0.853920 1 0 0.000000
1653958631506909629 0.000000 0.000000 0 0 0.000000
1653958631519066893 1290.732232 82.255958 1 0 0.000000
1653958632811064074 1291.969708 0.773995 1 0 0.000000
1653958633927405184 1116.314498 0.895784 1 0 0.000000
1653958634691538341 764.106916 1.308672 1 0 0.000000
1653958635903606341 1212.040641 0.825036 1 0 0.000000
1653958637007585121 1103.951627 0.905815 1 0 0.000000
1653958638498724381 1491.112172 0.670628 1 0 0.000000
1653958639511850397 0.000000 0.000000 0 0 0.000000
1653958640315939318 908.580343 2.487287 2 0 0.000000
1653958641512937653 0.000000 0.000000 0 0 0.000000
1653958641853920563 1537.956042 2.932699 1 0 0.000000
1653958642939548854 1085.600666 0.921126 1 0 0.000000
1653958644499561239 1559.984264 0.641021 1 0 0.000000
1653958645512102506 1012.513212 0.987614 1 0 0.000000
1653958646493215249 981.086357 1.019251 1 0 0.000000
1653958647517992563 0.000000 0.000000 0 0 0.000000
1653958647842286895 1349.045204 3.083619 1 0 0.000000
1653958648841296065 998.981165 1.000992 1 0 0.000000
1653958650045673827 1204.352994 0.830304 1 0 0.000000
1653958651155357614 1109.655496 0.901158 1 0 0.000000
1653958651935493677 780.108359 1.281828 1 0 0.000000
1653958652915703421 980.183858 1.020190 1 0 0.000000
1653958654164465555 1248.735076 0.800793 1 0 0.000000
1653958655450610731 1286.112344 0.777517 1 0 0.000000
1653958656523902404 0.000000 0.000000 0 0 0.000000
1653958657501333884 1025.335628 2.046179 2 0 0.000000
1653958658524736933 0.000000 0.000000 0 0 0.000000
1653958658762590969 1261.228188 4.204261 1 0 0.000000
1653958660033608730 1270.990878 0.786771 1 0 0.000000
1653958661504321095 1470.680511 0.679943 1 0 0.000000
1653958662526780063 0.000000 0.000000 0 0 0.000000
1653958663230432464 863.027536 2.842313 2 0 0.000000
1653958664398165508 1167.706753 0.856360 1 0 0.000000
1653958665528065057 0.000000 0.000000 0 0 0.000000
1653958665617319037 1219.129499 11.203988 1 0 0.000000
1653958666834199979 1216.851588 0.821773 1 0 0.000000
1653958668000816360 1166.587995 0.857180 1 0 0.000000
1653958668557021965 556.138033 1.797896 1 0 0.000000
1653958669615857985 1058.811713 0.944433 1 0 0.000000
1653958670930462304 1314.575923 0.760685 1 0 0.000000
1653958672035469383 1104.979164 0.904972 1 0 0.000000
1653958673106251631 1070.754734 0.933897 1 0 0.000000
1653958674263310020 1157.031015 0.864261 1 0 0.000000
1653958675302110638 1038.770312 0.962649 1 0 0.000000
1653958676535171578 0.000000 0.000000 0 0 0.000000
1653958676656069659 1353.922812 8.271436 1 0 0.000000
1653958677837030166 1180.934476 0.846768 1 0 0.000000
1653958678781965016 944.907867 1.058274 1 0 0.000000
1653958679770362963 988.371746 1.011738 1 0 0.000000
1653958680759657262 989.259488 1.010822 1 0 0.000000
1653958681932181206 1172.497442 0.852861 1 0 0.000000
1653958683219142154 1286.929510 0.777024 1 0 0.000000
1653958684197366189 978.195204 1.022261 1 0 0.000000
1653958685052459538 855.066963 1.169463 1 0 0.000000
1653958686048138116 995.644735 1.004340 1 0 0.000000
1653958687392386270 1344.222354 0.743910 1 0 0.000000
1653958688543679907 0.000000 0.000000 0 0 0.000000
1653958688631937258 1239.522952 11.330510 1 0 0.000000
1653958689594715513 962.751292 1.038661 1 0 0.000000
1653958691461351648 933.291340 1.071446 2 0 0.000000
1653958692547831790 0.000000 0.000000 0 0 0.000000
1653958692573345723 1111.964532 39.194315 1 0 0.000000
1653958693998903752 1425.525905 0.701480 1 0 0.000000
1653958695096136445 1097.203660 0.911384 1 0 0.000000
1653958696080095315 983.924094 1.016303 1 0 0.000000
1653958697092104542 1011.976631 0.988133 1 0 0.000000
1653958698353070115 1260.936857 0.793043 1 0 0.000000
1653958699553473924 0.000000 0.000000 0 0 0.000000
1653958699616651217 1263.544316 15.828495 1 0 0.000000
1653958700680917989 1064.238611 0.939614 1 0 0.000000
1653958701577331035 896.386178 1.115557 1 0 0.000000
1653958702625772006 1048.414013 0.953797 1 0 0.000000
1653958703797018096 1171.218387 0.853792 1 0 0.000000
1653958705370702951 1573.656118 0.635451 1 0 0.000000
1653958706428703330 1057.970870 0.945179 1 0 0.000000
1653958707202469926 773.738726 1.292379 1 0 0.000000
1653958708079713395 877.216180 1.139934 1 0 0.000000
1653958709064718752 984.982259 1.015223 1 0 0.000000
1653958710560403699 0.000000 0.000000 0 0 0.000000
1653958710657462088 1592.716639 10.303084 1 0 0.000000
1653958711829267178 1171.776894 0.853384 1 0 0.000000
1653958712689640770 860.347016 1.162286 1 0 0.000000
1653958713652469288 962.802527 1.038607 1 0 0.000000
1653958714895100001 1242.604562 0.804744 1 0 0.000000
1653958716159508277 1264.379970 0.790884 1 0 0.000000
1653958717127186231 967.649758 1.033402 1 0 0.000000
1653958717971788064 844.571858 1.183990 1 0 0.000000
1653958719242277814 1270.462141 0.787098 1 0 0.000000
1653958720294124365 1051.817067 0.950709 1 0 0.000000
1653958721568111697 0.000000 0.000000 0 0 0.000000
1653958721655020034 1360.869763 11.506389 1 0 0.000000
1653958722738513041 1083.464566 0.922941 1 0 0.000000
1653958723740410822 1001.871580 0.998106 1 0 0.000000
1653958724876147492 1135.708685 0.880486 1 0 0.000000
1653958726091266539 1215.091905 0.822965 1 0 0.000000
1653958727448638720 1357.342005 0.736718 1 0 0.000000
1653958728459533946 1010.867592 0.989222 1 0 0.000000
1653958729525550481 1065.990987 0.938072 1 0 0.000000
1653958730561297125 1035.720153 0.965487 1 0 0.000000
1653958731576257829 0.000000 0.000000 0 0 0.000000
1653958731785511888 1224.189489 4.778882 1 0 0.000000
1653958733404681669 1619.141731 0.617600 1 0 0.000000
1653958734578071708 0.000000 0.000000 0 0 0.000000
1653958735359613779 977.439308 2.559044 2 0 0.000000
1653958736335003609 975.361139 1.025231 1 0 0.000000
1653958737288589696 953.557982 1.048673 1 0 0.000000
1653958738472390796 1183.776021 0.844736 1 0 0.000000
1653958739394365223 921.938499 1.084629 1 0 0.000000
1653958740097361800 702.968632 1.422482 1 0 0.000000
1653958741457044352 1359.660270 0.735466 1 0 0.000000
1653958742431056526 973.980440 1.026681 1 0 0.000000
1653958743585114134 0.000000 0.000000 0 0 0.000000
1653958744046318482 1615.230572 2.168237 1 0 0.000000
1653958745586516133 0.000000 0.000000 0 0 0.000000
1653958746009180050 1962.833207 2.365946 1 0 0.000000
1653958747432456821 1423.249768 0.702604 1 0 0.000000
1653958748560862274 1128.376741 0.886206 1 0 0.000000
1653958749502567748 941.676723 1.061903 1 0 0.000000
1653958750398983108 896.390467 1.115554 1 0 0.000000
1653958751590942567 0.000000 0.000000 0 0 0.000000
1653958751833284698 1434.277269 4.126399 1 0 0.000000
1653958753064535356 1231.223108 0.812182 1 0 0.000000
1653958754537106774 736.258405 1.358168 2 0 0.000000
1653958755552602311 1015.471972 0.984741 1 0 0.000000
1653958756393293775 840.668080 1.189497 1 0 0.000000
