1653958534023898753 0.000000 0.000000 0 0 0.000000
1653958534043776506 1020.497267 50.307677 1 0 0.000000
1653958535134352807 1090.532143 0.916946 1 0 0.000000
1653958536503975614 1369.596350 0.730128 1 0 0.000000
1653958537098078553 594.076507 1.683210 1 0 0.000000
1653958538896051477 898.960095 1.112364 2 0 0.000000
1653958539753351592 857.266602 1.166453 1 0 0.000000
1653958540817539466 1064.133803 0.939684 1 0 0.000000
1653958541289401756 471.834126 2.119262 1 0 0.000000
1653958542259229741 969.799062 1.031111 1 0 0.000000
1653958543182960234 923.704979 1.082567 1 0 0.000000
1653958544285316895 1102.331277 0.907147 1 0 0.000000
1653958545683638101 1398.294524 0.715143 1 0 0.000000
1653958546156734189 473.067642 2.113736 1 0 0.000000
1653958547127160749 970.399798 1.030475 1 0 0.000000
1653958548171284881 1044.094965 0.957741 1 0 0.000000
1653958549386153877 1214.841237 0.823134 1 0 0.000000
1653958550693356986 1307.175149 0.764992 1 0 0.000000
1653958551289430837 596.044137 1.677644 1 0 0.000000
1653958552310180467 1020.722476 0.979672 1 0 0.000000
1653958553194192211 883.985132 1.131207 1 0 0.000000
1653958554380260937 1186.041139 0.843121 1 0 0.000000
1653958555779748824 1399.458218 0.714547 1 0 0.000000
1653958556450357923 670.579225 1.491182 1 0 0.000000
1653958557463035040 1012.642942 0.987482 1 0 0.000000
1653958558243280272 780.216490 1.281648 1 0 0.000000
1653958559223706594 980.395916 1.019964 1 0 0.000000
1653958560436346704 1212.611819 0.824647 1 0 0.000000
1653958562031953182 797.773468 1.253442 2 0 0.000000
1653958562990118939 958.135155 1.043661 1 0 0.000000
1653958564045929001 0.000000 0.000000 0 0 0.000000
1653958564463847885 1473.699312 2.392809 1 0 0.000000
1653958565765079740 1301.202893 0.768503 1 0 0.000000
1653958566531280858 766.173077 1.305140 1 0 0.000000
1653958567407337685 876.029333 1.141478 1 0 0.000000
1653958568282726430 875.359232 1.142350 1 0 0.000000
1653958569585643351 1302.889232 0.767509 1 0 0.000000
1653958571051795086 0.000000 0.000000 0 0 0.000000
1653958571758465907 1086.382396 2.830172 2 0 0.000000
1653958572621544643 863.050540 1.158643 1 0 0.000000
1653958573430100925 808.526728 1.236772 1 0 0.000000
1653958574682687321 1252.559083 0.798348 1 0 0.000000
1653958575634980787 952.264503 1.050096 1 0 0.000000
1653958576319721377 684.711312 1.460407 1 0 0.000000
1653958577495260721 1175.512242 0.850673 1 0 0.000000
1653958578329621894 834.331597 1.198522 1 0 0.000000
1653958580059253976 0.000000 0.000000 0 0 0.000000
1653958580756194303 2426.552132 1.434843 1 0 0.000000
1653958581756366785 1000.144412 0.999828 1 0 0.000000
1653958582663297378 906.899505 1.102620 1 0 0.000000
1653958584018810956 1355.482375 0.737728 1 0 0.000000
1653958584770023636 751.169887 1.331181 1 0 0.000000
1653958585869089197 1099.038302 0.909864 1 0 0.000000
1653958586858045301 988.928931 1.011167 1 0 0.000000
1653958588063429177 0.000000 0.000000 0 0 0.000000
1653958588166879048 1308.805015 9.666524 1 0 0.000000
1653958589994810132 913.933268 1.094133 2 0 0.000000
1653958591020914614 1026.077575 0.974560 1 0 0.000000
1653958592038808190 1017.863885 0.982421 1 0 0.000000
1653958593066595416 0.000000 0.000000 0 0 0.000000
1653958593243187078 1204.328092 5.662783 1 0 0.000000
1653958594464279450 1221.063736 0.818939 1 0 0.000000
1653958595366679835 902.372846 1.108156 1 0 0.000000
1653958596352388127 985.679301 1.014499 1 0 0.000000
1653958597339641296 987.223089 1.012911 1 0 0.000000
1653958598428257801 1088.588194 0.918597 1 0 0.000000
1653958599741427077 1313.140639 0.761516 1 0 0.000000
1653958600501339299 759.884999 1.315941 1 0 0.000000
1653958601624544787 1123.178772 0.890309 1 0 0.000000
1653958602436043407 811.470444 1.232288 1 0 0.000000
1653958603573746663 1137.674559 0.878964 1 0 0.000000
1653958604864332153 1290.557169 0.774842 1 0 0.000000
1653958606077975560 0.000000 0.000000 0 0 0.000000
1653958606871535173 2007.173733 1.260145 1 0 0.000000
1653958607814839919 943.277221 1.060103 1 0 0.000000
1653958608412418913 597.550644 1.673419 1 0 0.000000
1653958609517530076 1105.078001 0.904886 1 0 0.000000
1653958610644483480 1126.930246 0.887348 1 0 0.000000
1653958612081598632 0.000000 0.000000 0 0 0.000000
1653958613082401804 0.000000 0.000000 0 0 0.000000
1653958613307431355 2662.915680 4.443863 1 0 0.000000
1653958614423219663 1115.760348 0.896227 1 0 0.000000
1653958615703447573 1280.198814 0.781111 1 0 0.000000
1653958616812030332 1108.556257 0.902053 1 0 0.000000
1653958617685613870 873.554662 1.144710 1 0 0.000000
1653958618778528868 1092.886677 0.914984 1 0 0.000000
1653958619754211374 975.653288 1.024924 1 0 0.000000
1653958621086292723 0.000000 0.000000 0 0 0.000000
1653958621141570169 1387.328695 18.090585 1 0 0.000000
1653958622232459495 1090.860975 0.916683 1 0 0.000000
1653958623563196686 1330.706725 0.751463 1 0 0.000000
1653958624944278746 1381.051891 0.724070 1 0 0.000000
1653958625687915378 743.606832 1.344743 1 0 0.000000
1653958626678997176 991.053702 1.008998 1 0 0.000000
1653958628039365942 1360.340766 0.735095 1 0 0.000000
1653958629091414462 0.000000 0.000000 0 0 0.000000
1653958629092216169 1052.822082 1247.455191 1 0 0.000000
1653958630415262905 1323.021672 0.755831 1 0 0.000000
1653958632013430448 799.052917 1.251433 2 0 0.000000
1653958633031836465 1018.378989 0.981927 1 0 0.000000
1653958634079691159 1047.828222 0.954331 1 0 0.000000
1653958635094331105 0.000000 0.000000 0 0 0.000000
1653958635409413505 1329.696078 3.173773 1 0 0.000000
1653958637081967371 836.247859 1.195776 2 0 0.000000
1653958637848244000 766.241688 1.305012 1 0 0.000000
1653958638809148650 960.873793 1.040686 1 0 0.000000
1653958640088948740 1279.768857 0.781372 1 0 0.000000
1653958640672198946 583.223864 1.714530 1 0 0.000000
1653958642024108266 1351.879751 0.739695 1 0 0.000000
1653958642933407930 909.260041 1.099747 1 0 0.000000
1653958643849768481 916.332801 1.091274 1 0 0.000000
1653958645100935416 0.000000 0.000000 0 0 0.000000
1653958645779866128 965.018402 2.945809 2 0 0.000000
1653958646687991684 908.075004 1.101169 1 0 0.000000
1653958647546042493 858.024102 1.165432 1 0 0.000000
1653958648801918072 1255.847895 0.796257 1 0 0.000000
1653958650005089889 1203.142438 0.831136 1 0 0.000000
1653958650687729746 682.611646 1.464901 1 0 0.000000
1653958651630153235 942.376130 1.061094 1 0 0.000000
1653958652336056034 705.872538 1.416626 1 0 0.000000
1653958653350842987 1014.762426 0.985428 1 0 0.000000
1653958654670740182 1319.867105 0.757635 1 0 0.000000
1653958655313202093 642.433925 1.556512 1 0 0.000000
1653958656505693778 1192.464623 0.838580 1 0 0.000000
1653958657418433758 912.710958 1.095602 1 0 0.000000
1653958658646861505 1228.403596 0.814049 1 0 0.000000
1653958659999262450 1352.374474 0.739426 1 0 0.000000
1653958660584340362 585.050840 1.709174 1 0 0.000000
1653958661504284685 919.918688 1.087022 1 0 0.000000
1653958662514309776 1009.996770 0.990074 1 0 0.000000
1653958663544026759 1029.688812 0.971141 1 0 0.000000
1653958664711106977 1167.045568 0.856839 1 0 0.000000
1653958665482806762 771.670832 1.295841 1 0 0.000000
1653958666533402582 1050.569654 0.951841 1 0 0.000000
1653958667546608681 1013.177442 0.986966 1 0 0.000000
1653958668928642102 1382.005145 0.723572 1 0 0.000000
1653958670054550565 1125.880892 0.888172 1 0 0.000000
1653958670665623548 611.044702 1.636466 1 0 0.000000
1653958671559917498 894.262575 1.118201 1 0 0.000000
1653958673119163331 0.000000 0.000000 0 0 0.000000
1653958674119347209 0.000000 0.000000 0 0 0.000000
1653958675082522633 1761.273394 2.076465 2 0 0.000000
1653958675989375876 906.824652 1.102714 1 0 0.000000
1653958676940955887 951.550296 1.050884 1 0 0.000000
1653958678121541149 0.000000 0.000000 0 0 0.000000
1653958678882750034 970.866342 2.627400 2 0 0.000000
1653958679980995974 1098.211806 0.910543 1 0 0.000000
1653958680979266093 998.243437 1.001733 1 0 0.000000
1653958682048148548 1068.854249 0.935557 1 0 0.000000
1653958683126518704 0.000000 0.000000 0 0 0.000000
1653958683764119841 857.958270 3.136758 2 0 0.000000
1653958684696128375 931.981817 1.072952 1 0 0.000000
1653958685568980403 872.826941 1.145670 1 0 0.000000
1653958686598134982 1029.127485 0.971671 1 0 0.000000
1653958688032839290 1434.679064 0.697008 1 0 0.000000
1653958688659337167 626.471456 1.596175 1 0 0.000000
1653958689686805845 1027.442624 0.973266 1 0 0.000000
1653958690849367596 1162.531190 0.860169 1 0 0.000000
1653958692131602899 0.000000 0.000000 0 0 0.000000
1653958692177613332 1328.219354 21.734236 1 0 0.000000
1653958693967974574 895.151311 1.117093 2 0 0.000000
1653958694994075862 1026.071965 0.974563 1 0 0.000000
1653958696039666770 1045.561926 0.956397 1 0 0.000000
1653958697135827289 0.000000 0.000000 0 0 0.000000
1653958697210455227 1170.756943 13.399821 1 0 0.000000
1653958698553313179 1342.828012 0.744680 1 0 0.000000
1653958699280770369 727.429255 1.374651 1 0 0.000000
1653958700436303407 1155.505549 0.865401 1 0 0.000000
1653958701367150596 930.818637 1.074290 1 0 0.000000
1653958702383606661 1016.429849 0.983810 1 0 0.000000
1653958703997029567 1613.395724 0.619800 1 0 0.000000
1653958704627655917 630.597898 1.585725 1 0 0.000000
1653958706143949001 0.000000 0.000000 0 0 0.000000
1653958706249967824 1622.288493 9.432291 1 0 0.000000
1653958707308512944 1058.519351 0.944693 1 0 0.000000
1653958708666158355 1357.614865 0.736569 1 0 0.000000
1653958710017764415 1351.578020 0.739861 1 0 0.000000
1653958710823208315 805.413985 1.241551 1 0 0.000000
1653958711949354638 1126.121090 0.887984 1 0 0.000000
1653958712981893289 1032.508996 0.968487 1 0 0.000000
1653958714149175922 0.000000 0.000000 0 0 0.000000
1653958714203586184 1221.665852 18.378911 1 0 0.000000
1653958715463835587 1260.223282 0.793494 1 0 0.000000
1653958716221156332 757.292389 1.320444 1 0 0.000000
1653958717300643056 1079.460809 0.926366 1 0 0.000000
1653958718217547054 916.868116 1.090627 1 0 0.000000
1653958719858269092 1640.695026 0.609488 1 0 0.000000
1653958721154038636 0.000000 0.000000 0 0 0.000000
1653958721346604173 1488.309472 5.193036 1 0 0.000000
1653958722307354324 960.686087 1.040853 1 0 0.000000
1653958724113167909 902.882044 1.107534 2 0 0.000000
1653958725156658008 0.000000 0.000000 0 0 0.000000
1653958725355463328 1242.268616 5.030048 1 0 0.000000
1653958726698086539 1342.599210 0.744811 1 0 0.000000
1653958727473176848 775.059783 1.290172 1 0 0.000000
1653958728377368767 904.162421 1.105960 1 0 0.000000
1653958729446989790 1069.592472 0.934911 1 0 0.000000
1653958730778257845 1331.245121 0.751164 1 0 0.000000
1653958732025657667 1247.376424 0.801668 1 0 0.000000
1653958732912572971 886.886963 1.127503 1 0 0.000000
1653958733897175086 984.576035 1.015639 1 0 0.000000
1653958734896837080 999.634687 1.000338 1 0 0.000000
1653958736163033414 0.000000 0.000000 0 0 0.000000
1653958736731794809 1834.931141 1.758207 1 0 0.000000
1653958737598416473 866.593278 1.153906 1 0 0.000000
1653958738845932279 1247.488051 0.801593 1 0 0.000000
1653958740159391488 1313.434877 0.761348 1 0 0.000000
1653958740764639776 605.220684 1.652215 1 0 0.000000
1653958741835222500 1070.557962 0.934071 1 0 0.000000
1653958742716796674 881.549853 1.134335 1 0 0.000000
1653958744099137851 1382.314264 0.723410 1 0 0.000000
1653958745118839119 1019.670943 0.980679 1 0 0.000000
1653958745752781658 633.911993 1.577430 1 0 0.000000
1653958746803100601 1050.294335 0.952092 1 0 0.000000
1653958747947121513 1143.977697 0.874110 1 0 0.000000
1653958749123795658 1176.646360 0.849853 1 0 0.000000
1653958750171940201 0.000000 0.000000 0 0 0.000000
1653958750413393810 1289.569997 4.141584 1 0 0.000000
1653958752050869472 818.708650 1.221392 2 0 0.000000
