1653958548148682840 0.000000 0.000000 0 0 0.000000
1653958548990577042 1842.117916 1.187798 1 0 0.000000
1653958550150006706 0.000000 0.000000 0 0 0.000000
1653958550795754278 1805.142881 1.548593 1 0 0.000000
1653958551475272003 679.489604 1.471632 1 0 0.000000
1653958552955549374 1480.242680 0.675549 1 0 0.000000
1653958554153484968 0.000000 0.000000 0 0 0.000000
1653958554974977125 1009.664575 2.434594 2 0 0.000000
1653958556154557348 0.000000 0.000000 0 0 0.000000
1653958556966458421 995.712562 2.463355 2 0 0.000000
1653958558081388279 1114.902158 0.896917 1 0 0.000000
1653958559114719949 1033.303259 0.967744 1 0 0.000000
1653958559872685346 757.933665 1.319321 1 0 0.000000
1653958561158323475 0.000000 0.000000 0 0 0.000000
1653958562102214560 1114.735308 2.118889 2 0 0.000000
1653958563160199734 0.000000 0.000000 0 0 0.000000
1653958564161352461 0.000000 0.000000 0 0 0.000000
1653958565161994849 0.000000 0.000000 0 0 0.000000
1653958566100893601 1999.311711 2.130155 2 0 0.000000
1653958567162922680 0.000000 0.000000 0 0 0.000000
1653958567537740419 1436.818753 2.667964 1 0 0.000000
1653958568701401869 1163.632593 0.859356 1 0 0.000000
1653958569426497579 725.066436 1.379128 1 0 0.000000
1653958570742972065 1316.445514 0.759605 1 0 0.000000
1653958571729353831 986.343652 1.013806 1 0 0.000000
1653958572817323345 1087.940917 0.919143 1 0 0.000000
1653958574099415978 1282.063214 0.779975 1 0 0.000000
1653958575044419204 944.960856 1.058197 1 0 0.000000
1653958576170437518 0.000000 0.000000 0 0 0.000000
1653958576386574744 1342.126859 4.626692 1 0 0.000000
1653958577228462185 841.860950 1.187807 1 0 0.000000
1653958579173130236 0.000000 0.000000 0 0 0.000000
1653958580173257166 0.000000 0.000000 0 0 0.000000
1653958581174189640 0.000000 0.000000 0 0 0.000000
1653958581429826126 4201.335870 3.911806 1 0 0.000000
1653958582240105884 810.249408 1.234142 1 0 0.000000
1653958584123642501 1883.508080 0.530916 1 0 0.000000
1653958585089511141 965.837979 1.035337 1 0 0.000000
1653958586177808767 0.000000 0.000000 0 0 0.000000
1653958586501321203 1411.782492 3.091072 1 0 0.000000
1653958587637041878 1135.692965 0.880498 1 0 0.000000
1653958588367729691 730.658836 1.368574 1 0 0.000000
1653958589802430494 1434.674878 0.697009 1 0 0.000000
1653958590484075745 681.612389 1.467039 1 0 0.000000
1653958591685589235 1201.483856 0.832284 1 0 0.000000
1653958592968553324 1282.934956 0.779445 1 0 0.000000
1653958593755546980 786.963751 1.270658 1 0 0.000000
1653958595151293598 1395.717896 0.716462 1 0 0.000000
1653958596064081959 912.760486 1.095544 1 0 0.000000
1653958597184925653 0.000000 0.000000 0 0 0.000000
1653958598071210134 1003.536935 2.256612 2 0 0.000000
1653958598687492639 616.252736 1.622632 1 0 0.000000
1653958600086660606 1399.138959 0.714710 1 0 0.000000
1653958600868753906 782.064378 1.278620 1 0 0.000000
1653958602188827815 0.000000 0.000000 0 0 0.000000
1653958602257315444 1388.533312 14.601193 1 0 0.000000
1653958603220176015 962.832290 1.038572 1 0 0.000000
1653958605190693750 0.000000 0.000000 0 0 0.000000
1653958605712108221 2491.904342 1.917860 1 0 0.000000
1653958607190880685 739.358792 1.352473 2 0 0.000000
1653958608193200372 0.000000 0.000000 0 0 0.000000
1653958608843671237 1652.763910 1.537348 1 0 0.000000
1653958609705682361 861.981025 1.160078 1 0 0.000000
1653958610803337279 1097.628511 0.911033 1 0 0.000000
1653958612018581366 1215.215150 0.822880 1 0 0.000000
1653958612648024714 629.414918 1.588705 1 0 0.000000
1653958614074187286 1426.134666 0.701182 1 0 0.000000
1653958614969244395 895.027991 1.117247 1 0 0.000000
1653958616197616523 0.000000 0.000000 0 0 0.000000
1653958616440651941 1471.378543 4.114628 1 0 0.000000
1653958617952114985 755.701796 1.323221 2 0 0.000000
1653958619174083383 1221.940122 0.818352 1 0 0.000000
1653958620200226577 0.000000 0.000000 0 0 0.000000
1653958620282806009 1108.696421 12.109564 1 0 0.000000
1653958621396360909 1113.530323 0.898025 1 0 0.000000
1653958623113933428 858.759402 1.164434 2 0 0.000000
1653958624202279227 0.000000 0.000000 0 0 0.000000
1653958624925835023 1811.874036 1.382064 1 0 0.000000
1653958625655713252 729.849327 1.370092 1 0 0.000000
1653958626953747448 1298.009663 0.770396 1 0 0.000000
1653958627877668779 923.892770 1.082343 1 0 0.000000
1653958628884200634 1006.505268 0.993511 1 0 0.000000
1653958630206139377 0.000000 0.000000 0 0 0.000000
1653958630283784770 1399.557776 12.879071 1 0 0.000000
1653958631213888032 930.069728 1.075149 1 0 0.000000
1653958632465002944 1251.080867 0.799287 1 0 0.000000
1653958634082861942 808.906502 1.236202 2 0 0.000000
1653958635209354129 0.000000 0.000000 0 0 0.000000
1653958635629921457 1547.032713 2.377741 1 0 0.000000
1653958636472133967 842.182956 1.187349 1 0 0.000000
1653958637806967944 1334.806884 0.749157 1 0 0.000000
1653958638753348817 946.354682 1.056657 1 0 0.000000
1653958639425926742 672.549108 1.486817 1 0 0.000000
1653958641044594311 1618.640365 0.617792 1 0 0.000000
1653958642072883284 1028.259534 0.972489 1 0 0.000000
1653958643039578916 966.668439 1.034452 1 0 0.000000
1653958644216315711 0.000000 0.000000 0 0 0.000000
1653958644955757027 958.062541 2.704745 2 0 0.000000
1653958646217233559 0.000000 0.000000 0 0 0.000000
1653958646539607285 1583.822668 3.101990 1 0 0.000000
1653958647220743726 681.085077 1.468135 1 0 0.000000
1653958649218990435 0.000000 0.000000 0 0 0.000000
1653958650219765236 0.000000 0.000000 0 0 0.000000
1653958651015971326 1897.586955 2.511913 2 0 0.000000
1653958652220151396 0.000000 0.000000 0 0 0.000000
1653958652414818758 1398.802011 5.136970 1 0 0.000000
1653958654065083419 825.102251 1.211927 2 0 0.000000
1653958655222659756 0.000000 0.000000 0 0 0.000000
1653958655391272015 1326.159700 5.930769 1 0 0.000000
1653958656287133984 895.836820 1.116243 1 0 0.000000
1653958657479123606 1191.963627 0.838933 1 0 0.000000
1653958658514417874 1035.260660 0.965909 1 0 0.000000
1653958659275448321 760.998914 1.314008 1 0 0.000000
1653958660904649410 1629.174402 0.613798 1 0 0.000000
1653958661907347318 1002.670790 0.997309 1 0 0.000000
1653958662834255314 926.883283 1.078856 1 0 0.000000
1653958663613909969 779.619153 1.282619 1 0 0.000000
1653958664376740969 762.800328 1.310906 1 0 0.000000
1653958665926588729 1549.820130 0.645225 1 0 0.000000
1653958666800060344 873.442663 1.144857 1 0 0.000000
1653958668120954620 1320.870194 0.757063 1 0 0.000000
1653958669168962980 1047.981408 0.954191 1 0 0.000000
1653958669958007072 789.014663 1.267356 1 0 0.000000
1653958671233184315 0.000000 0.000000 0 0 0.000000
1653958671465792554 1507.752314 4.299076 1 0 0.000000
1653958672276915143 811.092400 1.232859 1 0 0.000000
1653958673504429153 1227.488124 0.814655 1 0 0.000000
1653958674554679564 1050.222902 0.952154 1 0 0.000000
1653958675250282415 695.573037 1.437602 1 0 0.000000
1653958676837799643 1587.490561 0.629914 1 0 0.000000
1653958677642223418 804.395293 1.243126 1 0 0.000000
1653958678646951313 1004.701228 0.995294 1 0 0.000000
1653958679651260447 1004.284878 0.995709 1 0 0.000000
1653958680434690793 783.404681 1.276438 1 0 0.000000
1653958681909247027 1474.530900 0.678170 1 0 0.000000
1653958682711857732 802.584254 1.245934 1 0 0.000000
1653958683976005573 1264.120097 0.791047 1 0 0.000000
1653958685016850161 1040.820181 0.960758 1 0 0.000000
1653958685822679652 805.798584 1.240957 1 0 0.000000
1653958687243775604 0.000000 0.000000 0 0 0.000000
1653958688157693582 1167.479103 2.188380 2 0 0.000000
1653958689244536280 0.000000 0.000000 0 0 0.000000
1653958689381325824 1223.603932 7.310504 1 0 0.000000
1653958691070057422 844.341016 1.184321 2 0 0.000000
1653958692247175597 0.000000 0.000000 0 0 0.000000
1653958692520555692 1450.471879 3.657912 1 0 0.000000
1653958693432278251 911.695681 1.096825 1 0 0.000000
1653958694566565935 1134.261498 0.881611 1 0 0.000000
1653958695815664549 1249.070764 0.800577 1 0 0.000000
1653958696561033367 745.342558 1.341618 1 0 0.000000
1653958697989160231 1428.089036 0.700218 1 0 0.000000
1653958698595334172 606.145540 1.649692 1 0 0.000000
1653958699841524321 1246.164121 0.802446 1 0 0.000000
1653958700832735623 991.192666 1.008867 1 0 0.000000
1653958701652427965 819.664638 1.219970 1 0 0.000000
1653958703251695278 1599.233704 0.625286 1 0 0.000000
1653958703840792770 589.069416 1.697512 1 0 0.000000
1653958705255551848 0.000000 0.000000 0 0 0.000000
1653958705478173194 1637.352664 4.491934 1 0 0.000000
1653958706482261745 1004.060515 0.995928 1 0 0.000000
1653958707347933057 865.643333 1.155173 1 0 0.000000
1653958709256498220 954.255760 1.047908 2 0 0.000000
1653958710258276223 0.000000 0.000000 0 0 0.000000
1653958710605751196 1349.223987 2.877906 1 0 0.000000
1653958712228026320 811.108835 1.232837 2 0 0.000000
1653958713260819602 0.000000 0.000000 0 0 0.000000
1653958713508499197 1280.444681 4.037476 1 0 0.000000
1653958715232045627 861.747475 1.160398 2 0 0.000000
1653958716087206644 855.129508 1.169370 1 0 0.000000
1653958716772828075 685.595941 1.458531 1 0 0.000000
1653958718263890761 0.000000 0.000000 0 0 0.000000
1653958719088474652 1157.796872 2.425466 2 0 0.000000
1653958720265578394 0.000000 0.000000 0 0 0.000000
1653958720345416407 1256.917209 12.525373 1 0 0.000000
1653958721395963596 1050.519906 0.951885 1 0 0.000000
1653958722286824166 890.833125 1.122510 1 0 0.000000
1653958723684418939 1397.570107 0.715515 1 0 0.000000
1653958724722838090 1038.391507 0.963002 1 0 0.000000
1653958725909777467 1186.912228 0.842503 1 0 0.000000
1653958726894393253 984.591154 1.015625 1 0 0.000000
1653958727758914249 864.492164 1.156710 1 0 0.000000
1653958729201129318 1442.189389 0.693378 1 0 0.000000
1653958729920252827 719.099458 1.390582 1 0 0.000000
1653958731262564415 1342.288980 0.744984 1 0 0.000000
1653958732147861345 885.270433 1.129565 1 0 0.000000
1653958732980221387 832.333134 1.201403 1 0 0.000000
1653958734275999128 0.000000 0.000000 0 0 0.000000
1653958734513731842 1533.483397 4.206406 1 0 0.000000
1653958735438621118 924.863902 1.081210 1 0 0.000000
1653958737277035324 1838.384333 0.543947 1 0 0.000000
1653958738278519601 0.000000 0.000000 0 0 0.000000
1653958739002197750 862.552794 2.763660 2 0 0.000000
1653958740278775164 0.000000 0.000000 0 0 0.000000
1653958740426208765 1423.983360 6.782718 1 0 0.000000
1653958741307118982 880.882322 1.135189 1 0 0.000000
1653958742757366824 1450.222142 0.689537 1 0 0.000000
1653958743848550201 1091.155367 0.916436 1 0 0.000000
1653958744552204597 703.624445 1.421152 1 0 0.000000
1653958746190818466 1638.591260 0.610272 1 0 0.000000
1653958746965998872 775.153790 1.290022 1 0 0.000000
1653958748154559808 1188.533291 0.841354 1 0 0.000000
1653958749283245228 0.000000 0.000000 0 0 0.000000
1653958749942936600 894.160205 3.031721 2 0 0.000000
1653958751284199174 0.000000 0.000000 0 0 0.000000
1653958751532533508 1589.566562 4.026831 1 0 0.000000
1653958752288434742 755.873860 1.322924 1 0 0.000000
1653958754165247838 938.379325 1.065636 2 0 0.000000
