1653958540591478198 0.000000 0.000000 0 0 0.000000
1653958541323826376 1732.448361 1.365471 1 0 0.000000
1653958542396801546 1072.941262 0.931988 1 0 0.000000
1653958543539978261 1143.145141 0.874755 1 0 0.000000
1653958544594070454 0.000000 0.000000 0 0 0.000000
1653958544697601165 1157.587578 9.658979 1 0 0.000000
1653958545608143857 910.514616 1.098246 1 0 0.000000
1653958546795603937 1187.433874 0.842134 1 0 0.000000
1653958547760483384 964.852009 1.036399 1 0 0.000000
1653958548737898578 977.388581 1.023107 1 0 0.000000
1653958550505486642 883.758574 1.131485 2 0 0.000000
1653958551598939449 0.000000 0.000000 0 0 0.000000
1653958551745159772 1239.646387 6.838998 1 0 0.000000
1653958553030581113 1285.388494 0.777955 1 0 0.000000
1653958554050396292 1019.785941 0.980570 1 0 0.000000
1653958555263829117 1213.404499 0.824108 1 0 0.000000
1653958555866595296 602.737983 1.659018 1 0 0.000000
1653958557222714323 1356.089438 0.737398 1 0 0.000000
1653958558299334748 1076.585899 0.928832 1 0 0.000000
1653958559262242706 962.880599 1.038521 1 0 0.000000
1653958560345033242 1082.758436 0.923540 1 0 0.000000
1653958561298155582 953.090661 1.049183 1 0 0.000000
1653958562607685412 0.000000 0.000000 0 0 0.000000
1653958562886325599 1588.143024 3.588859 1 0 0.000000
1653958564131057173 1244.703349 0.803386 1 0 0.000000
1653958565129959545 998.872737 1.001099 1 0 0.000000
1653958566309084757 1179.098465 0.848086 1 0 0.000000
1653958567235935874 926.825056 1.078922 1 0 0.000000
1653958568523577145 1287.613852 0.776614 1 0 0.000000
1653958569611825401 0.000000 0.000000 0 0 0.000000
1653958570565389093 1020.878309 2.097395 2 0 0.000000
1653958571613162684 0.000000 0.000000 0 0 0.000000
1653958572381291753 907.923779 2.603729 2 0 0.000000
1653958573615265964 0.000000 0.000000 0 0 0.000000
1653958573848351230 1467.030765 4.290277 1 0 0.000000
1653958575131324140 1282.945437 0.779440 1 0 0.000000
1653958576616442294 0.000000 0.000000 0 0 0.000000
1653958577491805863 1315.734001 1.142383 1 0 0.000000
1653958578406769750 914.935777 1.092939 1 0 0.000000
1653958579528716784 1121.917776 0.891308 1 0 0.000000
1653958580619772774 0.000000 0.000000 0 0 0.000000
1653958580729601557 1200.857300 9.105087 1 0 0.000000
1653958581660996780 931.370040 1.073658 1 0 0.000000
1653958582830258736 1169.236457 0.855240 1 0 0.000000
1653958583681500794 851.214755 1.174754 1 0 0.000000
1653958585027661011 1346.131576 0.742854 1 0 0.000000
1653958586138130838 1110.441811 0.900520 1 0 0.000000
1653958587098025405 959.866101 1.041781 1 0 0.000000
1653958588390317958 1292.236934 0.773819 1 0 0.000000
1653958589316828058 926.481313 1.079319 1 0 0.000000
1653958590625257299 0.000000 0.000000 0 0 0.000000
1653958590699735890 1382.867903 13.426680 1 0 0.000000
1653958591969670191 1269.906176 0.787442 1 0 0.000000
1653958593104558289 1134.859802 0.881144 1 0 0.000000
1653958594255270147 1150.684184 0.869027 1 0 0.000000
1653958595191306666 936.008718 1.068334 1 0 0.000000
1653958596559459326 1368.125865 0.730913 1 0 0.000000
1653958597629901887 0.000000 0.000000 0 0 0.000000
1653958597734074341 1174.586774 9.599474 1 0 0.000000
1653958598640743437 906.639503 1.102938 1 0 0.000000
1653958600615070778 987.135407 1.013003 2 0 0.000000
1653958601633847004 0.000000 0.000000 0 0 0.000000
1653958601898149414 1283.050861 3.783546 1 0 0.000000
1653958602925691916 1027.503456 0.973196 1 0 0.000000
1653958603860401975 934.684134 1.069850 1 0 0.000000
1653958604922548549 1062.116499 0.941490 1 0 0.000000
1653958605860611507 938.036621 1.066027 1 0 0.000000
1653958606961268892 1100.629190 0.908548 1 0 0.000000
1653958608426343978 1465.046845 0.682559 1 0 0.000000
1653958609424201112 997.829549 1.002147 1 0 0.000000
1653958610639208151 0.000000 0.000000 0 0 0.000000
1653958611570660488 1073.202357 2.147185 2 0 0.000000
1653958612641372761 0.000000 0.000000 0 0 0.000000
1653958612756302673 1185.614355 8.700961 1 0 0.000000
1653958613754132163 997.802096 1.002175 1 0 0.000000
1653958614758171733 1004.006999 0.995977 1 0 0.000000
1653958615915616238 1157.418073 0.863972 1 0 0.000000
1653958616765276829 849.628051 1.176941 1 0 0.000000
1653958618154244068 1388.940657 0.719959 1 0 0.000000
1653958619194930225 1040.657967 0.960904 1 0 0.000000
1653958620448769498 1253.805991 0.797550 1 0 0.000000
1653958621630576246 1181.772884 0.846162 1 0 0.000000
1653958622513330679 882.726448 1.132818 1 0 0.000000
1653958623648183049 0.000000 0.000000 0 0 0.000000
1653958624126404243 1613.045799 2.091083 1 0 0.000000
1653958625179886676 1053.453571 0.949233 1 0 0.000000
1653958626143982851 964.067483 1.037241 1 0 0.000000
1653958627191339945 1047.328203 0.954784 1 0 0.000000
1653958628161573241 970.210174 1.030680 1 0 0.000000
1653958629441866531 1280.267457 0.781071 1 0 0.000000
1653958630652474674 0.000000 0.000000 0 0 0.000000
1653958630713756328 1271.862920 16.318111 1 0 0.000000
1653958631758413826 1044.629689 0.957252 1 0 0.000000
1653958633626646269 934.090755 1.070531 2 0 0.000000
1653958634654418234 0.000000 0.000000 0 0 0.000000
1653958634978161212 1351.484222 3.088871 1 0 0.000000
1653958636125486070 1147.296637 0.871593 1 0 0.000000
1653958637203300129 1077.786776 0.927804 1 0 0.000000
1653958638188658360 985.324968 1.014859 1 0 0.000000
1653958639042448170 853.762196 1.171248 1 0 0.000000
1653958640562498702 1520.016969 0.657873 1 0 0.000000
1653958641631348515 1068.821081 0.935585 1 0 0.000000
1653958642658997040 0.000000 0.000000 0 0 0.000000
1653958642867308220 1235.930387 4.800512 1 0 0.000000
1653958644073052670 1205.718449 0.829363 1 0 0.000000
1653958644956437577 883.356020 1.132009 1 0 0.000000
1653958646456484182 1499.999606 0.666646 1 0 0.000000
1653958647633494334 1176.981155 0.849610 1 0 0.000000
1653958648663327186 0.000000 0.000000 0 0 0.000000
1653958648815117166 1181.594842 6.588053 1 0 0.000000
1653958649808730786 993.586792 1.006427 1 0 0.000000
1653958650797367182 988.607539 1.011494 1 0 0.000000
1653958652393314987 1595.920813 0.626587 1 0 0.000000
1653958653666032475 0.000000 0.000000 0 0 0.000000
1653958653796060109 1402.717572 7.690677 1 0 0.000000
1653958654710777436 914.688790 1.093234 1 0 0.000000
1653958656560562444 924.866464 1.081207 2 0 0.000000
1653958657668515902 0.000000 0.000000 0 0 0.000000
1653958657880154956 1319.565299 4.725028 1 0 0.000000
1653958658980275196 1100.094821 0.908992 1 0 0.000000
1653958659776075477 795.773639 1.256597 1 0 0.000000
1653958661573239687 898.554881 1.112864 2 0 0.000000
1653958662670867100 0.000000 0.000000 0 0 0.000000
1653958662808237678 1234.969513 7.279584 1 0 0.000000
1653958664125103528 1316.840477 0.759379 1 0 0.000000
1653958665221629747 1096.500439 0.911971 1 0 0.000000
1653958666421140940 1199.483919 0.833673 1 0 0.000000
1653958667318894065 897.727320 1.113892 1 0 0.000000
1653958668580408967 1261.486477 0.792698 1 0 0.000000
1653958669672896332 1092.460221 0.915342 1 0 0.000000
1653958670655944258 983.017771 1.017244 1 0 0.000000
1653958671677638358 0.000000 0.000000 0 0 0.000000
1653958672669671669 1006.835464 2.016061 2 0 0.000000
1653958673678989742 0.000000 0.000000 0 0 0.000000
1653958674241435959 1571.735788 1.777948 1 0 0.000000
1653958675577092181 1335.636024 0.748696 1 0 0.000000
1653958676534279353 957.157908 1.044728 1 0 0.000000
1653958677680714006 0.000000 0.000000 0 0 0.000000
1653958677826907815 1292.594668 6.840238 1 0 0.000000
1653958678778725760 951.789383 1.050621 1 0 0.000000
1653958680404743385 1625.991509 0.614999 1 0 0.000000
1653958681476818256 1072.049998 0.932771 1 0 0.000000
1653958682502161732 1025.317015 0.975283 1 0 0.000000
1653958683668544530 1166.350973 0.857351 1 0 0.000000
1653958684535281517 866.707308 1.153753 1 0 0.000000
1653958685685749787 0.000000 0.000000 0 0 0.000000
1653958685945712073 1410.401453 3.846713 1 0 0.000000
1653958686953373167 1007.626965 0.992397 1 0 0.000000
1653958687895038854 941.641190 1.061948 1 0 0.000000
1653958689020734294 1125.670396 0.888340 1 0 0.000000
1653958689799893446 779.130009 1.283435 1 0 0.000000
1653958691321087112 1521.164553 0.657378 1 0 0.000000
1653958692507743528 1186.629279 0.842704 1 0 0.000000
1653958693598282938 1090.513775 0.916977 1 0 0.000000
1653958694690520822 0.000000 0.000000 0 0 0.000000
1653958694871320641 1273.010861 5.530981 1 0 0.000000
1653958695737760334 866.395907 1.154148 1 0 0.000000
1653958697241699387 1503.914109 0.664921 1 0 0.000000
1653958698165373660 923.647747 1.082633 1 0 0.000000
1653958699156113523 990.714223 1.009347 1 0 0.000000
1653958700418336919 1262.198368 0.792253 1 0 0.000000
1653958701335567291 917.205088 1.090239 1 0 0.000000
1653958702695967277 0.000000 0.000000 0 0 0.000000
1653958703673649091 1169.014937 2.045655 2 0 0.000000
1653958704552451242 878.764924 1.137913 1 0 0.000000
1653958705484093893 931.613723 1.073373 1 0 0.000000
1653958706414579159 930.457362 1.074708 1 0 0.000000
1653958707698625851 0.000000 0.000000 0 0 0.000000
1653958707898093734 1483.488283 5.013340 1 0 0.000000
1653958708954147109 1056.026006 0.946922 1 0 0.000000
1653958709836776716 882.601521 1.132978 1 0 0.000000
1653958710869930215 1033.125398 0.967910 1 0 0.000000
1653958711933226332 1063.267515 0.940472 1 0 0.000000
1653958713192580839 1259.324593 0.794058 1 0 0.000000
1653958714448030201 1255.421943 0.796528 1 0 0.000000
1653958715209886018 761.829686 1.312584 1 0 0.000000
1653958716340029754 1130.116173 0.884843 1 0 0.000000
1653958717230501785 890.445014 1.123000 1 0 0.000000
1653958718548664874 1318.134979 0.758631 1 0 0.000000
1653958719705000026 0.000000 0.000000 0 0 0.000000
1653958720608656610 1029.971118 2.213230 2 0 0.000000
1653958721706405004 0.000000 0.000000 0 0 0.000000
1653958721827440750 1218.759216 8.262030 1 0 0.000000
1653958722838789432 1011.321889 0.988779 1 0 0.000000
1653958724197061085 1358.246476 0.736230 1 0 0.000000
1653958725532902090 1335.814824 0.748592 1 0 0.000000
1653958726592760796 1059.833252 0.943522 1 0 0.000000
1653958727711523210 0.000000 0.000000 0 0 0.000000
1653958728700160893 1053.673243 2.022986 2 0 0.000000
1653958729712968005 0.000000 0.000000 0 0 0.000000
1653958730109331181 1409.142688 2.522939 1 0 0.000000
1653958731644597061 1535.239744 0.651353 1 0 0.000000
1653958732702854369 1058.230811 0.944950 1 0 0.000000
1653958733715972110 0.000000 0.000000 0 0 0.000000
1653958734646984388 972.037393 2.148200 2 0 0.000000
1653958735717039592 0.000000 0.000000 0 0 0.000000
1653958736035091191 1388.082026 3.144145 1 0 0.000000
1653958737441760520 1406.642913 0.710899 1 0 0.000000
1653958738521652645 1079.862015 0.926018 1 0 0.000000
1653958739523767810 1002.088077 0.997889 1 0 0.000000
1653958740347730939 823.937751 1.213647 1 0 0.000000
1653958741665593767 1317.833845 0.758804 1 0 0.000000
1653958742721215231 0.000000 0.000000 0 0 0.000000
1653958742958843278 1293.221451 4.208259 1 0 0.000000
1653958744076242213 1117.373962 0.894936 1 0 0.000000
1653958745151457730 1075.187277 0.930046 1 0 0.000000
1653958745939980862 788.496735 1.268194 1 0 0.000000
1653958747265502065 1325.494170 0.754420 1 0 0.000000
1653958748725976887 0.000000 0.000000 0 0 0.000000
1653958748777898552 1512.368632 19.259809 1 0 0.000000
1653958749775517250 997.592807 1.002387 1 0 0.000000
1653958751701216626 962.824850 1.038584 2 0 0.000000
1653958752728054603 0.000000 0.000000 0 0 0.000000
1653958752880058018 1178.813011 6.578803 1 0 0.000000
