1653789160262581264 2612.287858 0.000000
1653789160883529156 620.926121 0.000000
1653789162816279373 1932.735469 0.000000
1653789165431412072 2615.115688 0.000000
1653789166870536939 1439.107354 0.000000
1653789169099009754 2228.461174 0.000000
1653789169606703825 507.676729 0.000000
1653789171606502593 1999.785763 0.000000
1653789173023682987 1417.165015 0.000000
1653789174032057345 1008.355833 0.000000
1653789175664966218 1632.891180 0.000000
1653789176082363823 417.382015 0.000000
1653789177796475254 1714.103376 0.000000
1653789179400859884 1604.372367 0.000000
1653789181190440029 1789.563503 0.000000
1653789183023721217 1833.263144 0.000000
1653789183430202510 406.463199 0.000000
1653789184937928072 1507.713990 0.000000
1653789186752873752 1814.927396 0.000000
1653789187778306322 1025.421750 0.000000
1653789189475137198 1696.818523 0.000000
1653789189880785108 405.626570 0.000000
1653789191984440913 2103.642250 0.000000
1653789194095932207 2111.474944 0.000000
1653789195103234425 1007.287991 0.000000
1653789197423084254 2319.837807 0.000000
1653789197829270365 406.172084 0.000000
1653789199938347990 2109.064611 0.000000
1653789201361038874 1422.662351 0.000000
1653789202565086137 1204.028858 0.000000
1653789204381222808 1816.120691 0.000000
1653789204786492538 405.251937 0.000000
1653789206291808391 1505.310292 0.000000
1653789207909545151 1617.721902 0.000000
1653789209328057984 1418.493717 0.000000
1653789211932995662 2604.926197 0.000000
1653789212347319680 414.307176 0.000000
1653789214898145794 2550.813261 0.000000
1653789216330155465 1431.991356 0.000000
1653789217938747090 1608.577859 0.000000
1653789219965495178 2026.731226 0.000000
1653789220371007064 405.493922 0.000000
1653789222784801757 2413.782460 0.000000
1653789224192057372 1407.242189 0.000000
1653789225697053498 1504.977762 0.000000
1653789227711193590 2014.122339 0.000000
1653789228119721919 408.512719 0.000000
1653789229727491825 1607.760909 0.000000
1653789231135615109 1408.105410 0.000000
1653789232564615183 1428.982681 0.000000
1653789234390565712 1825.933497 0.000000
1653789234796046230 405.453287 0.000000
1653789236204950491 1408.890906 0.000000
1653789237826062714 1621.097465 0.000000
1653789238833887860 1007.810008 0.000000
1653789241003752580 2169.851646 0.000000
1653789241409263386 405.493844 0.000000
1653789243325621544 1916.350313 0.000000
1653789244757475035 1431.841088 0.000000
1653789245764206058 1006.714161 0.000000
1653789247875321061 2111.102750 0.000000
1653789248280357586 405.018321 0.000000
1653789249688630734 1408.261077 0.000000
1653789251097082529 1408.434021 0.000000
1653789254508023754 3410.923323 0.000000
1653789256715754900 2207.717089 0.000000
1653789259846538004 3130.769439 0.000000
1653789261351052994 1504.498188 0.000000
1653789262974960559 1623.895352 0.000000
1653789264782653103 1807.678688 0.000000
1653789265187758829 405.093313 0.000000
1653789267090387390 1902.616579 0.000000
1653789268512869163 1422.462167 0.000000
1653789270418876669 1905.994611 0.000000
1653789271937202495 1518.311669 0.000000
1653789272354939281 417.722399 0.000000
1653789275487025388 3132.072371 0.000000
1653789275892018933 404.976032 0.000000
1653789278007946798 2115.920902 0.000000
1653789279814869020 1806.905630 0.000000
1653789280821212429 1006.327860 0.000000
1653789282734435381 1913.213705 0.000000
1653789283147315772 412.865994 0.000000
1653789284553992971 1406.664405 0.000000
1653789286152906795 1598.901370 0.000000
1653789287455091759 1302.166520 0.000000
1653789288880106982 1424.999133 0.000000
1653789289298260311 418.136588 0.000000
1653789291296216451 1997.944989 0.000000
1653789293631865446 2335.634208 0.000000
1653789294837857564 1205.975527 0.000000
1653789296246475648 1408.598368 0.000000
1653789296651367745 404.877158 0.000000
1653789298861862580 2210.482652 0.000000
1653789301361636401 2499.763933 0.000000
1653789302566923808 1205.268672 0.000000
1653789303984894199 1417.952758 0.000000
1653789304389459443 404.549915 0.000000
1653789306312414849 1922.946721 0.000000
1653789308442436578 2130.008574 0.000000
1653789309463523526 1021.070978 0.000000
1653789310870591894 1407.055324 0.000000
1653789311448708929 578.102076 0.000000
1653789313164463884 1715.749024 0.000000
1653789315151717729 1987.246271 0.000000
1653789316158735439 1007.004435 0.000000
1653789317979437515 1820.693300 0.000000
1653789318399725102 420.269052 0.000000
1653789320710393532 2310.660645 0.000000
1653789322922438003 2212.030675 0.000000
1653789324161452453 1239.003129 0.000000
1653789325957019599 1795.550645 0.000000
1653789326361934189 404.897017 0.000000
1653789328179579690 1817.638869 0.000000
1653789330198341053 2018.748289 0.000000
1653789331205666782 1007.313666 0.000000
1653789332908853368 1703.166929 0.000000
1653789333332214536 423.345528 0.000000
1653789335972166361 2639.945323 0.000000
1653789338185789178 2213.604382 0.000000
1653789339210804344 1024.997443 0.000000
1653789341034567470 1823.748238 0.000000
1653789341439127606 404.546169 0.000000
1653789343656181986 2217.047908 0.000000
1653789346060258313 2404.059605 0.000000
1653789347067003404 1006.735122 0.000000
1653789348591921429 1524.898438 0.000000
1653789349008534560 416.597091 0.000000
1653789351097520469 2088.973427 0.000000
1653789353453826246 2356.293884 0.000000
1653789354471358868 1017.521481 0.000000
1653789356482779928 2011.406042 0.000000
1653789356887999743 405.201601 0.000000
1653789358709708387 1821.703144 0.000000
1653789360518564435 1808.847373 0.000000
1653789361824826825 1306.252050 0.000000
1653789363544311481 1719.467664 0.000000
1653789363959276289 414.950641 0.000000
1653789365458672137 1499.385609 0.000000
1653789367574034032 2115.342869 0.000000
1653789369296832589 1722.785463 0.000000
1653789371230776689 1933.925204 0.000000
1653789371635846252 405.056519 0.000000
1653789373314132865 1678.276986 0.000000
1653789375146524567 1832.379388 0.000000
1653789376652655269 1506.119331 0.000000
1653789378361669855 1708.996291 0.000000
1653789378780819328 419.128564 0.000000
1653789380299927692 1519.101711 0.000000
1653789382295727736 1995.782080 0.000000
