1653789161076123828 1613.175347 0.000000
1653789162902533186 1826.386185 0.000000
1653789165832861715 2930.314111 0.000000
1653789166443062510 610.179585 0.000000
1653789168896606864 2453.535247 0.000000
1653789171307426165 2410.804263 0.000000
1653789173150860986 1843.416807 0.000000
1653789174759051159 1608.172951 0.000000
1653789176166957064 1407.894243 0.000000
1653789178478848146 2311.877396 0.000000
1653789179006469383 527.606429 0.000000
1653789180992413109 1985.927545 0.000000
1653789182521569995 1529.140435 0.000000
1653789183730338683 1208.757568 0.000000
1653789185733868647 2003.517742 0.000000
1653789186141014601 407.129302 0.000000
1653789188469502932 2328.472512 0.000000
1653789190680504801 2210.990557 0.000000
1653789192601128481 1920.606027 0.000000
1653789194695048133 2093.897181 0.000000
1653789195101091011 406.026517 0.000000
1653789197824980668 2723.874709 0.000000
1653789199635808135 1810.818170 0.000000
1653789201743984798 2108.159811 0.000000
1653789203664917575 1920.917468 0.000000
1653789204070608769 405.673291 0.000000
1653789205782620240 1711.995671 0.000000
1653789207196951026 1414.313103 0.000000
1653789209325887907 2128.920602 0.000000
1653789211345713860 2019.815473 0.000000
1653789211750505525 404.784000 0.000000
1653789213289029270 1538.508907 0.000000
1653789215396341128 2107.296569 0.000000
1653789217535077813 2138.721787 0.000000
1653789219550468573 2015.375752 0.000000
1653789219956613590 406.125280 0.000000
1653789221364654055 1408.025508 0.000000
1653789223486364248 2121.684594 0.000000
1653789224892762350 1406.383143 0.000000
1653789226300846856 1408.073115 0.000000
1653789226801362288 500.496506 0.000000
1653789228721314519 1919.939236 0.000000
1653789231226604962 2505.275716 0.000000
1653789232966012883 1739.393906 0.000000
1653789234374419417 1408.397237 0.000000
1653789234964095927 589.661521 0.000000
1653789236600867717 1636.758686 0.000000
1653789238794510216 2193.622281 0.000000
1653789240202118713 1407.587668 0.000000
1653789242016381138 1814.246174 0.000000
1653789242614197830 597.800361 0.000000
1653789244550747850 1936.537386 0.000000
1653789246358975775 1808.218217 0.000000
1653789247583068565 1224.080016 0.000000
1653789250076973166 2493.890284 0.000000
1653789250482957668 405.965706 0.000000
1653789251987738882 1504.770554 0.000000
1653789253404885197 1417.127820 0.000000
1653789254812381436 1407.477193 0.000000
1653789257320916775 2508.524599 0.000000
1653789257836305423 515.372307 0.000000
1653789259453439243 1617.112981 0.000000
1653789260951087734 1497.634514 0.000000
1653789262761086146 1809.986650 0.000000
1653789264176603977 1415.498575 0.000000
1653789264582765589 406.147145 0.000000
1653789266286765294 1703.982673 0.000000
1653789267797224219 1510.446902 0.000000
1653789269616395460 1819.152726 0.000000
1653789271024247771 1407.836862 0.000000
1653789271625618772 601.357856 0.000000
1653789273257944091 1632.309449 0.000000
1653789274859572082 1601.616820 0.000000
1653789276192229231 1332.646309 0.000000
1653789277706036924 1513.791132 0.000000
1653789278324249815 618.194116 0.000000
1653789280133288302 1809.032696 0.000000
1653789281818118699 1684.816521 0.000000
1653789283251418530 1433.282638 0.000000
1653789285241779718 1990.347522 0.000000
1653789285651739106 409.949820 0.000000
1653789287455613925 1803.862485 0.000000
1653789288883689382 1428.062323 0.000000
1653789290290139552 1406.430844 0.000000
1653789292404578756 2114.430257 0.000000
1653789292812506373 407.916267 0.000000
1653789294646833836 1834.316071 0.000000
1653789296739634132 2092.781150 0.000000
1653789297959129512 1219.482356 0.000000
1653789300357907836 2398.763306 0.000000
1653789300762901496 404.982970 0.000000
1653789303698725669 2935.814184 0.000000
1653789304286777491 588.040152 0.000000
1653789312655099479 410.149599 0.000000
1653789314368217445 1713.099221 0.000000
1653789316072947123 1704.719238 0.000000
1653789317280155928 1207.190060 0.000000
1653789318996815607 1716.643999 0.000000
1653789319408820605 411.989559 0.000000
1653789321614828565 2205.997050 0.000000
1653789323239402805 1624.560594 0.000000
1653789324961010754 1721.586359 0.000000
1653789326958119348 1997.091111 0.000000
1653789327471049340 512.914563 0.000000
1653789329198947816 1727.878159 0.000000
1653789332451292524 3252.330741 0.000000
1653789334025754072 1574.444025 0.000000
1653789336271081230 2245.312471 0.000000
1653789337801558532 1530.460541 0.000000
1653789339600939776 1799.366727 0.000000
1653789340005253321 404.296954 0.000000
1653789341833771972 1828.509604 0.000000
1653789344860811185 3027.026920 0.000000
1653789347168275250 2307.450640 0.000000
1653789348989186214 1820.898400 0.000000
1653789350212969470 1223.773367 0.000000
1653789351636270053 1423.284292 0.000000
1653789352041665907 405.378743 0.000000
1653789354063533785 2021.854783 0.000000
1653789355687016151 1623.473139 0.000000
1653789357292570681 1605.550052 0.000000
1653789358816665496 1524.085709 0.000000
1653789359229075307 412.395103 0.000000
1653789361147752179 1918.667976 0.000000
1653789363631359251 2483.590702 0.000000
1653789365053670199 1422.301039 0.000000
1653789367171394338 2117.713910 0.000000
1653789367576215993 404.798943 0.000000
1653789369087702412 1511.470499 0.000000
1653789371102929101 2015.214656 0.000000
1653789372508858860 1405.919450 0.000000
1653789373963703058 1454.831293 0.000000
1653789374379387559 415.671055 0.000000
1653789375960375524 1580.975302 0.000000
1653789378256346549 2295.951349 0.000000
1653789379680663409 1424.303105 0.000000
1653789381492806299 1812.132811 0.000000
1653789381897487867 404.670017 0.000000
1653789384093980717 2196.482109 0.000000
1653789386534013678 2440.020177 0.000000
1653789387740737324 1206.707456 0.000000
