1653789149033093783 1446.678995 0.000000
1653789150671094119 1637.980670 0.000000
1653789152734704462 2063.592269 0.000000
1653789153359757607 625.040631 0.000000
1653789155190087658 1830.313470 0.000000
1653789156425203608 1235.105290 0.000000
1653789158051138799 1625.911577 0.000000
1653789160060077428 2008.920084 0.000000
1653789160467762412 407.669996 0.000000
1653789162005428483 1537.656373 0.000000
1653789163223554286 1218.116716 0.000000
1653789164432435493 1208.861490 0.000000
1653789166029161132 1596.708928 0.000000
1653789166550158201 520.978434 0.000000
1653789168287060962 1736.885319 0.000000
1653789170103248927 1816.173377 0.000000
1653789172121537070 2018.273005 0.000000
1653789173755861521 1634.303321 0.000000
1653789174459543506 703.669011 0.000000
1653789176172969455 1713.416982 0.000000
1653789178180896965 2007.913524 0.000000
1653789179388921142 1208.008337 0.000000
1653789181395553871 2006.613252 0.000000
1653789181801375394 405.808408 0.000000
1653789183426870410 1625.484897 0.000000
1653789185235055069 1808.167768 0.000000
1653789186443163975 1208.096382 0.000000
1653789188671951286 2228.773235 0.000000
1653789189177603670 505.638878 0.000000
1653789191583118796 2405.494438 0.000000
1653789192994963956 1411.827136 0.000000
1653789194202498212 1207.522574 0.000000
1653789195811018249 1608.507023 0.000000
1653789196227109265 416.075377 0.000000
1653789197849206136 1622.090860 0.000000
1653789199339122798 1489.901032 0.000000
1653789201542350204 2203.209121 0.000000
1653789202966262011 1423.892310 0.000000
1653789203569660297 603.382296 0.000000
1653789205689037845 2119.361127 0.000000
1653789206912026244 1222.973190 0.000000
1653789208927131810 2015.091991 0.000000
1653789211136088830 2208.944026 0.000000
1653789211651657531 515.552712 0.000000
1653789213496361748 1844.694388 0.000000
1653789214914437071 1418.059353 0.000000
1653789216325979382 1411.526401 0.000000
1653789217745369074 1419.372209 0.000000
1653789218151774375 406.388299 0.000000
1653789219559693990 1407.902623 0.000000
1653789221071304666 1511.603473 0.000000
1653789222291439526 1220.122186 0.000000
1653789224606985941 2315.537668 0.000000
1653789225113794637 506.791674 0.000000
1653789227102130515 1988.322253 0.000000
1653789229019385943 1917.240721 0.000000
1653789230425712066 1406.303580 0.000000
1653789232739262382 2313.531621 0.000000
1653789233258647543 519.366055 0.000000
1653789235064984084 1806.324067 0.000000
1653789236575617174 1510.616429 0.000000
1653789237807668028 1232.038832 0.000000
1653789239319994930 1512.308207 0.000000
1653789239803355547 483.344086 0.000000
1653789241409408370 1606.044668 0.000000
1653789242927892880 1518.468440 0.000000
1653789244139197651 1211.294752 0.000000
1653789245649272734 1510.057900 0.000000
1653789246155026658 505.735970 0.000000
1653789247664196179 1509.154403 0.000000
1653789249778870624 2114.663274 0.000000
1653789251792968008 2014.078418 0.000000
1653789253226913366 1433.927905 0.000000
1653789253631545345 404.603165 0.000000
1653789255310920229 1679.356509 0.000000
1653789258249945083 2939.010958 0.000000
1653789259643836520 1393.874385 0.000000
1653789261250540359 1606.693419 0.000000
1653789261655486156 404.928314 0.000000
1653789263380621346 1725.120733 0.000000
1653789264881127956 1500.494988 0.000000
1653789266287679376 1406.532825 0.000000
1653789268511823045 2224.126637 0.000000
1653789268917427741 405.594637 0.000000
1653789270429476163 1512.032282 0.000000
1653789271739168857 1309.673888 0.000000
1653789273262864479 1523.678710 0.000000
1653789275687047757 2424.165895 0.000000
1653789276191846455 504.780694 0.000000
1653789278422649716 2230.789625 0.000000
1653789280315270218 1892.601748 0.000000
1653789281623429752 1308.148112 0.000000
1653789283739143249 2115.698890 0.000000
1653789284144474732 405.314070 0.000000
1653789285752057872 1607.573212 0.000000
1653789286959348678 1207.275076 0.000000
1653789288289429943 1330.067870 0.000000
1653789289802559247 1513.112041 0.000000
1653789290207629057 405.051506 0.000000
1653789291898714614 1691.076309 0.000000
1653789293931770563 2033.044899 0.000000
1653789295639137024 1707.347856 0.000000
1653789297245991827 1606.837631 0.000000
1653789297757644781 511.640771 0.000000
1653789299463476789 1705.817451 0.000000
1653789301661572117 2198.085429 0.000000
1653789303195989642 1534.403419 0.000000
1653789304805105883 1609.106774 0.000000
1653789305210452874 405.335570 0.000000
1653789306913949596 1703.487855 0.000000
1653789314666642674 1626.388038 0.000000
1653789316777049754 2110.388986 0.000000
1653789317282248603 505.181197 0.000000
1653789319908959785 2626.698067 0.000000
1653789321420549226 1511.579964 0.000000
1653789322725228913 1304.664329 0.000000
1653789324347871265 1622.626692 0.000000
1653789324753494546 405.606279 0.000000
1653789326568503521 1814.999928 0.000000
1653789327775987349 1207.471756 0.000000
1653789329695067579 1919.059581 0.000000
1653789331704415593 2009.331002 0.000000
1653789332110311846 405.876547 0.000000
1653789333969863828 1859.535041 0.000000
1653789335286913204 1317.034528 0.000000
1653789337201716630 1914.784610 0.000000
1653789338815979991 1614.250427 0.000000
1653789339303775427 487.786489 0.000000
1653789341109871760 1806.081936 0.000000
1653789343528351335 2418.466701 0.000000
1653789344759756381 1231.390880 0.000000
1653789346969674831 2209.909543 0.000000
1653789347374675582 404.987947 0.000000
1653789349496027042 2121.335350 0.000000
1653789350735798816 1239.753259 0.000000
1653789352238571846 1502.767810 0.000000
1653789357186144101 4947.557497 0.000000
1653789358724411690 1538.255546 0.000000
1653789360748948829 2024.522983 0.000000
1653789361221977845 473.013838 0.000000
1653789363944149657 2722.159048 0.000000
1653789365350641867 1406.480928 0.000000
1653789366556788765 1206.128213 0.000000
1653789367962779763 1405.979376 0.000000
1653789368367809539 405.017763 0.000000
1653789370604376740 2236.549117 0.000000
1653789372335695759 1731.303740 0.000000
1653789373545312946 1209.604483 0.000000
1653789375160366954 1615.043628 0.000000
1653789375565053915 404.675349 0.000000
1653789378158288841 2593.218485 0.000000
1653789379876110264 1717.806996 0.000000
1653789381681498838 1805.374357 0.000000
1653789383487537953 1806.021543 0.000000
1653789383908947350 421.397204 0.000000
