1653789158650804412 0.000000 0.000000 0 0 0.000000
1653789159651125080 0.000000 0.000000 0 0 0.000000
1653789160262581264 2612.287858 1.635440 1 0 0.000000
1653789160883529156 620.926121 1.610441 1 0 0.000000
1653789162653606026 0.000000 0.000000 0 0 0.000000
1653789162816279373 1932.735469 6.147289 1 0 0.000000
1653789164653884673 0.000000 0.000000 0 0 0.000000
1653789165431412072 2615.115688 1.286128 1 0 0.000000
1653789166654351954 0.000000 0.000000 0 0 0.000000
1653789166870536939 1439.107354 4.625669 1 0 0.000000
1653789168654563466 0.000000 0.000000 0 0 0.000000
1653789169606703825 1368.068951 2.100531 2 0 0.000000
1653789170656036907 0.000000 0.000000 0 0 0.000000
1653789171606502593 1999.785763 1.052116 1 0 0.000000
1653789172657021090 0.000000 0.000000 0 0 0.000000
1653789173023682987 1417.165015 2.727308 1 0 0.000000
1653789174032057345 1008.355833 0.991695 1 0 0.000000
1653789175658759598 0.000000 0.000000 0 0 0.000000
1653789176082363823 1025.136598 4.721389 2 0 0.000000
1653789177660132482 0.000000 0.000000 0 0 0.000000
1653789177796475254 1714.103376 7.334457 1 0 0.000000
1653789179400859884 1604.372367 0.623292 1 0 0.000000
1653789180661283008 0.000000 0.000000 0 0 0.000000
1653789181190440029 1789.563503 1.889798 1 0 0.000000
1653789182662575793 0.000000 0.000000 0 0 0.000000
1653789183430202510 1119.863171 2.605433 2 0 0.000000
1653789184663631925 0.000000 0.000000 0 0 0.000000
1653789184937928072 1507.713990 3.645695 1 0 0.000000
1653789186664410456 0.000000 0.000000 0 0 0.000000
1653789186752873752 1814.927396 11.304132 1 0 0.000000
1653789187778306322 1025.421750 0.975198 1 0 0.000000
1653789189475137198 1696.818523 0.589334 1 0 0.000000
1653789189880785108 405.626570 2.465192 1 0 0.000000
1653789191666742475 0.000000 0.000000 0 0 0.000000
1653789191984440913 2103.642250 3.147639 1 0 0.000000
1653789193668078083 0.000000 0.000000 0 0 0.000000
1653789194095932207 2111.474944 2.337245 1 0 0.000000
1653789195103234425 1007.287991 0.992751 1 0 0.000000
1653789196670369948 0.000000 0.000000 0 0 0.000000
1653789197423084254 2319.837807 1.328525 1 0 0.000000
1653789197829270365 406.172084 2.461926 1 0 0.000000
1653789199672188647 0.000000 0.000000 0 0 0.000000
1653789199938347990 2109.064611 3.757149 1 0 0.000000
1653789201361038874 1422.662351 0.702893 1 0 0.000000
1653789202565086137 1204.028858 0.830532 1 0 0.000000
1653789203675926411 0.000000 0.000000 0 0 0.000000
1653789204381222808 1816.120691 1.417844 1 0 0.000000
1653789204786492538 405.251937 2.467493 1 0 0.000000
1653789206291808391 1505.310292 0.664312 1 0 0.000000
1653789207678321005 0.000000 0.000000 0 0 0.000000
1653789207909545151 1617.721902 4.324809 1 0 0.000000
1653789209328057984 1418.493717 0.704964 1 0 0.000000
1653789210679969638 0.000000 0.000000 0 0 0.000000
1653789211680350596 0.000000 0.000000 0 0 0.000000
1653789212347319680 1509.616687 2.998640 2 0 0.000000
1653789213681246916 0.000000 0.000000 0 0 0.000000
1653789214682317689 0.000000 0.000000 0 0 0.000000
1653789214898145794 2550.813261 4.633318 1 0 0.000000
1653789216330155465 1431.991356 0.698319 1 0 0.000000
1653789217684173063 0.000000 0.000000 0 0 0.000000
1653789217938747090 1608.577859 3.928131 1 0 0.000000
1653789219684851886 0.000000 0.000000 0 0 0.000000
1653789220371007064 1216.112574 2.914793 2 0 0.000000
1653789221685629314 0.000000 0.000000 0 0 0.000000
1653789222686414091 0.000000 0.000000 0 0 0.000000
1653789222784801757 2413.782460 10.163873 1 0 0.000000
1653789224192057372 1407.242189 0.710603 1 0 0.000000
1653789225688151928 0.000000 0.000000 0 0 0.000000
1653789225697053498 1504.977762 112.340364 1 0 0.000000
1653789227689364174 0.000000 0.000000 0 0 0.000000
1653789228119721919 1211.317529 4.647297 2 0 0.000000
1653789229690163896 0.000000 0.000000 0 0 0.000000
1653789229727491825 1607.760909 26.789621 1 0 0.000000
1653789231135615109 1408.105410 0.710165 1 0 0.000000
1653789232564615183 1428.982681 0.699790 1 0 0.000000
1653789233693814703 0.000000 0.000000 0 0 0.000000
1653789234390565712 1825.933497 1.435233 1 0 0.000000
1653789234796046230 405.453287 2.466210 1 0 0.000000
1653789236204950491 1408.890906 0.709771 1 0 0.000000
1653789237695032353 0.000000 0.000000 0 0 0.000000
1653789237826062714 1621.097465 7.631821 1 0 0.000000
1653789238833887860 1007.810008 0.992236 1 0 0.000000
1653789240696264576 0.000000 0.000000 0 0 0.000000
1653789241409263386 1287.672745 2.805054 2 0 0.000000
1653789242697194546 0.000000 0.000000 0 0 0.000000
1653789243325621544 1916.350313 1.591275 1 0 0.000000
1653789244699044904 0.000000 0.000000 0 0 0.000000
1653789244757475035 1431.841088 17.114463 1 0 0.000000
1653789245764206058 1006.714161 0.993314 1 0 0.000000
1653789247700508765 0.000000 0.000000 0 0 0.000000
1653789248280357586 1258.060536 3.449175 2 0 0.000000
1653789249688630734 1408.261077 0.710090 1 0 0.000000
1653789250702147375 0.000000 0.000000 0 0 0.000000
1653789251097082529 1408.434021 2.532062 1 0 0.000000
1653789252702957943 0.000000 0.000000 0 0 0.000000
1653789253703688303 0.000000 0.000000 0 0 0.000000
1653789254508023754 3410.923323 1.243262 1 0 0.000000
1653789255705437443 0.000000 0.000000 0 0 0.000000
1653789256705497425 0.000000 0.000000 0 0 0.000000
1653789256715754900 2207.717089 97.490355 1 0 0.000000
1653789258706137484 0.000000 0.000000 0 0 0.000000
1653789259706566039 0.000000 0.000000 0 0 0.000000
1653789259846538004 3130.769439 7.144290 1 0 0.000000
1653789261351052994 1504.498188 0.664666 1 0 0.000000
1653789262707803911 0.000000 0.000000 0 0 0.000000
1653789262974960559 1623.895352 3.743123 1 0 0.000000
1653789264708721593 0.000000 0.000000 0 0 0.000000
1653789265187758829 1106.386000 4.175041 2 0 0.000000
1653789266709537205 0.000000 0.000000 0 0 0.000000
1653789267090387390 1902.616579 2.625705 1 0 0.000000
1653789268512869163 1422.462167 0.702997 1 0 0.000000
1653789269712123060 0.000000 0.000000 0 0 0.000000
1653789270418876669 1905.994611 1.414920 1 0 0.000000
1653789271712437121 0.000000 0.000000 0 0 0.000000
1653789272354939281 968.017034 3.112830 2 0 0.000000
1653789273713497413 0.000000 0.000000 0 0 0.000000
1653789274713529043 0.000000 0.000000 0 0 0.000000
1653789275487025388 3132.072371 1.292831 1 0 0.000000
1653789275892018933 404.976032 2.469175 1 0 0.000000
1653789277715397195 0.000000 0.000000 0 0 0.000000
1653789278007946798 2115.920902 3.418224 1 0 0.000000
1653789279717336498 0.000000 0.000000 0 0 0.000000
1653789279814869020 1806.905630 10.252989 1 0 0.000000
1653789280821212429 1006.327860 0.993697 1 0 0.000000
1653789282719052456 0.000000 0.000000 0 0 0.000000
1653789283147315772 1163.039849 4.670024 2 0 0.000000
1653789284553992971 1406.664405 0.710895 1 0 0.000000
1653789285720987665 0.000000 0.000000 0 0 0.000000
1653789286152906795 1598.901370 2.315248 1 0 0.000000
1653789287455091759 1302.166520 0.767940 1 0 0.000000
1653789288722506164 0.000000 0.000000 0 0 0.000000
1653789289298260311 921.567861 3.473705 2 0 0.000000
1653789290723751628 0.000000 0.000000 0 0 0.000000
1653789291296216451 1997.944989 1.746832 1 0 0.000000
1653789292724535386 0.000000 0.000000 0 0 0.000000
1653789293631865446 2335.634208 1.102135 1 0 0.000000
1653789294725681104 0.000000 0.000000 0 0 0.000000
1653789294837857564 1205.975527 8.914533 1 0 0.000000
1653789296651367745 906.737763 1.102834 2 0 0.000000
1653789297726750392 0.000000 0.000000 0 0 0.000000
1653789298726781915 0.000000 0.000000 0 0 0.000000
1653789298861862580 2210.482652 7.402986 1 0 0.000000
1653789300727960767 0.000000 0.000000 0 0 0.000000
1653789301361636401 2499.763933 1.578094 1 0 0.000000
1653789302566923808 1205.268672 0.829678 1 0 0.000000
1653789303730031077 0.000000 0.000000 0 0 0.000000
1653789304389459443 911.251336 3.032930 2 0 0.000000
1653789305731750845 0.000000 0.000000 0 0 0.000000
1653789306312414849 1922.946721 1.722166 1 0 0.000000
1653789307732341804 0.000000 0.000000 0 0 0.000000
1653789308442436578 2130.008574 1.408263 1 0 0.000000
1653789309463523526 1021.070978 0.979349 1 0 0.000000
1653789310733765112 0.000000 0.000000 0 0 0.000000
1653789311448708929 992.578700 2.797423 2 0 0.000000
1653789312734726618 0.000000 0.000000 0 0 0.000000
1653789313164463884 1715.749024 2.327003 1 0 0.000000
1653789314735230967 0.000000 0.000000 0 0 0.000000
1653789315151717729 1987.246271 2.401037 1 0 0.000000
1653789316158735439 1007.004435 0.993031 1 0 0.000000
1653789317736122800 0.000000 0.000000 0 0 0.000000
1653789318399725102 1120.481176 3.013853 2 0 0.000000
1653789319736290417 0.000000 0.000000 0 0 0.000000
1653789320710393532 2310.660645 1.026585 1 0 0.000000
1653789321736758109 0.000000 0.000000 0 0 0.000000
1653789322736866209 0.000000 0.000000 0 0 0.000000
1653789322922438003 2212.030675 5.388751 1 0 0.000000
1653789324161452453 1239.003129 0.807093 1 0 0.000000
1653789325737360498 0.000000 0.000000 0 0 0.000000
1653789326361934189 1100.223831 3.202185 2 0 0.000000
1653789327737818303 0.000000 0.000000 0 0 0.000000
1653789328179579690 1817.638869 2.263665 1 0 0.000000
1653789329738045114 0.000000 0.000000 0 0 0.000000
1653789330198341053 2018.748289 2.172516 1 0 0.000000
1653789331205666782 1007.313666 0.992728 1 0 0.000000
1653789332739835008 0.000000 0.000000 0 0 0.000000
1653789333332214536 1063.256228 3.376214 2 0 0.000000
1653789334741803419 0.000000 0.000000 0 0 0.000000
1653789335742637543 0.000000 0.000000 0 0 0.000000
1653789335972166361 2639.945323 4.356751 1 0 0.000000
1653789337743843304 0.000000 0.000000 0 0 0.000000
1653789338185789178 2213.604382 2.262721 1 0 0.000000
1653789339210804344 1024.997443 0.975595 1 0 0.000000
1653789340745103406 0.000000 0.000000 0 0 0.000000
1653789341439127606 1114.147203 2.881744 2 0 0.000000
1653789342745829718 0.000000 0.000000 0 0 0.000000
1653789343656181986 2217.047908 1.098476 1 0 0.000000
1653789344747518808 0.000000 0.000000 0 0 0.000000
1653789345747552911 0.000000 0.000000 0 0 0.000000
1653789346060258313 2404.059605 3.197899 1 0 0.000000
1653789347067003404 1006.735122 0.993300 1 0 0.000000
1653789348591921429 1524.898438 0.655773 1 0 0.000000
1653789349008534560 416.597091 2.400308 1 0 0.000000
1653789350750123737 0.000000 0.000000 0 0 0.000000
1653789351097520469 2088.973427 2.878554 1 0 0.000000
1653789352751101924 0.000000 0.000000 0 0 0.000000
1653789353453826246 2356.293884 1.423033 1 0 0.000000
1653789354471358868 1017.521481 0.982769 1 0 0.000000
1653789355753870793 0.000000 0.000000 0 0 0.000000
1653789356482779928 2011.406042 1.371913 1 0 0.000000
1653789356887999743 405.201601 2.467797 1 0 0.000000
1653789358709708387 1821.703144 0.548935 1 0 0.000000
1653789359756533636 0.000000 0.000000 0 0 0.000000
1653789360518564435 1808.847373 1.312283 1 0 0.000000
1653789361758277933 0.000000 0.000000 0 0 0.000000
1653789361824826825 1306.252050 15.026548 1 0 0.000000
1653789363544311481 1719.467664 0.581570 1 0 0.000000
1653789363959276289 414.950641 2.409843 1 0 0.000000
1653789365458672137 1499.385609 0.666935 1 0 0.000000
1653789366761231747 0.000000 0.000000 0 0 0.000000
1653789367574034032 2115.342869 1.230311 1 0 0.000000
1653789368762344690 0.000000 0.000000 0 0 0.000000
1653789369296832589 1722.785463 1.870950 1 0 0.000000
1653789370762924804 0.000000 0.000000 0 0 0.000000
1653789371635846252 1169.490861 2.291157 2 0 0.000000
1653789372763526489 0.000000 0.000000 0 0 0.000000
1653789373314132865 1678.276986 1.816179 1 0 0.000000
1653789374763836356 0.000000 0.000000 0 0 0.000000
1653789375146524567 1832.379388 2.613094 1 0 0.000000
1653789376652655269 1506.119331 0.663953 1 0 0.000000
1653789377765522079 0.000000 0.000000 0 0 0.000000
1653789378361669855 1708.996291 1.677436 1 0 0.000000
1653789378780819328 419.128564 2.385784 1 0 0.000000
1653789380299927692 1519.101711 0.658281 1 0 0.000000
1653789381767465733 0.000000 0.000000 0 0 0.000000
1653789382295727736 1995.782080 1.893000 1 0 0.000000
1653789383768954645 0.000000 0.000000 0 0 0.000000
