1653789155197272801 0.000000 0.000000 0 0 0.000000
1653789155954139359 1757.074442 1.321237 1 0 0.000000
1653789157198515916 0.000000 0.000000 0 0 0.000000
1653789157612598836 1658.439670 2.414976 1 0 0.000000
1653789159199487945 0.000000 0.000000 0 0 0.000000
1653789160043117265 1215.243320 2.370710 2 0 0.000000
1653789161200280869 0.000000 0.000000 0 0 0.000000
1653789161992107535 1948.977726 1.262903 1 0 0.000000
1653789163200762622 0.000000 0.000000 0 0 0.000000
1653789163407492495 1415.368409 4.837231 1 0 0.000000
1653789164617313431 1209.804615 0.826569 1 0 0.000000
1653789166202313590 0.000000 0.000000 0 0 0.000000
1653789167182953344 1282.805604 2.039485 2 0 0.000000
1653789168203583226 0.000000 0.000000 0 0 0.000000
1653789169204523479 0.000000 0.000000 0 0 0.000000
1653789169299374139 2116.406509 10.542888 1 0 0.000000
1653789171206297268 0.000000 0.000000 0 0 0.000000
1653789171207598260 1908.211077 768.656051 1 0 0.000000
1653789172444651762 1237.035599 0.808372 1 0 0.000000
1653789174207737962 0.000000 0.000000 0 0 0.000000
1653789174963218509 1259.268441 2.647322 2 0 0.000000
1653789176209541105 0.000000 0.000000 0 0 0.000000
1653789176472658252 1509.423373 3.800588 1 0 0.000000
1653789177699425100 1226.754074 0.815151 1 0 0.000000
1653789179106130109 1406.693417 0.710881 1 0 0.000000
1653789180211788264 0.000000 0.000000 0 0 0.000000
1653789180515311266 1409.166038 3.294643 1 0 0.000000
1653789181294297766 778.971401 1.283719 1 0 0.000000
1653789183212730337 0.000000 0.000000 0 0 0.000000
1653789183428150171 2133.836626 4.642099 1 0 0.000000
1653789185213556656 0.000000 0.000000 0 0 0.000000
1653789185235114186 1806.950339 46.387654 1 0 0.000000
1653789186646251950 1411.122566 0.708648 1 0 0.000000
1653789188165379109 1519.113133 0.658273 1 0 0.000000
1653789188680668658 515.270794 1.940656 1 0 0.000000
1653789190216854037 0.000000 0.000000 0 0 0.000000
1653789190277724860 1597.041935 16.428240 1 0 0.000000
1653789191891889659 1614.146204 0.619515 1 0 0.000000
1653789193113029732 1221.123432 0.818907 1 0 0.000000
1653789194219067436 0.000000 0.000000 0 0 0.000000
1653789195219166539 0.000000 0.000000 0 0 0.000000
1653789195810300587 1348.620450 3.383328 2 0 0.000000
1653789197220442521 0.000000 0.000000 0 0 0.000000
1653789198220504495 0.000000 0.000000 0 0 0.000000
1653789198234543443 2424.226786 71.230662 1 0 0.000000
1653789199640853836 1406.297629 0.711081 1 0 0.000000
1653789200848728057 1207.862860 0.827901 1 0 0.000000
1653789202222834613 0.000000 0.000000 0 0 0.000000
1653789202865332717 2016.584693 1.556425 1 0 0.000000
1653789203272299779 406.953437 2.457201 1 0 0.000000
1653789205182452829 1910.137591 0.523518 1 0 0.000000
1653789206225549582 0.000000 0.000000 0 0 0.000000
1653789206390955975 1208.486776 6.045716 1 0 0.000000
1653789207929630929 1538.660116 0.649910 1 0 0.000000
1653789209227302074 0.000000 0.000000 0 0 0.000000
1653789209755296208 912.817225 3.787921 2 0 0.000000
1653789211228422966 0.000000 0.000000 0 0 0.000000
1653789212228962194 0.000000 0.000000 0 0 0.000000
1653789212334153178 2578.840920 9.506523 1 0 0.000000
1653789213542299077 1208.132344 0.827715 1 0 0.000000
1653789215230954494 0.000000 0.000000 0 0 0.000000
1653789215698567070 2156.251753 2.138523 1 0 0.000000
1653789217132866153 1434.282042 0.697205 1 0 0.000000
1653789217640716048 507.829647 1.969086 1 0 0.000000
1653789219232535647 0.000000 0.000000 0 0 0.000000
1653789219765373483 2124.643218 1.876744 1 0 0.000000
1653789221233491482 0.000000 0.000000 0 0 0.000000
1653789221263510175 1498.120692 33.312598 1 0 0.000000
1653789223234151605 0.000000 0.000000 0 0 0.000000
1653789223388334101 2124.806373 6.485823 1 0 0.000000
1653789225210898135 1822.542804 0.548678 1 0 0.000000
1653789225799992582 589.081182 1.697521 1 0 0.000000
1653789227236548975 0.000000 0.000000 0 0 0.000000
1653789227910973236 2110.970035 1.482746 1 0 0.000000
1653789229237533625 0.000000 0.000000 0 0 0.000000
1653789229522300605 1611.310778 3.511644 1 0 0.000000
1653789231238173461 0.000000 0.000000 0 0 0.000000
1653789231528813086 2006.501781 3.440688 1 0 0.000000
1653789232954850901 1426.019241 0.701244 1 0 0.000000
1653789233359876355 405.007851 2.468981 1 0 0.000000
1653789234992096991 1632.204555 0.612662 1 0 0.000000
1653789236240355059 0.000000 0.000000 0 0 0.000000
1653789236271953524 1279.846946 31.647156 1 0 0.000000
1653789237892028562 1620.061452 0.617255 1 0 0.000000
1653789239241147531 0.000000 0.000000 0 0 0.000000
1653789239906057822 1006.998900 3.007925 2 0 0.000000
1653789241242521750 0.000000 0.000000 0 0 0.000000
1653789241605951626 1699.876591 2.751563 1 0 0.000000
1653789243236279195 1630.309725 0.613374 1 0 0.000000
1653789244243911811 0.000000 0.000000 0 0 0.000000
1653789244443014169 1206.721298 5.022542 1 0 0.000000
1653789245851097780 1408.064385 0.710185 1 0 0.000000
1653789246256354337 405.240096 2.467573 1 0 0.000000
1653789248245331487 0.000000 0.000000 0 0 0.000000
1653789248275983443 2019.619598 32.624388 1 0 0.000000
1653789250245700940 0.000000 0.000000 0 0 0.000000
1653789250282931361 2006.928732 26.859777 1 0 0.000000
1653789251689535316 1406.584509 0.710932 1 0 0.000000
1653789253209999710 1520.457330 0.657694 1 0 0.000000
1653789253615500402 405.480576 2.466087 1 0 0.000000
1653789255248139893 0.000000 0.000000 0 0 0.000000
1653789255511521546 1896.012547 3.796772 1 0 0.000000
1653789256720759078 1209.224838 0.826967 1 0 0.000000
1653789258141028775 1420.249209 0.704092 1 0 0.000000
1653789259249935605 0.000000 0.000000 0 0 0.000000
1653789260250751772 0.000000 0.000000 0 0 0.000000
1653789260753904520 1306.421637 3.974937 2 0 0.000000
1653789262251842955 0.000000 0.000000 0 0 0.000000
1653789262273363254 1519.446562 46.467883 1 0 0.000000
1653789263677229184 1403.851332 0.712319 1 0 0.000000
1653789265083740468 1406.487810 0.710979 1 0 0.000000
1653789266253369775 0.000000 0.000000 0 0 0.000000
1653789266897225097 906.726375 3.106288 2 0 0.000000
1653789268254747474 0.000000 0.000000 0 0 0.000000
1653789268916372606 2019.131750 1.511430 1 0 0.000000
1653789270255256729 0.000000 0.000000 0 0 0.000000
1653789270719558427 1803.172857 2.153772 1 0 0.000000
1653789272126782684 1407.204379 0.710619 1 0 0.000000
1653789273257311816 0.000000 0.000000 0 0 0.000000
1653789273856949939 1730.148882 1.667673 1 0 0.000000
1653789274263253944 406.291952 2.461211 1 0 0.000000
1653789276258470057 0.000000 0.000000 0 0 0.000000
1653789276288677043 2025.410997 33.104948 1 0 0.000000
1653789277502599241 1213.906118 0.823776 1 0 0.000000
1653789279035390203 1532.769772 0.652405 1 0 0.000000
1653789280261340983 0.000000 0.000000 0 0 0.000000
1653789281261371692 0.000000 0.000000 0 0 0.000000
1653789281926701960 1445.643435 3.006026 2 0 0.000000
1653789283262356989 0.000000 0.000000 0 0 0.000000
1653789284150411513 2223.695537 1.126057 1 0 0.000000
1653789285262612352 0.000000 0.000000 0 0 0.000000
1653789285447265726 1296.841269 5.415552 1 0 0.000000
1653789286654076886 1206.788156 0.828630 1 0 0.000000
1653789288264226998 0.000000 0.000000 0 0 0.000000
1653789289086851428 2432.758632 1.215622 1 0 0.000000
1653789290266345974 0.000000 0.000000 0 0 0.000000
1653789290293863081 1206.992528 36.341002 1 0 0.000000
1653789292267333656 0.000000 0.000000 0 0 0.000000
1653789293038624186 1372.367653 2.593057 2 0 0.000000
1653789294268192798 0.000000 0.000000 0 0 0.000000
1653789295049467508 2010.828895 1.279960 1 0 0.000000
1653789296269756366 0.000000 0.000000 0 0 0.000000
1653789296341776527 1292.294102 13.884999 1 0 0.000000
1653789298261575744 1919.784239 0.520888 1 0 0.000000
1653789299271164478 0.000000 0.000000 0 0 0.000000
1653789300272182433 0.000000 0.000000 0 0 0.000000
1653789301164635068 1451.511914 2.241015 2 0 0.000000
1653789302273883850 0.000000 0.000000 0 0 0.000000
1653789302871982567 1707.333473 1.671965 1 0 0.000000
1653789304104007740 1232.009193 0.811672 1 0 0.000000
1653789305276185222 0.000000 0.000000 0 0 0.000000
1653789305510451069 1406.426117 4.268654 1 0 0.000000
1653789307011616949 1501.146714 0.666149 1 0 0.000000
1653789307616507669 604.876814 1.653191 1 0 0.000000
1653789309033959523 1417.433860 0.705491 1 0 0.000000
1653789310278487864 0.000000 0.000000 0 0 0.000000
1653789310447890757 1413.917879 5.903088 1 0 0.000000
1653789312153525806 1705.610323 0.586292 1 0 0.000000
1653789313278959888 0.000000 0.000000 0 0 0.000000
1653789314149600928 1996.060556 1.148579 1 0 0.000000
1653789314569737777 420.120398 2.380177 1 0 0.000000
1653789316281287660 0.000000 0.000000 0 0 0.000000
1653789316576770879 2007.018746 3.384287 1 0 0.000000
1653789318207304409 1630.524152 0.613296 1 0 0.000000
1653789319283421972 0.000000 0.000000 0 0 0.000000
1653789320283452373 0.000000 0.000000 0 0 0.000000
1653789320309090639 2101.769158 39.004198 1 0 0.000000
1653789322284311518 0.000000 0.000000 0 0 0.000000
1653789323131234982 1411.062308 2.361489 2 0 0.000000
1653789324285437170 0.000000 0.000000 0 0 0.000000
1653789324954043541 1822.797939 1.495648 1 0 0.000000
1653789326161318299 1207.255271 0.828312 1 0 0.000000
1653789327287067150 0.000000 0.000000 0 0 0.000000
1653789327771104755 1609.770977 2.065955 1 0 0.000000
1653789329288436859 0.000000 0.000000 0 0 0.000000
1653789329997442585 1113.153646 2.820852 2 0 0.000000
1653789331290050244 0.000000 0.000000 0 0 0.000000
1653789332105673571 2108.216539 1.226056 1 0 0.000000
1653789333290350825 0.000000 0.000000 0 0 0.000000
1653789333533235380 1427.543836 4.117184 1 0 0.000000
1653789335290850649 0.000000 0.000000 0 0 0.000000
1653789335771606160 2238.354319 2.080059 1 0 0.000000
1653789337291792469 0.000000 0.000000 0 0 0.000000
1653789337978745830 2207.122098 1.455703 1 0 0.000000
1653789338401063064 422.301254 2.367888 1 0 0.000000
1653789340233041993 1831.962419 0.545858 1 0 0.000000
1653789341292929915 0.000000 0.000000 0 0 0.000000
1653789341441056414 1208.001406 6.750989 1 0 0.000000
1653789343294844283 0.000000 0.000000 0 0 0.000000
1653789343451873331 2010.801809 6.368250 1 0 0.000000
1653789345259469010 1807.583366 0.553221 1 0 0.000000
1653789345664889595 405.407941 2.466574 1 0 0.000000
1653789347298850231 0.000000 0.000000 0 0 0.000000
1653789347771813109 2106.903957 2.114331 1 0 0.000000
1653789349000637262 1228.812401 0.813786 1 0 0.000000
1653789350300559052 0.000000 0.000000 0 0 0.000000
1653789350897025680 1896.373550 1.676540 1 0 0.000000
1653789352302414310 0.000000 0.000000 0 0 0.000000
1653789353239554254 2342.510661 1.067076 1 0 0.000000
1653789353655425731 415.859024 2.404589 1 0 0.000000
1653789355303079200 0.000000 0.000000 0 0 0.000000
1653789355882102668 2226.663031 1.727046 1 0 0.000000
1653789357303875931 0.000000 0.000000 0 0 0.000000
1653789357797988245 1915.872923 2.023831 1 0 0.000000
1653789359304629581 0.000000 0.000000 0 0 0.000000
1653789359515304599 1717.301076 4.746649 1 0 0.000000
1653789360722702989 1207.386819 0.828227 1 0 0.000000
1653789362128340556 1405.623851 0.711421 1 0 0.000000
1653789363305589389 0.000000 0.000000 0 0 0.000000
1653789363957322857 914.479704 3.068740 2 0 0.000000
1653789365306406518 0.000000 0.000000 0 0 0.000000
1653789366169197128 2211.867259 1.159030 1 0 0.000000
1653789367306546211 0.000000 0.000000 0 0 0.000000
1653789368307422956 0.000000 0.000000 0 0 0.000000
1653789368374585789 2205.371589 14.889187 1 0 0.000000
1653789370003410088 1628.805113 0.613940 1 0 0.000000
1653789371309516287 0.000000 0.000000 0 0 0.000000
1653789372212495629 1104.531770 2.214890 2 0 0.000000
1653789373310755547 0.000000 0.000000 0 0 0.000000
1653789374310816848 0.000000 0.000000 0 0 0.000000
1653789374343571153 2131.058071 30.530357 1 0 0.000000
1653789375751502177 1407.917590 0.710262 1 0 0.000000
1653789377312830009 0.000000 0.000000 0 0 0.000000
1653789377557817646 1806.288358 4.081839 1 0 0.000000
1653789379314075050 0.000000 0.000000 0 0 0.000000
1653789379981324557 1211.741974 2.997380 2 0 0.000000
1653789381315162095 0.000000 0.000000 0 0 0.000000
1653789381504601415 1523.265377 5.278736 1 0 0.000000
1653789383316734136 0.000000 0.000000 0 0 0.000000
1653789383609714197 2105.101121 3.413202 1 0 0.000000
1653789385317853612 0.000000 0.000000 0 0 0.000000
1653789385835149426 2225.420711 1.933130 1 0 0.000000
1653789387318005460 0.000000 0.000000 0 0 0.000000
