1653789160462815381 0.000000 0.000000 0 0 0.000000
1653789161076123828 1613.175347 1.630501 1 0 0.000000
1653789162463818146 0.000000 0.000000 0 0 0.000000
1653789162902533186 1826.386185 2.279384 1 0 0.000000
1653789164465246503 0.000000 0.000000 0 0 0.000000
1653789165465480129 0.000000 0.000000 0 0 0.000000
1653789166443062510 1770.246848 2.045863 2 0 0.000000
1653789167467162543 0.000000 0.000000 0 0 0.000000
1653789168467196995 0.000000 0.000000 0 0 0.000000
1653789168896606864 2453.535247 2.328777 1 0 0.000000
1653789170468202838 0.000000 0.000000 0 0 0.000000
1653789171307426165 2410.804263 1.191578 1 0 0.000000
1653789172469030940 0.000000 0.000000 0 0 0.000000
1653789173150860986 1843.416807 1.466641 1 0 0.000000
1653789174469703394 0.000000 0.000000 0 0 0.000000
1653789174759051159 1608.172951 3.456049 1 0 0.000000
1653789176166957064 1407.894243 0.710275 1 0 0.000000
1653789177472210365 0.000000 0.000000 0 0 0.000000
1653789178472283322 0.000000 0.000000 0 0 0.000000
1653789179006469383 1419.741912 3.744014 2 0 0.000000
1653789180473571072 0.000000 0.000000 0 0 0.000000
1653789180992413109 1985.927545 1.927369 1 0 0.000000
1653789182474597966 0.000000 0.000000 0 0 0.000000
1653789182521569995 1529.140435 21.289293 1 0 0.000000
1653789183730338683 1208.757568 0.827288 1 0 0.000000
1653789185476146580 0.000000 0.000000 0 0 0.000000
1653789186141014601 1205.323522 3.008116 2 0 0.000000
1653789187477084301 0.000000 0.000000 0 0 0.000000
1653789188469502932 2328.472512 1.007639 1 0 0.000000
1653789189478289819 0.000000 0.000000 0 0 0.000000
1653789190478753182 0.000000 0.000000 0 0 0.000000
1653789190680504801 2210.990557 4.956589 1 0 0.000000
1653789192479513065 0.000000 0.000000 0 0 0.000000
1653789192601128481 1920.606027 8.222643 1 0 0.000000
1653789194481154609 0.000000 0.000000 0 0 0.000000
1653789195101091011 1249.961849 3.226137 2 0 0.000000
1653789196482475355 0.000000 0.000000 0 0 0.000000
1653789197483411241 0.000000 0.000000 0 0 0.000000
1653789197824980668 2723.874709 2.927663 1 0 0.000000
1653789199484962332 0.000000 0.000000 0 0 0.000000
1653789199635808135 1810.818170 6.629287 1 0 0.000000
1653789201486684749 0.000000 0.000000 0 0 0.000000
1653789201743984798 2108.159811 3.886514 1 0 0.000000
1653789203487892745 0.000000 0.000000 0 0 0.000000
1653789204070608769 1163.295379 3.432204 2 0 0.000000
1653789205489374370 0.000000 0.000000 0 0 0.000000
1653789205782620240 1711.995671 3.410108 1 0 0.000000
1653789207196951026 1414.313103 0.707048 1 0 0.000000
1653789208491099065 0.000000 0.000000 0 0 0.000000
1653789209325887907 2128.920602 1.197908 1 0 0.000000
1653789210491450825 0.000000 0.000000 0 0 0.000000
1653789211345713860 2019.815473 1.170600 1 0 0.000000
1653789211750505525 404.784000 2.470406 1 0 0.000000
1653789213289029270 1538.508907 0.649974 1 0 0.000000
1653789214493983807 0.000000 0.000000 0 0 0.000000
1653789215396341128 2107.296569 1.108209 1 0 0.000000
1653789216495248559 0.000000 0.000000 0 0 0.000000
1653789217495405327 0.000000 0.000000 0 0 0.000000
1653789217535077813 2138.721787 25.206405 1 0 0.000000
1653789219496254451 0.000000 0.000000 0 0 0.000000
1653789219956613590 1210.750516 4.344435 2 0 0.000000
1653789221364654055 1408.025508 0.710207 1 0 0.000000
1653789222497419999 0.000000 0.000000 0 0 0.000000
1653789223486364248 2121.684594 1.011179 1 0 0.000000
1653789224498457617 0.000000 0.000000 0 0 0.000000
1653789224892762350 1406.383143 2.536110 1 0 0.000000
1653789226300846856 1408.073115 0.710185 1 0 0.000000
1653789226801362288 500.496506 1.997941 1 0 0.000000
1653789228500985150 0.000000 0.000000 0 0 0.000000
1653789228721314519 1919.939236 4.538659 1 0 0.000000
1653789230502063613 0.000000 0.000000 0 0 0.000000
1653789231226604962 2505.275716 1.380184 1 0 0.000000
1653789232502908484 0.000000 0.000000 0 0 0.000000
1653789232966012883 1739.393906 2.159340 1 0 0.000000
1653789234374419417 1408.397237 0.710022 1 0 0.000000
1653789234964095927 589.661521 1.695845 1 0 0.000000
1653789236504183064 0.000000 0.000000 0 0 0.000000
1653789236600867717 1636.758686 10.342903 1 0 0.000000
1653789238505219954 0.000000 0.000000 0 0 0.000000
1653789238794510216 2193.622281 3.456736 1 0 0.000000
1653789240202118713 1407.587668 0.710425 1 0 0.000000
1653789241505638471 0.000000 0.000000 0 0 0.000000
1653789242016381138 1814.246174 1.957933 1 0 0.000000
1653789242614197830 597.800361 1.672754 1 0 0.000000
1653789244506880010 0.000000 0.000000 0 0 0.000000
1653789244550747850 1936.537386 22.795775 1 0 0.000000
1653789246358975775 1808.218217 0.553028 1 0 0.000000
1653789247508761030 0.000000 0.000000 0 0 0.000000
1653789247583068565 1224.080016 13.457596 1 0 0.000000
1653789249510138372 0.000000 0.000000 0 0 0.000000
1653789250482957668 1449.927995 2.055880 2 0 0.000000
1653789251511892029 0.000000 0.000000 0 0 0.000000
1653789251987738882 1504.770554 2.101517 1 0 0.000000
1653789253404885197 1417.127820 0.705643 1 0 0.000000
1653789254514668340 0.000000 0.000000 0 0 0.000000
1653789254812381436 1407.477193 3.358939 1 0 0.000000
1653789256515143068 0.000000 0.000000 0 0 0.000000
1653789257320916775 2508.524599 1.241043 1 0 0.000000
1653789257836305423 515.372307 1.940283 1 0 0.000000
1653789259453439243 1617.112981 0.618378 1 0 0.000000
1653789260517234862 0.000000 0.000000 0 0 0.000000
1653789260951087734 1497.634514 2.304929 1 0 0.000000
1653789262518402463 0.000000 0.000000 0 0 0.000000
1653789262761086146 1809.986650 4.120591 1 0 0.000000
1653789264176603977 1415.498575 0.706455 1 0 0.000000
1653789264582765589 406.147145 2.462074 1 0 0.000000
1653789266286765294 1703.982673 0.586855 1 0 0.000000
1653789267522765271 0.000000 0.000000 0 0 0.000000
1653789267797224219 1510.446902 3.643532 1 0 0.000000
1653789269523251195 0.000000 0.000000 0 0 0.000000
1653789269616395460 1819.152726 10.736038 1 0 0.000000
1653789271024247771 1407.836862 0.710302 1 0 0.000000
1653789271625618772 601.357856 1.662867 1 0 0.000000
1653789273257944091 1632.309449 0.612623 1 0 0.000000
1653789274527755616 0.000000 0.000000 0 0 0.000000
1653789274859572082 1601.616820 3.013715 1 0 0.000000
1653789276192229231 1332.646309 0.750381 1 0 0.000000
1653789277528909878 0.000000 0.000000 0 0 0.000000
1653789278324249815 1065.992624 2.514648 2 0 0.000000
1653789279529437651 0.000000 0.000000 0 0 0.000000
1653789280133288302 1809.032696 1.656039 1 0 0.000000
1653789281530754084 0.000000 0.000000 0 0 0.000000
1653789281818118699 1684.816521 3.479900 1 0 0.000000
1653789283251418530 1433.282638 0.697691 1 0 0.000000
1653789284533607624 0.000000 0.000000 0 0 0.000000
1653789285241779718 1990.347522 1.412086 1 0 0.000000
1653789285651739106 409.949820 2.439266 1 0 0.000000
1653789287455613925 1803.862485 0.554362 1 0 0.000000
1653789288535557339 0.000000 0.000000 0 0 0.000000
1653789288883689382 1428.062323 2.872473 1 0 0.000000
1653789290290139552 1406.430844 0.711010 1 0 0.000000
1653789291537195985 0.000000 0.000000 0 0 0.000000
1653789292404578756 2114.430257 1.152894 1 0 0.000000
1653789292812506373 407.916267 2.451415 1 0 0.000000
1653789294538466543 0.000000 0.000000 0 0 0.000000
1653789294646833836 1834.316071 9.227880 1 0 0.000000
1653789296539101146 0.000000 0.000000 0 0 0.000000
1653789296739634132 2092.781150 4.986711 1 0 0.000000
1653789297959129512 1219.482356 0.820011 1 0 0.000000
1653789299540748714 0.000000 0.000000 0 0 0.000000
1653789300357907836 2398.763306 1.223752 1 0 0.000000
1653789300762901496 404.982970 2.469174 1 0 0.000000
1653789302542082064 0.000000 0.000000 0 0 0.000000
1653789303542875706 0.000000 0.000000 0 0 0.000000
1653789304286777491 1761.927168 2.688527 2 0 0.000000
1653789305544346637 0.000000 0.000000 0 0 0.000000
1653789306545425670 0.000000 0.000000 0 0 0.000000
1653789307546285696 0.000000 0.000000 0 0 0.000000
1653789308546304408 0.000000 0.000000 0 0 0.000000
1653789309546428612 0.000000 0.000000 0 0 0.000000
1653789310546782734 0.000000 0.000000 0 0 0.000000
1653789311547184779 0.000000 0.000000 0 0 0.000000
1653789312547502973 0.000000 0.000000 0 0 0.000000
1653789312655099479 410.149599 9.293981 1 0 0.000000
1653789314368217445 1713.099221 0.583731 1 0 0.000000
1653789315548835554 0.000000 0.000000 0 0 0.000000
1653789316072947123 1704.719238 1.907991 1 0 0.000000
1653789317280155928 1207.190060 0.828357 1 0 0.000000
1653789318550193105 0.000000 0.000000 0 0 0.000000
1653789319408820605 1064.316779 2.329299 2 0 0.000000
1653789320551506358 0.000000 0.000000 0 0 0.000000
1653789321552515885 0.000000 0.000000 0 0 0.000000
1653789321614828565 2205.997050 16.048111 1 0 0.000000
1653789323239402805 1624.560594 0.615546 1 0 0.000000
1653789324554199821 0.000000 0.000000 0 0 0.000000
1653789324961010754 1721.586359 2.458144 1 0 0.000000
1653789326555933213 0.000000 0.000000 0 0 0.000000
1653789327471049340 1255.002837 2.185515 2 0 0.000000
1653789328556748793 0.000000 0.000000 0 0 0.000000
1653789329198947816 1727.878159 1.557150 1 0 0.000000
1653789330558647727 0.000000 0.000000 0 0 0.000000
1653789331558773344 0.000000 0.000000 0 0 0.000000
1653789332451292524 3252.330741 1.120424 1 0 0.000000
1653789333560412461 0.000000 0.000000 0 0 0.000000
1653789334025754072 1574.444025 2.148959 1 0 0.000000
1653789335560928420 0.000000 0.000000 0 0 0.000000
1653789336271081230 2245.312471 1.408148 1 0 0.000000
1653789337562191782 0.000000 0.000000 0 0 0.000000
1653789337801558532 1530.460541 4.177690 1 0 0.000000
1653789339563112371 0.000000 0.000000 0 0 0.000000
1653789340005253321 1101.831840 4.523445 2 0 0.000000
1653789341565266028 0.000000 0.000000 0 0 0.000000
1653789341833771972 1828.509604 3.724313 1 0 0.000000
1653789343566268322 0.000000 0.000000 0 0 0.000000
1653789344566747762 0.000000 0.000000 0 0 0.000000
1653789344860811185 3027.026920 3.400628 1 0 0.000000
1653789346568561753 0.000000 0.000000 0 0 0.000000
1653789347168275250 2307.450640 1.667463 1 0 0.000000
1653789348569095941 0.000000 0.000000 0 0 0.000000
1653789348989186214 1820.898400 2.380441 1 0 0.000000
1653789350212969470 1223.773367 0.817138 1 0 0.000000
1653789351571067035 0.000000 0.000000 0 0 0.000000
1653789352041665907 914.331518 4.249904 2 0 0.000000
1653789353571870763 0.000000 0.000000 0 0 0.000000
1653789354063533785 2021.854783 2.033913 1 0 0.000000
1653789355572807762 0.000000 0.000000 0 0 0.000000
1653789355687016151 1623.473139 8.755926 1 0 0.000000
1653789357292570681 1605.550052 0.622838 1 0 0.000000
1653789358574891560 0.000000 0.000000 0 0 0.000000
1653789359229075307 968.240406 3.057245 2 0 0.000000
1653789360576723323 0.000000 0.000000 0 0 0.000000
1653789361147752179 1918.667976 1.751225 1 0 0.000000
1653789362577653324 0.000000 0.000000 0 0 0.000000
1653789363578645158 0.000000 0.000000 0 0 0.000000
1653789363631359251 2483.590702 18.970259 1 0 0.000000
1653789365053670199 1422.301039 0.703081 1 0 0.000000
1653789366579427431 0.000000 0.000000 0 0 0.000000
1653789367576215993 1261.256427 2.006444 2 0 0.000000
1653789368580814967 0.000000 0.000000 0 0 0.000000
1653789369087702412 1511.470499 1.972824 1 0 0.000000
1653789370581699059 0.000000 0.000000 0 0 0.000000
1653789371102929101 2015.214656 1.918539 1 0 0.000000
1653789372508858860 1405.919450 0.711273 1 0 0.000000
1653789373584204202 0.000000 0.000000 0 0 0.000000
1653789374379387559 935.251174 2.515143 2 0 0.000000
1653789375585861591 0.000000 0.000000 0 0 0.000000
1653789375960375524 1580.975302 2.670128 1 0 0.000000
1653789377586942631 0.000000 0.000000 0 0 0.000000
1653789378256346549 2295.951349 1.493866 1 0 0.000000
1653789379587223450 0.000000 0.000000 0 0 0.000000
1653789379680663409 1424.303105 10.702066 1 0 0.000000
1653789381492806299 1812.132811 0.551833 1 0 0.000000
1653789381897487867 404.670017 2.471079 1 0 0.000000
1653789383589228575 0.000000 0.000000 0 0 0.000000
1653789384093980717 2196.482109 1.981170 1 0 0.000000
1653789385589842396 0.000000 0.000000 0 0 0.000000
1653789386534013678 2440.020177 1.059130 1 0 0.000000
1653789387590627502 0.000000 0.000000 0 0 0.000000
1653789387740737324 1206.707456 6.661790 1 0 0.000000
