1653789148587080727 0.000000 0.000000 0 0 0.000000
1653789149033093783 1446.678995 2.242087 1 0 0.000000
1653789150588821293 0.000000 0.000000 0 0 0.000000
1653789150671094119 1637.980670 12.154686 1 0 0.000000
1653789152589937768 0.000000 0.000000 0 0 0.000000
1653789153359757607 1344.316450 2.598011 2 0 0.000000
1653789154591843385 0.000000 0.000000 0 0 0.000000
1653789155190087658 1830.313470 1.671558 1 0 0.000000
1653789156425203608 1235.105290 0.809641 1 0 0.000000
1653789157592658783 0.000000 0.000000 0 0 0.000000
1653789158051138799 1625.911577 2.181120 1 0 0.000000
1653789159594476094 0.000000 0.000000 0 0 0.000000
1653789160467762412 1208.295040 2.290200 2 0 0.000000
1653789161595304246 0.000000 0.000000 0 0 0.000000
1653789162005428483 1537.656373 2.438286 1 0 0.000000
1653789163223554286 1218.116716 0.820933 1 0 0.000000
1653789164432435493 1208.861490 0.827211 1 0 0.000000
1653789165598506107 0.000000 0.000000 0 0 0.000000
1653789166550158201 1058.843681 2.101608 2 0 0.000000
1653789167599704175 0.000000 0.000000 0 0 0.000000
1653789168287060962 1736.885319 1.454849 1 0 0.000000
1653789169600538630 0.000000 0.000000 0 0 0.000000
1653789170103248927 1816.173377 1.989217 1 0 0.000000
1653789171601673620 0.000000 0.000000 0 0 0.000000
1653789172121537070 2018.273005 1.923582 1 0 0.000000
1653789173602905983 0.000000 0.000000 0 0 0.000000
1653789174459543506 1168.986166 2.334710 2 0 0.000000
1653789175603954010 0.000000 0.000000 0 0 0.000000
1653789176172969455 1713.416982 1.757422 1 0 0.000000
1653789177604793505 0.000000 0.000000 0 0 0.000000
1653789178180896965 2007.913524 1.735800 1 0 0.000000
1653789179388921142 1208.008337 0.827798 1 0 0.000000
1653789180606498175 0.000000 0.000000 0 0 0.000000
1653789181395553871 2006.613252 1.267338 1 0 0.000000
1653789181801375394 405.808408 2.464137 1 0 0.000000
1653789183426870410 1625.484897 0.615197 1 0 0.000000
1653789184608594499 0.000000 0.000000 0 0 0.000000
1653789185235055069 1808.167768 1.596270 1 0 0.000000
1653789186443163975 1208.096382 0.827740 1 0 0.000000
1653789187611114972 0.000000 0.000000 0 0 0.000000
1653789188611253672 0.000000 0.000000 0 0 0.000000
1653789189177603670 1367.206056 3.531385 2 0 0.000000
1653789190612765871 0.000000 0.000000 0 0 0.000000
1653789191583118796 2405.494438 1.030553 1 0 0.000000
1653789192613883689 0.000000 0.000000 0 0 0.000000
1653789192994963956 1411.827136 2.624119 1 0 0.000000
1653789194202498212 1207.522574 0.828134 1 0 0.000000
1653789195616517686 0.000000 0.000000 0 0 0.000000
1653789196227109265 1012.291200 3.275512 2 0 0.000000
1653789197617053962 0.000000 0.000000 0 0 0.000000
1653789197849206136 1622.090860 4.307520 1 0 0.000000
1653789199339122798 1489.901032 0.671178 1 0 0.000000
1653789200618038721 0.000000 0.000000 0 0 0.000000
1653789201542350204 2203.209121 1.081886 1 0 0.000000
1653789202619680835 0.000000 0.000000 0 0 0.000000
1653789203569660297 1013.637303 2.105309 2 0 0.000000
1653789204620944367 0.000000 0.000000 0 0 0.000000
1653789205621542180 0.000000 0.000000 0 0 0.000000
1653789205689037845 2119.361127 14.815779 1 0 0.000000
1653789206912026244 1222.973190 0.817669 1 0 0.000000
1653789208622803027 0.000000 0.000000 0 0 0.000000
1653789208927131810 2015.091991 3.285920 1 0 0.000000
1653789210623028951 0.000000 0.000000 0 0 0.000000
1653789211136088830 2208.944026 1.949090 1 0 0.000000
1653789211651657531 515.552712 1.939606 1 0 0.000000
1653789213496361748 1844.694388 0.542092 1 0 0.000000
1653789214625073842 0.000000 0.000000 0 0 0.000000
1653789214914437071 1418.059353 3.455865 1 0 0.000000
1653789216325979382 1411.526401 0.708445 1 0 0.000000
1653789217627449855 0.000000 0.000000 0 0 0.000000
1653789218151774375 912.880254 3.814432 2 0 0.000000
1653789219559693990 1407.902623 0.710268 1 0 0.000000
1653789220629476922 0.000000 0.000000 0 0 0.000000
1653789221071304666 1511.603473 2.263325 1 0 0.000000
1653789222291439526 1220.122186 0.819582 1 0 0.000000
1653789223631072009 0.000000 0.000000 0 0 0.000000
1653789224606985941 2315.537668 1.024681 1 0 0.000000
1653789225113794637 506.791674 1.973131 1 0 0.000000
1653789226631980756 0.000000 0.000000 0 0 0.000000
1653789227102130515 1988.322253 2.126982 1 0 0.000000
1653789228633310083 0.000000 0.000000 0 0 0.000000
1653789229019385943 1917.240721 2.590165 1 0 0.000000
1653789230425712066 1406.303580 0.711073 1 0 0.000000
1653789231636079516 0.000000 0.000000 0 0 0.000000
1653789232636447568 0.000000 0.000000 0 0 0.000000
1653789233258647543 1416.448838 3.214401 2 0 0.000000
1653789234637799808 0.000000 0.000000 0 0 0.000000
1653789235064984084 1806.324067 2.340910 1 0 0.000000
1653789236575617174 1510.616429 0.661974 1 0 0.000000
1653789237639367414 0.000000 0.000000 0 0 0.000000
1653789237807668028 1232.038832 5.941751 1 0 0.000000
1653789239319994930 1512.308207 0.661233 1 0 0.000000
1653789239803355547 483.344086 2.068849 1 0 0.000000
1653789241409408370 1606.044668 0.622645 1 0 0.000000
1653789242642518674 0.000000 0.000000 0 0 0.000000
1653789242927892880 1518.468440 3.504172 1 0 0.000000
1653789244139197651 1211.294752 0.825556 1 0 0.000000
1653789245643318788 0.000000 0.000000 0 0 0.000000
1653789246155026658 1007.896935 3.908480 2 0 0.000000
1653789247644783321 0.000000 0.000000 0 0 0.000000
1653789247664196179 1509.154403 51.512356 1 0 0.000000
1653789249645474049 0.000000 0.000000 0 0 0.000000
1653789249778870624 2114.663274 7.496447 1 0 0.000000
1653789251647488043 0.000000 0.000000 0 0 0.000000
1653789251792968008 2014.078418 6.873801 1 0 0.000000
1653789253631545345 919.265535 1.087798 2 0 0.000000
1653789254649224307 0.000000 0.000000 0 0 0.000000
1653789255310920229 1679.356509 1.511268 1 0 0.000000
1653789256650407220 0.000000 0.000000 0 0 0.000000
1653789257651142512 0.000000 0.000000 0 0 0.000000
1653789258249945083 2939.010958 1.670000 1 0 0.000000
1653789259643836520 1393.874385 0.717416 1 0 0.000000
1653789260652126108 0.000000 0.000000 0 0 0.000000
1653789261250540359 1606.693419 1.671083 1 0 0.000000
1653789261655486156 404.928314 2.469466 1 0 0.000000
1653789263380621346 1725.120733 0.579665 1 0 0.000000
1653789264654708773 0.000000 0.000000 0 0 0.000000
1653789264881127956 1500.494988 4.416588 1 0 0.000000
1653789266287679376 1406.532825 0.710959 1 0 0.000000
1653789267655707306 0.000000 0.000000 0 0 0.000000
1653789268511823045 2224.126637 1.168066 1 0 0.000000
1653789268917427741 405.594637 2.465455 1 0 0.000000
1653789270429476163 1512.032282 0.661354 1 0 0.000000
1653789271657788999 0.000000 0.000000 0 0 0.000000
1653789271739168857 1309.673888 12.288048 1 0 0.000000
1653789273262864479 1523.678710 0.656299 1 0 0.000000
1653789274659568440 0.000000 0.000000 0 0 0.000000
1653789275659669676 0.000000 0.000000 0 0 0.000000
1653789276191846455 1464.473294 3.758150 2 0 0.000000
1653789277660644218 0.000000 0.000000 0 0 0.000000
1653789278422649716 2230.789625 1.312327 1 0 0.000000
1653789279661486523 0.000000 0.000000 0 0 0.000000
1653789280315270218 1892.601748 1.529558 1 0 0.000000
1653789281623429752 1308.148112 0.764433 1 0 0.000000
1653789282662807432 0.000000 0.000000 0 0 0.000000
1653789283663926139 0.000000 0.000000 0 0 0.000000
1653789284144474732 1260.506480 4.161911 2 0 0.000000
1653789285664542148 0.000000 0.000000 0 0 0.000000
1653789285752057872 1607.573212 11.426523 1 0 0.000000
1653789286959348678 1207.275076 0.828301 1 0 0.000000
1653789288289429943 1330.067870 0.751834 1 0 0.000000
1653789289667880844 0.000000 0.000000 0 0 0.000000
1653789290207629057 959.081773 3.705432 2 0 0.000000
1653789291668412565 0.000000 0.000000 0 0 0.000000
1653789291898714614 1691.076309 4.342125 1 0 0.000000
1653789293668685360 0.000000 0.000000 0 0 0.000000
1653789293931770563 2033.044899 3.801051 1 0 0.000000
1653789295639137024 1707.347856 0.585697 1 0 0.000000
1653789296670873639 0.000000 0.000000 0 0 0.000000
1653789297245991827 1606.837631 1.738773 1 0 0.000000
1653789297757644781 511.640771 1.954450 1 0 0.000000
1653789299463476789 1705.817451 0.586224 1 0 0.000000
1653789300673924295 0.000000 0.000000 0 0 0.000000
1653789301661572117 2198.085429 1.012507 1 0 0.000000
1653789302675430216 0.000000 0.000000 0 0 0.000000
1653789303195989642 1534.403419 1.921010 1 0 0.000000
1653789304677434624 0.000000 0.000000 0 0 0.000000
1653789305210452874 1007.221172 3.752217 2 0 0.000000
1653789306678506541 0.000000 0.000000 0 0 0.000000
1653789306913949596 1703.487855 4.247313 1 0 0.000000
1653789308679435358 0.000000 0.000000 0 0 0.000000
1653789309680195151 0.000000 0.000000 0 0 0.000000
1653789310680722188 0.000000 0.000000 0 0 0.000000
1653789311680840657 0.000000 0.000000 0 0 0.000000
1653789312681110711 0.000000 0.000000 0 0 0.000000
1653789313681270006 0.000000 0.000000 0 0 0.000000
1653789314666642674 1626.388038 1.014844 1 0 0.000000
1653789315682779525 0.000000 0.000000 0 0 0.000000
1653789316682879258 0.000000 0.000000 0 0 0.000000
1653789317282248603 1307.785091 3.336841 2 0 0.000000
1653789318684459249 0.000000 0.000000 0 0 0.000000
1653789319685508506 0.000000 0.000000 0 0 0.000000
1653789319908959785 2626.698067 4.475249 1 0 0.000000
1653789321420549226 1511.579964 0.661555 1 0 0.000000
1653789322687553217 0.000000 0.000000 0 0 0.000000
1653789322725228913 1304.664329 26.542345 1 0 0.000000
1653789324347871265 1622.626692 0.616279 1 0 0.000000
1653789324753494546 405.606279 2.465342 1 0 0.000000
1653789326568503521 1814.999928 0.550961 1 0 0.000000
1653789327691889395 0.000000 0.000000 0 0 0.000000
1653789327775987349 1207.471756 11.890901 1 0 0.000000
1653789329693477262 0.000000 0.000000 0 0 0.000000
1653789329695067579 1919.059581 628.805452 1 0 0.000000
1653789331694569466 0.000000 0.000000 0 0 0.000000
1653789332110311846 1207.603775 4.810672 2 0 0.000000
1653789333695786666 0.000000 0.000000 0 0 0.000000
1653789333969863828 1859.535041 3.648608 1 0 0.000000
1653789335286913204 1317.034528 0.759273 1 0 0.000000
1653789336697126683 0.000000 0.000000 0 0 0.000000
1653789337201716630 1914.784610 1.981807 1 0 0.000000
1653789338698057385 0.000000 0.000000 0 0 0.000000
1653789339303775427 1051.018458 3.301867 2 0 0.000000
1653789340698842684 0.000000 0.000000 0 0 0.000000
1653789341109871760 1806.081936 2.432918 1 0 0.000000
1653789342699952492 0.000000 0.000000 0 0 0.000000
1653789343528351335 2418.466701 1.207148 1 0 0.000000
1653789344701097457 0.000000 0.000000 0 0 0.000000
1653789344759756381 1231.390880 17.047719 1 0 0.000000
1653789346702733513 0.000000 0.000000 0 0 0.000000
1653789347374675582 1307.448745 2.976447 2 0 0.000000
1653789348703862558 0.000000 0.000000 0 0 0.000000
1653789349496027042 2121.335350 1.262364 1 0 0.000000
1653789350705181950 0.000000 0.000000 0 0 0.000000
1653789350735798816 1239.753259 32.661769 1 0 0.000000
1653789352238571846 1502.767810 0.665436 1 0 0.000000
1653789353706344054 0.000000 0.000000 0 0 0.000000
1653789354706404124 0.000000 0.000000 0 0 0.000000
1653789355707420349 0.000000 0.000000 0 0 0.000000
1653789356707638887 0.000000 0.000000 0 0 0.000000
1653789357186144101 4947.557497 2.089842 1 0 0.000000
1653789358708532660 0.000000 0.000000 0 0 0.000000
1653789358724411690 1538.255546 62.976337 1 0 0.000000
1653789360708861031 0.000000 0.000000 0 0 0.000000
1653789361221977845 1248.768411 3.897748 2 0 0.000000
1653789362710840403 0.000000 0.000000 0 0 0.000000
1653789363710960997 0.000000 0.000000 0 0 0.000000
1653789363944149657 2722.159048 4.288374 1 0 0.000000
1653789365350641867 1406.480928 0.710989 1 0 0.000000
1653789366556788765 1206.128213 0.829086 1 0 0.000000
1653789367712384128 0.000000 0.000000 0 0 0.000000
1653789368367809539 905.498570 3.051453 2 0 0.000000
1653789369714293409 0.000000 0.000000 0 0 0.000000
1653789370604376740 2236.549117 1.123490 1 0 0.000000
1653789371715661834 0.000000 0.000000 0 0 0.000000
1653789372335695759 1731.303740 1.612815 1 0 0.000000
1653789373545312946 1209.604483 0.826708 1 0 0.000000
1653789374716801616 0.000000 0.000000 0 0 0.000000
1653789375565053915 1009.859488 2.357789 2 0 0.000000
1653789376717727310 0.000000 0.000000 0 0 0.000000
1653789377718745830 0.000000 0.000000 0 0 0.000000
1653789378158288841 2593.218485 2.275090 1 0 0.000000
1653789379718917286 0.000000 0.000000 0 0 0.000000
1653789379876110264 1717.806996 6.361609 1 0 0.000000
1653789381681498838 1805.374357 0.553897 1 0 0.000000
1653789382720548252 0.000000 0.000000 0 0 0.000000
1653789383487537953 1806.021543 1.303798 1 0 0.000000
1653789383908947350 421.397204 2.372989 1 0 0.000000
