1652140230466986506 407.331868 0.000000
1652140230725521385 204.400214 0.000000
1652140231062173823 315.418053 0.000000
1652140231324984167 204.016355 0.000000
1652140231560970163 204.104926 0.000000
1652140231897859114 204.318812 0.000000
1652140232189769740 204.211950 0.000000
1652140232419227017 204.040376 0.000000
1652140232721015779 204.228807 0.000000
1652140233111571436 204.257296 0.000000
1652140233474006348 204.297672 0.000000
1652140233842131904 204.357201 0.000000
1652140234230666582 204.266516 0.000000
1652140234445021383 204.089070 0.000000
1652140234678109569 204.428506 0.000000
1652140234911064656 204.199842 0.000000
1652140235406170722 203.382275 0.000000
1652140235705999219 204.098712 0.000000
1652140236207790652 283.018424 0.000000
1652140236441182719 204.226529 0.000000
1652140236840554197 204.298454 0.000000
1652140237083525320 204.213246 0.000000
1652140237499485509 204.353496 0.000000
1652140237712605797 204.261366 0.000000
1652140237937412783 203.709831 0.000000
1652140238158635414 204.119706 0.000000
1652140238371972088 204.173323 0.000000
1652140238714894202 204.298728 0.000000
1652140238953805103 204.331941 0.000000
1652140239235246217 204.254175 0.000000
1652140239643997374 204.350147 0.000000
1652140239974940704 204.232414 0.000000
1652140240333081634 204.199952 0.000000
1652140240561164463 204.222788 0.000000
1652140240857588491 204.452425 0.000000
1652140241797751517 912.952103 0.000000
1652140242300088205 204.318327 0.000000
1652140242713003402 204.273840 0.000000
1652140243043034402 204.358240 0.000000
1652140243266537491 204.209868 0.000000
1652140243600532672 204.276696 0.000000
1652140243835138470 204.370081 0.000000
1652140244073399222 204.361080 0.000000
1652140244605500625 204.192982 0.000000
1652140244818490106 204.004878 0.000000
1652140245063016388 204.236139 0.000000
1652140245344869147 204.240923 0.000000
1652140245920207363 204.464895 0.000000
1652140246482492259 204.220019 0.000000
1652140246961039226 204.122912 0.000000
1652140247521821093 204.110924 0.000000
1652140248352333528 608.809562 0.000000
1652140248768583639 204.292417 0.000000
1652140249050494359 204.126340 0.000000
1652140249362215547 204.264395 0.000000
1652140249587197728 204.526385 0.000000
1652140249797822643 204.048028 0.000000
1652140250073810331 203.680042 0.000000
1652140250279662340 204.048750 0.000000
1652140250570112591 204.181789 0.000000
1652140250789355985 204.048529 0.000000
1652140251248295929 207.072824 0.000000
1652140251638201755 204.198318 0.000000
1652140251911470479 204.506792 0.000000
1652140252190246989 204.422129 0.000000
1652140252398249756 203.618462 0.000000
1652140252722182496 204.399934 0.000000
1652140252956895637 204.211412 0.000000
1652140253422154675 204.191098 0.000000
1652140253649860080 204.204495 0.000000
1652140254018360001 204.238719 0.000000
1652140254300538722 204.231385 0.000000
1652140254764587674 204.269427 0.000000
1652140255062487116 204.438971 0.000000
1652140255294058610 204.367896 0.000000
1652140255541291303 204.116337 0.000000
1652140255755880631 204.004577 0.000000
1652140256117824039 358.942294 0.000000
1652140256875778059 614.390328 0.000000
1652140257145465506 204.210844 0.000000
1652140257428873487 204.262757 0.000000
1652140257673298076 204.056942 0.000000
1652140257906794309 204.160580 0.000000
1652140258329024311 204.302982 0.000000
1652140258564975412 203.420217 0.000000
1652140258903537134 204.305588 0.000000
1652140259223450804 204.231281 0.000000
1652140259604821864 204.270256 0.000000
1652140259918822372 204.327191 0.000000
1652140260170572243 204.132288 0.000000
1652140260404203851 204.240135 0.000000
1652140260613475000 204.155322 0.000000
1652140260865945150 204.290903 0.000000
1652140261261077828 207.439340 0.000000
1652140261513791619 204.208104 0.000000
1652140261872014477 204.607748 0.000000
1652140262521267419 614.060174 0.000000
1652140262857246748 204.421975 0.000000
1652140263063215947 204.106986 0.000000
1652140263304786100 204.163373 0.000000
1652140263817314579 204.229561 0.000000
1652140264027864727 204.313071 0.000000
1652140264279304774 203.688181 0.000000
1652140264636474518 204.447180 0.000000
1652140264980687683 204.398444 0.000000
1652140265351764565 204.187684 0.000000
1652140265628062334 203.578432 0.000000
1652140265844546274 204.391050 0.000000
1652140266157244428 243.475253 0.000000
1652140266481987260 204.336844 0.000000
1652140266713765034 204.192919 0.000000
1652140266949482816 204.191900 0.000000
1652140267195583495 204.142655 0.000000
1652140267475511980 204.246824 0.000000
1652140267886229590 204.458293 0.000000
1652140268201014240 204.329092 0.000000
1652140268443358655 204.214125 0.000000
1652140268759749082 204.380863 0.000000
1652140269038684756 204.306052 0.000000
1652140269412363944 204.291545 0.000000
1652140269660209634 204.437625 0.000000
1652140269932042513 204.080039 0.000000
1652140270365106970 204.272988 0.000000
1652140270702140689 204.366169 0.000000
1652140271097375606 287.525212 0.000000
1652140271716066104 204.322945 0.000000
1652140271984925515 204.285485 0.000000
1652140272294997646 204.355010 0.000000
1652140272519377252 204.114176 0.000000
1652140272891421922 204.329243 0.000000
1652140273288923339 204.252508 0.000000
1652140273697949377 204.383566 0.000000
1652140273947050505 204.155776 0.000000
1652140274253737168 203.994156 0.000000
1652140274485247941 204.153039 0.000000
1652140274712786524 204.006254 0.000000
1652140275023185649 204.172424 0.000000
1652140275290132977 204.171693 0.000000
1652140275605782216 204.420642 0.000000
1652140275870805213 204.136962 0.000000
1652140276169372726 296.666784 0.000000
1652140276544557304 204.553502 0.000000
1652140276963723965 204.361705 0.000000
1652140277343981246 204.330873 0.000000
1652140277922364669 204.295895 0.000000
1652140278165317958 204.108543 0.000000
1652140278444764454 203.417447 0.000000
1652140278807720526 204.262043 0.000000
1652140279099660511 204.149512 0.000000
1652140279462645989 204.301007 0.000000
1652140279988292820 204.425527 0.000000
1652140280383998773 204.132332 0.000000
1652140280605567097 203.511072 0.000000
1652140280854282320 204.220774 0.000000
1652140281283713129 267.116185 0.000000
1652140281551561989 204.384104 0.000000
1652140281837297940 204.138736 0.000000
1652140282101956627 204.365490 0.000000
1652140282675873396 204.254035 0.000000
1652140282902742398 204.206033 0.000000
1652140283666743878 610.173500 0.000000
1652140283967266868 204.225675 0.000000
1652140284214852210 204.265501 0.000000
1652140284436472608 204.329263 0.000000
1652140284774151886 204.470428 0.000000
1652140285041254369 204.235990 0.000000
1652140285309189539 204.360258 0.000000
1652140285635332500 204.399780 0.000000
1652140285872153299 204.320370 0.000000
1652140286216131929 301.579074 0.000000
1652140286487786367 204.270000 0.000000
1652140287132924582 613.767530 0.000000
1652140287447777875 204.431825 0.000000
1652140287686724999 204.301809 0.000000
1652140287891431413 203.787024 0.000000
1652140288168579571 203.856002 0.000000
1652140288407098883 204.201127 0.000000
1652140288621359455 204.150123 0.000000
1652140288995706527 204.252595 0.000000
1652140289244541359 204.277242 0.000000
1652140289512438364 204.551042 0.000000
1652140289750858696 204.229728 0.000000
1652140290031254475 204.259066 0.000000
1652140290234550777 202.945206 0.000000
1652140290461562004 203.868672 0.000000
1652140290792994860 204.375578 0.000000
1652140291186027780 284.420326 0.000000
1652140291403631498 203.898407 0.000000
1652140291854524275 203.888271 0.000000
1652140292190865957 204.522633 0.000000
1652140292460918187 204.375568 0.000000
1652140292688586763 204.237025 0.000000
1652140292902134758 203.554170 0.000000
1652140293249133919 204.321856 0.000000
1652140293466473694 204.347031 0.000000
1652140293718599785 204.089556 0.000000
1652140293957308367 204.173811 0.000000
1652140294218491238 204.258886 0.000000
1652140294426959950 204.373125 0.000000
1652140294702284576 203.960338 0.000000
1652140294986317819 204.274038 0.000000
1652140295225716838 204.327586 0.000000
1652140295443266648 204.101721 0.000000
1652140295780921853 204.171553 0.000000
1652140296359126271 226.616585 0.000000
1652140296598813570 204.080194 0.000000
1652140297066549116 204.284946 0.000000
1652140297338360406 204.246363 0.000000
1652140297876740752 204.352337 0.000000
1652140298265863590 204.434240 0.000000
1652140298572750054 204.225733 0.000000
1652140298845447006 204.439710 0.000000
1652140299063078646 204.200270 0.000000
1652140299307550866 204.376226 0.000000
1652140299513415212 204.100571 0.000000
1652140299763265764 204.561018 0.000000
1652140300030005837 203.664607 0.000000
1652140300362371477 204.165953 0.000000
1652140300695511085 204.243346 0.000000
1652140300901550247 204.074814 0.000000
1652140301289628107 263.437415 0.000000
1652140301514515104 204.377318 0.000000
1652140301720502098 204.134039 0.000000
1652140302406748403 613.577459 0.000000
1652140302673719161 204.314763 0.000000
1652140302952830146 204.340787 0.000000
1652140303239066272 204.417095 0.000000
1652140303622335174 204.427140 0.000000
1652140303840013939 204.408659 0.000000
1652140304148071032 204.358331 0.000000
1652140304397850605 204.124036 0.000000
1652140304621630205 203.546425 0.000000
1652140304968132945 204.270861 0.000000
1652140305228818617 204.096803 0.000000
1652140305619803588 204.395477 0.000000
1652140305924561627 204.194764 0.000000
1652140306455176249 204.158513 0.000000
1652140306716309365 205.437709 0.000000
1652140307007446630 204.359504 0.000000
1652140307639625509 614.748654 0.000000
1652140307871135438 204.352692 0.000000
1652140308142687832 204.198576 0.000000
1652140308562915958 203.783818 0.000000
1652140309179367137 609.164307 0.000000
1652140309571435412 204.481862 0.000000
1652140309812096220 204.321075 0.000000
1652140310266872731 204.244456 0.000000
1652140310583518616 204.493352 0.000000
1652140310877949876 204.262956 0.000000
1652140311220936377 294.329583 0.000000
1652140311547741498 204.232151 0.000000
1652140311896503526 204.320761 0.000000
1652140312573668894 204.136268 0.000000
1652140312782873422 205.045860 0.000000
1652140313098655036 204.221857 0.000000
1652140313378565449 204.402634 0.000000
1652140313866369544 203.843152 0.000000
1652140314094151707 204.196982 0.000000
1652140314380869969 204.184752 0.000000
1652140314680094519 204.262715 0.000000
1652140314896343014 204.202736 0.000000
1652140315128833267 203.872249 0.000000
1652140315396544918 204.287693 0.000000
1652140315624947712 204.273474 0.000000
1652140315898333427 203.404916 0.000000
1652140316230147801 306.987827 0.000000
1652140316627698815 204.354549 0.000000
1652140316966587985 204.331743 0.000000
1652140317255867343 204.411846 0.000000
1652140317511576224 204.287978 0.000000
1652140317756180218 204.155377 0.000000
1652140318037150337 204.329854 0.000000
1652140318386740382 204.332628 0.000000
1652140318612568502 204.394749 0.000000
1652140318863496595 204.089164 0.000000
1652140319078125609 203.740236 0.000000
1652140319376111677 204.348990 0.000000
1652140319591078895 204.171406 0.000000
1652140319805729098 203.358037 0.000000
1652140320218632001 204.324139 0.000000
1652140320460224628 204.411044 0.000000
1652140320720494596 204.357518 0.000000
1652140321205713492 299.886728 0.000000
1652140321504513918 204.188312 0.000000
1652140321887739567 204.330360 0.000000
1652140322152614474 204.226695 0.000000
1652140322564382270 204.338411 0.000000
1652140322817838726 204.324610 0.000000
1652140323051526211 203.412975 0.000000
1652140323341357584 204.306398 0.000000
1652140323591421376 204.400636 0.000000
1652140323888688621 204.575065 0.000000
1652140324186958640 204.480893 0.000000
1652140324601790091 204.413419 0.000000
1652140324987474673 204.339440 0.000000
1652140325289319136 204.457526 0.000000
1652140325581272506 204.281045 0.000000
1652140325920800493 204.440463 0.000000
1652140326258036444 332.896796 0.000000
1652140326526216237 204.139505 0.000000
1652140326836064829 204.422681 0.000000
1652140327073456324 204.275672 0.000000
1652140327372356111 204.318919 0.000000
1652140327677196095 204.138974 0.000000
1652140328130142235 204.537753 0.000000
1652140328491911922 204.264376 0.000000
1652140328717472524 204.295889 0.000000
1652140329105628483 204.552840 0.000000
1652140329342992343 204.294881 0.000000
1652140329809921543 204.339795 0.000000
1652140330049469899 204.145366 0.000000
1652140330330156603 204.377797 0.000000
1652140330559654242 203.230313 0.000000
1652140331006731745 204.099472 0.000000
1652140331335835552 247.333669 0.000000
1652140331598836134 204.229054 0.000000
1652140331881460547 204.295546 0.000000
1652140332168477811 204.277878 0.000000
1652140332431881816 204.265482 0.000000
1652140332981010727 204.274406 0.000000
1652140333437789009 204.308158 0.000000
1652140333658797735 204.245281 0.000000
1652140334067513589 204.181409 0.000000
1652140334355571933 204.416192 0.000000
1652140334615748641 204.478818 0.000000
1652140334877587550 204.312377 0.000000
1652140335417710004 204.300648 0.000000
1652140335636518330 204.454051 0.000000
1652140335858749340 204.294483 0.000000
1652140336092793412 204.437305 0.000000
1652140336444041868 216.697875 0.000000
1652140336655785342 203.762646 0.000000
1652140336898568221 204.290393 0.000000
1652140337110337421 204.192656 0.000000
1652140337376914813 204.571444 0.000000
1652140337701115488 204.240189 0.000000
1652140337983795416 204.314167 0.000000
1652140338208598939 203.871004 0.000000
1652140338454528665 204.397522 0.000000
1652140338730680947 204.290497 0.000000
1652140339115614621 204.218874 0.000000
1652140339419675312 204.392577 0.000000
1652140339681315208 204.332719 0.000000
1652140339957224264 204.358742 0.000000
1652140340419233048 204.266969 0.000000
1652140340654607399 204.382862 0.000000
1652140340975750272 204.372855 0.000000
1652140341882578752 610.233699 0.000000
1652140342110577019 204.157053 0.000000
1652140342418523910 204.244847 0.000000
1652140342697536016 204.291914 0.000000
1652140343125799016 204.427122 0.000000
1652140343559252430 204.395137 0.000000
1652140343878464991 204.534525 0.000000
1652140344123707044 204.232415 0.000000
1652140344359519026 204.298877 0.000000
1652140344704253803 204.180180 0.000000
1652140344968705144 204.466744 0.000000
1652140345253590505 204.503035 0.000000
1652140345556245628 204.251349 0.000000
1652140345836347915 204.457436 0.000000
1652140346065778695 203.645091 0.000000
1652140346326558948 247.761429 0.000000
1652140346585341746 204.368402 0.000000
1652140346856625884 204.452942 0.000000
1652140347064030934 204.176549 0.000000
1652140347385065883 204.391843 0.000000
1652140347601929427 204.311907 0.000000
1652140347809105325 204.162473 0.000000
1652140348017186669 203.616819 0.000000
1652140348431338640 204.368348 0.000000
1652140348705310155 204.417803 0.000000
1652140349141365136 204.313534 0.000000
1652140349435538569 204.361332 0.000000
1652140349706328146 204.331088 0.000000
1652140349988846188 204.518895 0.000000
1652140350208837607 204.281864 0.000000
1652140350429203237 204.532647 0.000000
1652140350792383649 204.429771 0.000000
1652140351083717625 204.393931 0.000000
1652140351356316322 261.440455 0.000000
1652140351681504639 204.395468 0.000000
1652140352466350696 610.413561 0.000000
1652140352672273544 204.138389 0.000000
1652140352952659625 204.374546 0.000000
1652140353283761663 204.487144 0.000000
1652140353525954584 204.382571 0.000000
1652140353861876534 204.493657 0.000000
1652140354098871626 204.425431 0.000000
1652140354838916914 613.590658 0.000000
1652140355077875409 204.181476 0.000000
1652140355311590987 204.377554 0.000000
1652140355516853489 204.526112 0.000000
1652140355911493613 204.580899 0.000000
1652140356226350092 277.603533 0.000000
1652140356563842192 204.036736 0.000000
1652140356783534763 204.370299 0.000000
1652140357216763448 204.430272 0.000000
1652140357459808404 204.453206 0.000000
1652140357686527665 204.500536 0.000000
1652140357906125402 204.374045 0.000000
1652140358200754810 204.298462 0.000000
1652140358412084149 204.279765 0.000000
1652140358654340704 204.275098 0.000000
1652140359174215467 204.428779 0.000000
1652140359827405117 608.760749 0.000000
1652140360070533357 204.220681 0.000000
1652140360352496684 204.296590 0.000000
1652140360670612588 204.367717 0.000000
1652140360949335546 204.191868 0.000000
1652140361530424104 237.011203 0.000000
1652140361810965482 204.525650 0.000000
1652140362040518508 204.497961 0.000000
1652140362313390935 204.248493 0.000000
1652140362532304749 204.235439 0.000000
1652140362797143062 204.541973 0.000000
1652140363036586742 204.352375 0.000000
1652140363320770283 204.268138 0.000000
1652140363798856776 204.433095 0.000000
1652140364128122415 204.287628 0.000000
1652140364538188612 204.135082 0.000000
1652140364919408381 204.431074 0.000000
1652140365135927143 204.210012 0.000000
1652140365419625979 204.242191 0.000000
1652140365679602081 204.223665 0.000000
1652140365922340150 203.992530 0.000000
1652140366128677373 204.298633 0.000000
1652140366497777859 296.648600 0.000000
1652140366783733389 204.291630 0.000000
1652140366999347864 204.264580 0.000000
1652140367207699474 204.236331 0.000000
1652140367878081323 614.626619 0.000000
1652140368225191247 204.371412 0.000000
1652140368606087060 204.285920 0.000000
1652140368930196439 203.464551 0.000000
1652140369154868844 204.349982 0.000000
1652140370026236597 204.227217 0.000000
1652140370388578733 204.540960 0.000000
1652140370983235586 204.462437 0.000000
1652140371355404886 369.193919 0.000000
1652140371563382309 204.166308 0.000000
1652140371835552306 204.424091 0.000000
1652140372069233270 203.968716 0.000000
1652140372337686911 203.550970 0.000000
1652140372990882993 204.337650 0.000000
1652140373218553258 204.546163 0.000000
1652140373726041234 204.182305 0.000000
1652140374003074059 204.424332 0.000000
1652140374259411841 204.467597 0.000000
1652140374696106351 204.504408 0.000000
1652140375174430498 203.635379 0.000000
1652140375604977633 204.410300 0.000000
1652140375811217924 204.156873 0.000000
1652140376026994328 204.285953 0.000000
1652140376362513217 334.665133 0.000000
1652140377043150965 614.079670 0.000000
1652140377275956652 204.383026 0.000000
1652140377537244767 204.402922 0.000000
1652140377968577768 204.439841 0.000000
1652140378189590130 204.365159 0.000000
1652140378458454053 204.652002 0.000000
1652140378881156173 204.378653 0.000000
1652140379107445170 204.236094 0.000000
1652140379340391608 204.416407 0.000000
1652140379552586345 204.250384 0.000000
1652140379889881942 204.435746 0.000000
1652140380125644206 204.151150 0.000000
1652140380501423373 204.356905 0.000000
1652140380747082072 204.363253 0.000000
1652140380967629014 204.184049 0.000000
1652140381388493758 279.399719 0.000000
1652140381597351306 204.117487 0.000000
1652140381852450941 204.477105 0.000000
1652140382100082334 204.316856 0.000000
1652140382344677067 204.362729 0.000000
1652140382650643052 204.310862 0.000000
1652140382907623666 204.282428 0.000000
1652140383120637980 204.256525 0.000000
1652140383383696485 204.470209 0.000000
1652140383851937405 204.380741 0.000000
1652140384081050784 204.506183 0.000000
1652140384458434141 204.489143 0.000000
1652140384892919788 203.617414 0.000000
1652140385099935072 204.069897 0.000000
1652140385358090614 204.371767 0.000000
1652140385790370796 204.568281 0.000000
1652140386002876099 204.296618 0.000000
1652140386375841464 320.760995 0.000000
1652140386848363774 204.438388 0.000000
1652140387474819206 609.374959 0.000000
1652140387783525507 204.596463 0.000000
1652140388271692171 204.602974 0.000000
1652140388595927336 204.473079 0.000000
1652140388803447560 204.381536 0.000000
1652140389060217975 204.410861 0.000000
1652140389676486345 610.395805 0.000000
1652140389900601948 204.264010 0.000000
1652140390358625938 204.350561 0.000000
1652140390636634297 204.423203 0.000000
1652140390969824334 204.519630 0.000000
1652140391196885571 204.421890 0.000000
1652140391524678717 294.480856 0.000000
1652140392147915873 614.485942 0.000000
1652140392399463422 204.322272 0.000000
1652140392646697764 204.459458 0.000000
1652140392929782198 204.481755 0.000000
1652140393266719859 204.308256 0.000000
1652140393629293761 204.673328 0.000000
1652140394263831256 615.344030 0.000000
1652140394503594286 204.352462 0.000000
1652140394790695176 204.785680 0.000000
1652140395082725764 204.366778 0.000000
1652140395360838529 204.382659 0.000000
1652140395661483161 204.271937 0.000000
1652140395922616509 204.301019 0.000000
1652140396382314892 322.377390 0.000000
1652140397038680637 204.472638 0.000000
1652140397570873264 204.233719 0.000000
1652140397886722804 204.282870 0.000000
1652140398397154531 204.225794 0.000000
1652140398800705164 203.499380 0.000000
1652140399071484044 204.458887 0.000000
1652140399293003225 204.499511 0.000000
1652140399575777270 204.415231 0.000000
1652140400437822648 614.780317 0.000000
1652140400655499599 204.418720 0.000000
1652140400921219082 204.548341 0.000000
1652140401201021322 204.504105 0.000000
1652140402057621246 814.011680 0.000000
1652140402301712659 204.352212 0.000000
1652140402594491778 204.476761 0.000000
1652140402800244859 204.024211 0.000000
1652140403013305632 204.333732 0.000000
1652140403478059284 204.235032 0.000000
1652140403738175993 204.304526 0.000000
1652140404045514913 204.671869 0.000000
1652140404376481824 204.325249 0.000000
1652140404674205162 204.423537 0.000000
1652140405445954483 610.586851 0.000000
1652140405750169778 204.482387 0.000000
1652140405993682377 204.276081 0.000000
1652140406418615553 367.769298 0.000000
1652140406639214289 204.401740 0.000000
1652140406912605738 204.457480 0.000000
1652140407579189062 204.359708 0.000000
1652140408328234824 613.504129 0.000000
1652140408531493957 202.893523 0.000000
1652140408796066328 204.631207 0.000000
1652140409093966922 204.556383 0.000000
1652140409297459687 203.273074 0.000000
1652140409632500495 204.599466 0.000000
1652140410284831157 614.175017 0.000000
1652140410529301739 204.232817 0.000000
1652140410810201536 204.395776 0.000000
1652140411055680861 204.192781 0.000000
1652140411426936499 297.881644 0.000000
1652140411778210310 204.401406 0.000000
1652140411985604272 204.291640 0.000000
1652140412244058493 203.750441 0.000000
1652140412538841860 204.358726 0.000000
1652140412831863010 204.463634 0.000000
1652140413215395526 204.421820 0.000000
1652140413808494703 204.640379 0.000000
1652140414180749389 204.550703 0.000000
1652140414407282898 204.470192 0.000000
1652140414754436702 204.486023 0.000000
1652140414979167507 204.391753 0.000000
1652140415216113237 204.228852 0.000000
1652140415452947940 204.377541 0.000000
1652140415959457421 204.496669 0.000000
1652140416426719764 321.472091 0.000000
1652140416682093299 204.307444 0.000000
1652140416922146147 204.299165 0.000000
1652140417234255264 204.313803 0.000000
1652140417578597345 204.485188 0.000000
1652140417859066457 204.558819 0.000000
1652140418077693475 204.333935 0.000000
1652140418366939193 204.726539 0.000000
1652140418713298502 204.424397 0.000000
1652140418988249754 204.133365 0.000000
1652140419345999634 204.425184 0.000000
1652140419660154528 204.490347 0.000000
1652140419884444106 204.516256 0.000000
1652140420191797580 204.521538 0.000000
1652140420427846689 204.608541 0.000000
1652140420731018478 204.522581 0.000000
1652140420997892151 204.637185 0.000000
1652140421535633213 276.039170 0.000000
1652140421820499861 204.235513 0.000000
1652140422137736904 204.567525 0.000000
1652140422584691473 204.600378 0.000000
1652140422879523744 204.513213 0.000000
1652140423168311780 204.417309 0.000000
1652140423549061330 204.623720 0.000000
1652140423847992028 204.475703 0.000000
1652140424481819087 204.416868 0.000000
1652140424744627380 204.389788 0.000000
1652140425414280439 610.451977 0.000000
1652140425629803424 204.308487 0.000000
1652140425971404273 204.401089 0.000000
1652140426247604131 204.238473 0.000000
1652140426600418133 234.835328 0.000000
1652140427003099818 203.928505 0.000000
1652140427242741175 204.307223 0.000000
1652140427940617832 614.016846 0.000000
1652140428155918423 204.145490 0.000000
1652140428468779824 204.359288 0.000000
1652140429187706944 609.126142 0.000000
1652140429404601161 204.443213 0.000000
1652140429739969079 204.432515 0.000000
1652140430043819275 204.157765 0.000000
1652140430342909892 204.695533 0.000000
1652140430575148928 204.335159 0.000000
1652140430833658277 204.058214 0.000000
1652140431225540733 204.240747 0.000000
1652140431499169000 267.357565 0.000000
1652140431748172647 204.255012 0.000000
1652140432489381088 614.976943 0.000000
1652140432701360825 204.532641 0.000000
1652140432981539521 204.374179 0.000000
1652140433191083792 204.312927 0.000000
1652140433455726860 204.724070 0.000000
1652140433880976928 204.587837 0.000000
1652140434150232289 204.526764 0.000000
1652140434426146553 204.243395 0.000000
1652140434782393095 204.324697 0.000000
1652140435256122148 204.522959 0.000000
1652140435480837209 204.113794 0.000000
1652140435773596417 204.584458 0.000000
1652140436077560848 203.862098 0.000000
1652140436483051553 329.631511 0.000000
1652140436820942694 204.276145 0.000000
1652140437175256405 204.520226 0.000000
1652140437473584481 204.559207 0.000000
1652140438050231376 204.603372 0.000000
1652140438717446882 613.769540 0.000000
1652140439220866326 204.365513 0.000000
1652140439470142968 204.324022 0.000000
1652140439811457735 204.500756 0.000000
1652140440080758410 204.719336 0.000000
1652140440324202763 204.467300 0.000000
1652140440628158194 204.455459 0.000000
1652140440865476469 204.626914 0.000000
1652140441244902907 204.578195 0.000000
1652140441590827292 298.633806 0.000000
1652140442501568735 814.933311 0.000000
1652140442849057692 204.388376 0.000000
1652140443077304115 204.582133 0.000000
1652140443439448863 204.574926 0.000000
1652140443700562452 204.198060 0.000000
1652140443916895289 204.557242 0.000000
1652140444328770574 204.733863 0.000000
1652140444776141235 204.564890 0.000000
1652140445494307339 614.687284 0.000000
1652140445811429337 204.493307 0.000000
1652140446175955888 204.574699 0.000000
1652140446720500074 244.363933 0.000000
1652140446994266683 204.179372 0.000000
1652140447292937717 204.337461 0.000000
1652140447518906630 204.455428 0.000000
1652140447754596112 203.967614 0.000000
1652140448222324542 204.340400 0.000000
1652140448653719010 204.487520 0.000000
1652140448900863702 204.252757 0.000000
1652140449252340011 204.617275 0.000000
1652140449458931066 204.419402 0.000000
1652140449720174133 204.474987 0.000000
1652140449984195025 204.564887 0.000000
1652140450295750785 204.524806 0.000000
1652140450879776305 204.469047 0.000000
1652140451134379913 204.351607 0.000000
1652140451575457301 258.226351 0.000000
1652140451807161766 204.457537 0.000000
1652140452188242411 204.459886 0.000000
1652140452580450053 203.780732 0.000000
1652140453258877223 204.376598 0.000000
1652140453537604279 204.589577 0.000000
1652140453886188325 204.598154 0.000000
1652140454314319016 204.368119 0.000000
1652140454548275796 204.717746 0.000000
1652140454768929514 204.791548 0.000000
1652140455219419437 204.542124 0.000000
1652140455628402108 204.590841 0.000000
1652140455840764112 204.373103 0.000000
1652140456127087373 204.352783 0.000000
1652140456718161754 221.627775 0.000000
1652140457264271363 204.694355 0.000000
1652140457583486399 204.551766 0.000000
1652140457938552960 204.258588 0.000000
1652140458221661200 204.353194 0.000000
1652140458484008424 204.685935 0.000000
1652140458712907599 204.454985 0.000000
1652140458977527297 204.613039 0.000000
1652140459263676055 204.392936 0.000000
1652140459575758357 204.402419 0.000000
1652140460337224565 613.367225 0.000000
1652140460795143749 204.382075 0.000000
1652140461111281070 204.534286 0.000000
1652140461362269101 204.489962 0.000000
1652140461670937202 255.499652 0.000000
1652140461920747439 204.497273 0.000000
1652140462399907954 204.702290 0.000000
1652140462823407182 204.482151 0.000000
1652140463067570466 204.497296 0.000000
1652140463289661408 204.395242 0.000000
1652140463642029710 204.458219 0.000000
1652140463861145580 204.295834 0.000000
1652140464171406927 204.369165 0.000000
1652140464403888685 204.597823 0.000000
1652140464656047870 204.367241 0.000000
1652140464946048120 204.387077 0.000000
1652140465283216376 204.615425 0.000000
1652140465668684937 204.530083 0.000000
1652140465952066721 204.666484 0.000000
1652140466248458528 204.530141 0.000000
1652140466717352908 329.938646 0.000000
1652140466941770896 204.269570 0.000000
1652140467172586717 204.245573 0.000000
1652140467441776630 204.464550 0.000000
1652140467681519935 204.443357 0.000000
1652140467891167222 204.418152 0.000000
1652140468127595664 203.906746 0.000000
1652140468417423187 204.435941 0.000000
1652140468651251966 204.591630 0.000000
1652140468939159287 204.355957 0.000000
1652140469222358145 204.472392 0.000000
1652140469676815604 204.687940 0.000000
1652140469925719288 204.378446 0.000000
1652140470475857703 204.627439 0.000000
1652140470696123332 204.508733 0.000000
1652140470919413712 204.665360 0.000000
1652140471205257574 204.476274 0.000000
1652140471576941477 357.833163 0.000000
1652140472073565583 204.505503 0.000000
1652140472354968953 204.518583 0.000000
1652140472606553415 204.682410 0.000000
1652140472817129597 204.388631 0.000000
1652140473287821740 204.309473 0.000000
1652140473585272772 204.483361 0.000000
1652140473888000146 204.243740 0.000000
1652140474154349329 204.433684 0.000000
1652140474851336297 613.131356 0.000000
1652140475099095191 204.498863 0.000000
1652140475356780002 204.287471 0.000000
1652140475631809520 204.384189 0.000000
1652140475842551786 204.072107 0.000000
1652140476209753768 204.463541 0.000000
1652140476589363804 336.477722 0.000000
1652140477264277890 614.569924 0.000000
1652140477502703239 204.508649 0.000000
1652140477938726062 204.337889 0.000000
1652140478197751295 204.410804 0.000000
1652140478431131006 204.634733 0.000000
1652140478773640301 204.547409 0.000000
1652140479074887560 204.477638 0.000000
1652140479345280125 204.564152 0.000000
1652140479724146694 204.699581 0.000000
1652140479975955081 204.582010 0.000000
1652140480319152858 204.620469 0.000000
1652140480551711846 204.585980 0.000000
1652140480900162980 204.520000 0.000000
1652140481237209325 204.511706 0.000000
1652140481606471816 273.422325 0.000000
1652140481859074839 230.177372 0.000000
1652140482113136737 203.819258 0.000000
1652140482429841572 204.707886 0.000000
1652140482660770133 204.556454 0.000000
1652140482886193597 204.448149 0.000000
1652140483200222512 204.415442 0.000000
1652140483480236369 204.519929 0.000000
1652140483692779073 204.625425 0.000000
1652140484331710566 609.190446 0.000000
1652140484557022490 204.414153 0.000000
1652140484872277896 204.441857 0.000000
1652140485331020470 204.584991 0.000000
1652140485579830384 204.648960 0.000000
1652140485907980585 204.658367 0.000000
1652140486291119295 204.701892 0.000000
1652140486748458848 288.687467 0.000000
1652140487003909254 204.557146 0.000000
1652140487217836550 204.412529 0.000000
1652140487442011826 204.288741 0.000000
1652140487811803268 204.583126 0.000000
1652140488202206303 204.556872 0.000000
1652140488517914870 204.739112 0.000000
1652140488763342222 204.243062 0.000000
1652140489337908977 204.444056 0.000000
1652140489773629387 204.589863 0.000000
1652140489981167252 204.491232 0.000000
1652140490259201703 204.403288 0.000000
1652140490800820967 204.826014 0.000000
1652140491204353357 203.629604 0.000000
1652140491630752536 314.532026 0.000000
1652140491908739590 203.536647 0.000000
1652140492206940076 204.572943 0.000000
1652140492828209006 614.511191 0.000000
1652140493064602698 204.533765 0.000000
1652140493319638010 204.556822 0.000000
1652140493563512426 203.932018 0.000000
1652140493847358804 204.657053 0.000000
1652140494086899842 204.564323 0.000000
1652140494762337266 613.858496 0.000000
1652140495087891103 204.468840 0.000000
1652140495494455227 204.550888 0.000000
1652140495757816832 204.608084 0.000000
1652140495974251592 204.627001 0.000000
1652140496235885718 204.256035 0.000000
1652140497214583743 621.993383 0.000000
1652140497693918087 204.394982 0.000000
1652140498082366737 204.574587 0.000000
1652140498329022468 204.587263 0.000000
1652140498680113936 204.651769 0.000000
1652140499144573935 204.538132 0.000000
1652140499378134871 204.247716 0.000000
1652140499841573790 204.670068 0.000000
1652140500058278720 204.582014 0.000000
1652140500304266768 204.868286 0.000000
1652140500608911964 204.586173 0.000000
1652140500840742260 204.700750 0.000000
1652140501059027146 204.419379 0.000000
1652140501412419341 204.171899 0.000000
1652140501763169459 253.997318 0.000000
1652140502013318255 204.423349 0.000000
1652140502239271819 203.285152 0.000000
1652140502446880315 203.508198 0.000000
1652140502657294667 204.374868 0.000000
1652140502942811743 204.357221 0.000000
1652140503152370695 204.423023 0.000000
1652140503478075676 204.440547 0.000000
1652140503837255833 204.472398 0.000000
1652140504120434108 204.579511 0.000000
1652140504535513877 204.479582 0.000000
1652140504752762983 204.351657 0.000000
1652140504973896729 204.589952 0.000000
1652140505287921127 204.479873 0.000000
1652140505503035088 204.616825 0.000000
1652140505769301569 204.573102 0.000000
1652140506055691673 204.491780 0.000000
1652140506648714148 320.566087 0.000000
1652140507133417423 203.812634 0.000000
1652140507458674977 204.305694 0.000000
1652140507676484701 204.606250 0.000000
1652140507968815673 204.349850 0.000000
1652140508304256580 204.709006 0.000000
1652140508682083383 204.492155 0.000000
1652140509097069956 204.585539 0.000000
1652140509471829005 204.700313 0.000000
1652140510092967659 204.616236 0.000000
1652140510299406627 204.413127 0.000000
1652140510504937696 203.550777 0.000000
1652140510809447417 204.485429 0.000000
1652140511106988736 204.758965 0.000000
1652140511533310974 262.581453 0.000000
1652140511862916900 208.957984 0.000000
1652140512108760701 204.371381 0.000000
1652140512458971654 204.606414 0.000000
1652140512665495232 204.281995 0.000000
1652140513215040916 204.631559 0.000000
1652140513468832782 204.416709 0.000000
1652140513733418709 204.404818 0.000000
1652140514266828144 204.549270 0.000000
1652140514496518307 204.626360 0.000000
1652140514724369491 204.727760 0.000000
1652140515122359112 205.980458 0.000000
1652140515489837987 204.643781 0.000000
1652140515708462627 204.670773 0.000000
1652140515971427359 204.612003 0.000000
1652140516302504114 204.325184 0.000000
1652140516653877689 324.727808 0.000000
1652140517095873174 204.455716 0.000000
1652140517407057651 204.314485 0.000000
1652140517703038703 204.792771 0.000000
1652140518220446834 204.478553 0.000000
1652140518470500081 204.545032 0.000000
1652140518732304779 204.900030 0.000000
1652140518993359413 204.167094 0.000000
1652140519316018620 204.677329 0.000000
1652140519748171365 204.541112 0.000000
1652140520053722808 204.467941 0.000000
1652140520313918796 204.484083 0.000000
1652140520713808436 204.634994 0.000000
1652140520985218052 204.488296 0.000000
1652140521365170750 203.783944 0.000000
1652140521686837508 294.917852 0.000000
1652140522418644433 610.045788 0.000000
1652140522666221578 204.540875 0.000000
1652140522905991743 204.811628 0.000000
1652140523127794322 204.843473 0.000000
1652140523397481138 204.613627 0.000000
1652140523624788076 204.739344 0.000000
1652140523869523398 204.450966 0.000000
1652140524300293339 203.686346 0.000000
1652140524880679751 204.605097 0.000000
1652140525331240149 204.605101 0.000000
1652140525712806836 204.464758 0.000000
1652140525934332156 204.517440 0.000000
1652140526143587722 204.093230 0.000000
1652140526680517469 333.554744 0.000000
1652140526933594833 204.386082 0.000000
1652140527215977292 204.600110 0.000000
1652140527428145078 204.539250 0.000000
1652140528097193860 613.679679 0.000000
1652140528331046770 204.717636 0.000000
1652140528547811225 204.510916 0.000000
1652140528817787679 204.684560 0.000000
1652140529188412077 204.849172 0.000000
1652140529401178753 204.367274 0.000000
1652140529704113065 204.712063 0.000000
1652140530026333830 204.413158 0.000000
1652140530313588677 204.452466 0.000000
1652140530965432024 204.630220 0.000000
1652140531277500199 204.227065 0.000000
1652140531513952431 204.732812 0.000000
1652140531945520923 360.619844 0.000000
1652140532213996274 204.565463 0.000000
1652140532499320806 204.654443 0.000000
1652140532844678744 204.545455 0.000000
1652140533160292190 204.611208 0.000000
1652140533381113943 204.672622 0.000000
1652140534028064564 204.740633 0.000000
1652140534246425324 204.614112 0.000000
1652140534493920529 204.415519 0.000000
1652140534904678165 204.588369 0.000000
1652140535212875471 204.610383 0.000000
1652140535475271870 204.417956 0.000000
1652140535724407104 204.464197 0.000000
1652140536022982400 203.862009 0.000000
1652140536318426857 204.644813 0.000000
1652140536947974516 340.150457 0.000000
1652140537324752420 204.750239 0.000000
1652140537536666956 204.567587 0.000000
1652140537744225804 204.512726 0.000000
1652140538045734873 204.653069 0.000000
1652140538277474946 204.584897 0.000000
1652140538488317047 204.455263 0.000000
1652140538698834820 204.414661 0.000000
1652140538996036754 204.369860 0.000000
1652140539271433955 204.650620 0.000000
1652140539485492036 204.249924 0.000000
1652140540236787157 615.221522 0.000000
1652140540514115679 204.495088 0.000000
1652140540731228889 204.706032 0.000000
1652140541048798173 204.295852 0.000000
1652140541522326775 204.527403 0.000000
1652140541768503661 243.089311 0.000000
1652140542058420821 204.343777 0.000000
1652140542304680324 204.743650 0.000000
1652140542624685025 204.510879 0.000000
1652140542925999311 204.235020 0.000000
1652140543431605847 204.693211 0.000000
1652140543668858775 204.489298 0.000000
1652140544042990475 204.520732 0.000000
1652140544319032844 204.649808 0.000000
1652140544701033421 204.545366 0.000000
1652140545104543723 204.767021 0.000000
1652140545317688943 204.536753 0.000000
1652140545647189949 204.440431 0.000000
1652140545861120270 204.296734 0.000000
1652140546268951186 204.279628 0.000000
1652140546723031610 253.508761 0.000000
1652140546982724531 214.573143 0.000000
1652140547198956023 204.503939 0.000000
1652140547568310827 204.470485 0.000000
1652140547794375096 204.467661 0.000000
1652140548106836916 204.624974 0.000000
1652140548982399271 204.577858 0.000000
1652140549207505928 204.783680 0.000000
1652140549431637514 202.950736 0.000000
1652140550225351164 204.524186 0.000000
1652140550434982247 204.557781 0.000000
1652140550648873396 204.559872 0.000000
1652140551043899409 204.536745 0.000000
1652140551304148078 204.490187 0.000000
1652140551512843079 203.587026 0.000000
1652140551746029004 226.882727 0.000000
1652140552198525228 204.466294 0.000000
1652140552448523714 204.426616 0.000000
1652140552655792116 203.913245 0.000000
1652140552892204752 204.385390 0.000000
1652140553100782685 204.433917 0.000000
1652140553334349676 204.583531 0.000000
1652140553666490144 204.431725 0.000000
1652140554113445468 204.524147 0.000000
1652140554444886241 204.652000 0.000000
1652140554857046761 204.631562 0.000000
1652140555162019110 204.397524 0.000000
1652140555380850405 204.676290 0.000000
1652140555706390999 204.713974 0.000000
1652140555971231345 204.737132 0.000000
1652140556910002735 352.867395 0.000000
1652140557143005787 204.482195 0.000000
1652140557345706444 202.565021 0.000000
1652140557550691175 203.970902 0.000000
1652140557799105132 204.421844 0.000000
1652140558002050962 202.819183 0.000000
1652140558391953606 204.657239 0.000000
1652140558934270052 204.510367 0.000000
1652140559334919775 204.674049 0.000000
1652140559699749502 204.781468 0.000000
1652140560160841001 204.548797 0.000000
1652140560389082055 204.568062 0.000000
1652140560626165740 204.369363 0.000000
1652140561040340158 204.547516 0.000000
1652140561280307375 204.469663 0.000000
1652140561546122373 204.625636 0.000000
1652140561925508272 320.808746 0.000000
1652140562145081437 204.364067 0.000000
1652140562461299016 204.559896 0.000000
1652140562994245592 204.644397 0.000000
1652140563213000777 204.876008 0.000000
1652140563446182217 204.614530 0.000000
1652140563733767948 204.714366 0.000000
1652140564325291387 204.594427 0.000000
1652140564682179123 204.672651 0.000000
1652140564897647457 204.494781 0.000000
1652140565104965949 204.213337 0.000000
1652140565580111463 204.455052 0.000000
1652140566258536723 613.908729 0.000000
1652140566553178005 204.155813 0.000000
1652140566842206513 287.047428 0.000000
1652140567228005646 204.781562 0.000000
1652140567522150887 204.426433 0.000000
1652140567859120191 204.387676 0.000000
1652140568084157848 203.676868 0.000000
1652140568628062096 204.619307 0.000000
1652140568852353942 204.345533 0.000000
1652140569118792543 204.376868 0.000000
1652140569390709610 204.380041 0.000000
1652140569633373011 204.683549 0.000000
1652140570104755457 204.503962 0.000000
1652140570563128576 204.640707 0.000000
1652140570787707874 204.769067 0.000000
1652140571074741153 204.815885 0.000000
1652140571430700803 204.751445 0.000000
1652140571796831759 337.823606 0.000000
1652140572094470152 278.762088 0.000000
1652140572335807852 204.392159 0.000000
1652140572595006203 203.877856 0.000000
1652140572810523093 204.410051 0.000000
1652140573437024601 204.723978 0.000000
1652140573643213050 204.340011 0.000000
1652140573893639466 204.540565 0.000000
1652140574222164240 204.547624 0.000000
1652140574434296360 204.338802 0.000000
1652140574644120005 204.381625 0.000000
1652140574867491131 204.874255 0.000000
1652140575190794024 204.489061 0.000000
1652140576105277378 610.352650 0.000000
1652140576494747975 204.467858 0.000000
1652140577102218455 287.076166 0.000000
1652140577344071247 204.583989 0.000000
1652140577707405134 204.665128 0.000000
1652140578004353091 204.615599 0.000000
1652140578213154179 204.483294 0.000000
1652140578534244708 204.385980 0.000000
1652140578762225100 203.910502 0.000000
1652140579103800837 204.799200 0.000000
1652140579401435822 204.634363 0.000000
1652140579633330993 204.700747 0.000000
1652140580333395279 204.684997 0.000000
1652140580536856248 203.251586 0.000000
1652140580745694971 204.494104 0.000000
1652140581595642085 204.510973 0.000000
1652140581977845458 358.309188 0.000000
1652140582218164604 204.610514 0.000000
1652140582507146531 204.604424 0.000000
1652140582823207165 204.517895 0.000000
1652140583035951517 204.455724 0.000000
1652140583541454519 204.450305 0.000000
1652140583808881896 204.552436 0.000000
1652140584115133893 204.573822 0.000000
1652140584370293269 204.500175 0.000000
1652140584607865641 204.529378 0.000000
1652140584893948909 204.452045 0.000000
1652140585131924763 204.529007 0.000000
1652140585340456535 204.266106 0.000000
1652140585546737563 204.377900 0.000000
1652140585773249952 204.632128 0.000000
1652140585994934493 204.728777 0.000000
1652140586376387874 204.787176 0.000000
1652140586620486873 204.805050 0.000000
1652140586896523470 245.200213 0.000000
1652140587166105290 204.644723 0.000000
1652140587507678688 204.732254 0.000000
1652140587898106121 204.654881 0.000000
1652140588149578986 204.696150 0.000000
1652140588375086035 204.692351 0.000000
1652140588595893950 204.616072 0.000000
1652140589068370759 204.855945 0.000000
1652140589300328753 204.553963 0.000000
1652140589613314208 204.598640 0.000000
1652140589922486741 204.812808 0.000000
1652140590538026599 613.546893 0.000000
1652140590933746507 204.408788 0.000000
1652140591141177231 204.420070 0.000000
1652140591381162501 204.404955 0.000000
1652140591628057319 204.497071 0.000000
1652140592003314458 260.563204 0.000000
1652140592709807898 204.843035 0.000000
1652140592943042647 204.537551 0.000000
1652140593155173747 204.480732 0.000000
1652140593372234463 205.148797 0.000000
1652140593756888452 204.626805 0.000000
1652140594089948767 204.673832 0.000000
1652140594454736868 204.048259 0.000000
1652140594759739151 203.892216 0.000000
1652140595165393773 203.574911 0.000000
1652140595567713212 203.979122 0.000000
1652140595811135515 204.663668 0.000000
1652140596093599373 204.600528 0.000000
1652140596557936521 204.571547 0.000000
1652140596837596813 246.070229 0.000000
1652140597600992944 696.674786 0.000000
1652140597862533693 204.678725 0.000000
1652140598304719279 204.547588 0.000000
1652140598650301846 204.604801 0.000000
1652140598856924376 204.589579 0.000000
1652140599109737305 204.743998 0.000000
1652140599375507319 204.634800 0.000000
1652140599622020122 205.091423 0.000000
1652140599919365917 204.586073 0.000000
1652140600184184353 204.736200 0.000000
1652140600534063392 204.973750 0.000000
1652140600835284803 204.655903 0.000000
1652140601123481676 204.573488 0.000000
1652140601392807357 204.729338 0.000000
1652140601796686930 297.145801 0.000000
1652140602043065634 223.172322 0.000000
1652140602276379516 204.588904 0.000000
1652140602499912957 204.766731 0.000000
1652140602776121875 204.642423 0.000000
1652140603017373989 204.646027 0.000000
1652140603306866307 204.649966 0.000000
1652140603566246599 204.774766 0.000000
1652140603909456579 204.674088 0.000000
1652140604598084915 610.071025 0.000000
1652140604822560381 204.523472 0.000000
1652140605483857692 612.661478 0.000000
1652140605703727744 204.585954 0.000000
1652140605980749280 204.407262 0.000000
1652140606289028647 204.913823 0.000000
1652140606599559678 204.622312 0.000000
1652140606884213637 204.683207 0.000000
1652140607211850309 281.015556 0.000000
1652140607439080388 204.455837 0.000000
1652140607784738749 204.681971 0.000000
1652140608468033948 204.613739 0.000000
1652140608812393864 204.606865 0.000000
1652140609215713862 203.829103 0.000000
1652140609600793167 204.841171 0.000000
1652140609855392226 204.606338 0.000000
1652140610158240115 204.608663 0.000000
1652140610381001737 204.606141 0.000000
1652140610783138992 204.702940 0.000000
1652140611251827623 204.693735 0.000000
1652140611513761507 204.678699 0.000000
1652140611881200845 339.529212 0.000000
1652140612216193918 278.454122 0.000000
1652140612528873889 204.752020 0.000000
1652140612831382976 204.511082 0.000000
1652140613152757660 206.240287 0.000000
1652140613524564785 204.705833 0.000000
1652140613854832622 204.699344 0.000000
1652140614069064238 204.562118 0.000000
1652140614532269834 204.431541 0.000000
1652140614786407764 204.421825 0.000000
1652140615061972459 204.683464 0.000000
1652140615321218505 204.697497 0.000000
1652140615922135039 204.669117 0.000000
1652140616129817061 204.448762 0.000000
1652140616449887256 205.159602 0.000000
1652140616898879914 363.546108 0.000000
1652140617217879131 283.512787 0.000000
1652140617451134581 204.578573 0.000000
1652140617774705298 204.669515 0.000000
1652140618053733510 204.488871 0.000000
1652140618264917928 204.684867 0.000000
1652140618497890577 204.522393 0.000000
1652140618725796857 204.672382 0.000000
1652140618977756752 204.506148 0.000000
1652140619621386505 610.048427 0.000000
1652140620294936106 614.437627 0.000000
1652140620508972307 204.702034 0.000000
1652140620726875260 204.625713 0.000000
1652140620957617802 204.722772 0.000000
1652140621165173467 204.553218 0.000000
1652140621370664103 204.588627 0.000000
1652140621605112449 204.833266 0.000000
1652140621949353662 319.467632 0.000000
1652140622416210217 204.738202 0.000000
1652140622657918897 204.644286 0.000000
1652140622915286746 204.613251 0.000000
1652140623215254985 204.417496 0.000000
1652140623507527576 204.678866 0.000000
1652140623745066503 204.701556 0.000000
1652140624004765624 204.645152 0.000000
1652140624247851061 203.993281 0.000000
1652140624495397947 204.710948 0.000000
1652140624992929762 204.061704 0.000000
1652140625217635508 204.550124 0.000000
1652140625477872871 204.795779 0.000000
1652140625763231149 204.853340 0.000000
1652140626132485003 204.868324 0.000000
1652140626407765547 204.648222 0.000000
1652140626677192581 204.722612 0.000000
1652140627066771577 253.713549 0.000000
1652140627639987145 204.909664 0.000000
1652140627929328636 204.743664 0.000000
1652140628272129438 205.034444 0.000000
1652140628539085331 204.661888 0.000000
1652140628905026553 204.532116 0.000000
1652140629217436994 204.642439 0.000000
1652140629608660039 204.660534 0.000000
1652140629832796446 204.664356 0.000000
1652140630187451062 204.724062 0.000000
1652140630547072187 204.770086 0.000000
1652140630860176372 204.354612 0.000000
1652140631171318472 204.609011 0.000000
1652140631395939992 204.453743 0.000000
1652140631686712696 204.684406 0.000000
1652140632000312722 302.702568 0.000000
1652140632285984974 222.138532 0.000000
1652140632489632104 203.373847 0.000000
1652140632793373495 204.515293 0.000000
1652140633074787489 204.880032 0.000000
1652140633364883529 204.846762 0.000000
1652140633614317621 204.612882 0.000000
1652140634053759164 204.675533 0.000000
1652140634331488855 204.260523 0.000000
1652140634627718460 204.357627 0.000000
1652140634913575215 204.379926 0.000000
1652140635165405435 204.606729 0.000000
1652140635474142034 204.543389 0.000000
1652140635713173411 204.493045 0.000000
1652140635952741621 204.587972 0.000000
1652140636206364128 203.861672 0.000000
1652140636582242096 204.762365 0.000000
1652140636808414264 204.659185 0.000000
1652140637228462989 286.772770 0.000000
1652140637736850429 204.625159 0.000000
1652140638099276397 204.524642 0.000000
1652140638665001038 204.671938 0.000000
1652140638930949330 204.563085 0.000000
1652140639140060999 204.719986 0.000000
1652140639368185166 204.785522 0.000000
1652140639591248737 204.575895 0.000000
1652140639869462417 204.688593 0.000000
1652140640120929528 204.511748 0.000000
1652140640404556495 204.552554 0.000000
1652140640711009450 204.837927 0.000000
1652140641110203250 204.710902 0.000000
1652140641418485792 204.600157 0.000000
1652140641729200163 204.660063 0.000000
1652140642009989333 280.331357 0.000000
1652140642478444755 204.680447 0.000000
1652140642805164417 204.554440 0.000000
1652140643026947669 204.677701 0.000000
1652140643609781086 204.562456 0.000000
1652140643885162554 204.450649 0.000000
1652140644094021478 204.542790 0.000000
1652140644341474630 204.806936 0.000000
1652140644560262865 204.862942 0.000000
1652140644922900637 204.667494 0.000000
1652140645149110012 204.639398 0.000000
1652140645829706676 610.673185 0.000000
1652140646130889333 204.754465 0.000000
1652140646413787816 204.453269 0.000000
1652140646649955987 204.696351 0.000000
1652140647011771536 214.160682 0.000000
1652140647414032332 204.274199 0.000000
1652140647642085641 204.583071 0.000000
1652140647930730758 204.675900 0.000000
1652140648423526195 204.745292 0.000000
1652140648729796900 204.751903 0.000000
1652140649063322231 204.751549 0.000000
1652140649343654525 204.591708 0.000000
1652140649580545672 204.407041 0.000000
1652140649971019818 204.587040 0.000000
1652140650209417859 204.623212 0.000000
1652140650461678701 204.797527 0.000000
1652140650736061203 204.720520 0.000000
1652140651106838696 204.708834 0.000000
1652140651323921102 204.621293 0.000000
1652140651673912720 204.690908 0.000000
1652140652035898799 322.239052 0.000000
1652140652446740897 204.657384 0.000000
1652140652654280849 204.467215 0.000000
1652140652888265346 204.695389 0.000000
1652140653373897959 203.859177 0.000000
1652140653741419619 204.854082 0.000000
1652140654024528965 204.704677 0.000000
1652140654245621185 204.632576 0.000000
1652140654949269406 204.746083 0.000000
1652140655317075896 204.636573 0.000000
1652140655553282701 204.622035 0.000000
1652140655830619718 204.701112 0.000000
1652140656167102187 204.640872 0.000000
1652140656423641388 204.632984 0.000000
1652140656678133001 204.694701 0.000000
1652140657134853836 218.153937 0.000000
1652140657345550388 205.294948 0.000000
1652140658305566425 615.158889 0.000000
1652140658632096108 204.917549 0.000000
1652140659020836460 204.534458 0.000000
1652140659410981317 204.759215 0.000000
1652140659870552075 204.548430 0.000000
1652140660094261600 204.336851 0.000000
1652140660392674827 204.632466 0.000000
1652140660608405571 204.539336 0.000000
1652140660835031569 204.650862 0.000000
1652140661179126596 204.713802 0.000000
1652140661412701019 204.562340 0.000000
1652140661759363120 204.833002 0.000000
1652140662046338063 269.787379 0.000000
1652140662364088464 316.011520 0.000000
1652140662857820532 204.716241 0.000000
1652140663122183996 204.740531 0.000000
1652140663423507285 204.751269 0.000000
1652140663856818007 204.792805 0.000000
1652140664136731707 204.468936 0.000000
1652140664410342223 204.748523 0.000000
1652140664672801810 203.823193 0.000000
1652140665001399840 204.653344 0.000000
1652140665271848685 204.688015 0.000000
1652140665478695574 203.739806 0.000000
1652140665691859732 204.593936 0.000000
1652140665935186472 203.289117 0.000000
1652140666271241524 205.053439 0.000000
1652140667052828570 715.942273 0.000000
1652140667383114584 292.275495 0.000000
1652140667779779607 204.690211 0.000000
1652140668144750284 204.729509 0.000000
1652140668426324127 204.628617 0.000000
1652140668882342890 204.367457 0.000000
1652140669138138551 204.855685 0.000000
1652140669683735222 204.560696 0.000000
1652140669932042933 204.963553 0.000000
1652140670198091347 204.651513 0.000000
1652140670416476482 204.677277 0.000000
1652140670782333830 204.722803 0.000000
1652140670990164271 204.778525 0.000000
1652140671261363111 204.372635 0.000000
1652140671647598183 204.732124 0.000000
1652140672057877339 291.244583 0.000000
1652140672395824103 297.948396 0.000000
1652140672812217860 204.685412 0.000000
1652140673037419005 204.504916 0.000000
1652140673375739983 204.795198 0.000000
1652140673672238883 204.533369 0.000000
1652140673922527930 204.842886 0.000000
1652140674220973062 204.548848 0.000000
1652140674533000061 204.515999 0.000000
1652140674958416073 203.868692 0.000000
1652140675177438915 204.663007 0.000000
1652140675476908768 204.666084 0.000000
1652140675946389527 204.792040 0.000000
1652140676155189247 204.667253 0.000000
1652140676497198677 204.888141 0.000000
1652140676856875687 204.689839 0.000000
1652140677135145986 204.937763 0.000000
1652140677559429980 204.772769 0.000000
1652140677843865011 204.843013 0.000000
1652140678175709197 204.750304 0.000000
1652140678447388346 205.087946 0.000000
1652140678654332785 204.714140 0.000000
1652140679006180265 204.650180 0.000000
1652140679220951902 204.602800 0.000000
1652140679579414177 204.729930 0.000000
1652140679787245833 204.736713 0.000000
1652140680309218484 204.736001 0.000000
1652140680726010682 205.050465 0.000000
1652140680979913064 204.683669 0.000000
1652140681437772845 204.892121 0.000000
1652140681680093012 206.433170 0.000000
1652140682072154947 357.219571 0.000000
1652140682412860678 271.255399 0.000000
1652140682647677479 204.944579 0.000000
1652140683056837005 204.565740 0.000000
1652140683480538101 204.765193 0.000000
1652140683691639650 204.726338 0.000000
1652140683971919943 204.694912 0.000000
1652140684204956624 204.812826 0.000000
1652140684629054452 204.552122 0.000000
1652140684934343189 204.632710 0.000000
1652140685151179931 204.659676 0.000000
1652140685390799674 204.826885 0.000000
1652140685773275162 204.610866 0.000000
1652140686432760937 204.731717 0.000000
1652140686960493713 261.941416 0.000000
1652140687455815239 320.459865 0.000000
1652140687686773107 204.795132 0.000000
1652140687905521444 204.737264 0.000000
1652140688221648491 204.856144 0.000000
1652140688513223733 204.602383 0.000000
1652140688760396543 204.495998 0.000000
1652140689123099885 204.709182 0.000000
1652140689342919908 204.474679 0.000000
1652140689623758567 204.692860 0.000000
1652140689870224101 204.581841 0.000000
1652140690114218093 204.655109 0.000000
1652140690448400762 204.567843 0.000000
1652140690846347725 204.693208 0.000000
1652140691078228921 204.726626 0.000000
1652140691435761884 204.751753 0.000000
1652140691759091849 204.712787 0.000000
1652140692185935360 204.740649 0.000000
1652140692708708291 204.772793 0.000000
1652140692917635341 204.651234 0.000000
1652140693120964184 203.271309 0.000000
1652140693532808261 204.687755 0.000000
1652140693767330373 204.831081 0.000000
1652140694059092895 204.895332 0.000000
1652140694361282109 204.811039 0.000000
1652140694575205241 204.812492 0.000000
1652140695282653546 609.601760 0.000000
1652140695554213800 204.777316 0.000000
1652140696189069318 611.181787 0.000000
1652140696472159149 204.588534 0.000000
1652140697366863590 819.632190 0.000000
1652140697820678639 204.783839 0.000000
1652140698024174103 203.367202 0.000000
1652140698384111853 204.587860 0.000000
1652140698875360866 204.195370 0.000000
1652140699210041534 204.988501 0.000000
1652140699444980552 204.975615 0.000000
1652140699700751376 204.629589 0.000000
1652140700307943301 204.673181 0.000000
1652140700633938531 204.642049 0.000000
1652140700842834248 203.474709 0.000000
1652140701139245998 204.816894 0.000000
1652140701441574550 204.453433 0.000000
1652140701765858271 204.666750 0.000000
1652140702099764744 220.931361 0.000000
1652140702834861135 707.935533 0.000000
1652140703234983641 204.814312 0.000000
1652140703493850882 204.798864 0.000000
1652140703908351492 204.710046 0.000000
1652140704176999604 204.662359 0.000000
1652140704413585067 204.692129 0.000000
1652140704716709578 204.755125 0.000000
1652140705004747787 204.728232 0.000000
1652140705313330208 204.666719 0.000000
1652140705531675634 204.607418 0.000000
1652140705751428137 204.687077 0.000000
1652140705969568913 204.051328 0.000000
1652140706201091041 204.821680 0.000000
1652140706427015931 204.754466 0.000000
1652140706682799150 204.859278 0.000000
1652140707108132650 323.882323 0.000000
1652140707479862527 266.555088 0.000000
1652140708030578421 204.681637 0.000000
1652140708238263929 204.693742 0.000000
1652140708472352859 204.864366 0.000000
1652140708687568649 203.777016 0.000000
1652140708948317426 204.744433 0.000000
1652140709164628880 204.664926 0.000000
1652140709384777759 204.598020 0.000000
1652140709782709546 204.842722 0.000000
1652140710086195344 204.657298 0.000000
1652140710458983123 204.806244 0.000000
1652140710960080694 204.447413 0.000000
1652140711245484576 204.900429 0.000000
1652140711569726723 205.136636 0.000000
1652140711815768832 204.905656 0.000000
1652140712116629565 253.037396 0.000000
1652140712903116555 204.730638 0.000000
1652140713111939399 204.601952 0.000000
1652140713344323115 204.683692 0.000000
1652140713651577108 204.849018 0.000000
1652140713929738079 204.512153 0.000000
1652140714156801862 204.818235 0.000000
1652140714500598977 204.623028 0.000000
1652140714742308865 204.715323 0.000000
1652140715145101440 204.567209 0.000000
1652140715381409682 204.630481 0.000000
1652140715590506490 204.732189 0.000000
1652140715848821965 204.738930 0.000000
1652140716067605464 204.658496 0.000000
1652140716310671370 204.693238 0.000000
1652140716783442105 204.688400 0.000000
1652140717255766516 205.039864 0.000000
1652140717520328466 244.491828 0.000000
1652140717948812926 204.752593 0.000000
1652140718221543685 204.803659 0.000000
1652140718507054161 204.777494 0.000000
1652140718777367498 204.729432 0.000000
1652140719073890986 204.794784 0.000000
1652140719379467155 204.770200 0.000000
1652140719616342359 204.861820 0.000000
1652140719888857416 204.704554 0.000000
1652140720311586530 204.716081 0.000000
1652140720731209232 204.731734 0.000000
1652140721187645427 204.300153 0.000000
1652140721849390310 611.139128 0.000000
1652140722150392352 204.568552 0.000000
1652140722517361113 301.675265 0.000000
1652140722896422042 205.094438 0.000000
1652140723294991350 204.812491 0.000000
1652140723562831833 204.713428 0.000000
1652140723808450403 204.658163 0.000000
1652140724183594330 204.854931 0.000000
1652140724432203529 204.733010 0.000000
1652140724775999368 204.882198 0.000000
1652140725072466928 204.823080 0.000000
1652140725304691581 204.174537 0.000000
1652140725512603789 204.577436 0.000000
1652140725894042175 204.942929 0.000000
1652140726143059269 204.719790 0.000000
1652140726515270365 204.130879 0.000000
1652140726727748656 204.788573 0.000000
1652140727069096077 305.505401 0.000000
1652140727298092638 204.663793 0.000000
1652140727646494778 204.757888 0.000000
1652140728055582793 204.718704 0.000000
1652140728352283510 204.968739 0.000000
1652140728573344879 204.677601 0.000000
1652140728868869759 204.676148 0.000000
1652140729095434104 204.140298 0.000000
1652140729476484312 204.860277 0.000000
1652140729835339092 204.689880 0.000000
1652140730251353013 204.751884 0.000000
1652140730457719452 204.547245 0.000000
1652140730683034496 204.647900 0.000000
1652140731387263905 609.634810 0.000000
1652140731629847807 204.635400 0.000000
1652140732104239187 313.669035 0.000000
1652140732786855741 204.603372 0.000000
1652140732995960881 204.086743 0.000000
1652140733205771391 204.621942 0.000000
1652140733413397894 204.578735 0.000000
1652140733715457571 204.710742 0.000000
1652140734199976782 204.492170 0.000000
1652140734454393932 204.906431 0.000000
1652140734960113018 204.441031 0.000000
1652140735292903881 204.871198 0.000000
1652140735630153788 203.701113 0.000000
1652140735836810786 204.613606 0.000000
1652140736125274375 204.546008 0.000000
1652140736434290188 204.932261 0.000000
1652140736657258127 204.827991 0.000000
1652140736931588311 204.785232 0.000000
1652140737314990263 204.644650 0.000000
1652140737769336322 204.148581 0.000000
1652140738139122462 204.882696 0.000000
1652140738352193873 204.786849 0.000000
1652140738560780744 204.529522 0.000000
1652140738813235148 204.849505 0.000000
1652140739045567564 204.816945 0.000000
1652140739352746677 204.510125 0.000000
1652140739857525896 204.900487 0.000000
1652140740212019464 204.739225 0.000000
1652140740453030931 204.519523 0.000000
1652140740952107643 204.761915 0.000000
1652140741335922819 204.552868 0.000000
1652140741609274336 204.856725 0.000000
1652140741947255370 204.809789 0.000000
1652140742277983855 204.865342 0.000000
1652140742978488524 609.672068 0.000000
1652140743299762940 204.886154 0.000000
1652140743581098779 204.769261 0.000000
1652140743793850496 204.708092 0.000000
1652140744162098113 204.860434 0.000000
1652140744576198973 204.773001 0.000000
1652140744811048463 204.751012 0.000000
1652140745042948982 204.707582 0.000000
1652140745445407136 204.994706 0.000000
1652140745760398137 204.794982 0.000000
1652140746064637385 204.813947 0.000000
1652140746366253958 204.751721 0.000000
1652140746649213456 204.861216 0.000000
1652140746942716311 204.780217 0.000000
1652140747193890562 246.053535 0.000000
1652140747636165970 204.228193 0.000000
1652140747866188596 204.767067 0.000000
1652140748088360235 204.633883 0.000000
1652140748413787812 204.854901 0.000000
1652140748833997119 205.061027 0.000000
1652140749302225054 204.295048 0.000000
1652140749655650805 204.764618 0.000000
1652140749952338648 204.914954 0.000000
1652140750262822976 204.625555 0.000000
1652140750485148737 204.736943 0.000000
1652140750701054944 204.767514 0.000000
1652140750918807424 204.684959 0.000000
1652140751156408598 204.534218 0.000000
1652140751364452059 204.846201 0.000000
1652140751590134552 204.783696 0.000000
1652140751825074894 204.610877 0.000000
1652140752223839513 289.243695 0.000000
1652140752597741191 329.405319 0.000000
1652140752844587391 204.886825 0.000000
1652140753197125900 204.856324 0.000000
1652140753420034184 204.642901 0.000000
1652140753720989495 204.741534 0.000000
1652140753941162688 204.928392 0.000000
1652140754163428373 204.746703 0.000000
1652140754433031825 204.906581 0.000000
1652140755077955102 613.411198 0.000000
1652140755290439436 204.614872 0.000000
1652140755536371105 204.360594 0.000000
1652140755749233195 204.016664 0.000000
1652140756018771616 204.045825 0.000000
1652140756241133876 204.863618 0.000000
1652140756617393791 204.939388 0.000000
1652140756928717773 204.859334 0.000000
1652140757221877242 251.924470 0.000000
1652140757611084365 204.240927 0.000000
1652140757908675842 204.875506 0.000000
1652140758142138986 204.668000 0.000000
1652140758373012148 204.620005 0.000000
1652140758718596077 204.820611 0.000000
1652140759007937149 204.298463 0.000000
1652140759241526798 204.967463 0.000000
1652140759464873883 204.976882 0.000000
1652140759687114370 204.781146 0.000000
1652140760052738135 204.705855 0.000000
1652140760427660241 204.844227 0.000000
1652140760717484005 204.593523 0.000000
1652140760980849004 204.800669 0.000000
1652140761203752610 205.109109 0.000000
1652140761481411975 204.572146 0.000000
1652140761808577245 205.103185 0.000000
1652140762172072377 314.340407 0.000000
1652140762546622387 296.699260 0.000000
1652140762765874704 204.784069 0.000000
1652140763036933078 204.945676 0.000000
1652140763257049222 204.428941 0.000000
1652140763521038139 204.273882 0.000000
1652140763798651183 204.852192 0.000000
1652140764149064324 204.887444 0.000000
1652140764628768654 204.887350 0.000000
1652140764974551818 205.066637 0.000000
1652140765271939924 204.621946 0.000000
1652140765520203032 204.717525 0.000000
1652140765729137098 204.747124 0.000000
1652140765937230929 204.911466 0.000000
1652140766196165954 204.887033 0.000000
1652140766685300751 204.882068 0.000000
1652140767240106136 271.950460 0.000000
1652140767624769704 280.719342 0.000000
1652140767912663360 204.928176 0.000000
1652140768149240738 204.678276 0.000000
1652140768367402170 204.565334 0.000000
1652140768592843022 204.816595 0.000000
1652140768962449597 204.746242 0.000000
1652140769169427763 205.024295 0.000000
1652140769408900859 204.774715 0.000000
1652140769650997310 204.668878 0.000000
1652140770053322937 204.055592 0.000000
1652140770581803692 204.641658 0.000000
1652140771070309199 204.951930 0.000000
1652140771543651944 204.419087 0.000000
1652140771773138993 204.807912 0.000000
1652140772003880014 204.933742 0.000000
1652140772233805918 208.771753 0.000000
1652140772654944311 288.966862 0.000000
1652140772950588095 204.887844 0.000000
1652140773209638882 204.735396 0.000000
1652140773423472576 204.695010 0.000000
1652140773684873976 204.431670 0.000000
1652140773891809011 204.142189 0.000000
1652140774192618358 204.620492 0.000000
1652140774401674873 204.843278 0.000000
1652140774949911363 204.893801 0.000000
1652140775285847496 204.783896 0.000000
1652140775722671526 204.739891 0.000000
1652140776012986911 204.702677 0.000000
1652140776261434531 204.736081 0.000000
1652140777052953405 614.589297 0.000000
1652140777282656754 214.396942 0.000000
1652140777643646707 226.660018 0.000000
1652140777948300434 204.567926 0.000000
1652140778373251405 204.345760 0.000000
1652140778628266758 204.805650 0.000000
1652140779100083221 204.893200 0.000000
1652140779326401935 204.785252 0.000000
1652140779559764322 204.527065 0.000000
1652140779804840326 204.232797 0.000000
1652140780044362367 204.727130 0.000000
1652140780276340052 204.590549 0.000000
1652140780571159314 205.057015 0.000000
1652140780809331397 204.819443 0.000000
1652140781252341876 204.833665 0.000000
1652140781488036126 204.836943 0.000000
1652140781843244037 204.795861 0.000000
1652140782271286703 278.135149 0.000000
1652140782711818350 205.012394 0.000000
1652140783205616411 204.895175 0.000000
1652140783548214611 204.831245 0.000000
1652140783869725496 204.791544 0.000000
1652140784108610457 204.781697 0.000000
1652140784359212998 204.385505 0.000000
1652140784597258389 203.770491 0.000000
1652140784822216928 205.014369 0.000000
1652140785289909906 204.855984 0.000000
1652140785702189929 204.727886 0.000000
1652140786233732156 204.822643 0.000000
1652140786684992161 204.698697 0.000000
1652140786894946057 204.762526 0.000000
1652140787098397730 203.332429 0.000000
1652140787397429441 218.652621 0.000000
1652140787683856776 279.293735 0.000000
1652140788112755076 205.029942 0.000000
