1652140230446566232 407.383702 0.000000
1652140230782074949 204.305469 0.000000
1652140231212661800 283.942902 0.000000
1652140231518660128 204.095082 0.000000
1652140231825552844 204.388790 0.000000
1652140232186058054 204.231460 0.000000
1652140232547616106 204.301800 0.000000
1652140233010428768 204.259451 0.000000
1652140233226137769 204.111985 0.000000
1652140233450505669 204.275081 0.000000
1652140233944741110 204.175305 0.000000
1652140234171326017 204.209074 0.000000
1652140235533390631 1219.158449 0.000000
1652140235764817411 204.141243 0.000000
1652140236109465281 269.234193 0.000000
1652140236388893193 204.178549 0.000000
1652140236691061962 204.295285 0.000000
1652140236987065110 204.178616 0.000000
1652140237221125989 204.335431 0.000000
1652140238117858852 813.209199 0.000000
1652140238391164010 204.382288 0.000000
1652140238690975441 204.197671 0.000000
1652140239230465996 204.255732 0.000000
1652140239846788521 609.042952 0.000000
1652140240130128040 204.197868 0.000000
1652140241138645194 352.149296 0.000000
1652140241425970032 204.191848 0.000000
1652140241794852145 204.439271 0.000000
1652140242024423295 204.322753 0.000000
1652140242287068918 204.188877 0.000000
1652140242524419825 204.265820 0.000000
1652140243080501059 204.085269 0.000000
1652140243301959287 204.146994 0.000000
1652140243707089208 204.073850 0.000000
1652140244328531867 204.066438 0.000000
1652140244564784692 204.166489 0.000000
1652140244950491656 204.280277 0.000000
1652140245343230907 204.262996 0.000000
1652140245932724571 204.220435 0.000000
1652140246217990046 220.563265 0.000000
1652140246421103266 203.015082 0.000000
1652140246635325167 204.191172 0.000000
1652140246868753993 204.080428 0.000000
1652140247405701995 204.257751 0.000000
1652140247677345277 204.140488 0.000000
1652140247888663731 204.179515 0.000000
1652140248118662626 204.323395 0.000000
1652140248329923066 204.191086 0.000000
1652140248544499641 204.237671 0.000000
1652140248846171121 204.080883 0.000000
1652140249102667288 204.184895 0.000000
1652140249326979384 204.222839 0.000000
1652140249622492183 204.449371 0.000000
1652140249837999315 204.085210 0.000000
1652140250256063185 204.119162 0.000000
1652140250655871380 204.088166 0.000000
1652140251089791454 268.273597 0.000000
1652140251516371905 204.290359 0.000000
1652140251969550310 204.317947 0.000000
1652140252354131129 204.161675 0.000000
1652140252620015759 204.270064 0.000000
1652140252858637872 204.115152 0.000000
1652140253315069148 203.685396 0.000000
1652140253784688290 204.067644 0.000000
1652140254020590056 204.331420 0.000000
1652140254230794311 204.378051 0.000000
1652140254709830127 204.243027 0.000000
1652140255178901925 204.098009 0.000000
1652140255504266957 204.104294 0.000000
1652140255806619535 204.521633 0.000000
1652140256163453046 281.192010 0.000000
1652140256375294967 203.895624 0.000000
1652140256590794167 204.312693 0.000000
1652140256834395602 204.441216 0.000000
1652140257052564872 202.747574 0.000000
1652140257326464569 204.187371 0.000000
1652140257663009468 204.238887 0.000000
1652140257890500895 204.137481 0.000000
1652140258292497477 203.360907 0.000000
1652140258771429127 204.189660 0.000000
1652140259002744199 204.198796 0.000000
1652140259556501070 204.712401 0.000000
1652140259844070993 204.188560 0.000000
1652140260147562299 204.263174 0.000000
1652140260523243525 204.138764 0.000000
1652140260778979270 204.150010 0.000000
1652140261568945661 664.401525 0.000000
1652140261941921596 204.242172 0.000000
1652140262334738292 204.286332 0.000000
1652140262570228590 204.124120 0.000000
1652140263392198346 610.185613 0.000000
1652140263637997776 204.153028 0.000000
1652140263951828817 204.194624 0.000000
1652140264615057736 612.781022 0.000000
1652140264855496701 204.272703 0.000000
1652140265236395783 204.212870 0.000000
1652140265939529223 204.510955 0.000000
1652140266257604712 223.479663 0.000000
1652140266516214288 204.262025 0.000000
1652140266812766874 204.284079 0.000000
1652140267044721839 204.178253 0.000000
1652140267442769460 204.330852 0.000000
1652140267856461726 204.262115 0.000000
1652140268071939736 204.228009 0.000000
1652140268393763197 204.249994 0.000000
1652140268696575409 204.074534 0.000000
1652140268954567891 204.107939 0.000000
1652140269214668272 204.327283 0.000000
1652140269467802975 204.280287 0.000000
1652140269737046815 204.144090 0.000000
1652140269942084130 204.278503 0.000000
1652140270195902894 204.205891 0.000000
1652140270436276366 203.368449 0.000000
1652140270664194197 204.333287 0.000000
1652140271239057981 357.453529 0.000000
1652140271468577769 204.107551 0.000000
1652140271910474306 204.292961 0.000000
1652140272118849210 204.182261 0.000000
1652140272378478998 204.297481 0.000000
1652140272882353612 204.184274 0.000000
1652140273100683700 204.168110 0.000000
1652140273317507998 203.775184 0.000000
1652140273717399163 204.093906 0.000000
1652140273963460620 204.192720 0.000000
1652140274203145412 204.258976 0.000000
1652140274435761653 204.065978 0.000000
1652140274728355884 203.970990 0.000000
1652140275087593973 204.304805 0.000000
1652140275580892349 204.452111 0.000000
1652140275789124294 204.332122 0.000000
1652140276140090102 276.173033 0.000000
1652140276440446452 214.771396 0.000000
1652140276694569805 204.269552 0.000000
1652140277011729643 204.430495 0.000000
1652140277389868098 204.266045 0.000000
1652140277883219478 204.534660 0.000000
1652140278535792374 609.217438 0.000000
1652140278860515259 204.252409 0.000000
1652140279119420913 204.320589 0.000000
1652140279389252910 204.200024 0.000000
1652140279627136189 203.948337 0.000000
1652140279940921896 204.247588 0.000000
1652140280285555779 204.180642 0.000000
1652140280650137212 204.259877 0.000000
1652140280932043682 204.419134 0.000000
1652140281274759683 328.964004 0.000000
1652140281614508711 204.347765 0.000000
1652140282064669237 204.316171 0.000000
1652140282303590959 204.315664 0.000000
1652140282906016433 204.341190 0.000000
1652140283285062504 204.323542 0.000000
1652140283640331345 204.293211 0.000000
1652140284009360241 204.278327 0.000000
1652140284255937360 204.379649 0.000000
1652140284478480223 204.208628 0.000000
1652140284777521905 204.076596 0.000000
1652140284998032883 204.046166 0.000000
1652140285288515857 204.288651 0.000000
1652140285630229364 204.203796 0.000000
1652140285855799901 203.571737 0.000000
1652140286058419344 202.447219 0.000000
1652140286438471052 204.472476 0.000000
1652140287089344986 610.515971 0.000000
1652140287301674919 204.161044 0.000000
1652140287516277128 204.344227 0.000000
1652140287816206352 204.312450 0.000000
1652140288602265248 608.508242 0.000000
1652140288967533422 204.018942 0.000000
1652140289193504944 204.409436 0.000000
1652140289562786543 204.444648 0.000000
1652140289794421211 204.229172 0.000000
1652140290074002786 204.381534 0.000000
1652140290372397243 204.426021 0.000000
1652140290676321582 204.222088 0.000000
1652140290884833172 204.203539 0.000000
1652140291276003475 362.127180 0.000000
1652140291652568747 204.307231 0.000000
1652140291865246073 204.197829 0.000000
1652140292264790127 204.294929 0.000000
1652140292508706161 204.442804 0.000000
1652140292741765078 203.632113 0.000000
1652140293092625662 204.091455 0.000000
1652140293329314377 204.314338 0.000000
1652140293645806732 204.437518 0.000000
1652140294010804053 204.249386 0.000000
1652140294262830924 204.185865 0.000000
1652140294789094790 204.306539 0.000000
1652140295070338375 204.530822 0.000000
1652140295285132833 204.086549 0.000000
1652140295575278193 204.332737 0.000000
1652140295832316521 204.269278 0.000000
1652140296293778556 336.580357 0.000000
1652140296572047491 204.095952 0.000000
1652140296829502922 204.319557 0.000000
1652140297103620572 204.303713 0.000000
1652140297341406370 204.197920 0.000000
1652140297618124144 203.971789 0.000000
1652140298000198737 204.391417 0.000000
1652140298850652277 614.745381 0.000000
1652140299363637170 204.462216 0.000000
1652140299597247800 204.409436 0.000000
1652140299802512733 203.445923 0.000000
1652140300084725471 204.403893 0.000000
1652140300350293598 203.880392 0.000000
1652140300691176660 204.342099 0.000000
1652140301063932129 204.235718 0.000000
1652140301371016464 204.314909 0.000000
1652140301656362945 204.227264 0.000000
1652140302004332995 204.208197 0.000000
1652140302340675949 204.387552 0.000000
1652140302551133455 204.119126 0.000000
1652140302765073979 204.036343 0.000000
1652140303000171415 204.352945 0.000000
1652140303207452287 204.230763 0.000000
1652140303560055629 204.460465 0.000000
1652140303891063368 204.273095 0.000000
1652140304151084990 204.313478 0.000000
1652140304446713520 204.112053 0.000000
1652140304911020803 204.473342 0.000000
1652140305228173846 204.397672 0.000000
1652140305552246681 204.388878 0.000000
1652140305817774419 204.129076 0.000000
1652140306187218822 262.702775 0.000000
1652140306398421999 203.969404 0.000000
1652140306644936660 204.161655 0.000000
1652140306885533965 204.296813 0.000000
1652140307151111390 204.381808 0.000000
1652140307394437124 204.246440 0.000000
1652140307636209335 204.314234 0.000000
1652140307869138671 204.340395 0.000000
1652140308109232495 204.165935 0.000000
1652140308397451957 204.135872 0.000000
1652140309217269338 609.217971 0.000000
1652140309450730835 204.364046 0.000000
1652140309707185073 204.178822 0.000000
1652140309943688750 204.422894 0.000000
1652140310246811912 204.389446 0.000000
1652140310495605798 204.187662 0.000000
1652140310722084844 204.309159 0.000000
1652140311058031257 204.321137 0.000000
1652140311451938232 204.156727 0.000000
1652140312010141563 204.083246 0.000000
1652140312409752680 204.195307 0.000000
1652140312658097801 204.564157 0.000000
1652140313048208312 204.394204 0.000000
1652140313486235716 204.303338 0.000000
1652140313705137206 204.467140 0.000000
1652140314357229645 204.231391 0.000000
1652140314623633246 204.175902 0.000000
1652140315092079696 204.286496 0.000000
1652140315314762484 204.423770 0.000000
1652140315551216649 204.325327 0.000000
1652140315804909073 204.618788 0.000000
1652140316098941306 204.552082 0.000000
1652140316380602429 244.556543 0.000000
1652140316593644843 204.203766 0.000000
1652140316892336945 204.209537 0.000000
1652140317138431620 204.432166 0.000000
1652140317984354715 615.148985 0.000000
1652140318258100229 204.624755 0.000000
1652140318627747945 204.457999 0.000000
1652140319312863644 613.195238 0.000000
1652140319520325080 204.327462 0.000000
1652140319782970298 204.430673 0.000000
1652140320017059658 204.225347 0.000000
1652140320352403987 204.492085 0.000000
1652140320661398916 204.545015 0.000000
1652140320961399451 204.409025 0.000000
1652140321339869079 288.685545 0.000000
1652140321586761498 204.303320 0.000000
1652140321791215942 203.010282 0.000000
1652140322066077487 204.351004 0.000000
1652140322285932553 203.644390 0.000000
1652140322578979500 204.343473 0.000000
1652140322828839692 204.176105 0.000000
1652140323036248580 204.254285 0.000000
1652140323355272096 204.413677 0.000000
1652140323865670365 204.389132 0.000000
1652140324133972761 204.710808 0.000000
1652140324581880465 204.379403 0.000000
1652140324840290514 204.164836 0.000000
1652140325207255997 204.187192 0.000000
1652140325449001034 204.186040 0.000000
1652140325721197517 204.401761 0.000000
1652140325995073692 204.442313 0.000000
1652140326382386128 250.086089 0.000000
1652140326593451450 203.247094 0.000000
1652140327286056125 609.043432 0.000000
1652140327493134298 204.446626 0.000000
1652140327886349262 204.446062 0.000000
1652140328109539666 204.218094 0.000000
1652140328414607385 204.625928 0.000000
1652140328811794316 204.431929 0.000000
1652140329487904312 203.595399 0.000000
1652140329717767248 204.375243 0.000000
1652140330024727569 204.340997 0.000000
1652140330345863201 204.195271 0.000000
1652140330555515788 204.315831 0.000000
1652140330771837255 203.474053 0.000000
1652140331012811006 204.212454 0.000000
1652140331362786817 276.141371 0.000000
1652140331831840014 203.410111 0.000000
1652140332208746306 204.394766 0.000000
1652140332416325464 204.246300 0.000000
1652140332677636910 204.541090 0.000000
1652140333027551650 204.247940 0.000000
1652140333444735739 203.072321 0.000000
1652140333766655215 204.279917 0.000000
1652140334005466981 204.441469 0.000000
1652140334286124031 204.507165 0.000000
1652140334877524371 204.344646 0.000000
1652140335139489514 204.479566 0.000000
1652140335344789216 203.345393 0.000000
1652140335691769494 204.286317 0.000000
1652140336379230494 661.992268 0.000000
1652140337012670419 204.344208 0.000000
1652140337224522990 204.224909 0.000000
1652140337469590054 204.230479 0.000000
1652140337889569624 204.347697 0.000000
1652140338395148076 204.401739 0.000000
1652140338688145859 204.380011 0.000000
1652140338931567865 204.384702 0.000000
1652140339566142442 614.368327 0.000000
1652140339915425514 204.300262 0.000000
1652140340305819767 204.404221 0.000000
1652140340565083918 204.313326 0.000000
1652140340889201555 204.399032 0.000000
1652140341202687515 251.783552 0.000000
1652140341686895387 204.316584 0.000000
1652140341901831960 204.272067 0.000000
1652140342243409816 204.582690 0.000000
1652140342482364601 204.262895 0.000000
1652140342771502518 204.450499 0.000000
1652140343033472960 204.500773 0.000000
1652140343449344395 204.435400 0.000000
1652140343780267995 204.313760 0.000000
1652140343990663217 204.132094 0.000000
1652140344359112294 204.493092 0.000000
1652140344637475393 204.368755 0.000000
1652140344929089251 204.754180 0.000000
1652140345197691778 204.336700 0.000000
1652140345443072590 204.371512 0.000000
1652140345655854284 204.532757 0.000000
1652140345958632367 204.260083 0.000000
1652140346412320828 253.191844 0.000000
1652140346619406503 204.124763 0.000000
1652140346941576413 204.450292 0.000000
1652140347348265189 203.604100 0.000000
1652140347631822669 204.554071 0.000000
1652140348043318856 204.331261 0.000000
1652140348380877672 204.300156 0.000000
1652140348693813236 204.356376 0.000000
1652140348919197938 204.313760 0.000000
1652140349153346517 204.637369 0.000000
1652140349402383191 204.434091 0.000000
1652140349629767844 204.081726 0.000000
1652140350066645961 204.131853 0.000000
1652140350354717486 204.284931 0.000000
1652140350606624035 204.349112 0.000000
1652140350813073470 204.303874 0.000000
1652140351117793780 204.465146 0.000000
1652140351439323261 272.011396 0.000000
1652140351664971454 204.248743 0.000000
1652140351926367782 204.199952 0.000000
1652140352138306177 204.226387 0.000000
1652140352407158082 204.161179 0.000000
1652140352627142852 204.477663 0.000000
1652140352910038219 204.989185 0.000000
1652140353185070766 204.563319 0.000000
1652140353410757109 204.165996 0.000000
1652140353671900650 204.256273 0.000000
1652140353933732135 204.448468 0.000000
1652140354142320072 204.217777 0.000000
1652140354401560290 204.219143 0.000000
1652140354700835352 204.354289 0.000000
1652140354906830829 204.311883 0.000000
1652140355473115147 204.316330 0.000000
1652140355692469060 204.231114 0.000000
1652140355906594706 204.101468 0.000000
1652140356357638438 304.586662 0.000000
1652140356579305562 204.298066 0.000000
1652140356819054440 203.923067 0.000000
1652140357045182158 203.978893 0.000000
1652140357300966032 204.480502 0.000000
1652140357643200131 204.537192 0.000000
1652140357910828361 204.382447 0.000000
1652140358144186280 204.416223 0.000000
1652140358391446901 204.431108 0.000000
1652140358596643422 204.023277 0.000000
1652140358832252649 204.303693 0.000000
1652140359094575242 203.557107 0.000000
1652140359385777401 204.512868 0.000000
1652140359593250726 204.248569 0.000000
1652140359990120396 204.371753 0.000000
1652140360248374062 204.529303 0.000000
1652140360491508887 204.399410 0.000000
1652140360810846346 204.545004 0.000000
1652140361439059284 295.783961 0.000000
1652140361758157325 204.494889 0.000000
1652140361978848220 203.662883 0.000000
1652140362194629426 204.455675 0.000000
1652140362463537596 204.475689 0.000000
1652140362848840620 204.432110 0.000000
1652140363163849056 204.262594 0.000000
1652140363466679695 204.072899 0.000000
1652140363724152367 204.414559 0.000000
1652140364287695430 204.465645 0.000000
1652140365265908799 614.279054 0.000000
1652140365543214335 204.288683 0.000000
1652140366001352953 204.452604 0.000000
1652140366487121848 204.402913 0.000000
1652140366691911364 203.928894 0.000000
1652140366932220786 204.368873 0.000000
1652140367209098859 204.308646 0.000000
1652140367585613780 204.433590 0.000000
1652140367891892145 204.337827 0.000000
1652140368136852401 204.342110 0.000000
1652140368680060861 204.392137 0.000000
1652140368945879170 204.127356 0.000000
1652140369153944558 204.339829 0.000000
1652140369905495122 204.568625 0.000000
1652140370110359033 204.097167 0.000000
1652140370354135766 204.300380 0.000000
1652140370659522102 204.453633 0.000000
1652140370906333262 204.311202 0.000000
1652140371115902583 204.304026 0.000000
1652140371473632777 273.925591 0.000000
1652140371768336859 203.753005 0.000000
1652140372017778794 204.452615 0.000000
1652140372270293100 203.709519 0.000000
1652140372950775367 204.339524 0.000000
1652140373176403847 204.383153 0.000000
1652140373396710294 204.378853 0.000000
1652140373606931999 204.265990 0.000000
1652140374018821156 204.448502 0.000000
1652140374764557028 204.288145 0.000000
1652140375061401034 204.419257 0.000000
1652140375415734706 204.252909 0.000000
1652140375849791822 203.539380 0.000000
1652140376120850140 204.286150 0.000000
1652140376551413019 204.254577 0.000000
1652140376905183214 204.255897 0.000000
1652140377140716010 204.457039 0.000000
1652140377382211039 204.005957 0.000000
1652140377935323027 204.284704 0.000000
1652140378306533458 204.395411 0.000000
1652140378535531757 204.642675 0.000000
1652140379209450419 609.758192 0.000000
1652140379553273396 204.395973 0.000000
1652140379766670586 204.324423 0.000000
1652140380080904550 204.343527 0.000000
1652140380366993087 204.573135 0.000000
1652140380574282421 204.220457 0.000000
1652140380857907777 203.817681 0.000000
1652140381123112979 204.460894 0.000000
1652140381560209470 204.183685 0.000000
1652140381768639943 204.319341 0.000000
1652140382096858486 204.433310 0.000000
1652140382456779899 204.462458 0.000000
1652140382699599826 204.559587 0.000000
1652140382980271602 204.708298 0.000000
1652140383184594481 203.548176 0.000000
1652140383526898010 204.270895 0.000000
1652140383800268978 204.543430 0.000000
1652140384059241280 204.291663 0.000000
1652140384470451409 204.435936 0.000000
1652140384680207272 203.751321 0.000000
1652140385131303817 204.320143 0.000000
1652140385695267906 204.359732 0.000000
1652140385989414865 204.319264 0.000000
1652140386787386617 696.387294 0.000000
1652140387133145168 204.323531 0.000000
1652140387372381456 204.343832 0.000000
1652140387693201308 204.398813 0.000000
1652140388458345511 610.483459 0.000000
1652140388949670116 204.520474 0.000000
1652140389182609401 203.606553 0.000000
1652140389418617922 204.268536 0.000000
1652140389814790385 204.249826 0.000000
1652140390030204536 204.315081 0.000000
1652140390302771722 202.278753 0.000000
1652140390515567883 204.504348 0.000000
1652140390795742092 203.694271 0.000000
1652140390999227313 203.199264 0.000000
1652140391569040354 219.543308 0.000000
1652140392081047640 204.281289 0.000000
1652140392283581483 202.464749 0.000000
1652140392522889899 204.210825 0.000000
1652140392769200580 204.382676 0.000000
1652140393436590248 610.360676 0.000000
1652140393938780316 204.507129 0.000000
1652140394188766684 204.335977 0.000000
1652140394635793320 203.817866 0.000000
1652140394954706238 204.241517 0.000000
1652140395168005259 204.222620 0.000000
1652140395409278478 204.516939 0.000000
1652140395657297330 204.439999 0.000000
1652140395903388813 204.295659 0.000000
1652140396144503500 204.347974 0.000000
1652140396564576854 204.412231 0.000000
1652140396784163547 204.316578 0.000000
1652140397076210846 204.600186 0.000000
1652140397451434953 204.380460 0.000000
1652140398119100732 610.952836 0.000000
1652140398467011488 204.564372 0.000000
1652140398708936219 204.444841 0.000000
1652140399239044381 204.396060 0.000000
1652140399654191276 204.603777 0.000000
1652140399909790352 204.287759 0.000000
1652140400694422787 614.782494 0.000000
1652140401043408243 204.389455 0.000000
1652140401350734993 262.683376 0.000000
1652140401711743791 204.414610 0.000000
1652140401940529868 204.579711 0.000000
1652140402300726073 204.193779 0.000000
1652140402516741318 204.439314 0.000000
1652140402808964207 204.504944 0.000000
1652140403060019032 204.298467 0.000000
1652140403334995593 204.417450 0.000000
1652140403786115287 204.420071 0.000000
1652140404013318439 204.430778 0.000000
1652140404271139381 204.205349 0.000000
1652140404558226834 204.422194 0.000000
1652140404879082550 204.394447 0.000000
1652140405100667190 204.466615 0.000000
1652140405499860695 204.500617 0.000000
1652140405868370846 204.710937 0.000000
1652140406170361983 204.365011 0.000000
1652140406484353767 261.372370 0.000000
1652140406715412043 204.413995 0.000000
1652140407404859677 613.003609 0.000000
1652140407708193373 204.536507 0.000000
1652140407952630053 204.363404 0.000000
1652140408302547078 204.322128 0.000000
1652140408565468281 204.378760 0.000000
1652140408884898435 204.416040 0.000000
1652140409127175695 204.571509 0.000000
1652140409522328796 204.782642 0.000000
1652140409861860485 204.447120 0.000000
1652140410479011429 614.031527 0.000000
1652140410754223841 204.514806 0.000000
1652140410970124499 204.639441 0.000000
1652140411431904517 294.041067 0.000000
1652140411681301267 204.487614 0.000000
1652140411891205239 204.389262 0.000000
1652140412238601622 204.300148 0.000000
1652140412506100749 204.574512 0.000000
1652140412730242342 204.244717 0.000000
1652140413051081277 204.255252 0.000000
1652140413265409339 204.422171 0.000000
1652140413579449651 204.698990 0.000000
1652140413867668574 204.227948 0.000000
1652140414090075330 204.561039 0.000000
1652140414480082634 204.567537 0.000000
1652140414686320130 204.304902 0.000000
1652140414984487368 204.208480 0.000000
1652140415195800784 204.241814 0.000000
1652140415661550826 204.214301 0.000000
1652140416325118888 204.543741 0.000000
1652140417068792761 204.501881 0.000000
1652140417419424556 203.805039 0.000000
1652140417652391612 204.430273 0.000000
1652140418046743577 204.639083 0.000000
1652140418286579563 204.420013 0.000000
1652140418765423797 204.456288 0.000000
1652140419120465471 204.514688 0.000000
1652140419369102615 204.425627 0.000000
1652140419698928712 204.407447 0.000000
1652140420434107495 613.632981 0.000000
1652140420755344639 204.443850 0.000000
1652140421094180315 204.324704 0.000000
1652140421591448525 204.359441 0.000000
1652140422015476114 204.626458 0.000000
1652140422408130845 204.418042 0.000000
1652140422698163711 204.401015 0.000000
1652140422965863986 204.624096 0.000000
1652140423258402084 204.684366 0.000000
1652140423488174124 204.326134 0.000000
1652140423835337414 204.488176 0.000000
1652140424044494736 203.808555 0.000000
1652140424358588362 204.453701 0.000000
1652140424594234910 204.306431 0.000000
1652140424964024472 204.602820 0.000000
1652140425258467165 204.625403 0.000000
1652140425603115274 204.685983 0.000000
1652140425827173309 204.501199 0.000000
1652140426088009296 203.529545 0.000000
1652140426309791941 204.490748 0.000000
1652140426600136589 224.767833 0.000000
1652140426819217741 204.207103 0.000000
1652140427041258241 204.544988 0.000000
1652140427361039176 204.506044 0.000000
1652140427625137353 204.536512 0.000000
1652140427846819758 204.568660 0.000000
1652140428176796347 204.510638 0.000000
1652140428483790169 204.465355 0.000000
1652140428719768701 204.278286 0.000000
1652140428932550436 204.237588 0.000000
1652140429261777288 204.371220 0.000000
1652140429496912312 204.349696 0.000000
1652140429822168709 204.440417 0.000000
1652140430096102638 204.518864 0.000000
1652140430301124604 204.289766 0.000000
1652140430627383130 204.551323 0.000000
1652140430848253045 204.413362 0.000000
1652140431102410809 204.322085 0.000000
1652140431533334428 326.129596 0.000000
1652140431836105069 204.441149 0.000000
1652140432505136964 609.446887 0.000000
1652140432882407540 204.598898 0.000000
1652140433145603621 204.491032 0.000000
1652140433367041676 204.151256 0.000000
1652140433618009563 204.457431 0.000000
1652140434262823024 613.492736 0.000000
1652140434497302172 204.522145 0.000000
1652140434722038158 204.284090 0.000000
1652140435086777438 204.609832 0.000000
1652140435458432388 204.583535 0.000000
1652140435687834048 204.277946 0.000000
1652140435952712377 204.581944 0.000000
1652140436168473213 204.174575 0.000000
1652140436469285443 292.993710 0.000000
1652140436726317818 204.662656 0.000000
1652140436975096806 204.398874 0.000000
1652140437210214416 204.412743 0.000000
1652140437474534761 204.703086 0.000000
1652140437847452999 204.308634 0.000000
1652140438241215088 204.553912 0.000000
1652140438612703286 204.525276 0.000000
1652140439018299018 203.577419 0.000000
1652140439323257355 204.375790 0.000000
1652140439778669064 204.523427 0.000000
1652140439984634967 204.107128 0.000000
1652140440211825814 204.595820 0.000000
1652140440438899192 204.669833 0.000000
1652140440697179642 204.536633 0.000000
1652140441107313575 204.655358 0.000000
1652140441354026190 204.756093 0.000000
1652140441665443368 252.666546 0.000000
1652140441904012907 204.334146 0.000000
1652140442160468862 204.308233 0.000000
1652140442432681482 204.755114 0.000000
1652140442698606411 204.261197 0.000000
1652140442934203619 204.433735 0.000000
1652140443171703611 204.287217 0.000000
1652140443379351077 204.669409 0.000000
1652140443808390338 204.466125 0.000000
1652140444107237271 204.355175 0.000000
1652140444322583912 204.243856 0.000000
1652140444553113812 204.360161 0.000000
1652140444768547583 204.325403 0.000000
1652140445059690172 204.461637 0.000000
1652140445443593406 204.484884 0.000000
1652140445695757060 204.582482 0.000000
1652140445945789958 204.568483 0.000000
1652140446184780716 204.583391 0.000000
1652140446391156010 204.335432 0.000000
1652140446670337416 262.997225 0.000000
1652140446977809202 204.574453 0.000000
1652140447366669477 204.660764 0.000000
1652140447631144460 204.507691 0.000000
1652140448059036787 204.327595 0.000000
1652140448276864438 204.353251 0.000000
1652140448510231498 203.857135 0.000000
1652140448778465040 204.455861 0.000000
1652140449272519642 204.527014 0.000000
1652140449594309179 204.436125 0.000000
1652140450005960606 204.354150 0.000000
1652140450303857652 204.581440 0.000000
1652140450600945949 204.753561 0.000000
1652140451029191209 204.437725 0.000000
1652140451615684325 291.435609 0.000000
1652140451843524557 204.256737 0.000000
1652140452052219621 204.446288 0.000000
1652140452308511130 204.623495 0.000000
1652140452999498567 613.331160 0.000000
1652140453239152667 204.448491 0.000000
1652140453461180732 204.408226 0.000000
1652140453730370995 204.383803 0.000000
1652140453943145203 204.466632 0.000000
1652140454182518673 204.184067 0.000000
1652140454494220087 204.524046 0.000000
1652140454753710529 204.724410 0.000000
1652140455070011744 204.620324 0.000000
1652140455705291155 610.569203 0.000000
1652140455927827962 204.594523 0.000000
1652140456192110035 204.395637 0.000000
1652140456402526077 204.323445 0.000000
1652140456701662101 204.452712 0.000000
1652140457133108613 204.594303 0.000000
1652140457427547288 204.656846 0.000000
1652140457665181434 204.611406 0.000000
1652140457926834005 204.388323 0.000000
1652140458255219386 204.547153 0.000000
1652140458630288514 204.262045 0.000000
1652140458853982324 204.500558 0.000000
1652140459292424973 204.433970 0.000000
1652140459522624540 204.723916 0.000000
1652140459776437863 204.379289 0.000000
1652140460006982394 204.510137 0.000000
1652140460632311342 204.389533 0.000000
1652140460944613500 204.522656 0.000000
1652140461173297185 204.530575 0.000000
1652140461795104976 204.560746 0.000000
1652140462132619328 204.619733 0.000000
1652140462417951274 204.533218 0.000000
1652140462728360240 204.704804 0.000000
1652140462944987069 204.415336 0.000000
1652140463340204378 204.443745 0.000000
1652140463610479703 204.558403 0.000000
1652140464027607455 204.429630 0.000000
1652140464321400572 204.687464 0.000000
1652140464538029833 204.288928 0.000000
1652140464780336062 204.395955 0.000000
1652140465007545460 204.472603 0.000000
1652140465315456086 204.410168 0.000000
1652140465672498695 204.130105 0.000000
1652140466249285478 204.416700 0.000000
1652140466615699286 343.125016 0.000000
1652140466892713225 204.343192 0.000000
1652140467210127321 204.773277 0.000000
1652140467516220477 204.521376 0.000000
1652140467756247217 204.654437 0.000000
1652140468045657024 204.863070 0.000000
1652140468341008384 204.501465 0.000000
1652140468604393416 204.548353 0.000000
1652140468878189107 204.947397 0.000000
1652140469169953950 204.571204 0.000000
1652140469375358266 203.364314 0.000000
1652140469802317188 204.618751 0.000000
1652140470012130456 204.478050 0.000000
1652140470225466344 203.850005 0.000000
1652140470512643903 204.061813 0.000000
1652140470728515932 203.863644 0.000000
1652140471090849560 204.505008 0.000000
1652140471413282882 204.466419 0.000000
1652140471721958758 233.128484 0.000000
1652140472207279411 204.520916 0.000000
1652140472471658878 204.539666 0.000000
1652140472734744733 204.370421 0.000000
1652140473028720867 204.228087 0.000000
1652140473392520031 204.584194 0.000000
1652140473673335043 204.533839 0.000000
1652140474307537909 204.521043 0.000000
1652140474572747798 204.528567 0.000000
1652140474901788818 204.387158 0.000000
1652140475124623723 204.395744 0.000000
1652140475337657391 204.585172 0.000000
1652140475636138071 204.554170 0.000000
1652140475841318036 204.403916 0.000000
1652140476053438746 204.478060 0.000000
1652140476308559145 204.530886 0.000000
1652140476628899884 294.140163 0.000000
1652140476862463365 204.818937 0.000000
1652140477484507161 204.671042 0.000000
1652140477859515601 204.374862 0.000000
1652140478476927929 204.615640 0.000000
1652140478840639135 204.436666 0.000000
1652140479177964951 204.630685 0.000000
1652140479547330974 204.679373 0.000000
1652140479852219717 204.187572 0.000000
1652140480126582513 204.786171 0.000000
1652140480336299143 204.222328 0.000000
1652140480957339887 610.545630 0.000000
1652140481441710496 204.528758 0.000000
1652140481772648905 222.301866 0.000000
1652140482589020425 610.476716 0.000000
1652140482803636327 204.654410 0.000000
1652140483022450251 204.513626 0.000000
1652140483342452791 204.397476 0.000000
1652140483600639267 204.514638 0.000000
1652140483854721761 204.448892 0.000000
1652140484128816406 204.495290 0.000000
1652140484662301152 204.571598 0.000000
1652140484915871038 204.555350 0.000000
1652140485119185913 202.974221 0.000000
1652140485351353729 203.945635 0.000000
1652140486562367356 662.287516 0.000000
1652140486947276984 204.116370 0.000000
1652140487236272263 204.717081 0.000000
1652140487512305309 204.331636 0.000000
1652140487773210866 204.366823 0.000000
1652140487984844404 204.262129 0.000000
1652140488277746809 204.521581 0.000000
1652140488539183625 204.482383 0.000000
1652140488848381285 204.439744 0.000000
1652140489130013321 204.836779 0.000000
1652140489339727705 204.520819 0.000000
1652140489750753275 204.520004 0.000000
1652140490148967892 204.791708 0.000000
1652140490358848393 204.504110 0.000000
1652140490600416258 204.897136 0.000000
1652140490839534257 203.972024 0.000000
1652140491062586853 204.383288 0.000000
1652140491656278102 305.979969 0.000000
1652140491969022101 204.594962 0.000000
1652140492204089234 204.415714 0.000000
1652140492490966119 204.323105 0.000000
1652140492779967495 204.360205 0.000000
1652140493024484909 204.524431 0.000000
1652140493232838716 204.316921 0.000000
1652140493672005627 203.477455 0.000000
1652140494357777126 613.861629 0.000000
1652140494566487444 203.740350 0.000000
1652140494832151666 204.090854 0.000000
1652140495062012839 203.549669 0.000000
1652140495393543997 204.488410 0.000000
1652140495714039473 204.463576 0.000000
1652140496038342968 204.973140 0.000000
1652140496431271123 204.530252 0.000000
1652140496806277035 337.397605 0.000000
1652140497077357959 204.625701 0.000000
1652140497464599507 204.474512 0.000000
1652140497685177883 204.423746 0.000000
1652140497996052004 204.341766 0.000000
1652140498286134263 204.474582 0.000000
1652140498500796967 204.389717 0.000000
1652140498715348700 204.302103 0.000000
1652140499108355128 204.395076 0.000000
1652140499442316490 204.615069 0.000000
1652140499669441930 204.729580 0.000000
1652140500341766705 610.789378 0.000000
1652140500711883532 204.482223 0.000000
1652140500925815043 204.509082 0.000000
1652140501148203368 204.504973 0.000000
1652140501360978794 203.533743 0.000000
1652140501737094817 303.301277 0.000000
1652140502067336276 204.452069 0.000000
1652140502279318215 204.370476 0.000000
1652140502610649160 204.677758 0.000000
1652140503271481219 204.793507 0.000000
1652140503516340830 204.558210 0.000000
1652140503756959102 204.532878 0.000000
1652140503987366982 204.400005 0.000000
1652140504275324499 204.709325 0.000000
1652140504496970133 204.516299 0.000000
1652140504778606326 204.603071 0.000000
1652140505010345330 204.563218 0.000000
1652140505256063315 203.552870 0.000000
1652140505487181146 204.198308 0.000000
1652140506017106080 204.767141 0.000000
1652140506233040697 204.454349 0.000000
1652140506835285553 282.609345 0.000000
1652140507085397958 204.480743 0.000000
1652140507326346506 204.533539 0.000000
1652140507539934189 204.574151 0.000000
1652140507830924879 204.618000 0.000000
1652140508500087759 613.569843 0.000000
1652140508762591815 204.650305 0.000000
1652140509026008125 204.563161 0.000000
1652140509315289655 204.589690 0.000000
1652140509612556681 204.384137 0.000000
1652140510104862131 203.810614 0.000000
1652140510469559192 204.451063 0.000000
1652140510704618080 204.557175 0.000000
1652140510940896968 204.512831 0.000000
1652140511219251750 204.713332 0.000000
1652140511790703859 324.426710 0.000000
1652140512052747085 204.388609 0.000000
1652140512430345480 204.687418 0.000000
1652140512770976555 204.598741 0.000000
1652140513129209724 204.525410 0.000000
1652140513358490170 204.815065 0.000000
1652140513706689141 204.711364 0.000000
1652140513928829702 219.339846 0.000000
1652140514176826967 204.374933 0.000000
1652140514486669314 204.731638 0.000000
1652140514765972867 204.686617 0.000000
1652140514988121156 204.453833 0.000000
1652140515228433636 204.646056 0.000000
1652140515506263097 204.440273 0.000000
1652140516061680315 204.630255 0.000000
1652140516842502045 322.173418 0.000000
1652140517089894553 204.576212 0.000000
1652140517306774995 204.639233 0.000000
1652140517602455259 204.821875 0.000000
1652140517812297325 204.547017 0.000000
1652140518034731701 204.574021 0.000000
1652140518459456542 204.553914 0.000000
1652140518821384052 204.507729 0.000000
1652140519050242133 204.540362 0.000000
1652140519419237243 204.596323 0.000000
1652140519811713165 204.446403 0.000000
1652140520030230216 204.349509 0.000000
1652140520246966920 204.443981 0.000000
1652140520631042756 205.367196 0.000000
1652140520855074943 204.677980 0.000000
1652140521169765139 204.634271 0.000000
1652140521866559047 296.509382 0.000000
1652140522082681452 204.408288 0.000000
1652140522322308869 203.922933 0.000000
1652140522654208974 204.516434 0.000000
1652140522881757791 204.713329 0.000000
1652140523106011622 204.697402 0.000000
1652140523411802234 204.309922 0.000000
1652140523673213979 204.555735 0.000000
1652140523901279180 204.411028 0.000000
1652140524162580894 204.592637 0.000000
1652140524375100662 203.684287 0.000000
1652140524690342447 204.597635 0.000000
1652140525486652551 612.802055 0.000000
1652140525695227204 204.534662 0.000000
1652140525970657830 204.638103 0.000000
1652140526214157853 204.692902 0.000000
1652140526856917884 302.127404 0.000000
1652140527074957487 204.469083 0.000000
1652140527348000384 204.473810 0.000000
1652140527678015647 204.415649 0.000000
1652140527924482261 204.538612 0.000000
1652140528246956600 204.602995 0.000000
1652140528499308939 204.613209 0.000000
1652140528911421300 204.746061 0.000000
1652140529122168112 204.596086 0.000000
1652140529360594586 203.947628 0.000000
1652140529584891106 204.593176 0.000000
1652140529925282971 204.556757 0.000000
1652140530290050861 204.675371 0.000000
1652140530525264236 204.523343 0.000000
1652140530790508775 204.472050 0.000000
1652140531231041588 204.594435 0.000000
1652140531482267077 204.369648 0.000000
1652140531848113381 326.025486 0.000000
1652140532077203150 204.410423 0.000000
1652140532300448470 204.524578 0.000000
1652140532745647376 204.423908 0.000000
1652140533076926908 204.317399 0.000000
1652140533321263434 204.646517 0.000000
1652140533812614144 204.390229 0.000000
1652140534111606124 204.434863 0.000000
1652140534338659684 204.448067 0.000000
1652140534786997673 204.524017 0.000000
1652140535058540394 204.281743 0.000000
1652140535293384456 204.747976 0.000000
1652140535513580224 204.392027 0.000000
1652140535761905317 204.366882 0.000000
1652140535972674233 204.422067 0.000000
1652140536220702862 204.221412 0.000000
1652140536450097341 204.574161 0.000000
1652140536859374230 382.624618 0.000000
1652140537093012871 203.693583 0.000000
1652140537743834218 614.054093 0.000000
1652140538015646899 204.874625 0.000000
1652140538258602861 204.516707 0.000000
1652140538753836508 204.518331 0.000000
1652140539098396982 204.548007 0.000000
1652140539431353233 204.466624 0.000000
1652140539731598498 204.607854 0.000000
1652140540141663631 204.497199 0.000000
1652140540547431775 203.698834 0.000000
1652140540797238405 204.832030 0.000000
1652140541152969158 204.478549 0.000000
1652140541399328362 204.502140 0.000000
1652140541614392881 204.636129 0.000000
1652140542231785172 204.615829 0.000000
1652140542511027951 204.525942 0.000000
1652140543048283039 204.746937 0.000000
1652140543332743091 204.864177 0.000000
1652140543830357334 204.537075 0.000000
1652140544207622173 204.493754 0.000000
1652140544512524506 203.640562 0.000000
1652140544752389262 203.853922 0.000000
1652140545283468879 204.375255 0.000000
1652140545498254281 204.735351 0.000000
1652140545770715163 204.462371 0.000000
1652140546158851702 204.584195 0.000000
1652140546527987360 204.949393 0.000000
1652140546897858296 240.444645 0.000000
1652140547162204333 203.871397 0.000000
1652140547449394329 204.606777 0.000000
1652140547663481760 203.625460 0.000000
1652140547973853448 204.515775 0.000000
1652140548239036611 204.637304 0.000000
1652140548564416443 204.592003 0.000000
1652140549193000884 614.796355 0.000000
1652140549419715434 204.307009 0.000000
1652140549750099196 204.498462 0.000000
1652140549973537078 204.377376 0.000000
1652140550196600485 204.648865 0.000000
1652140550823549571 204.656029 0.000000
1652140551146671046 204.349070 0.000000
1652140551427220331 204.515976 0.000000
1652140551710342024 220.337693 0.000000
1652140551987562373 209.118858 0.000000
1652140552383772272 204.636159 0.000000
1652140552716653970 204.654542 0.000000
1652140552943934382 204.860599 0.000000
1652140553157198829 204.490781 0.000000
1652140553405359015 204.255419 0.000000
1652140553886737762 204.507847 0.000000
1652140554462173368 204.634522 0.000000
1652140554713215791 204.613346 0.000000
1652140555209918086 204.789617 0.000000
1652140555789242065 204.650296 0.000000
1652140556246195719 204.595114 0.000000
1652140556977018903 323.926885 0.000000
1652140557218779609 204.623497 0.000000
1652140557602054750 204.681034 0.000000
1652140557810809894 204.624649 0.000000
1652140558016408961 203.528411 0.000000
1652140558295482232 204.380106 0.000000
1652140558556694392 204.436160 0.000000
1652140558818611522 204.504714 0.000000
1652140559046375662 204.253798 0.000000
1652140559792440978 615.239537 0.000000
1652140560002111626 204.466711 0.000000
1652140560235205224 204.597429 0.000000
1652140560471294161 204.565281 0.000000
1652140560899332783 204.445649 0.000000
1652140561122908952 204.635104 0.000000
1652140561372591703 204.426681 0.000000
1652140561670916626 204.674896 0.000000
1652140561994006954 314.337980 0.000000
1652140562388602786 204.593580 0.000000
1652140562675767300 204.545360 0.000000
1652140563027361687 204.862778 0.000000
1652140563237406329 204.437563 0.000000
1652140563679568037 204.811662 0.000000
1652140563934657754 204.611007 0.000000
1652140564266139389 204.638027 0.000000
1652140564532975718 204.650931 0.000000
1652140564826057470 204.515722 0.000000
1652140565086348714 204.522057 0.000000
1652140565394422804 204.296525 0.000000
1652140565650662304 204.595452 0.000000
1652140565899744291 204.401861 0.000000
1652140566221652228 204.628395 0.000000
1652140566459054015 204.641101 0.000000
1652140567059437542 207.250353 0.000000
1652140567436712640 204.579203 0.000000
1652140567678043792 204.274597 0.000000
1652140567939446607 204.700186 0.000000
1652140568152079719 204.350414 0.000000
1652140568548897329 204.666818 0.000000
1652140568775639631 204.338045 0.000000
1652140568990146978 204.362120 0.000000
1652140569247466319 205.087378 0.000000
1652140569517858857 204.458914 0.000000
1652140569989185466 204.639511 0.000000
1652140570384090655 204.727656 0.000000
1652140570590317924 204.380328 0.000000
1652140570810452988 204.722959 0.000000
1652140571013276173 202.729896 0.000000
1652140571331699564 204.481262 0.000000
1652140571538310146 204.555959 0.000000
1652140571779778905 223.294488 0.000000
1652140572035907318 205.336901 0.000000
1652140572300768947 204.561463 0.000000
1652140572537785723 204.459408 0.000000
1652140572892960893 204.575057 0.000000
1652140573167011959 204.543577 0.000000
1652140573408454357 204.794158 0.000000
1652140573776343845 204.054290 0.000000
1652140574029571485 204.559960 0.000000
1652140574360539716 204.643467 0.000000
1652140574790074297 204.670898 0.000000
1652140575164543394 204.694813 0.000000
1652140575478401375 204.596057 0.000000
1652140575693550171 204.642692 0.000000
1652140575921215243 204.702742 0.000000
1652140576207336552 204.812654 0.000000
1652140576501832511 204.691827 0.000000
1652140576746423397 204.668204 0.000000
1652140577093427763 204.777546 0.000000
1652140577306461556 204.981822 0.000000
1652140577512824738 204.261540 0.000000
1652140577726031023 204.602802 0.000000
1652140577996128223 204.441476 0.000000
1652140578264558669 204.661171 0.000000
1652140578578936238 204.641823 0.000000
1652140578783514562 203.176993 0.000000
1652140578994473145 204.548513 0.000000
1652140579621247102 204.540807 0.000000
1652140579848911396 204.515612 0.000000
1652140580062596985 204.471379 0.000000
1652140580439372675 204.621977 0.000000
1652140580710659993 204.760921 0.000000
1652140581016932634 204.687457 0.000000
1652140581232003221 204.611266 0.000000
1652140581910979685 263.542593 0.000000
1652140582117254875 204.429876 0.000000
1652140582368496032 204.486905 0.000000
1652140582639008019 204.733176 0.000000
1652140583000463531 204.848111 0.000000
1652140583287666211 204.418416 0.000000
1652140583633277179 204.814429 0.000000
1652140583956328575 204.475441 0.000000
1652140584190741729 204.577717 0.000000
1652140584412984848 204.557647 0.000000
1652140584720902039 204.526592 0.000000
1652140585024358630 204.711014 0.000000
1652140585240101738 204.553778 0.000000
1652140585615714952 204.619325 0.000000
1652140585934476102 204.646505 0.000000
1652140586161965131 204.697630 0.000000
1652140586505925505 204.582943 0.000000
1652140586727010901 204.845608 0.000000
1652140587056592852 255.668062 0.000000
1652140587273080727 204.172205 0.000000
1652140587537391771 204.543624 0.000000
1652140587797918992 204.582903 0.000000
1652140588053286995 204.639769 0.000000
1652140588274992236 204.533962 0.000000
1652140588481572073 204.708138 0.000000
1652140588728657076 204.452382 0.000000
1652140589043102263 204.628589 0.000000
1652140589339446340 204.546729 0.000000
1652140589555480767 204.540982 0.000000
1652140589878180731 204.426668 0.000000
1652140590216952809 204.771890 0.000000
1652140590465937577 204.505927 0.000000
1652140590779487948 204.660106 0.000000
1652140590994945183 204.374424 0.000000
1652140591278499670 204.831669 0.000000
1652140591738776572 204.658769 0.000000
1652140592368241064 204.446580 0.000000
1652140592617500212 204.646104 0.000000
1652140592843012767 204.602812 0.000000
1652140593054540657 204.601756 0.000000
1652140593316891831 204.769491 0.000000
1652140593567792143 204.251774 0.000000
1652140593874312148 204.834289 0.000000
1652140594104614448 204.664369 0.000000
1652140594389452165 204.845101 0.000000
1652140594610819747 204.650146 0.000000
1652140595184235871 204.614106 0.000000
1652140595448487456 204.601028 0.000000
1652140595778327416 204.402606 0.000000
1652140596045574222 204.613007 0.000000
1652140596770497026 610.684828 0.000000
1652140597128608931 349.364563 0.000000
1652140597425437127 204.471801 0.000000
1652140597721597716 204.925622 0.000000
1652140598040645173 204.578710 0.000000
1652140598324747721 204.421781 0.000000
1652140598581140599 204.694846 0.000000
1652140598882116739 204.776260 0.000000
1652140599560916843 204.773424 0.000000
1652140599847152232 204.667450 0.000000
1652140600417118139 204.734407 0.000000
1652140600979213543 204.842307 0.000000
1652140601218382216 204.887473 0.000000
1652140601514199341 204.668464 0.000000
1652140602141339843 262.006042 0.000000
1652140602519599870 204.718816 0.000000
1652140602896722657 204.663571 0.000000
1652140603232754134 204.704145 0.000000
1652140603484026180 204.502051 0.000000
1652140603785224806 204.500478 0.000000
1652140604109859343 204.718422 0.000000
1652140604508447400 204.751111 0.000000
1652140604786835288 204.765391 0.000000
1652140605261934740 204.790774 0.000000
1652140605547475125 204.685385 0.000000
1652140605865980914 204.628196 0.000000
1652140606473510166 204.791636 0.000000
1652140607215077910 664.848092 0.000000
1652140607444708093 204.394270 0.000000
1652140607798004422 204.710140 0.000000
1652140608053624918 204.661660 0.000000
1652140608298726886 204.820849 0.000000
1652140608575423275 204.615273 0.000000
1652140608779049207 203.568545 0.000000
1652140609110183263 204.667673 0.000000
1652140609360474373 204.962728 0.000000
1652140609668901787 204.716103 0.000000
1652140609894296395 204.709806 0.000000
1652140610118407969 204.647146 0.000000
1652140610375768700 204.621282 0.000000
1652140610691422792 204.671016 0.000000
1652140610902419745 204.701089 0.000000
1652140611235210700 204.728767 0.000000
1652140611441649755 204.481700 0.000000
1652140611705227284 204.716642 0.000000
1652140612148264758 421.509093 0.000000
1652140612489497944 204.561213 0.000000
1652140612718429632 204.692388 0.000000
1652140612923778454 204.425944 0.000000
1652140613251457420 204.813143 0.000000
1652140613464246717 204.553097 0.000000
1652140613718171019 204.706983 0.000000
1652140614005554851 204.779140 0.000000
1652140614454396919 204.802659 0.000000
1652140614677029252 204.577564 0.000000
1652140615194558329 204.592135 0.000000
1652140615409291784 204.537855 0.000000
1652140615783824297 204.813264 0.000000
1652140616027980054 204.395373 0.000000
1652140616417474049 204.692252 0.000000
1652140616622326233 203.522960 0.000000
1652140617368617938 652.422514 0.000000
1652140617763309952 204.531216 0.000000
1652140617992269138 204.775649 0.000000
1652140618204746595 204.423559 0.000000
1652140618573952206 204.719101 0.000000
1652140618843910493 204.588142 0.000000
1652140619165939330 204.548881 0.000000
1652140619405098059 203.895428 0.000000
1652140619616484153 204.665456 0.000000
1652140619872439542 204.539335 0.000000
1652140620225936976 204.849594 0.000000
1652140620440871133 204.597922 0.000000
1652140620685448426 204.772158 0.000000
1652140621484299907 614.454097 0.000000
1652140621709211219 204.380221 0.000000
1652140622171463216 379.877394 0.000000
1652140622725189375 204.690771 0.000000
1652140622981240628 204.674090 0.000000
1652140623192027414 204.537334 0.000000
1652140623477254099 204.240097 0.000000
1652140623726707514 204.775506 0.000000
1652140624179881489 204.471421 0.000000
1652140624432282450 204.658212 0.000000
1652140624740618789 204.719472 0.000000
1652140625253670688 204.655386 0.000000
1652140625470880980 204.898879 0.000000
1652140625821032652 204.810420 0.000000
1652140626171366500 204.615309 0.000000
1652140626398991250 204.815088 0.000000
1652140626815033948 204.226777 0.000000
1652140627398830900 204.520481 0.000000
1652140627618666782 204.704136 0.000000
1652140627836265963 204.549676 0.000000
1652140628526073950 610.786002 0.000000
1652140628816667758 204.896862 0.000000
1652140629038476902 204.723888 0.000000
1652140629280349317 204.522156 0.000000
1652140629542944215 204.804633 0.000000
1652140629846335843 204.576024 0.000000
1652140630055242164 204.598119 0.000000
1652140630555544970 204.742275 0.000000
1652140630796918849 204.432336 0.000000
1652140631010476428 204.374879 0.000000
1652140631224080899 204.499642 0.000000
1652140631441589830 204.445379 0.000000
1652140631813685307 204.821727 0.000000
1652140632256083943 204.985693 0.000000
1652140632505975993 204.701500 0.000000
1652140632775120511 204.614247 0.000000
1652140633109002710 204.998736 0.000000
1652140633448363872 204.810955 0.000000
1652140633756996024 204.852772 0.000000
1652140634103001674 204.727688 0.000000
1652140634378887531 204.625206 0.000000
1652140634657774105 204.662372 0.000000
1652140635020470063 204.788105 0.000000
1652140635240411548 203.917924 0.000000
1652140635499050232 205.189744 0.000000
1652140635796655436 204.683876 0.000000
1652140636023865716 204.646425 0.000000
1652140636328242039 204.603452 0.000000
1652140636590733550 204.686365 0.000000
1652140636827047690 204.713956 0.000000
1652140637188651392 236.604673 0.000000
1652140637448616297 204.515634 0.000000
1652140637661842988 204.876093 0.000000
1652140637957744530 204.319696 0.000000
1652140638171319119 204.545025 0.000000
1652140638546808770 204.555580 0.000000
1652140638901031779 204.694925 0.000000
1652140639347772226 203.914192 0.000000
1652140639682738248 204.766117 0.000000
1652140639923660274 204.776642 0.000000
1652140640158685185 204.122467 0.000000
1652140640413182530 204.636745 0.000000
1652140640628230045 204.782235 0.000000
1652140640929326410 204.610966 0.000000
1652140641277092188 204.778078 0.000000
1652140641538510949 204.786709 0.000000
1652140641765617364 204.755396 0.000000
1652140642680182637 614.682434 0.000000
1652140642919488950 204.661575 0.000000
1652140643191699385 204.721707 0.000000
1652140643460470874 204.692583 0.000000
1652140643677785696 204.402353 0.000000
1652140643920332149 205.103267 0.000000
1652140644291797220 204.233316 0.000000
1652140644537634162 204.871493 0.000000
1652140645026210751 204.735606 0.000000
1652140645252177794 204.614241 0.000000
1652140645520646911 204.590144 0.000000
1652140645990344363 204.777587 0.000000
1652140646278899934 204.862234 0.000000
1652140647629582634 1121.269448 0.000000
1652140648061809920 204.296406 0.000000
1652140648293075223 204.668467 0.000000
1652140648537617120 204.515624 0.000000
1652140648843086798 204.752299 0.000000
1652140649054185208 204.535700 0.000000
1652140649379499975 204.567067 0.000000
1652140649624200241 204.708215 0.000000
1652140649835938693 204.598366 0.000000
1652140650308449837 204.847898 0.000000
1652140650609983154 204.818255 0.000000
1652140650818616552 204.652780 0.000000
1652140651089032243 204.744754 0.000000
1652140651323148921 204.707832 0.000000
1652140651563340358 204.462333 0.000000
1652140652238686194 377.407795 0.000000
1652140652773744032 204.858840 0.000000
1652140653101009873 204.778005 0.000000
1652140653423257438 204.659876 0.000000
1652140653730636226 204.528861 0.000000
1652140654000989675 204.643548 0.000000
1652140654246647226 204.648494 0.000000
1652140654487390029 204.568424 0.000000
1652140654719528994 204.499787 0.000000
1652140655385758592 610.827099 0.000000
1652140655599628716 204.848580 0.000000
1652140655811683696 204.545046 0.000000
1652140656133806439 204.831547 0.000000
1652140656585467702 204.744831 0.000000
1652140656878960219 204.854297 0.000000
1652140657243564328 281.836710 0.000000
1652140657605318715 204.689757 0.000000
1652140657822223506 204.710214 0.000000
1652140658102965499 204.741995 0.000000
1652140658375605033 204.816382 0.000000
1652140658585129599 204.461146 0.000000
1652140659210972947 204.799021 0.000000
1652140659497373262 204.901543 0.000000
1652140659790715277 204.502082 0.000000
1652140660362197003 204.781774 0.000000
1652140660992676507 614.370060 0.000000
1652140661207130569 204.826195 0.000000
1652140661564121237 204.750100 0.000000
1652140661854426804 203.614660 0.000000
1652140662261976429 380.867694 0.000000
1652140662551536164 204.709816 0.000000
1652140662816750435 204.584778 0.000000
1652140663736292541 610.733083 0.000000
1652140664051632291 204.664668 0.000000
1652140664414135454 204.630969 0.000000
1652140665176012676 204.747164 0.000000
1652140665390593684 204.663030 0.000000
1652140665832726823 204.776352 0.000000
1652140666186081265 204.485524 0.000000
1652140666734269605 204.725176 0.000000
1652140666945493942 204.851941 0.000000
1652140667274543268 310.261124 0.000000
1652140667483307828 204.611143 0.000000
1652140668186221557 614.632994 0.000000
1652140668453330010 204.737398 0.000000
1652140668778013964 204.756024 0.000000
1652140669070436177 204.520037 0.000000
1652140669533858595 204.823886 0.000000
1652140669842823648 204.464582 0.000000
1652140670122515774 204.932359 0.000000
1652140670380131154 204.534875 0.000000
1652140670618099934 204.671748 0.000000
1652140670841157973 203.993113 0.000000
1652140671054387672 204.014830 0.000000
1652140671317026567 205.106214 0.000000
1652140671649898873 204.606767 0.000000
1652140671931574292 204.600099 0.000000
1652140672283792549 270.350161 0.000000
1652140672538614742 204.446543 0.000000
1652140672827096963 204.835717 0.000000
1652140673206570170 204.589663 0.000000
1652140673420261047 204.716963 0.000000
1652140673690973096 204.629931 0.000000
1652140673947340623 204.611521 0.000000
1652140674251444048 204.625129 0.000000
1652140674514962363 204.825647 0.000000
1652140674729183101 204.674374 0.000000
1652140675029448643 204.821032 0.000000
1652140675287334457 204.782493 0.000000
1652140675492726096 204.493128 0.000000
1652140675745622052 204.315736 0.000000
1652140676055372098 204.821658 0.000000
1652140676344422637 205.035703 0.000000
1652140676978779380 610.574304 0.000000
1652140677290025660 262.744575 0.000000
1652140677504114384 204.689650 0.000000
1652140677740635357 204.680628 0.000000
1652140678381545227 613.586806 0.000000
1652140678601766020 204.662557 0.000000
1652140678808642437 204.635698 0.000000
1652140679020870765 204.356015 0.000000
1652140679669209798 205.092606 0.000000
1652140679967147712 205.009144 0.000000
1652140680278894031 204.711117 0.000000
1652140680495861662 204.486590 0.000000
1652140680745575181 204.836366 0.000000
1652140681181890169 204.715871 0.000000
1652140681397641214 204.660612 0.000000
1652140681649346462 204.646750 0.000000
1652140682646481069 928.990001 0.000000
1652140683329462735 614.818663 0.000000
1652140683686482872 204.774224 0.000000
1652140683920009625 204.599911 0.000000
1652140684229549511 204.720111 0.000000
1652140684640032417 204.902690 0.000000
1652140684845743517 203.809478 0.000000
1652140685474147787 609.294782 0.000000
1652140685710407541 204.623513 0.000000
1652140685969629144 204.582384 0.000000
1652140686173237000 203.310234 0.000000
1652140686379824800 204.637007 0.000000
1652140686723295393 204.699741 0.000000
1652140686926492056 202.709886 0.000000
1652140687310111602 285.981783 0.000000
1652140687612915929 204.789847 0.000000
1652140687952478338 204.832282 0.000000
1652140688354513781 204.708120 0.000000
1652140688576435579 204.919027 0.000000
1652140688809673213 204.575988 0.000000
1652140689221768730 204.798527 0.000000
1652140689484110333 204.700374 0.000000
1652140689763397489 204.623573 0.000000
1652140690038108265 204.750739 0.000000
1652140690335682595 204.661364 0.000000
1652140690597020355 204.704582 0.000000
1652140690824898954 204.693199 0.000000
1652140691030507345 204.759409 0.000000
1652140691268630526 204.777859 0.000000
1652140691584138102 204.681685 0.000000
1652140691899833646 204.843055 0.000000
1652140692308000296 393.544709 0.000000
1652140692537378167 204.552707 0.000000
1652140692765434387 203.775509 0.000000
1652140693114079156 204.622400 0.000000
1652140693362596861 204.817133 0.000000
1652140693623223399 204.521284 0.000000
1652140693922446272 204.632768 0.000000
1652140694130125791 204.491171 0.000000
1652140694386566516 204.320757 0.000000
1652140694641908070 203.760712 0.000000
1652140694866852246 204.359988 0.000000
1652140695521980130 204.764624 0.000000
1652140695729574454 204.598612 0.000000
1652140696128980218 204.677298 0.000000
1652140696416765635 204.903595 0.000000
1652140696675218652 204.686583 0.000000
1652140696883043576 204.751030 0.000000
1652140697716599089 706.808419 0.000000
1652140698073511151 204.794318 0.000000
1652140698286518739 204.493987 0.000000
1652140698591717670 204.531449 0.000000
1652140698868629237 204.460518 0.000000
1652140699137051609 204.602981 0.000000
1652140699440449343 204.690816 0.000000
1652140699672171097 204.938914 0.000000
1652140699900535264 204.676029 0.000000
1652140700135547694 204.784835 0.000000
1652140700368921215 204.761688 0.000000
1652140700728575883 204.830722 0.000000
1652140700988822349 204.753686 0.000000
1652140701316159458 204.706569 0.000000
1652140701559878725 204.490245 0.000000
1652140702241008052 343.750644 0.000000
1652140702458252842 209.099549 0.000000
1652140702710075955 204.001012 0.000000
1652140702977959415 204.808019 0.000000
1652140703198015809 204.807519 0.000000
1652140703443632041 204.735808 0.000000
1652140703738032170 204.753733 0.000000
1652140703993489136 204.778280 0.000000
1652140704306932928 204.712860 0.000000
1652140704566766840 204.696579 0.000000
1652140704803512086 204.601793 0.000000
1652140705111435568 205.209585 0.000000
1652140705348736138 204.946759 0.000000
1652140705761561454 204.461441 0.000000
1652140706013137635 204.744528 0.000000
1652140706230750694 204.405211 0.000000
1652140706508301353 204.895774 0.000000
1652140706811984108 204.781415 0.000000
1652140707052978391 215.267682 0.000000
1652140707377857498 260.168655 0.000000
1652140707652513750 204.663258 0.000000
1652140708031754053 204.613490 0.000000
1652140708291794161 204.636343 0.000000
1652140708510109688 204.574752 0.000000
1652140708850405547 204.652103 0.000000
1652140709242028689 204.831842 0.000000
1652140709961304561 204.685481 0.000000
1652140710230711569 204.565739 0.000000
1652140710443847005 204.629587 0.000000
1652140710929354526 204.766459 0.000000
1652140711184702542 204.748167 0.000000
1652140711441146649 204.848868 0.000000
1652140711754999799 204.765942 0.000000
1652140712388204108 325.505767 0.000000
1652140712917165660 204.794476 0.000000
1652140713198350725 203.746561 0.000000
1652140713479944411 204.784286 0.000000
1652140713822166753 204.869966 0.000000
1652140714065618216 204.470419 0.000000
1652140714355375329 204.742071 0.000000
1652140714655630496 204.734758 0.000000
1652140714899271995 204.759171 0.000000
1652140715546176848 204.809063 0.000000
1652140715916963229 204.693067 0.000000
1652140716158657312 204.792528 0.000000
1652140716519331765 204.769388 0.000000
1652140716798844097 204.686181 0.000000
1652140717218277806 304.420799 0.000000
1652140717491139456 212.605485 0.000000
1652140717699008061 204.781556 0.000000
1652140718003128865 205.017867 0.000000
1652140718369385907 204.899993 0.000000
1652140718685772660 204.823898 0.000000
1652140718938159953 204.713395 0.000000
1652140719213703037 204.604107 0.000000
1652140719490098748 204.800552 0.000000
1652140719712154062 204.689819 0.000000
1652140720068781017 204.729261 0.000000
1652140720378839765 204.743853 0.000000
1652140720859288598 204.690455 0.000000
1652140721264870328 203.838218 0.000000
1652140721625721794 204.730321 0.000000
1652140721948177676 204.744895 0.000000
1652140722414128835 265.992186 0.000000
1652140722634529303 204.478267 0.000000
1652140722902107335 203.678309 0.000000
1652140723293877929 204.852322 0.000000
1652140723523252074 204.670111 0.000000
1652140723747351242 204.902612 0.000000
1652140723952563069 203.248520 0.000000
1652140724221195084 204.739960 0.000000
1652140724645155391 204.787975 0.000000
1652140724897322678 204.586094 0.000000
1652140725149518034 204.724534 0.000000
1652140725380722776 204.695186 0.000000
1652140726064391624 609.146635 0.000000
1652140726288060325 204.768162 0.000000
1652140726532574224 204.697202 0.000000
1652140726795625576 204.815947 0.000000
1652140727313354644 262.796395 0.000000
1652140727566571921 219.188014 0.000000
1652140728168478930 204.777494 0.000000
1652140728488875472 204.668347 0.000000
1652140728793248949 204.792813 0.000000
1652140729004376290 204.772616 0.000000
1652140729237394512 204.638674 0.000000
1652140729648401497 204.647347 0.000000
1652140729942330348 204.771571 0.000000
1652140730147696443 204.529476 0.000000
1652140730364020199 204.693803 0.000000
1652140730570395817 204.402817 0.000000
1652140731265304251 610.410671 0.000000
1652140731549723326 204.590190 0.000000
1652140731755059276 204.562707 0.000000
1652140732062203517 204.647408 0.000000
1652140732433208655 250.721779 0.000000
1652140732759631323 204.726976 0.000000
1652140733011905470 204.715103 0.000000
1652140733311740184 204.854172 0.000000
1652140733552002545 204.886979 0.000000
1652140733862085392 204.916799 0.000000
1652140734284349987 204.777852 0.000000
1652140734772860634 204.698015 0.000000
1652140735410122315 615.339202 0.000000
1652140735693953874 205.101689 0.000000
1652140735956470981 204.694529 0.000000
1652140736306255105 204.758299 0.000000
1652140736541397743 204.801220 0.000000
1652140736747063717 204.485002 0.000000
1652140737062265199 204.987450 0.000000
1652140737465636050 274.752508 0.000000
1652140737675384317 204.591126 0.000000
1652140737904585463 203.254998 0.000000
1652140738144361436 204.651170 0.000000
1652140738443873118 204.980762 0.000000
1652140738859113394 204.908059 0.000000
1652140739122467519 205.111199 0.000000
1652140739437136470 204.613560 0.000000
1652140739792675811 204.748279 0.000000
1652140740021637472 204.698530 0.000000
1652140740275981470 204.632563 0.000000
1652140740540030070 204.910728 0.000000
1652140740906770736 204.568239 0.000000
1652140741183699900 204.815299 0.000000
1652140741441900827 204.720421 0.000000
1652140741656306890 204.745199 0.000000
1652140741865984626 204.680562 0.000000
1652140742134746334 212.497263 0.000000
1652140742642909173 204.648423 0.000000
1652140742965700303 204.973541 0.000000
1652140743183588118 204.596820 0.000000
1652140743411072058 204.695533 0.000000
1652140743646567665 204.669883 0.000000
1652140743903237688 204.549309 0.000000
1652140744117526287 204.834851 0.000000
1652140744461074681 204.918316 0.000000
1652140744745887778 204.804768 0.000000
1652140745017671493 204.803388 0.000000
1652140745324680707 204.860598 0.000000
1652140745989168279 204.984063 0.000000
1652140746598803961 204.780231 0.000000
1652140747030096281 204.840374 0.000000
1652140747466784092 313.495054 0.000000
1652140747813495940 204.691140 0.000000
1652140748127833882 204.525983 0.000000
1652140748373304719 205.113411 0.000000
1652140748587232771 204.808924 0.000000
1652140748798503629 204.902375 0.000000
1652140749019839207 204.917107 0.000000
1652140749299435023 204.805049 0.000000
1652140749527779290 204.689536 0.000000
1652140749800305332 204.885590 0.000000
1652140750062651307 204.978199 0.000000
1652140750298338471 204.812399 0.000000
1652140750572292141 204.324795 0.000000
1652140750955577288 204.700312 0.000000
1652140751162281139 204.646044 0.000000
1652140751461848848 204.730321 0.000000
1652140751708046329 204.592206 0.000000
1652140751935942838 204.593860 0.000000
1652140752163323682 207.290852 0.000000
1652140752589469911 271.995084 0.000000
1652140752818826175 204.801437 0.000000
1652140753057077853 204.771230 0.000000
1652140753449590080 204.527505 0.000000
1652140753698038837 204.809196 0.000000
1652140754100519551 204.925058 0.000000
1652140754595486427 204.776512 0.000000
1652140754877091029 204.813629 0.000000
1652140755209872792 204.748603 0.000000
1652140755462232760 205.003618 0.000000
1652140756021798482 204.786038 0.000000
1652140756231659298 204.767398 0.000000
1652140756872061758 615.220804 0.000000
1652140757590654131 284.853009 0.000000
1652140757971633318 205.217734 0.000000
1652140758235191061 204.790662 0.000000
1652140758906414243 204.875183 0.000000
1652140759126407685 204.809402 0.000000
1652140760113833545 814.698944 0.000000
1652140760342339337 204.770127 0.000000
1652140760573273740 204.640108 0.000000
1652140760836184573 203.994760 0.000000
1652140761060332581 204.819552 0.000000
1652140761378473277 204.905877 0.000000
1652140761677548252 205.038366 0.000000
1652140761913728883 204.731147 0.000000
1652140762168234394 204.751367 0.000000
1652140762493447277 320.062224 0.000000
1652140762764773182 204.690321 0.000000
1652140763164880936 204.763091 0.000000
1652140763456589949 204.813943 0.000000
1652140763796187382 204.878056 0.000000
1652140764348144702 204.943662 0.000000
1652140764669766197 204.899613 0.000000
1652140764912760869 204.782857 0.000000
1652140765392612519 204.972693 0.000000
1652140765630441709 204.957321 0.000000
1652140765883405106 204.881270 0.000000
1652140766104284217 204.649049 0.000000
1652140766429990075 204.722865 0.000000
1652140766644136516 204.910137 0.000000
1652140766865464753 203.863888 0.000000
1652140767746079200 204.927685 0.000000
1652140767962040157 204.641000 0.000000
1652140768217161397 204.579918 0.000000
1652140768437167078 204.817748 0.000000
1652140768692949022 204.910992 0.000000
1652140768948518981 204.644631 0.000000
1652140769173774094 204.711485 0.000000
1652140769582204983 203.753097 0.000000
1652140769810535758 204.913321 0.000000
1652140770128299482 204.873348 0.000000
1652140770339506940 204.899148 0.000000
1652140770581830325 204.578217 0.000000
1652140771132141482 204.117597 0.000000
1652140771361259648 204.864384 0.000000
1652140771694046160 204.969940 0.000000
1652140772094770370 204.949054 0.000000
1652140772520933256 288.818250 0.000000
1652140772868043462 204.785216 0.000000
1652140773082929160 204.610692 0.000000
1652140773431690762 204.929216 0.000000
1652140773645662814 204.809120 0.000000
1652140773861803050 204.754812 0.000000
1652140774075693277 203.939221 0.000000
1652140774333012266 205.043187 0.000000
1652140775553990429 1020.190464 0.000000
1652140775782843705 204.777435 0.000000
1652140776014094623 204.056952 0.000000
1652140776226588069 204.227370 0.000000
1652140776503687902 203.816812 0.000000
1652140776750825418 204.703005 0.000000
1652140777444100277 277.388339 0.000000
1652140777676394213 204.796926 0.000000
1652140777955105833 204.215780 0.000000
1652140778180913444 204.600205 0.000000
1652140778387380948 204.501354 0.000000
1652140778697900097 204.945105 0.000000
1652140778919842977 204.599966 0.000000
1652140779186649927 204.818240 0.000000
1652140779507901126 204.589966 0.000000
1652140780051596115 204.723990 0.000000
1652140780489457628 204.880368 0.000000
1652140780695938486 204.524893 0.000000
1652140780972035603 204.289137 0.000000
1652140781185110423 204.858511 0.000000
1652140781417311923 205.007528 0.000000
1652140781635889864 204.865720 0.000000
1652140781865539232 204.770425 0.000000
1652140782079374876 204.578234 0.000000
1652140782410314667 283.421952 0.000000
1652140782749911923 204.777285 0.000000
1652140782974155933 205.000671 0.000000
1652140783226832856 204.909008 0.000000
1652140783543371381 204.821227 0.000000
1652140783940828455 204.826075 0.000000
1652140784206091829 204.619785 0.000000
1652140784423181217 204.657502 0.000000
1652140784895467131 204.528538 0.000000
1652140785110355833 204.732126 0.000000
1652140785678786720 204.861420 0.000000
1652140785903717527 204.683252 0.000000
1652140786116707550 204.846803 0.000000
1652140786452835527 204.952319 0.000000
1652140786916032296 205.159979 0.000000
1652140787494852765 292.929425 0.000000
1652140787794017700 204.576724 0.000000
1652140788235716951 204.868864 0.000000
