1652140230400987304 407.873759 0.000000
1652140230713843276 204.169375 0.000000
1652140231351436560 204.257223 0.000000
1652140231660539894 204.179512 0.000000
1652140232148535464 204.360731 0.000000
1652140232464439336 204.165559 0.000000
1652140232680721195 204.235638 0.000000
1652140232883914512 202.419112 0.000000
1652140233196662312 204.266072 0.000000
1652140233450431010 204.416170 0.000000
1652140233925928560 204.355499 0.000000
1652140234331024311 204.177466 0.000000
1652140234624599794 204.389237 0.000000
1652140235255489819 203.539176 0.000000
1652140235497337055 203.622493 0.000000
1652140235928990324 204.157199 0.000000
1652140236218771404 204.194075 0.000000
1652140236665641078 204.250016 0.000000
1652140236870671546 203.171973 0.000000
1652140237207994341 204.322060 0.000000
1652140237437390425 204.292074 0.000000
1652140237644799433 204.244850 0.000000
1652140238051461434 204.566964 0.000000
1652140238313459773 204.351027 0.000000
1652140238614889260 204.126201 0.000000
1652140238838585487 204.329771 0.000000
1652140239124141625 204.278291 0.000000
1652140239327362154 202.849755 0.000000
1652140239567729467 203.518217 0.000000
1652140239784925296 204.128573 0.000000
1652140240120595749 204.367145 0.000000
1652140240586259759 204.334536 0.000000
1652140240925495991 272.614663 0.000000
1652140241277461903 204.178986 0.000000
1652140241491982156 204.188395 0.000000
1652140241697590945 203.436513 0.000000
1652140241927913061 204.289534 0.000000
1652140242239247795 204.295511 0.000000
1652140242465650523 204.217880 0.000000
1652140242680418767 204.210433 0.000000
1652140243114886051 204.412166 0.000000
1652140243402848024 204.237300 0.000000
1652140243643081632 204.230019 0.000000
1652140243918997954 204.163838 0.000000
1652140244165859831 204.092692 0.000000
1652140244391482358 204.406292 0.000000
1652140244617749634 203.798229 0.000000
1652140244861402443 204.150821 0.000000
1652140245073852672 204.152133 0.000000
1652140245328242013 204.384489 0.000000
1652140245596401504 204.096581 0.000000
1652140245945011396 248.091994 0.000000
1652140247132834616 1013.166561 0.000000
1652140247628288521 204.380804 0.000000
1652140247868757226 204.413937 0.000000
1652140248247699045 204.435133 0.000000
1652140248482587265 204.353543 0.000000
1652140248993767305 204.220299 0.000000
1652140249240413055 204.327021 0.000000
1652140249702011584 204.291579 0.000000
1652140249920464976 204.134373 0.000000
1652140250224242371 204.209037 0.000000
1652140250436069998 204.323022 0.000000
1652140250729307108 204.323199 0.000000
1652140251017927944 229.498172 0.000000
1652140251641496612 613.605379 0.000000
1652140251855253189 203.988442 0.000000
1652140252098764505 204.367821 0.000000
1652140252417904988 204.370640 0.000000
1652140252652687736 204.248759 0.000000
1652140252980613737 204.399864 0.000000
1652140253554981564 204.266049 0.000000
1652140253824385729 204.327703 0.000000
1652140254183483064 204.584645 0.000000
1652140254423418851 204.262251 0.000000
1652140254729441140 204.076491 0.000000
1652140255234510281 204.296446 0.000000
1652140255994413062 238.630257 0.000000
1652140256450032855 204.148049 0.000000
1652140256738050295 204.304866 0.000000
1652140257170137350 204.310696 0.000000
1652140257606862936 204.421689 0.000000
1652140257817669334 204.257085 0.000000
1652140258028250052 204.278361 0.000000
1652140258404815867 204.332036 0.000000
1652140258841240588 204.541916 0.000000
1652140259051713128 204.216972 0.000000
1652140259281594135 204.425179 0.000000
1652140259507384235 204.254466 0.000000
1652140259932078121 204.177984 0.000000
1652140260236281250 204.534140 0.000000
1652140260520783938 204.159119 0.000000
1652140260817217878 204.206952 0.000000
1652140261121174209 236.133805 0.000000
1652140261492533419 204.424996 0.000000
1652140261765710430 203.665593 0.000000
1652140262089221586 204.198188 0.000000
1652140262366188425 204.208647 0.000000
1652140262681640786 204.654246 0.000000
1652140263027732285 203.359563 0.000000
1652140263262304090 204.378300 0.000000
1652140263674978151 204.205732 0.000000
1652140263962724949 204.240463 0.000000
1652140264317870100 204.339971 0.000000
1652140264532130136 204.263456 0.000000
1652140264762072911 204.276105 0.000000
1652140265145265221 204.361027 0.000000
1652140265518493494 204.007726 0.000000
1652140265809799801 204.427823 0.000000
1652140266059648723 204.312210 0.000000
1652140266284593936 224.844308 0.000000
1652140266533570545 204.238538 0.000000
1652140266753919692 204.183496 0.000000
1652140267075370289 204.482647 0.000000
1652140267285318476 204.053730 0.000000
1652140267510653445 204.413202 0.000000
1652140267798167604 204.406843 0.000000
1652140268022353315 204.065268 0.000000
1652140268233884992 203.990954 0.000000
1652140268439927431 204.084830 0.000000
1652140268717246481 204.401498 0.000000
1652140268924183451 203.720313 0.000000
1652140269481541996 204.317733 0.000000
1652140269720696605 204.431802 0.000000
1652140269936779128 204.294595 0.000000
1652140270364332444 204.365554 0.000000
1652140270630103638 204.286406 0.000000
1652140271032454701 354.962341 0.000000
1652140271293384091 227.412463 0.000000
1652140271943480807 609.234304 0.000000
1652140272270383085 204.309650 0.000000
1652140272591842873 204.270178 0.000000
1652140272859698693 204.282099 0.000000
1652140273137640907 204.284698 0.000000
1652140273357435231 204.171759 0.000000
1652140273627147122 204.178565 0.000000
1652140274348316901 610.190957 0.000000
1652140274742389784 204.249263 0.000000
1652140275247146971 204.302590 0.000000
1652140275506149147 204.406633 0.000000
1652140275805080736 204.261411 0.000000
1652140276171145661 273.798922 0.000000
1652140276647114507 204.301701 0.000000
1652140276878577160 204.363536 0.000000
1652140277114217826 204.401507 0.000000
1652140277421184191 204.441534 0.000000
1652140277701418992 204.282239 0.000000
1652140277942533908 204.460368 0.000000
1652140278355066662 204.324572 0.000000
1652140278858429906 204.388156 0.000000
1652140279099705287 204.029036 0.000000
1652140279737894896 609.010635 0.000000
1652140280018576929 204.125811 0.000000
1652140280243269170 204.466251 0.000000
1652140280456876130 204.093400 0.000000
1652140281282718454 790.673623 0.000000
1652140281504144152 204.330633 0.000000
1652140281807884585 204.543929 0.000000
1652140282031198912 204.321688 0.000000
1652140282278023929 204.150670 0.000000
1652140282535353072 204.417210 0.000000
1652140282750940194 204.287245 0.000000
1652140282964990855 204.324905 0.000000
1652140283346216949 204.411020 0.000000
1652140283668591515 204.102166 0.000000
1652140283916654670 204.323806 0.000000
1652140284135834595 204.331043 0.000000
1652140284345047548 204.077342 0.000000
1652140284578797749 204.154742 0.000000
1652140284821885422 203.640577 0.000000
1652140285234739003 204.615339 0.000000
1652140285505730102 204.369856 0.000000
1652140285812459233 204.203332 0.000000
1652140286348106377 281.909243 0.000000
1652140286657185835 204.407464 0.000000
1652140287079553832 204.488644 0.000000
1652140287324553171 204.297127 0.000000
1652140287671894013 204.348914 0.000000
1652140287888272182 204.311637 0.000000
1652140288186092468 204.275754 0.000000
1652140288398589689 204.278063 0.000000
1652140288614635706 204.246870 0.000000
1652140288924112417 204.327896 0.000000
1652140289318762829 204.423652 0.000000
1652140289559841214 204.331620 0.000000
1652140289777378597 204.269436 0.000000
1652140290609272262 614.628586 0.000000
1652140290994000520 292.598637 0.000000
1652140291360189397 228.382778 0.000000
1652140291655293019 204.370535 0.000000
1652140291992834170 204.348219 0.000000
1652140292290491241 204.414470 0.000000
1652140292577590045 204.332983 0.000000
1652140292886691468 204.433702 0.000000
1652140293213587040 204.408971 0.000000
1652140293472273191 204.312195 0.000000
1652140293681738226 204.502829 0.000000
1652140293961129316 204.176419 0.000000
1652140294186380369 204.242683 0.000000
1652140294648263789 204.245016 0.000000
1652140295282409291 204.367040 0.000000
1652140295492334931 204.253151 0.000000
1652140296381182181 688.007629 0.000000
1652140296620829653 203.727843 0.000000
1652140296834312177 204.249179 0.000000
1652140297225513267 204.337685 0.000000
1652140297464658883 204.379686 0.000000
1652140297698544862 203.441931 0.000000
1652140297976076553 204.171317 0.000000
1652140298214442088 204.025477 0.000000
1652140298450079997 204.363415 0.000000
1652140298683346650 203.373789 0.000000
1652140298898967931 204.451687 0.000000
1652140299180754534 204.050659 0.000000
1652140299405068953 204.110926 0.000000
1652140299638030051 204.266309 0.000000
1652140300000124371 204.320679 0.000000
1652140300329088476 204.303478 0.000000
1652140300557461701 204.281841 0.000000
1652140300792916771 204.280538 0.000000
1652140301115583597 278.415821 0.000000
1652140301403715655 204.254938 0.000000
1652140301608337982 203.228566 0.000000
1652140301817390087 203.553987 0.000000
1652140302365798840 204.569425 0.000000
1652140302996520239 204.276489 0.000000
1652140303224304792 204.212796 0.000000
1652140303493837555 204.458385 0.000000
1652140303814987522 204.402308 0.000000
1652140304029363999 204.336889 0.000000
1652140304415928443 204.199639 0.000000
1652140304964590906 204.306408 0.000000
1652140305360681206 204.279515 0.000000
1652140305592599386 204.344631 0.000000
1652140305818867168 204.322256 0.000000
1652140306115158848 247.435406 0.000000
1652140306395669560 235.465483 0.000000
1652140306823474460 204.398844 0.000000
1652140307508050144 610.007990 0.000000
1652140307712208941 202.834979 0.000000
1652140307963822788 204.296031 0.000000
1652140308219519970 204.377147 0.000000
1652140308530414889 204.405740 0.000000
1652140309087640899 204.292927 0.000000
1652140309389893641 204.560804 0.000000
1652140309607960768 204.497279 0.000000
1652140309963092138 204.375042 0.000000
1652140310216952032 203.904174 0.000000
1652140310422027492 204.204528 0.000000
1652140310701337192 204.296405 0.000000
1652140310904922172 203.439264 0.000000
1652140311319780470 323.120503 0.000000
1652140311546954908 204.224200 0.000000
1652140311797721500 204.061341 0.000000
1652140312011153114 204.302606 0.000000
1652140312283542256 204.288871 0.000000
1652140312567651558 204.445830 0.000000
1652140312832297846 204.375388 0.000000
1652140313078710013 204.062056 0.000000
1652140313323742482 203.652130 0.000000
1652140313560673985 204.417764 0.000000
1652140313862214890 204.500266 0.000000
1652140314208256139 204.239355 0.000000
1652140314616287163 204.488702 0.000000
1652140314928025981 204.243766 0.000000
1652140315202105068 204.345693 0.000000
1652140315620238682 204.243993 0.000000
1652140315836358347 204.304504 0.000000
1652140316329099651 284.767389 0.000000
1652140316607639610 204.181290 0.000000
1652140317190712876 204.452982 0.000000
1652140317486752759 204.329616 0.000000
1652140318226925211 613.621420 0.000000
1652140318553801580 204.673346 0.000000
1652140318766032148 204.146488 0.000000
1652140319323837023 204.479618 0.000000
1652140319572721776 204.242319 0.000000
1652140319788043026 204.272315 0.000000
1652140320031159222 204.439852 0.000000
1652140320258275330 204.328349 0.000000
1652140320650843488 204.444486 0.000000
1652140320859150095 204.269479 0.000000
1652140321153004734 279.412747 0.000000
1652140321824705880 613.410442 0.000000
1652140322099125263 204.248957 0.000000
1652140322442512423 204.390551 0.000000
1652140322707588863 204.490637 0.000000
1652140323323810679 613.187963 0.000000
1652140323640679175 204.233685 0.000000
1652140323908751103 204.439401 0.000000
1652140324126708683 204.307942 0.000000
1652140324403352597 204.759834 0.000000
1652140324647465178 204.181329 0.000000
1652140324861190627 204.260417 0.000000
1652140325127989568 204.140886 0.000000
1652140325411612934 204.084276 0.000000
1652140325649763457 204.291106 0.000000
1652140325868571543 204.213895 0.000000
1652140326150096663 276.316511 0.000000
1652140326907541093 670.547924 0.000000
1652140327270796831 204.456351 0.000000
1652140327500424820 204.382231 0.000000
1652140327714938218 204.230421 0.000000
1652140327957821157 204.277587 0.000000
1652140328172922210 204.262395 0.000000
1652140328488947889 204.384637 0.000000
1652140328705455177 204.275479 0.000000
1652140329005510273 204.353617 0.000000
1652140329361774120 204.399488 0.000000
1652140329633139282 204.450326 0.000000
1652140330049564808 204.071885 0.000000
1652140330563553036 204.440146 0.000000
1652140330802095613 204.194754 0.000000
1652140331573537887 753.371133 0.000000
1652140332280434777 204.670158 0.000000
1652140332499837245 204.291273 0.000000
1652140332713183245 203.991106 0.000000
1652140333024330397 204.255783 0.000000
1652140333651155166 613.094100 0.000000
1652140333925371375 204.329464 0.000000
1652140334133649816 204.300658 0.000000
1652140334428279184 204.042231 0.000000
1652140334665958870 204.413033 0.000000
1652140335054690392 204.703963 0.000000
1652140335313867122 204.526852 0.000000
1652140335540167769 204.542357 0.000000
1652140335757022600 204.469644 0.000000
1652140336327056487 275.998697 0.000000
1652140336685817490 204.471686 0.000000
1652140336898863328 203.875379 0.000000
1652140337139927581 204.262184 0.000000
1652140337471033697 204.357239 0.000000
1652140337689668980 204.396109 0.000000
1652140338111319391 204.047060 0.000000
1652140338589471374 204.398770 0.000000
1652140338911366420 204.366708 0.000000
1652140339313376073 204.385558 0.000000
1652140339766184216 203.985647 0.000000
1652140340154298092 204.322094 0.000000
1652140340589755974 204.291963 0.000000
1652140341400138292 757.943691 0.000000
1652140341678135733 204.603539 0.000000
1652140342000456163 204.366685 0.000000
1652140342650649677 204.503393 0.000000
1652140343021616118 204.491365 0.000000
1652140343285794819 204.300820 0.000000
1652140343512594582 204.524061 0.000000
1652140343811680990 204.303491 0.000000
1652140344065994229 204.102645 0.000000
1652140344486230689 203.941888 0.000000
1652140344702726689 204.224947 0.000000
1652140344955621497 202.520501 0.000000
1652140345368122956 204.417643 0.000000
1652140345681100841 204.288837 0.000000
1652140346207162899 305.672954 0.000000
1652140346482864469 204.470900 0.000000
1652140346785087349 204.301629 0.000000
1652140347061636872 204.206043 0.000000
1652140347330347083 204.405144 0.000000
1652140347590112959 204.217707 0.000000
1652140348267635315 612.883491 0.000000
1652140348538806878 204.221546 0.000000
1652140348762652216 203.410730 0.000000
1652140348996745317 204.278311 0.000000
1652140349241050622 203.906032 0.000000
1652140349533202523 204.379621 0.000000
1652140349758081797 204.257436 0.000000
1652140350086791571 204.484870 0.000000
1652140350429747972 204.652937 0.000000
1652140350686728409 204.401337 0.000000
1652140351003974160 204.231760 0.000000
1652140351439003216 266.260008 0.000000
1652140351692022342 204.482654 0.000000
1652140351984039659 204.354884 0.000000
1652140352255042442 204.689146 0.000000
1652140352555367572 204.667317 0.000000
1652140352914335451 204.543784 0.000000
1652140353175939334 204.277432 0.000000
1652140353538311061 204.457492 0.000000
1652140354001727442 204.374663 0.000000
1652140354279442768 204.315301 0.000000
1652140354514001701 204.433693 0.000000
1652140354788557948 204.460994 0.000000
1652140355135094102 204.561685 0.000000
1652140355386795818 204.356583 0.000000
1652140355602229019 204.306242 0.000000
1652140355818833920 204.209993 0.000000
1652140356223897999 237.427542 0.000000
1652140356907782431 610.110610 0.000000
1652140357156596909 203.786555 0.000000
1652140357410839953 204.502510 0.000000
1652140358102682200 204.388702 0.000000
1652140358315204617 204.345180 0.000000
1652140358571869804 204.576753 0.000000
1652140358950294291 204.313631 0.000000
1652140359156507040 204.283604 0.000000
1652140359611054529 204.682770 0.000000
1652140359913673966 204.422093 0.000000
1652140360504929353 204.570910 0.000000
1652140361242931058 616.401966 0.000000
1652140361787840207 204.285505 0.000000
1652140362003565879 204.484184 0.000000
1652140362244501969 204.264241 0.000000
1652140362489689367 204.493168 0.000000
1652140362768074237 204.456697 0.000000
1652140363073696018 204.545808 0.000000
1652140363360786809 204.369256 0.000000
1652140363908836727 204.425524 0.000000
1652140364291421336 204.599674 0.000000
1652140364572309246 204.246049 0.000000
1652140364792133609 204.292460 0.000000
1652140365008722617 204.375457 0.000000
1652140365283202419 204.312217 0.000000
1652140365704933056 204.454602 0.000000
1652140365984783130 204.463750 0.000000
1652140366497124377 297.829233 0.000000
1652140366838126269 204.289364 0.000000
1652140367482051830 610.214456 0.000000
1652140367696186651 204.203887 0.000000
1652140367910857735 204.493889 0.000000
1652140368135190352 204.377202 0.000000
1652140368456312752 204.342083 0.000000
1652140368900086850 204.156180 0.000000
1652140369884373243 204.417065 0.000000
1652140370166837947 204.496583 0.000000
1652140370662214609 204.547531 0.000000
1652140371024574896 204.302738 0.000000
1652140371263765548 225.704379 0.000000
1652140371794164584 204.408926 0.000000
1652140372595588267 204.479195 0.000000
1652140372833778244 203.684881 0.000000
1652140373124740778 204.341267 0.000000
1652140373995967005 204.513940 0.000000
1652140374203531909 204.458437 0.000000
1652140374642223472 204.170587 0.000000
1652140375029127994 204.399694 0.000000
1652140375666526256 614.161026 0.000000
1652140376021498929 204.377148 0.000000
1652140376428299852 311.078293 0.000000
1652140376695200999 204.428037 0.000000
1652140377019141470 204.357298 0.000000
1652140377277780449 204.332968 0.000000
1652140377632975731 204.348309 0.000000
1652140377860997538 204.354902 0.000000
1652140378290412275 204.516392 0.000000
1652140378528238831 204.619932 0.000000
1652140378758366449 204.410789 0.000000
1652140378977479030 204.463896 0.000000
1652140379258724359 204.505740 0.000000
1652140379489651794 204.270750 0.000000
1652140379902886303 204.411644 0.000000
1652140380217145405 204.444498 0.000000
1652140380512951403 204.301270 0.000000
1652140380745973196 204.300195 0.000000
1652140381083204858 204.516298 0.000000
1652140381294022545 207.818450 0.000000
1652140381807038753 204.491066 0.000000
1652140382197696402 204.522968 0.000000
1652140382540029689 204.454264 0.000000
1652140383224206269 615.523320 0.000000
1652140383745325665 204.328156 0.000000
1652140383950303583 204.172120 0.000000
1652140384329508284 204.355083 0.000000
1652140384541850347 204.304642 0.000000
1652140385376037876 204.383329 0.000000
1652140385812900599 204.569890 0.000000
1652140386032592015 204.438306 0.000000
1652140386340349827 223.944221 0.000000
1652140386590406434 204.259062 0.000000
1652140386929673706 204.465193 0.000000
1652140387194557832 204.383205 0.000000
1652140387535427198 204.355233 0.000000
1652140388108286290 204.482038 0.000000
1652140388360196538 204.512539 0.000000
1652140388752506677 204.488721 0.000000
1652140388962960205 204.442924 0.000000
1652140389260864730 204.358571 0.000000
1652140389538501097 204.314893 0.000000
1652140389969655845 203.625736 0.000000
1652140390423564620 204.395984 0.000000
1652140390660120782 204.315179 0.000000
1652140391102137687 204.541500 0.000000
1652140391553837975 231.526204 0.000000
1652140391903635914 204.638162 0.000000
1652140392237594257 204.494748 0.000000
1652140392453022686 204.347498 0.000000
1652140392714120397 204.076811 0.000000
1652140392964322741 204.475300 0.000000
1652140393216261261 204.205498 0.000000
1652140393757501587 204.573542 0.000000
1652140393962999001 203.646748 0.000000
1652140394193077795 204.243499 0.000000
1652140394455473786 204.543559 0.000000
1652140394728667406 204.499486 0.000000
1652140394952162082 204.049461 0.000000
1652140395268283317 204.285709 0.000000
1652140395544485158 204.281507 0.000000
1652140395825180881 204.159507 0.000000
1652140396058523811 204.478119 0.000000
1652140396359837294 225.006276 0.000000
1652140397118481969 610.185103 0.000000
1652140397382944700 204.417558 0.000000
1652140397797783854 203.650233 0.000000
1652140398158943268 204.439830 0.000000
1652140398378302737 204.646097 0.000000
1652140398626216270 204.567664 0.000000
1652140398885320753 204.301708 0.000000
1652140399150479512 204.330952 0.000000
1652140399516399446 204.444695 0.000000
1652140399727246384 204.445332 0.000000
1652140399963972084 204.472355 0.000000
1652140400195843772 204.562419 0.000000
1652140400539242552 204.401085 0.000000
1652140400834239236 204.451811 0.000000
1652140401053798377 204.286225 0.000000
1652140401343286010 270.382573 0.000000
1652140401611176297 204.199593 0.000000
1652140401870453583 204.305350 0.000000
1652140402521582699 609.347049 0.000000
1652140402778924240 204.315660 0.000000
1652140403045781774 204.287273 0.000000
1652140403339829510 204.325417 0.000000
1652140404156445892 814.672210 0.000000
1652140404410641942 204.472793 0.000000
1652140404638869210 204.270879 0.000000
1652140405062118447 204.569108 0.000000
1652140405412386118 204.449820 0.000000
1652140406054498333 609.173189 0.000000
1652140406578560422 204.031351 0.000000
1652140407043721569 204.467778 0.000000
1652140407249949993 204.428396 0.000000
1652140407606651844 204.609358 0.000000
1652140407815192942 204.303041 0.000000
1652140408113462523 204.289055 0.000000
1652140408322073296 204.258317 0.000000
1652140408560785566 204.455726 0.000000
1652140409015089423 204.606040 0.000000
1652140409293077116 204.405129 0.000000
1652140409540195592 204.506505 0.000000
1652140409853979452 204.728760 0.000000
1652140410161253655 204.522065 0.000000
1652140410501399857 204.631783 0.000000
1652140410849275780 204.413892 0.000000
1652140411059268537 204.264975 0.000000
1652140411616131700 239.496509 0.000000
1652140411907165903 204.352773 0.000000
1652140412266324199 204.530855 0.000000
1652140412485012871 204.484086 0.000000
1652140412780362528 204.417400 0.000000
1652140413063604040 204.434560 0.000000
1652140413614196195 204.468616 0.000000
1652140413949531550 204.594413 0.000000
1652140414296882877 204.405102 0.000000
1652140414587846802 204.258641 0.000000
1652140414914621226 204.569732 0.000000
1652140415158599858 204.329967 0.000000
1652140415386494180 204.210789 0.000000
1652140415597816342 204.135419 0.000000
1652140415855575910 204.398940 0.000000
1652140416179614604 204.387868 0.000000
1652140416543646661 275.105455 0.000000
1652140416893740900 204.435245 0.000000
1652140417176118262 204.392465 0.000000
1652140417590627533 204.353525 0.000000
1652140417888570864 204.478189 0.000000
1652140418143269041 204.496548 0.000000
1652140418656713058 204.492147 0.000000
1652140418872781186 204.283171 0.000000
1652140419148739665 204.374774 0.000000
1652140419714115510 204.494965 0.000000
1652140419932904645 204.485700 0.000000
1652140420261587530 204.526212 0.000000
1652140420863056315 204.283709 0.000000
1652140421703541130 704.608351 0.000000
1652140422176875917 204.504249 0.000000
1652140422477242565 204.533260 0.000000
1652140422801342977 204.452729 0.000000
1652140423063422766 204.372746 0.000000
1652140423322629693 204.577533 0.000000
1652140423562870304 204.445339 0.000000
1652140423780914661 204.328169 0.000000
1652140423992611325 204.451881 0.000000
1652140424203196877 204.395616 0.000000
1652140424411768455 204.479798 0.000000
1652140424684273890 204.212276 0.000000
1652140424975411754 204.672591 0.000000
1652140425196850411 204.401503 0.000000
1652140425455206593 204.186960 0.000000
1652140425695990045 203.872237 0.000000
1652140426074631585 204.532494 0.000000
1652140426399928642 303.616602 0.000000
1652140426649991195 237.219731 0.000000
1652140427325375567 204.561606 0.000000
1652140427586663280 204.474947 0.000000
1652140427929263113 204.512615 0.000000
1652140428134393512 204.440568 0.000000
1652140428541464124 204.512472 0.000000
1652140428761208021 204.383792 0.000000
1652140428984374782 204.378389 0.000000
1652140429340516580 204.410731 0.000000
1652140429547941576 204.336304 0.000000
1652140429763613795 203.599842 0.000000
1652140430014394171 204.497787 0.000000
1652140430270958066 204.421583 0.000000
1652140430946287583 204.361821 0.000000
1652140431498876734 269.884721 0.000000
1652140431717098374 204.226061 0.000000
1652140431940802207 204.486191 0.000000
1652140432188473283 204.436698 0.000000
1652140432581521457 204.452365 0.000000
1652140432869076020 204.408927 0.000000
1652140433226042473 204.334530 0.000000
1652140433515712646 204.548274 0.000000
1652140433793659810 204.473166 0.000000
1652140434072509349 204.524245 0.000000
1652140434320863411 204.408365 0.000000
1652140434572742394 204.317965 0.000000
1652140434914113133 204.538455 0.000000
1652140435156433971 204.428890 0.000000
1652140435514700621 204.436468 0.000000
1652140435809512881 204.449221 0.000000
1652140436136176769 204.230802 0.000000
1652140436589487674 297.212681 0.000000
1652140436910312438 204.514820 0.000000
1652140437151472528 204.367206 0.000000
1652140437575772812 204.460337 0.000000
1652140437830837807 204.325923 0.000000
1652140438046749249 204.296638 0.000000
1652140438328224922 204.416491 0.000000
1652140438600271250 204.551813 0.000000
1652140439097326091 203.436838 0.000000
1652140439312451729 204.440931 0.000000
1652140439608535776 204.491071 0.000000
1652140439815535213 203.903973 0.000000
1652140440088016111 204.498482 0.000000
1652140440359649387 204.537386 0.000000
1652140440609589588 203.921230 0.000000
1652140440820359057 204.467637 0.000000
1652140441096775854 204.515646 0.000000
1652140441439157682 234.352471 0.000000
1652140441710015507 204.715006 0.000000
1652140442098706816 204.584543 0.000000
1652140442359586157 204.592043 0.000000
1652140442790016664 204.583230 0.000000
1652140443057799680 203.950010 0.000000
1652140443349710748 204.453373 0.000000
1652140443666737845 204.360587 0.000000
1652140443919827061 204.558845 0.000000
1652140444143650733 203.885653 0.000000
1652140444357631339 204.182927 0.000000
1652140444847930917 204.653723 0.000000
1652140445068059788 204.191570 0.000000
1652140445284452318 204.377286 0.000000
1652140445616135265 204.488608 0.000000
1652140445906788716 204.237186 0.000000
1652140446197175078 204.407079 0.000000
1652140446449560541 235.628916 0.000000
1652140446837093621 204.514706 0.000000
1652140447171722861 204.463480 0.000000
1652140447653994427 204.561505 0.000000
1652140448000733495 204.275906 0.000000
1652140448374805251 204.345171 0.000000
1652140448600422856 204.438602 0.000000
1652140448909662581 204.382621 0.000000
1652140449405313787 204.463964 0.000000
1652140449663466340 204.492903 0.000000
1652140449907822043 204.477219 0.000000
1652140450419226241 204.456303 0.000000
1652140450728136985 204.543135 0.000000
1652140451397405476 277.693304 0.000000
1652140451687711484 266.357216 0.000000
1652140451947791585 204.328790 0.000000
1652140452311393952 204.436958 0.000000
1652140452521542508 204.274333 0.000000
1652140452780687637 204.467523 0.000000
1652140453408625228 204.446905 0.000000
1652140453700550312 204.355936 0.000000
1652140453931154174 204.556414 0.000000
1652140454229897303 204.119879 0.000000
1652140454438620390 204.464138 0.000000
1652140454783657438 204.618110 0.000000
1652140455002393109 204.458525 0.000000
1652140455226891382 204.622016 0.000000
1652140455441647408 204.506938 0.000000
1652140455657448690 204.562514 0.000000
1652140455916746458 204.131800 0.000000
1652140456182095311 204.508231 0.000000
1652140456503602154 265.539524 0.000000
1652140456861325520 204.520182 0.000000
1652140457227288959 204.612751 0.000000
1652140457473257457 204.357070 0.000000
1652140458326321088 613.035098 0.000000
1652140459027174621 204.574502 0.000000
1652140459258131502 204.282040 0.000000
1652140459703770394 204.630339 0.000000
1652140459919416610 204.462049 0.000000
1652140460344415234 204.503373 0.000000
1652140460567892167 204.334443 0.000000
1652140460841066219 204.022117 0.000000
1652140461096101099 204.444185 0.000000
1652140461516669321 325.727521 0.000000
1652140461870456210 204.694318 0.000000
1652140462143107434 204.373607 0.000000
1652140462761400525 204.527669 0.000000
1652140462976394152 204.455899 0.000000
1652140463291700995 204.552714 0.000000
1652140463651218773 204.556988 0.000000
1652140463873912193 204.631744 0.000000
1652140464688073677 688.644511 0.000000
1652140465039031352 204.613222 0.000000
1652140465324134564 204.515321 0.000000
1652140465648881885 204.468418 0.000000
1652140465967157841 204.348823 0.000000
1652140466246776953 204.527870 0.000000
1652140466519036016 245.551746 0.000000
1652140467178153074 614.491966 0.000000
1652140467466768291 204.477612 0.000000
1652140467896418732 204.322485 0.000000
1652140468201767248 204.578427 0.000000
1652140468451873802 204.477796 0.000000
1652140468827399301 204.532687 0.000000
1652140469120450519 204.583910 0.000000
1652140469378989736 204.389167 0.000000
1652140469641307648 204.486036 0.000000
1652140470030945602 204.505782 0.000000
1652140470345131539 204.484822 0.000000
1652140470580471842 204.292955 0.000000
1652140470814301932 204.568457 0.000000
1652140471024185586 204.573389 0.000000
1652140471524326440 241.043660 0.000000
1652140471776768959 237.461837 0.000000
1652140472175209807 204.737151 0.000000
1652140472429275505 204.531782 0.000000
1652140472687520559 204.423216 0.000000
1652140472939676392 204.390633 0.000000
1652140473156086610 204.474202 0.000000
1652140473412584411 203.817096 0.000000
1652140473739053371 204.532458 0.000000
1652140474033310004 204.464408 0.000000
1652140474330410234 203.665416 0.000000
1652140474544403368 204.277171 0.000000
1652140474818209834 203.296329 0.000000
1652140475046975926 204.493393 0.000000
1652140475264660292 204.499286 0.000000
1652140475559171900 204.387185 0.000000
1652140476022868526 203.871584 0.000000
1652140476444369444 262.514500 0.000000
1652140476763565257 258.487763 0.000000
1652140477058285717 204.271164 0.000000
1652140477340518527 204.536152 0.000000
1652140477685057871 204.698958 0.000000
1652140477907441519 204.600122 0.000000
1652140478193217872 204.535915 0.000000
1652140478558451978 204.497368 0.000000
1652140478787449582 204.634675 0.000000
1652140479546066935 614.928923 0.000000
1652140480285185525 613.536759 0.000000
1652140480493919864 204.580448 0.000000
1652140480741231879 204.160904 0.000000
1652140481279739891 204.464422 0.000000
1652140481601916202 243.441859 0.000000
1652140481867825487 204.396263 0.000000
1652140482100226075 202.541694 0.000000
1652140482323278455 204.442787 0.000000
1652140482719416162 204.617996 0.000000
1652140483017966103 204.514979 0.000000
1652140483401653970 204.199029 0.000000
1652140483692998276 204.432841 0.000000
1652140484048044479 204.462986 0.000000
1652140484343120943 204.567398 0.000000
1652140484593394522 204.714117 0.000000
1652140485073674244 204.453937 0.000000
1652140485491956430 204.520018 0.000000
1652140485929817849 204.789833 0.000000
1652140486203229273 204.556676 0.000000
1652140486423212002 204.596753 0.000000
1652140486742497988 306.984384 0.000000
1652140486945575430 202.601169 0.000000
1652140487330427162 204.637120 0.000000
1652140487542020460 204.370259 0.000000
1652140487793113516 203.387171 0.000000
1652140488057195887 204.400155 0.000000
1652140488547271359 204.451948 0.000000
1652140488845055329 204.595781 0.000000
1652140489514592840 204.595898 0.000000
1652140489912970480 204.798456 0.000000
1652140490140562475 204.456265 0.000000
1652140490368268142 204.505132 0.000000
1652140490605930486 204.556589 0.000000
1652140490823360990 204.467178 0.000000
1652140491059003951 204.565359 0.000000
1652140491365450912 204.541207 0.000000
1652140491731323107 291.063411 0.000000
1652140491978751970 204.449934 0.000000
1652140492205030120 204.428009 0.000000
1652140492554479770 204.716311 0.000000
1652140493189269781 204.665382 0.000000
1652140493680697251 204.517177 0.000000
1652140493953292446 204.662660 0.000000
1652140494197988006 204.691934 0.000000
1652140494661642626 204.618243 0.000000
1652140494975633579 204.845676 0.000000
1652140495221859014 204.413646 0.000000
1652140495431907224 204.553963 0.000000
1652140495672403389 203.908602 0.000000
1652140495901151665 204.088265 0.000000
1652140496633482634 656.554965 0.000000
1652140496841324268 204.203833 0.000000
1652140497087318532 204.612836 0.000000
1652140497445353870 204.594294 0.000000
1652140497821510148 204.496195 0.000000
1652140498488516165 611.440034 0.000000
1652140499174366501 614.664830 0.000000
1652140499645062801 204.430345 0.000000
1652140500715032786 204.651851 0.000000
1652140500952650622 204.525693 0.000000
1652140501199073684 204.618737 0.000000
1652140501429014002 204.615590 0.000000
1652140501847424353 240.310063 0.000000
1652140502273824784 204.731904 0.000000
1652140502588416299 204.486195 0.000000
1652140502942120667 204.601340 0.000000
1652140503301984954 204.573732 0.000000
1652140503650655374 204.586529 0.000000
1652140503913189328 204.672118 0.000000
1652140504470507892 204.517571 0.000000
1652140504858841565 204.562406 0.000000
1652140505069705653 204.243780 0.000000
1652140505493780414 204.477254 0.000000
1652140505724199036 204.552934 0.000000
1652140505941318789 204.708560 0.000000
1652140506193768490 204.611907 0.000000
1652140506569669940 261.055091 0.000000
1652140506931005525 204.454300 0.000000
1652140507163042906 204.497214 0.000000
1652140507394265792 204.531471 0.000000
1652140507945589906 204.572359 0.000000
1652140508209144950 204.665045 0.000000
1652140508459150063 204.741116 0.000000
1652140508829212492 204.759752 0.000000
1652140509076538215 204.559706 0.000000
1652140509401808503 204.742061 0.000000
1652140509650067400 204.357367 0.000000
1652140509922269809 204.358320 0.000000
1652140510219572253 204.462623 0.000000
1652140510494543582 204.395319 0.000000
1652140510836202525 204.289744 0.000000
1652140511077781913 204.707477 0.000000
1652140511283257022 203.632348 0.000000
1652140511690600941 364.124868 0.000000
1652140511946817685 204.521841 0.000000
1652140512155639801 203.651078 0.000000
1652140512415982606 204.418888 0.000000
1652140512851266235 204.584447 0.000000
1652140513116458561 204.596271 0.000000
1652140513327484680 204.397729 0.000000
1652140513615477972 204.170108 0.000000
1652140513889094326 204.582623 0.000000
1652140514113198175 204.035080 0.000000
1652140514361123903 204.272857 0.000000
1652140514719087309 204.698630 0.000000
1652140514973336833 204.420471 0.000000
1652140515215015352 203.858147 0.000000
1652140515553696165 204.716705 0.000000
1652140515841326090 204.445333 0.000000
1652140516087505835 204.524945 0.000000
1652140516439032752 204.758218 0.000000
1652140516747178701 306.150847 0.000000
1652140517050564865 204.334835 0.000000
1652140517354104371 204.605402 0.000000
1652140517559157493 204.316636 0.000000
1652140517938699737 204.590534 0.000000
1652140518177009545 204.766344 0.000000
1652140518620025026 204.452415 0.000000
1652140518849092385 204.411911 0.000000
1652140519081741347 204.840871 0.000000
1652140519543990030 204.604517 0.000000
1652140520093001744 204.566658 0.000000
1652140520375158441 204.468366 0.000000
1652140520767296538 204.622772 0.000000
1652140521175781581 204.576268 0.000000
1652140521436038973 204.750387 0.000000
1652140521867626024 260.972298 0.000000
1652140522329089266 204.785528 0.000000
1652140522747095754 204.507651 0.000000
1652140523171945354 204.833052 0.000000
1652140523503181958 204.784453 0.000000
1652140523754578948 204.677075 0.000000
1652140524009400993 204.472984 0.000000
1652140524284841167 204.496057 0.000000
1652140524509676647 204.268640 0.000000
1652140524882650601 204.464480 0.000000
1652140525163917487 204.354932 0.000000
1652140525373702714 204.593271 0.000000
1652140525708939009 204.601032 0.000000
1652140525974076731 204.450030 0.000000
1652140526637729029 646.934038 0.000000
1652140526924256258 230.243543 0.000000
1652140527179159302 204.325690 0.000000
1652140527513616244 204.807964 0.000000
1652140528150000373 614.137009 0.000000
1652140529126778977 204.646517 0.000000
1652140529335438664 204.545135 0.000000
1652140529567335818 204.662780 0.000000
1652140529797399739 204.611089 0.000000
1652140530105731271 204.627153 0.000000
1652140530404243316 204.004796 0.000000
1652140530642488162 204.677390 0.000000
1652140530969812448 204.482341 0.000000
1652140531236863879 204.428576 0.000000
1652140531488173820 204.339639 0.000000
1652140531927040932 344.565593 0.000000
1652140532172764343 204.673362 0.000000
1652140532466747307 204.465373 0.000000
1652140532732169167 204.354006 0.000000
1652140532959783075 204.406675 0.000000
1652140533213050156 204.463424 0.000000
1652140533461262862 204.503631 0.000000
1652140533742767519 204.592832 0.000000
1652140534285613353 204.816577 0.000000
1652140534567884847 204.459379 0.000000
1652140534791757058 204.674646 0.000000
1652140535431203643 614.502241 0.000000
1652140535638608847 204.215193 0.000000
1652140536001980870 204.607978 0.000000
1652140536234080234 204.483922 0.000000
1652140536462764046 204.165042 0.000000
1652140536835084626 275.503449 0.000000
1652140537058963296 204.460380 0.000000
1652140537320558939 204.795822 0.000000
1652140537639830399 204.622749 0.000000
1652140537860712656 204.523641 0.000000
1652140538080415992 204.687246 0.000000
1652140538489301575 204.474283 0.000000
1652140538838071772 204.714967 0.000000
1652140539389303786 204.653511 0.000000
1652140539725866198 204.735879 0.000000
1652140539959002679 204.485255 0.000000
1652140540177004332 203.881655 0.000000
1652140540441607051 204.633908 0.000000
1652140540829582774 204.613165 0.000000
1652140541528519776 610.959457 0.000000
1652140541900157565 259.701773 0.000000
1652140542112514852 204.320090 0.000000
1652140542359530140 204.772187 0.000000
1652140542665454585 204.626090 0.000000
1652140543177221979 204.682080 0.000000
1652140543557374942 204.776801 0.000000
1652140543831750839 203.805347 0.000000
1652140544068985132 204.573313 0.000000
1652140544297810577 204.384981 0.000000
1652140544557680833 204.614520 0.000000
1652140544828852793 204.312342 0.000000
1652140545328092679 204.703948 0.000000
1652140545665485506 204.797025 0.000000
1652140545953690566 204.513604 0.000000
1652140547002837131 672.142878 0.000000
1652140547231886223 204.616551 0.000000
1652140547605428904 204.742995 0.000000
1652140547849719593 204.610844 0.000000
1652140548063807108 204.458392 0.000000
1652140548381078519 204.575936 0.000000
1652140548621936124 204.188242 0.000000
1652140549152735921 204.656962 0.000000
1652140549411832173 204.345279 0.000000
1652140549680052177 204.405766 0.000000
1652140549988968818 204.400962 0.000000
1652140550242869969 204.555896 0.000000
1652140550535685999 204.754523 0.000000
1652140550747888469 204.492461 0.000000
1652140551007461237 204.622003 0.000000
1652140551384276999 204.490303 0.000000
1652140551988552663 239.035993 0.000000
1652140552349914039 204.773379 0.000000
1652140552620924984 204.804068 0.000000
1652140553258354250 609.063746 0.000000
1652140553512540292 204.703540 0.000000
1652140553863219992 204.819698 0.000000
1652140554134720150 204.747108 0.000000
1652140554359223331 204.763019 0.000000
1652140555110191187 614.198461 0.000000
1652140555742250261 609.713677 0.000000
1652140555995606660 204.716761 0.000000
1652140556242330658 204.733436 0.000000
1652140556461445727 204.676120 0.000000
1652140556831058920 304.939192 0.000000
1652140557096122484 204.406528 0.000000
1652140557440240774 204.699086 0.000000
1652140557739488318 204.598281 0.000000
1652140557951416621 204.595802 0.000000
1652140558261907174 204.619851 0.000000
1652140558465000487 202.713973 0.000000
1652140558731377676 204.510768 0.000000
1652140559609196312 609.658628 0.000000
1652140559864747157 204.596033 0.000000
1652140560337945805 204.484383 0.000000
1652140560702372120 204.621040 0.000000
1652140560933386913 204.634971 0.000000
1652140561244767229 204.227835 0.000000
1652140561489524361 204.265783 0.000000
1652140561840390881 245.987250 0.000000
1652140562659663923 615.082768 0.000000
1652140563151449046 204.685164 0.000000
1652140563362353353 204.660593 0.000000
1652140563631729892 204.293983 0.000000
1652140563882191991 204.570907 0.000000
1652140564099126388 204.508162 0.000000
1652140564346337375 204.421269 0.000000
1652140564574484258 204.697572 0.000000
1652140564903333269 204.743242 0.000000
1652140565111382967 204.691204 0.000000
1652140565328319805 204.675885 0.000000
1652140565561529246 204.870593 0.000000
1652140565869891307 204.618602 0.000000
1652140566137908407 204.457416 0.000000
1652140566347845998 204.570319 0.000000
1652140566734381701 279.556986 0.000000
1652140567072715001 204.521282 0.000000
1652140567281462515 204.418187 0.000000
1652140567521837728 204.388045 0.000000
1652140567768296027 204.424245 0.000000
1652140567986242265 204.503273 0.000000
1652140568245963091 204.711922 0.000000
1652140568520151026 204.937959 0.000000
1652140568783474996 204.544994 0.000000
1652140569091865651 204.747649 0.000000
1652140569518393238 204.741622 0.000000
1652140569773000087 204.792460 0.000000
1652140570038362527 204.834879 0.000000
1652140570340616424 204.569941 0.000000
1652140570549579667 204.592889 0.000000
1652140570973268679 204.666924 0.000000
1652140571418953046 204.666189 0.000000
1652140571736099031 275.778718 0.000000
1652140572094003183 271.060064 0.000000
1652140572322531728 203.805309 0.000000
1652140572544537907 203.827502 0.000000
1652140572764048213 204.464780 0.000000
1652140572989606954 204.635534 0.000000
1652140573373329059 204.738946 0.000000
1652140573671276587 204.399912 0.000000
1652140573990455706 204.457519 0.000000
1652140574252068628 204.705410 0.000000
1652140574541156285 204.754962 0.000000
1652140574871287297 205.013669 0.000000
1652140575143020655 204.642281 0.000000
1652140575392604798 204.387707 0.000000
1652140575617809999 204.558671 0.000000
1652140575902888335 204.261572 0.000000
1652140576327499531 204.524193 0.000000
1652140576556181703 204.356187 0.000000
1652140576924822539 238.507624 0.000000
1652140577580168315 614.000417 0.000000
1652140577876441317 204.575080 0.000000
1652140578167935823 204.409197 0.000000
1652140578437829994 204.603596 0.000000
1652140578822246554 204.798801 0.000000
1652140579229244028 204.932045 0.000000
1652140579507969015 204.531319 0.000000
1652140579871613484 204.764294 0.000000
1652140580136609283 204.534632 0.000000
1652140580342929694 204.342825 0.000000
1652140580562097524 203.652407 0.000000
1652140580792014348 204.689152 0.000000
1652140581063003457 204.744257 0.000000
1652140581300307793 204.589857 0.000000
1652140581689767927 204.990234 0.000000
1652140581910817810 204.457633 0.000000
1652140582263121921 204.405301 0.000000
1652140582635114582 204.804485 0.000000
1652140582841602787 204.585384 0.000000
1652140583113095513 204.507963 0.000000
1652140583343634750 204.327065 0.000000
1652140583555719083 204.483065 0.000000
1652140583786847547 204.688070 0.000000
1652140584113123685 204.582644 0.000000
1652140584472167158 204.662824 0.000000
1652140584817387451 204.529132 0.000000
1652140585350745861 204.438264 0.000000
1652140585626134303 204.637412 0.000000
1652140585882301544 204.512166 0.000000
1652140586108270177 204.593449 0.000000
1652140586491762944 204.669382 0.000000
1652140586894921153 347.611502 0.000000
1652140587385723242 204.694929 0.000000
1652140588252275789 814.211995 0.000000
1652140588645246260 204.806062 0.000000
1652140588881778871 204.777671 0.000000
1652140589107495208 204.484742 0.000000
1652140589338992352 204.543780 0.000000
1652140589950429889 204.624084 0.000000
1652140590236858395 204.505043 0.000000
1652140590886035091 204.613493 0.000000
1652140591100710930 204.567188 0.000000
1652140591320813826 204.547222 0.000000
1652140591543000815 204.435691 0.000000
1652140592311019423 637.382346 0.000000
1652140592575616285 204.703570 0.000000
1652140592802974088 204.805201 0.000000
1652140593040914890 204.671020 0.000000
1652140593325585045 204.688207 0.000000
1652140593536219068 203.724404 0.000000
1652140593964628810 204.715587 0.000000
1652140594265254070 204.505758 0.000000
1652140594711997281 204.657261 0.000000
1652140595177435859 204.634716 0.000000
1652140595828135740 610.931905 0.000000
1652140596032446059 202.973296 0.000000
1652140596349789363 204.963742 0.000000
1652140596837336684 299.552220 0.000000
1652140597109540340 245.362512 0.000000
1652140597382326316 204.842165 0.000000
1652140597603955612 204.541103 0.000000
1652140597953751458 204.585918 0.000000
1652140598175849917 204.606463 0.000000
1652140598398213808 204.607819 0.000000
1652140598682294309 204.619102 0.000000
1652140599096373030 204.783892 0.000000
1652140599434145289 204.873204 0.000000
1652140599708045010 204.771403 0.000000
1652140600140060168 204.564759 0.000000
1652140600360708661 204.617622 0.000000
1652140600638533029 204.396433 0.000000
1652140601049898868 204.805276 0.000000
1652140601316569105 204.706526 0.000000
1652140601663682392 204.475711 0.000000
1652140601917611707 217.457485 0.000000
1652140602365639735 204.907911 0.000000
1652140602674757913 204.813589 0.000000
1652140602967448382 204.806441 0.000000
1652140603389754222 204.714615 0.000000
1652140603643120967 204.709166 0.000000
1652140603875202113 204.454953 0.000000
1652140604159394123 204.397168 0.000000
1652140604474345532 204.721323 0.000000
1652140604711302879 204.594986 0.000000
1652140605024522957 204.405982 0.000000
1652140605314142750 204.625663 0.000000
1652140605531817196 204.814625 0.000000
1652140605899111703 204.768747 0.000000
1652140606203301092 204.602449 0.000000
1652140606517925753 204.790485 0.000000
1652140606981261583 205.109081 0.000000
1652140607442494624 204.697234 0.000000
1652140607690070861 204.650177 0.000000
1652140607991951209 204.538801 0.000000
1652140608281586875 204.680953 0.000000
1652140608679056352 204.530168 0.000000
1652140609274487600 204.842459 0.000000
1652140609595041011 204.687097 0.000000
1652140609802516944 204.475437 0.000000
1652140610076634897 204.759970 0.000000
1652140610336489246 204.703662 0.000000
1652140610649067014 204.655727 0.000000
1652140610933444119 204.775249 0.000000
1652140611191872926 204.539239 0.000000
1652140611459666564 204.522042 0.000000
1652140611951012896 300.945278 0.000000
1652140612251238817 204.504383 0.000000
1652140612521211439 204.611768 0.000000
1652140613021223340 204.651598 0.000000
1652140613236239752 204.691216 0.000000
1652140613618192886 204.698921 0.000000
1652140613872500934 204.573478 0.000000
1652140614289896380 204.626051 0.000000
1652140615191828132 614.821752 0.000000
1652140615532764440 203.893424 0.000000
1652140615775851161 204.777918 0.000000
1652140616006287922 204.753895 0.000000
1652140616328321929 204.357793 0.000000
1652140616569620863 204.612847 0.000000
1652140616772659345 202.894954 0.000000
1652140616999563932 213.560811 0.000000
1652140617266691867 249.890869 0.000000
1652140617483190911 204.713171 0.000000
1652140617767519248 204.568006 0.000000
1652140617995778057 204.646031 0.000000
1652140618243263375 204.643769 0.000000
1652140618491481320 203.971549 0.000000
1652140618785715154 204.493983 0.000000
1652140618993524468 204.454580 0.000000
1652140619299947264 204.513229 0.000000
1652140619512493659 204.403743 0.000000
1652140619725005557 204.428858 0.000000
1652140619934598854 204.526966 0.000000
1652140620278352341 204.542413 0.000000
1652140620701480332 204.719339 0.000000
1652140620992934058 204.745298 0.000000
1652140621228849426 204.845937 0.000000
1652140621490411569 204.818647 0.000000
1652140621744307743 204.401043 0.000000
1652140621964051609 216.890136 0.000000
1652140622278477643 235.474931 0.000000
1652140622601206388 204.608138 0.000000
1652140622894158790 204.107048 0.000000
1652140623173710266 204.763214 0.000000
1652140623570816071 204.702296 0.000000
1652140624202398335 204.751580 0.000000
1652140624450422799 204.443593 0.000000
1652140624678938199 204.829160 0.000000
1652140624888126966 204.095879 0.000000
1652140625338871469 204.804784 0.000000
1652140626007619161 611.152437 0.000000
1652140626292019185 204.524627 0.000000
1652140626530191954 204.772301 0.000000
1652140626770440456 203.582934 0.000000
1652140627080308070 204.349549 0.000000
1652140627440186588 204.753805 0.000000
1652140627653390074 204.830227 0.000000
1652140627868503879 204.634550 0.000000
1652140628177857589 204.746803 0.000000
1652140628395806254 204.608102 0.000000
1652140628650100265 204.613315 0.000000
1652140629203972275 204.725282 0.000000
1652140629546531851 204.788787 0.000000
1652140629753056259 204.407121 0.000000
1652140630205532133 204.682341 0.000000
1652140630645426491 205.023226 0.000000
1652140630904075281 204.622476 0.000000
1652140631183776093 204.780086 0.000000
1652140631431463474 205.010483 0.000000
1652140631639036095 204.449472 0.000000
1652140631967575250 230.158794 0.000000
1652140632285297785 228.857835 0.000000
1652140632508637917 204.751636 0.000000
1652140632872952027 204.663334 0.000000
1652140633209670014 204.593087 0.000000
1652140633455183439 204.699455 0.000000
1652140633692450587 204.833878 0.000000
1652140634038735164 204.431527 0.000000
1652140634474798504 204.846277 0.000000
1652140634692945791 204.743825 0.000000
1652140634922549781 204.664260 0.000000
1652140635193492664 204.751430 0.000000
1652140635956354400 610.560363 0.000000
1652140636345242143 204.947450 0.000000
1652140636610418765 204.601800 0.000000
1652140636991266993 334.389233 0.000000
1652140637289306653 215.418198 0.000000
1652140637522299617 204.279403 0.000000
1652140637780504191 204.488847 0.000000
1652140637993629098 204.715884 0.000000
1652140638279930336 204.715215 0.000000
1652140638639161106 204.822418 0.000000
1652140639054709240 204.616618 0.000000
1652140639326013992 204.469873 0.000000
1652140639591612424 204.714847 0.000000
1652140640122169145 204.759445 0.000000
1652140640336286822 204.708242 0.000000
1652140640708808161 204.690618 0.000000
1652140641022190121 204.663962 0.000000
1652140641529630906 204.767924 0.000000
1652140641988785029 320.267108 0.000000
1652140642308810906 265.791688 0.000000
1652140642600103953 204.575366 0.000000
1652140642886454747 204.511206 0.000000
1652140643146865318 204.717337 0.000000
1652140643359704939 204.651042 0.000000
1652140643659596013 204.493728 0.000000
1652140643946953051 204.771199 0.000000
1652140644215421594 204.699535 0.000000
1652140644441370058 204.594053 0.000000
1652140644749751419 204.549204 0.000000
1652140645116637566 204.690082 0.000000
1652140645506764586 204.840784 0.000000
1652140645732566211 204.648853 0.000000
1652140646141777293 204.815074 0.000000
1652140646363214320 204.740340 0.000000
1652140646705739102 204.905662 0.000000
1652140647319374794 220.264568 0.000000
1652140647731862923 204.691707 0.000000
1652140648029447639 204.597851 0.000000
1652140648371612585 204.486957 0.000000
1652140648941485856 204.601121 0.000000
1652140649320178163 204.626990 0.000000
1652140649614448164 204.370304 0.000000
1652140649822342948 204.566711 0.000000
1652140650142865098 204.704410 0.000000
1652140650503307374 204.704950 0.000000
1652140651353030258 609.692496 0.000000
1652140651609757756 205.537407 0.000000
1652140652512996196 804.369207 0.000000
1652140652837168873 204.580023 0.000000
1652140653548026899 615.191501 0.000000
1652140653793869344 204.695592 0.000000
1652140654187440147 204.763033 0.000000
1652140654506336150 204.806163 0.000000
1652140654736845850 204.628105 0.000000
1652140654960635796 204.579030 0.000000
1652140655340979448 204.679882 0.000000
1652140655722650329 204.737543 0.000000
1652140655942753233 204.749976 0.000000
1652140656273339095 204.720851 0.000000
1652140656633886901 204.389903 0.000000
1652140657047840785 335.265869 0.000000
1652140657344703497 273.780180 0.000000
1652140657584754439 204.794172 0.000000
1652140657942949194 204.865638 0.000000
1652140658228445295 204.613467 0.000000
1652140658648974542 204.865321 0.000000
1652140658950375594 204.668602 0.000000
1652140659201019472 204.833567 0.000000
1652140659533174407 204.636829 0.000000
1652140659992636009 204.603013 0.000000
1652140660204312997 204.815341 0.000000
1652140660461198369 204.855805 0.000000
1652140660795626181 204.758946 0.000000
1652140661021684734 204.722511 0.000000
1652140661692833896 204.799715 0.000000
1652140662816367621 1017.161209 0.000000
1652140663035233880 204.833407 0.000000
1652140663272677391 204.672862 0.000000
1652140663546926013 204.758749 0.000000
1652140664208314388 610.789408 0.000000
1652140664596990748 204.756832 0.000000
1652140664817823319 205.296018 0.000000
1652140665063380876 204.704871 0.000000
1652140665298693587 204.255829 0.000000
1652140665523917319 204.326960 0.000000
1652140665733226556 204.824840 0.000000
1652140666063105319 204.868885 0.000000
1652140666420396352 204.929991 0.000000
1652140666653675532 204.588819 0.000000
1652140667068610014 266.274710 0.000000
1652140667423889144 257.712930 0.000000
1652140667977250150 204.556648 0.000000
1652140668508403931 204.879725 0.000000
1652140668764234996 204.835795 0.000000
1652140668975160112 204.548455 0.000000
1652140669208560327 204.905230 0.000000
1652140669449477874 204.114875 0.000000
1652140669699317484 204.721743 0.000000
1652140669966313101 204.722362 0.000000
1652140670295074079 205.141805 0.000000
1652140670531052756 205.249522 0.000000
1652140670757151129 204.950550 0.000000
1652140670978210204 204.794863 0.000000
1652140671278375844 204.517320 0.000000
1652140671497148280 204.679183 0.000000
1652140671727591204 204.665552 0.000000
1652140672064956507 254.691418 0.000000
1652140672395029396 313.290706 0.000000
1652140672850443068 204.614355 0.000000
1652140673516699366 610.367708 0.000000
1652140673742981092 204.809925 0.000000
1652140674118039737 204.962277 0.000000
1652140674434284561 204.720163 0.000000
1652140674677484169 204.672605 0.000000
1652140674906219149 204.973399 0.000000
1652140675109680592 203.396765 0.000000
1652140675931331473 614.851521 0.000000
1652140676217894626 204.822013 0.000000
1652140676480109064 204.956434 0.000000
1652140676706674003 204.710436 0.000000
1652140677079718951 271.015137 0.000000
1652140677796044267 660.883988 0.000000
1652140678339777319 204.935828 0.000000
1652140679069875354 610.758391 0.000000
1652140679357782189 204.783783 0.000000
1652140679614263643 204.777085 0.000000
1652140679826849592 204.655362 0.000000
1652140680083121912 204.869974 0.000000
1652140680759165528 204.634162 0.000000
1652140681082996510 204.575983 0.000000
1652140681377646760 204.741800 0.000000
1652140681623916108 204.667153 0.000000
1652140681835423230 204.448877 0.000000
1652140682154148300 204.879242 0.000000
1652140682454664457 203.738795 0.000000
1652140683071997215 204.093097 0.000000
1652140683371478991 204.762909 0.000000
1652140683581768512 204.554082 0.000000
1652140684001020792 204.515688 0.000000
1652140684254505555 204.532164 0.000000
1652140684559590081 204.509661 0.000000
1652140684875311711 204.688365 0.000000
1652140685104310342 204.749363 0.000000
1652140685341829286 204.712498 0.000000
1652140685744169958 204.118430 0.000000
1652140685972233322 204.564071 0.000000
1652140686421491334 204.260547 0.000000
1652140686644529181 204.796372 0.000000
1652140687274465925 231.460518 0.000000
1652140687522171374 204.642447 0.000000
1652140687796081904 204.796733 0.000000
1652140688459306008 205.005036 0.000000
1652140688837962232 204.536230 0.000000
1652140689118425467 204.715985 0.000000
1652140689416235085 204.750042 0.000000
1652140689688255798 204.761756 0.000000
1652140689958977176 204.755086 0.000000
1652140690292609874 204.825290 0.000000
1652140690540445349 204.621352 0.000000
1652140690755826956 204.787188 0.000000
1652140691003915771 204.631392 0.000000
1652140691370005507 204.596430 0.000000
1652140692112133964 276.016986 0.000000
1652140692446823250 204.885203 0.000000
1652140692702548769 204.862370 0.000000
1652140693085824598 204.797272 0.000000
1652140693321116748 204.661635 0.000000
1652140693708112493 204.924808 0.000000
1652140693956078713 204.766112 0.000000
1652140694775757811 614.194168 0.000000
1652140695019993790 204.666790 0.000000
1652140695355190392 204.649220 0.000000
1652140695767742758 204.593310 0.000000
1652140696466928944 609.949088 0.000000
1652140697003043210 263.487015 0.000000
1652140697252766236 249.483672 0.000000
1652140697553910372 204.494563 0.000000
1652140697813836406 204.892183 0.000000
1652140698020632679 204.617963 0.000000
1652140698242939211 204.799069 0.000000
1652140698565428570 204.822690 0.000000
1652140699210599709 615.581868 0.000000
1652140699538704009 204.864932 0.000000
1652140699761688193 204.747051 0.000000
1652140699971241605 204.685939 0.000000
1652140700184017664 204.590035 0.000000
1652140700542233342 204.949967 0.000000
1652140701137070516 204.607261 0.000000
1652140701670487652 204.815938 0.000000
1652140701920595379 204.803409 0.000000
1652140702251074269 204.477543 0.000000
1652140702485885942 204.688603 0.000000
1652140702770076059 204.533978 0.000000
1652140702998693373 204.855072 0.000000
1652140703224627422 204.883512 0.000000
1652140703459396540 204.840578 0.000000
1652140703759463252 204.864838 0.000000
1652140703969375312 204.566173 0.000000
1652140704234350877 204.818430 0.000000
1652140704594996902 204.759600 0.000000
1652140704815876759 204.639513 0.000000
1652140705147660370 204.915998 0.000000
1652140705448128891 204.683065 0.000000
1652140706105976227 204.701726 0.000000
1652140706350056834 204.632197 0.000000
1652140706611037375 204.733900 0.000000
1652140706827749329 204.817328 0.000000
1652140707167561406 277.490696 0.000000
1652140707621856533 204.871825 0.000000
1652140707858958123 204.622301 0.000000
1652140708122297871 204.639811 0.000000
1652140708392851892 204.863966 0.000000
1652140708910813762 204.732661 0.000000
1652140709176257971 204.911996 0.000000
1652140709409401367 204.662376 0.000000
1652140709695549298 204.551163 0.000000
1652140710082759058 204.551689 0.000000
1652140710603114959 204.843182 0.000000
1652140710817572897 204.676990 0.000000
1652140711170246379 204.880292 0.000000
1652140711656688541 204.417910 0.000000
1652140711870868324 205.038209 0.000000
1652140712165559741 240.777610 0.000000
1652140712494157645 269.218920 0.000000
1652140712855101738 204.794327 0.000000
1652140713097787909 204.771524 0.000000
1652140713367078112 204.144205 0.000000
1652140713698781041 204.687138 0.000000
1652140713971159971 204.820579 0.000000
1652140714483375188 204.951129 0.000000
1652140714762670429 204.725948 0.000000
1652140715094385233 204.734174 0.000000
1652140715303302348 204.673864 0.000000
1652140715555388979 205.014033 0.000000
1652140715999466761 204.067905 0.000000
1652140716222945420 204.693426 0.000000
1652140716556881517 204.756523 0.000000
1652140717100520631 298.373729 0.000000
1652140717490659239 311.433650 0.000000
1652140717865755743 204.783399 0.000000
1652140718340468312 204.720392 0.000000
1652140718551890976 204.629513 0.000000
1652140718776102213 204.753118 0.000000
1652140719015551052 204.764928 0.000000
1652140719234518446 204.751288 0.000000
1652140719700878333 204.586272 0.000000
1652140720024505333 204.820605 0.000000
1652140720263945545 204.560559 0.000000
1652140720509884293 204.366794 0.000000
1652140720799794879 204.870551 0.000000
1652140721013757539 204.559229 0.000000
1652140721482207872 204.677800 0.000000
1652140721856199440 204.656276 0.000000
1652140722173715836 220.548738 0.000000
1652140722515063050 282.248674 0.000000
1652140722853374496 204.869135 0.000000
1652140723234002700 204.683559 0.000000
1652140723474835074 204.817611 0.000000
1652140723733362842 204.473259 0.000000
1652140723944697859 204.093925 0.000000
1652140724200048138 204.411826 0.000000
1652140724406847993 204.707902 0.000000
1652140724621983218 204.936842 0.000000
1652140724869706838 204.723262 0.000000
1652140725169451197 204.572617 0.000000
1652140725405630150 204.946739 0.000000
1652140725657886365 204.654678 0.000000
1652140726618988269 204.978068 0.000000
1652140726848715821 205.023532 0.000000
1652140727724785755 870.208912 0.000000
1652140728007734417 204.416246 0.000000
1652140728307094307 204.738413 0.000000
1652140728534885085 204.868038 0.000000
1652140729111031413 204.602838 0.000000
1652140729499516413 204.516383 0.000000
1652140729772066151 204.857090 0.000000
1652140730068571295 204.731904 0.000000
1652140730425292129 204.853659 0.000000
1652140730848771784 204.813074 0.000000
1652140731056512337 204.731637 0.000000
1652140731306356803 204.977002 0.000000
1652140731541316497 204.635801 0.000000
1652140731775065256 204.971002 0.000000
1652140732009536810 204.785102 0.000000
1652140732227320013 207.561873 0.000000
1652140732585148989 205.283608 0.000000
1652140732871074184 205.026589 0.000000
1652140733152802318 204.848340 0.000000
1652140733358033757 203.215054 0.000000
1652140733567168662 204.650174 0.000000
1652140733807448618 204.232791 0.000000
1652140734045864681 204.836054 0.000000
1652140734299458256 204.845342 0.000000
1652140734517582110 204.766659 0.000000
1652140734852155912 204.735213 0.000000
1652140735159098378 204.924583 0.000000
1652140735375618211 204.985583 0.000000
1652140735632833396 204.698547 0.000000
1652140735996910727 204.876913 0.000000
1652140736316517653 204.842242 0.000000
1652140736684263192 204.869742 0.000000
1652140737188271114 337.211993 0.000000
1652140737926810747 712.148942 0.000000
1652140738206139783 204.868976 0.000000
1652140738451991691 204.753949 0.000000
1652140739470805017 204.764430 0.000000
1652140739677943179 204.774009 0.000000
1652140739954459858 204.761120 0.000000
1652140740456461016 204.051125 0.000000
1652140740754041328 204.859194 0.000000
1652140741148831703 204.831610 0.000000
1652140741561054658 204.636312 0.000000
1652140742249262838 632.159610 0.000000
1652140742566807240 208.733339 0.000000
1652140742790764776 205.083297 0.000000
1652140743118013377 204.977887 0.000000
1652140743463582522 204.610963 0.000000
1652140743682532928 204.528009 0.000000
1652140743966003372 204.827771 0.000000
1652140744214540664 204.828878 0.000000
1652140744479880597 204.660622 0.000000
1652140744707596373 204.835657 0.000000
1652140745129651765 204.236911 0.000000
1652140745414473859 204.959766 0.000000
1652140745651347884 204.802556 0.000000
1652140745874406300 204.833842 0.000000
1652140746097800943 204.644070 0.000000
1652140746538800757 204.147152 0.000000
1652140746794645388 204.940063 0.000000
1652140747249481682 290.879256 0.000000
1652140747576335106 283.132142 0.000000
1652140747856667771 204.542342 0.000000
1652140748073561594 204.502152 0.000000
1652140748377180773 204.659796 0.000000
1652140749203262078 615.536288 0.000000
1652140749500946459 204.720167 0.000000
1652140749842020672 205.104783 0.000000
1652140750407741359 204.719305 0.000000
1652140750655865261 204.470622 0.000000
1652140750890415935 203.787962 0.000000
1652140751232024180 204.749760 0.000000
1652140751473385375 204.883839 0.000000
1652140752215835168 283.356652 0.000000
1652140752589356487 308.088838 0.000000
1652140752819796468 204.794838 0.000000
1652140753145693529 205.011075 0.000000
1652140753742172468 204.891005 0.000000
1652140754011256418 204.897316 0.000000
1652140754442581867 204.797631 0.000000
1652140754719095475 204.751647 0.000000
1652140754928310724 204.756308 0.000000
1652140755529870289 205.028101 0.000000
1652140755817790325 204.926895 0.000000
1652140756110634116 204.912970 0.000000
1652140756357796597 204.759980 0.000000
1652140756687507074 204.969009 0.000000
1652140756985063443 204.862816 0.000000
1652140757301656359 277.934750 0.000000
1652140757593606126 219.532553 0.000000
1652140757817075810 204.598363 0.000000
1652140758097549717 204.588660 0.000000
1652140758494664744 204.832027 0.000000
1652140758883852671 205.055231 0.000000
1652140759120795817 204.879518 0.000000
1652140759686630873 204.584153 0.000000
1652140759946592772 204.714911 0.000000
1652140760192183577 205.061691 0.000000
1652140760457756783 204.705810 0.000000
1652140760682859964 204.804417 0.000000
1652140760898840946 204.752154 0.000000
1652140761193217471 204.642609 0.000000
1652140761410276629 204.749775 0.000000
1652140761619903160 204.635443 0.000000
1652140762594203330 735.496569 0.000000
1652140762805612254 204.696421 0.000000
1652140763020220598 204.662336 0.000000
1652140763335289210 204.805856 0.000000
1652140763632969869 204.905582 0.000000
1652140763927397981 204.838670 0.000000
1652140764243979827 204.828585 0.000000
1652140764518085597 204.803755 0.000000
1652140765146916010 615.401178 0.000000
1652140765366774449 204.820945 0.000000
1652140765596368341 204.708527 0.000000
1652140766059719905 204.725920 0.000000
1652140766503146093 204.588665 0.000000
1652140767021763419 204.867464 0.000000
1652140767348847005 213.613013 0.000000
1652140767624435456 270.468878 0.000000
1652140767904646677 204.692589 0.000000
1652140768143869075 204.700594 0.000000
1652140768411992088 204.636635 0.000000
1652140768684648864 204.854503 0.000000
1652140769262838648 204.870033 0.000000
1652140769546810392 204.857864 0.000000
1652140769801118672 204.762051 0.000000
1652140770028176114 204.974639 0.000000
1652140770233687264 204.721914 0.000000
1652140770443641594 204.691279 0.000000
1652140770975308143 204.881502 0.000000
1652140771334143159 204.899995 0.000000
1652140771597362125 204.465670 0.000000
1652140771840516164 204.673648 0.000000
1652140772202578060 263.879942 0.000000
1652140772433494086 204.681166 0.000000
1652140772990479037 204.936300 0.000000
1652140773197227517 204.633217 0.000000
1652140773423836437 204.686828 0.000000
1652140773651958686 204.881055 0.000000
1652140774005598140 204.944586 0.000000
1652140774231479638 204.716782 0.000000
1652140774443465419 204.602325 0.000000
1652140774672773111 204.403859 0.000000
1652140774905889172 205.606205 0.000000
1652140775154417039 204.808430 0.000000
1652140775462809742 204.712321 0.000000
1652140775850349274 204.976377 0.000000
1652140776140859165 204.686247 0.000000
1652140776463718656 204.842024 0.000000
1652140776701161486 204.909691 0.000000
1652140776949485073 204.787770 0.000000
1652140777322324474 295.917222 0.000000
1652140777642404502 293.195162 0.000000
1652140777969316066 204.810881 0.000000
1652140778301102130 205.016954 0.000000
1652140778523390099 204.570431 0.000000
1652140778742090402 204.958422 0.000000
1652140778967119907 204.590199 0.000000
1652140779500685404 204.947887 0.000000
1652140779743774702 204.601359 0.000000
1652140780038402109 204.616906 0.000000
1652140780448731958 204.979009 0.000000
1652140780874182310 203.952641 0.000000
1652140781240601372 204.857306 0.000000
1652140781612661337 204.729819 0.000000
1652140781831788183 204.953500 0.000000
1652140782336714085 213.016714 0.000000
1652140782750045208 204.896357 0.000000
1652140782966047753 204.962089 0.000000
1652140783182292309 204.893637 0.000000
1652140783795449567 204.940149 0.000000
1652140784013053574 204.912956 0.000000
1652140784333720142 205.054235 0.000000
1652140784985692066 610.091400 0.000000
1652140785215267903 204.624725 0.000000
1652140785432019323 205.032681 0.000000
1652140785744004115 204.762519 0.000000
1652140785967029954 204.935368 0.000000
1652140786294890900 205.067221 0.000000
1652140786551839085 204.964870 0.000000
1652140786776756549 205.032971 0.000000
1652140787384857463 204.718265 0.000000
1652140787711877289 217.264491 0.000000
1652140787926263207 203.756861 0.000000
1652140788188071178 204.791462 0.000000
