1652140230433262124 407.799680 0.000000
1652140230741996354 204.186412 0.000000
1652140231101561870 341.291398 0.000000
1652140231389770574 203.992430 0.000000
1652140231807197948 204.472158 0.000000
1652140232014510730 204.228580 0.000000
1652140232251097290 204.265242 0.000000
1652140232559655473 204.160224 0.000000
1652140232785672856 204.403341 0.000000
1652140233263672802 204.211316 0.000000
1652140233636827377 204.424681 0.000000
1652140234075408062 203.015410 0.000000
1652140234331101576 203.406726 0.000000
1652140234670867135 204.230602 0.000000
1652140234879743393 203.712666 0.000000
1652140235096197010 204.264260 0.000000
1652140235351448564 204.310311 0.000000
1652140236715320366 1285.074588 0.000000
1652140237493965634 610.171950 0.000000
1652140237815997390 204.276996 0.000000
1652140238194427997 204.152599 0.000000
1652140238648589016 204.472609 0.000000
1652140238915032453 204.262784 0.000000
1652140239196531395 203.629633 0.000000
1652140239543865389 204.032755 0.000000
1652140239796001210 204.261867 0.000000
1652140240146038129 204.317594 0.000000
1652140240492172257 204.334637 0.000000
1652140240865952321 204.387617 0.000000
1652140241197328858 313.985577 0.000000
1652140241426569118 204.184558 0.000000
1652140241757460812 204.414858 0.000000
1652140242123412611 204.456279 0.000000
1652140242394217608 204.141707 0.000000
1652140242624218299 204.276018 0.000000
1652140242876080736 204.204601 0.000000
1652140243098420504 204.194862 0.000000
1652140243368686891 204.392446 0.000000
1652140243583768154 204.210432 0.000000
1652140243917835364 204.327224 0.000000
1652140244122844110 204.145359 0.000000
1652140244330987212 204.091023 0.000000
1652140244816076887 204.216228 0.000000
1652140245108863890 204.257524 0.000000
1652140245410806214 204.309135 0.000000
1652140245702556760 204.253244 0.000000
1652140246115998501 251.827459 0.000000
1652140246318355338 202.109022 0.000000
1652140246562162191 204.177888 0.000000
1652140246809595093 204.219288 0.000000
1652140247298364742 204.145905 0.000000
1652140247575339123 204.335880 0.000000
1652140247784050530 204.159405 0.000000
1652140248160280499 204.299131 0.000000
1652140248450507227 204.286508 0.000000
1652140248707378047 204.293878 0.000000
1652140249054274740 204.128714 0.000000
1652140249265526426 204.106261 0.000000
1652140249507851189 204.194507 0.000000
1652140249823377790 204.085684 0.000000
1652140250145305532 203.857668 0.000000
1652140250618439034 204.476321 0.000000
1652140250855365908 204.268273 0.000000
1652140251163752076 286.788587 0.000000
1652140251421907911 204.049819 0.000000
1652140251627245461 203.178094 0.000000
1652140251903026796 204.239789 0.000000
1652140252147983890 204.245207 0.000000
1652140252408800400 204.178212 0.000000
1652140252632135422 204.456281 0.000000
1652140253044703578 204.196375 0.000000
1652140253257155524 204.222188 0.000000
1652140253578802245 204.069740 0.000000
1652140254283948711 614.475395 0.000000
1652140254596555211 204.428370 0.000000
1652140254879781202 204.261040 0.000000
1652140255131501956 204.212460 0.000000
1652140255692718352 204.257875 0.000000
1652140256260721551 356.103244 0.000000
1652140256521889055 204.228446 0.000000
1652140256742147758 204.357794 0.000000
1652140257066410785 204.365603 0.000000
1652140257343820292 203.373479 0.000000
1652140257602353075 204.312185 0.000000
1652140257864973702 204.302803 0.000000
1652140258181861043 204.263883 0.000000
1652140258855105450 204.079734 0.000000
1652140259492164431 204.355159 0.000000
1652140259729278816 204.330852 0.000000
1652140260002270490 204.269295 0.000000
1652140260233385698 204.351697 0.000000
1652140260489920070 204.176138 0.000000
1652140260755365011 204.119047 0.000000
1652140261140598020 310.279358 0.000000
1652140261405892533 204.030702 0.000000
1652140261647179207 204.314026 0.000000
1652140261887702420 203.826285 0.000000
1652140262281663720 204.165105 0.000000
1652140262575423834 204.225464 0.000000
1652140262812125556 204.434951 0.000000
1652140263092445872 204.312696 0.000000
1652140263719516190 204.276803 0.000000
1652140263927841964 204.234383 0.000000
1652140264169383269 204.175783 0.000000
1652140264728324689 204.255784 0.000000
1652140265069007882 204.130919 0.000000
1652140265293345382 204.139522 0.000000
1652140265507833972 204.331417 0.000000
1652140265714941321 204.275704 0.000000
1652140266154474424 366.724261 0.000000
1652140266431247105 204.076632 0.000000
1652140266680024653 204.287588 0.000000
1652140266890276412 204.186896 0.000000
1652140267096225353 204.346398 0.000000
1652140267326589906 204.407654 0.000000
1652140267650495826 204.276669 0.000000
1652140268448761669 610.029624 0.000000
1652140268680718146 204.096309 0.000000
1652140269060772164 204.332101 0.000000
1652140269277035531 204.004057 0.000000
1652140269502295981 204.417454 0.000000
1652140269763514276 204.374902 0.000000
1652140270093789774 204.501303 0.000000
1652140270337739353 204.298693 0.000000
1652140270554382212 204.410715 0.000000
1652140271094126822 308.932091 0.000000
1652140271703521221 204.434640 0.000000
1652140271968632433 204.441129 0.000000
1652140272369128883 204.289241 0.000000
1652140272690005694 204.453044 0.000000
1652140273104720308 204.201798 0.000000
1652140273613405687 204.311393 0.000000
1652140273985069163 204.152192 0.000000
1652140274460915529 204.363728 0.000000
1652140274749747136 204.166628 0.000000
1652140275001871358 204.251203 0.000000
1652140275240588110 204.095630 0.000000
1652140275734870852 204.259853 0.000000
1652140276170979050 336.469310 0.000000
1652140276928458024 614.769906 0.000000
1652140277139792590 204.265350 0.000000
1652140277405839739 204.439194 0.000000
1652140278100259306 610.598464 0.000000
1652140278347725598 204.594607 0.000000
1652140278558212320 204.171917 0.000000
1652140278795220568 204.313795 0.000000
1652140279000254790 204.173498 0.000000
1652140279393387032 204.133712 0.000000
1652140279673358365 203.524634 0.000000
1652140279887116250 204.082830 0.000000
1652140280142073256 204.256552 0.000000
1652140280407669209 204.097619 0.000000
1652140280700487709 204.324674 0.000000
1652140281182871816 301.360767 0.000000
1652140281528288838 204.124434 0.000000
1652140281972663381 204.662515 0.000000
1652140282200411571 204.399969 0.000000
1652140282568557128 204.475597 0.000000
1652140283062436245 204.137808 0.000000
1652140283495774615 204.211046 0.000000
1652140283758490082 204.111507 0.000000
1652140284194162539 204.272419 0.000000
1652140284839944512 613.134728 0.000000
1652140285180949629 204.242256 0.000000
1652140285420631610 203.494962 0.000000
1652140285807216506 204.139151 0.000000
1652140286180475509 265.433925 0.000000
1652140286393069484 203.815663 0.000000
1652140286706643002 204.448780 0.000000
1652140287150724652 203.833118 0.000000
1652140287487927343 204.544259 0.000000
1652140287835012616 204.398256 0.000000
1652140288054859378 203.394154 0.000000
1652140288263370177 204.335813 0.000000
1652140288528117808 204.302579 0.000000
1652140288941434948 204.265897 0.000000
1652140289220089028 204.329419 0.000000
1652140289685543383 204.405950 0.000000
1652140290021473114 204.322553 0.000000
1652140290243817519 204.124507 0.000000
1652140290474499867 204.188115 0.000000
1652140290805329540 204.092949 0.000000
1652140291188524994 305.117456 0.000000
1652140291420037298 203.933665 0.000000
1652140291779820885 204.329900 0.000000
1652140292011204730 204.419926 0.000000
1652140292298671296 204.289056 0.000000
1652140292648068729 204.467243 0.000000
1652140292880520461 204.308319 0.000000
1652140293330327550 204.319108 0.000000
1652140293551819560 204.186431 0.000000
1652140293973762160 204.482042 0.000000
1652140294358239496 204.733541 0.000000
1652140294858885429 204.445346 0.000000
1652140295232776140 204.383856 0.000000
1652140295526770945 204.182278 0.000000
1652140295793784601 204.241089 0.000000
1652140296193397818 293.000044 0.000000
1652140296437946588 203.978534 0.000000
1652140296700944995 204.331343 0.000000
1652140296925141042 204.105236 0.000000
1652140297189286882 204.071580 0.000000
1652140297797720584 204.634072 0.000000
1652140298028442968 204.490524 0.000000
1652140298363175099 204.292335 0.000000
1652140298685028488 204.354029 0.000000
1652140298985952229 204.402399 0.000000
1652140299600264633 609.141025 0.000000
1652140299807633318 204.166255 0.000000
1652140300081885082 204.156622 0.000000
1652140300436693090 204.144551 0.000000
1652140300732262394 204.247878 0.000000
1652140300973422173 204.400949 0.000000
1652140301305664328 307.569650 0.000000
1652140301563655602 204.565793 0.000000
1652140301841409859 204.109799 0.000000
1652140302222323489 204.385399 0.000000
1652140302884988711 613.234124 0.000000
1652140303109442366 204.359275 0.000000
1652140303509862615 204.369739 0.000000
1652140303760501438 204.180211 0.000000
1652140303971575506 204.311507 0.000000
1652140304898064761 614.813761 0.000000
1652140305147911927 204.199275 0.000000
1652140305372061830 204.079673 0.000000
1652140305985496651 608.525259 0.000000
1652140306396422369 222.898000 0.000000
1652140306630169011 204.257598 0.000000
1652140306849450976 204.227855 0.000000
1652140307077673188 204.437915 0.000000
1652140307334920058 203.714317 0.000000
1652140307627001600 204.497317 0.000000
1652140307838289360 204.181069 0.000000
1652140308190986029 204.381958 0.000000
1652140308446720529 204.246137 0.000000
1652140308981047781 204.493240 0.000000
1652140309195513220 204.369920 0.000000
1652140309417913466 204.186763 0.000000
1652140310097762946 204.638721 0.000000
1652140310384596813 204.268540 0.000000
1652140310589945499 203.505206 0.000000
1652140310847422122 203.664798 0.000000
1652140311219793409 362.485573 0.000000
1652140311438601241 204.098975 0.000000
1652140311705019067 204.316652 0.000000
1652140311943854540 204.593535 0.000000
1652140312180792230 204.417809 0.000000
1652140312437740256 202.331498 0.000000
1652140312760733120 204.286295 0.000000
1652140313070415478 204.155750 0.000000
1652140313299146761 204.283424 0.000000
1652140313507708382 204.377868 0.000000
1652140313994671982 204.352893 0.000000
1652140314225717704 204.195332 0.000000
1652140314441569964 204.330190 0.000000
1652140314711536114 203.952028 0.000000
1652140315024366897 204.257561 0.000000
1652140315307046049 204.285767 0.000000
1652140315526082100 203.630103 0.000000
1652140315754879063 204.250056 0.000000
1652140316126261463 267.162103 0.000000
1652140316416150868 287.941798 0.000000
1652140316675103898 203.636031 0.000000
1652140316918461038 204.254287 0.000000
1652140317131479746 204.105453 0.000000
1652140317475280751 204.486027 0.000000
1652140317853932018 204.324567 0.000000
1652140318153582759 204.391807 0.000000
1652140318454600622 204.285980 0.000000
1652140319116029287 614.292745 0.000000
1652140319348378913 204.678155 0.000000
1652140319651738382 204.367825 0.000000
1652140319861068309 204.151429 0.000000
1652140320211015865 204.365807 0.000000
1652140320506148738 204.380588 0.000000
1652140320916045041 204.547176 0.000000
1652140321255209077 237.722427 0.000000
1652140321535563920 204.354831 0.000000
1652140321744433319 204.495826 0.000000
1652140321951750507 204.206852 0.000000
1652140322280445937 204.433989 0.000000
1652140322537828631 204.525830 0.000000
1652140323188459119 614.441449 0.000000
1652140323402940940 204.382252 0.000000
1652140323702476175 204.362876 0.000000
1652140324042712746 204.498643 0.000000
1652140324337468148 203.954795 0.000000
1652140324648304304 204.306157 0.000000
1652140324903582362 204.213793 0.000000
1652140325327873062 204.398924 0.000000
1652140325589622339 204.303482 0.000000
1652140325836770506 204.310705 0.000000
1652140326139939303 270.540440 0.000000
1652140326423977646 282.701903 0.000000
1652140326741399531 204.385790 0.000000
1652140327365927759 204.416003 0.000000
1652140327605186185 204.482990 0.000000
1652140327828906082 203.557945 0.000000
1652140328501670557 608.761388 0.000000
1652140328828525818 204.294176 0.000000
1652140329148818731 204.538209 0.000000
1652140329385356799 204.310639 0.000000
1652140329637909759 203.678541 0.000000
1652140329896308844 204.220374 0.000000
1652140330105729007 204.249332 0.000000
1652140330316312484 203.323743 0.000000
1652140330650385036 204.270036 0.000000
1652140330966404183 204.293869 0.000000
1652140331320772725 265.971432 0.000000
1652140331553332025 204.161053 0.000000
1652140331756671344 202.932069 0.000000
1652140332083585368 204.282629 0.000000
1652140332333729880 204.378058 0.000000
1652140332622866225 204.376395 0.000000
1652140332874139007 204.389548 0.000000
1652140333110902940 204.524967 0.000000
1652140333416702692 204.301199 0.000000
1652140334000023052 204.505372 0.000000
1652140334375123545 204.309953 0.000000
1652140334747178491 204.578225 0.000000
1652140334953339275 204.166205 0.000000
1652140335520057247 204.795048 0.000000
1652140335796930346 204.374514 0.000000
1652140336279728645 263.273869 0.000000
1652140336492850206 204.209174 0.000000
1652140336841510944 204.253244 0.000000
1652140337175775575 204.241817 0.000000
1652140337455905433 204.447795 0.000000
1652140337784151635 204.443158 0.000000
1652140337995775816 204.206348 0.000000
1652140338221302544 204.347765 0.000000
1652140338459326627 204.497383 0.000000
1652140338817021002 204.428005 0.000000
1652140339026274459 204.117350 0.000000
1652140339275181298 204.310999 0.000000
1652140339755407692 204.393244 0.000000
1652140339963862948 204.341513 0.000000
1652140340210956965 204.285977 0.000000
1652140340523122527 204.079539 0.000000
1652140340824776199 204.314801 0.000000
1652140341336069531 267.528100 0.000000
1652140341586743729 204.401510 0.000000
1652140341790081385 202.926369 0.000000
1652140342222500002 204.349108 0.000000
1652140342612822065 204.424928 0.000000
1652140343011440705 204.461897 0.000000
1652140343774708375 204.500635 0.000000
1652140344053088589 204.466037 0.000000
1652140344272515184 203.297411 0.000000
1652140344564223147 204.287888 0.000000
1652140344908207514 203.517908 0.000000
1652140345332933687 204.373715 0.000000
1652140345684015753 204.425934 0.000000
1652140346282639140 324.826013 0.000000
1652140346599113051 204.189846 0.000000
1652140346865992043 204.444597 0.000000
1652140347083960587 204.492750 0.000000
1652140347541163497 204.172042 0.000000
1652140347946335628 204.312509 0.000000
1652140348188816287 204.443752 0.000000
1652140348659751420 204.331687 0.000000
1652140348869399134 204.458076 0.000000
1652140349333488328 204.377601 0.000000
1652140349649654103 204.360785 0.000000
1652140350001804184 203.932429 0.000000
1652140350395714501 204.456505 0.000000
1652140350629426312 204.480076 0.000000
1652140351222237097 260.476992 0.000000
1652140351563172538 204.049833 0.000000
1652140351834236760 204.433735 0.000000
1652140352073548600 205.362973 0.000000
1652140352326782901 204.531076 0.000000
1652140352947819707 610.195875 0.000000
1652140353364380219 204.556675 0.000000
1652140353671367617 204.334805 0.000000
1652140353965222472 204.193508 0.000000
1652140354213156846 204.197280 0.000000
1652140354488409521 204.370213 0.000000
1652140354765224361 204.426956 0.000000
1652140355127316991 203.631430 0.000000
1652140355427210458 204.425142 0.000000
1652140355673387025 204.140364 0.000000
1652140355883857225 204.437367 0.000000
1652140356327623452 357.584074 0.000000
1652140356703280961 204.469335 0.000000
1652140356969120693 204.816571 0.000000
1652140357377354284 204.818356 0.000000
1652140357637956184 204.403461 0.000000
1652140357955390996 204.571808 0.000000
1652140358580324342 614.825264 0.000000
1652140359137596533 204.459358 0.000000
1652140359546166540 204.323562 0.000000
1652140359834789009 203.977057 0.000000
1652140360484675171 204.381039 0.000000
1652140360719002518 204.706592 0.000000
1652140360945737321 204.331219 0.000000
1652140361481906964 256.817052 0.000000
1652140361730261762 204.650628 0.000000
1652140362135262877 204.220427 0.000000
1652140362447061231 204.424807 0.000000
1652140362842696702 204.413979 0.000000
1652140363137592621 204.297126 0.000000
1652140363355862498 204.479599 0.000000
1652140363685872139 204.446281 0.000000
1652140363911987424 204.227615 0.000000
1652140364221829427 204.342078 0.000000
1652140364524454202 204.393631 0.000000
1652140364800110005 204.268594 0.000000
1652140365398082537 204.400718 0.000000
1652140365721732703 204.286622 0.000000
1652140365998977365 204.452622 0.000000
1652140366531443870 210.486000 0.000000
1652140366940174287 204.434661 0.000000
1652140367257931942 204.335763 0.000000
1652140367514323665 204.418493 0.000000
1652140367817859141 204.310808 0.000000
1652140368142440139 204.403177 0.000000
1652140368358758570 204.247110 0.000000
1652140368685310626 204.267751 0.000000
1652140368935847872 204.425607 0.000000
1652140369181599250 204.339418 0.000000
1652140369655715043 204.444206 0.000000
1652140370356487640 614.850409 0.000000
1652140370632719576 204.457698 0.000000
1652140370889730512 204.303675 0.000000
1652140371305878081 302.520769 0.000000
1652140371744670399 204.602880 0.000000
1652140372194856752 204.362029 0.000000
1652140372685084482 204.323468 0.000000
1652140372909792276 204.405118 0.000000
1652140373191528318 204.488215 0.000000
1652140373933944359 610.166123 0.000000
1652140374200427480 204.511413 0.000000
1652140374808694790 204.531580 0.000000
1652140375044336416 204.464043 0.000000
1652140375286986293 203.542299 0.000000
1652140375512613101 204.371156 0.000000
1652140375910706078 204.536681 0.000000
1652140376132531401 204.396167 0.000000
1652140376435857255 264.109976 0.000000
1652140376699573841 204.274874 0.000000
1652140376942871114 204.430344 0.000000
1652140377221282087 204.574831 0.000000
1652140378112243767 609.208729 0.000000
1652140378398756388 204.504140 0.000000
1652140378638783861 204.296208 0.000000
1652140378943683753 204.280484 0.000000
1652140379356887094 204.670290 0.000000
1652140379657786668 204.365720 0.000000
1652140379866203491 204.270621 0.000000
1652140380227993586 204.454450 0.000000
1652140380478604817 204.276702 0.000000
1652140380800652152 204.503892 0.000000
1652140381058246620 204.014741 0.000000
1652140381422242647 280.192505 0.000000
1652140381700126396 204.403532 0.000000
1652140381979281424 204.048399 0.000000
1652140382612194326 613.510185 0.000000
1652140382864114341 204.409578 0.000000
1652140383201445925 204.628834 0.000000
1652140383470418043 204.818115 0.000000
1652140383681018861 204.399963 0.000000
1652140384137854424 204.293254 0.000000
1652140384598693961 204.176742 0.000000
1652140384926858575 204.379508 0.000000
1652140385330294542 202.869670 0.000000
1652140385708152397 204.482522 0.000000
1652140385935147320 204.476755 0.000000
1652140386187303479 204.431682 0.000000
1652140386532254533 325.971448 0.000000
1652140387315874495 614.852046 0.000000
1652140387657036524 204.456779 0.000000
1652140387947886018 204.362763 0.000000
1652140388913581116 204.492151 0.000000
1652140389267863681 204.281855 0.000000
1652140389484512700 204.453334 0.000000
1652140389724557935 204.151173 0.000000
1652140390103086869 204.450986 0.000000
1652140390426369374 204.491249 0.000000
1652140390648225885 203.757251 0.000000
1652140391093727106 204.499255 0.000000
1652140391554847290 216.319795 0.000000
1652140391855750409 204.454997 0.000000
1652140392104444385 204.601667 0.000000
1652140392415466344 204.393925 0.000000
1652140392676142841 204.203722 0.000000
1652140392908063702 204.512646 0.000000
1652140393128955942 204.439178 0.000000
1652140393373516015 204.548559 0.000000
1652140393801978199 204.538435 0.000000
1652140394023005772 203.679369 0.000000
1652140394238981782 204.355746 0.000000
1652140394597466833 204.534390 0.000000
1652140394878991024 204.527216 0.000000
1652140395095580255 204.345041 0.000000
1652140395325377009 204.565138 0.000000
1652140395531713068 204.336257 0.000000
1652140395970414120 204.344901 0.000000
1652140396227024231 204.327270 0.000000
1652140396549587075 287.231829 0.000000
1652140396984718106 204.266669 0.000000
1652140397208940712 204.364430 0.000000
1652140397437281240 204.423545 0.000000
1652140397697873691 204.369855 0.000000
1652140398055122516 204.464875 0.000000
1652140398864503399 615.286379 0.000000
1652140399075939337 204.365579 0.000000
1652140399322014224 204.375683 0.000000
1652140399718194512 204.638473 0.000000
1652140400017196563 204.404316 0.000000
1652140400267314959 204.400899 0.000000
1652140400487774410 203.881691 0.000000
1652140400826166277 204.409696 0.000000
1652140401137086837 204.472419 0.000000
1652140401629945500 204.684110 0.000000
1652140401852794772 204.444240 0.000000
1652140402136191972 204.389725 0.000000
1652140402477235876 204.446535 0.000000
1652140402797697896 204.460698 0.000000
1652140403011581404 204.333321 0.000000
1652140403259813055 204.422034 0.000000
1652140403557969577 204.408129 0.000000
1652140404048397637 204.589395 0.000000
1652140404271599979 204.535582 0.000000
1652140404496573751 204.552685 0.000000
1652140404714862311 204.357938 0.000000
1652140404938740353 204.305335 0.000000
1652140405158965855 204.433361 0.000000
1652140405483314789 204.474995 0.000000
1652140405953478582 204.436255 0.000000
1652140406190139907 204.491296 0.000000
1652140406505324646 258.707578 0.000000
1652140406802184540 204.697734 0.000000
1652140407246014423 204.367654 0.000000
1652140407751185804 204.305455 0.000000
1652140408034136165 204.377815 0.000000
1652140408246722176 204.149435 0.000000
1652140408464087827 204.089402 0.000000
1652140408818978528 204.575669 0.000000
1652140409175243691 204.489265 0.000000
1652140409719586552 204.696000 0.000000
1652140410164271078 204.387123 0.000000
1652140410423933193 204.447811 0.000000
1652140410660340200 204.534653 0.000000
1652140410877138324 204.239144 0.000000
1652140411239802504 204.366377 0.000000
1652140411591816487 223.469973 0.000000
1652140411848018340 204.522800 0.000000
1652140412203800189 204.422161 0.000000
1652140412566127016 204.569134 0.000000
1652140412800180587 203.715900 0.000000
1652140413013942905 204.264587 0.000000
1652140413229332978 204.478871 0.000000
1652140413517021966 204.469408 0.000000
1652140413733900718 204.471065 0.000000
1652140414093342765 204.631049 0.000000
1652140414319994904 204.376755 0.000000
1652140414599910226 204.597293 0.000000
1652140414956388343 204.554830 0.000000
1652140415377632787 204.664910 0.000000
1652140415644633164 204.426908 0.000000
1652140415905899502 204.375015 0.000000
1652140416128827034 204.442415 0.000000
1652140416457199630 294.281546 0.000000
1652140416708271944 204.391932 0.000000
1652140416952831151 204.459499 0.000000
1652140417268885823 204.467171 0.000000
1652140417665234605 204.607761 0.000000
1652140418180656633 204.486118 0.000000
1652140418468944455 204.734840 0.000000
1652140418676260166 204.382763 0.000000
1652140419093181814 204.404626 0.000000
1652140419387568479 204.560197 0.000000
1652140419635248743 204.540377 0.000000
1652140419920565000 204.525149 0.000000
1652140420151664026 204.418864 0.000000
1652140420362147326 204.300514 0.000000
1652140420599673294 203.457201 0.000000
1652140420884010674 204.637767 0.000000
1652140421246268776 204.505873 0.000000
1652140421546326838 294.910577 0.000000
1652140422264458964 204.424403 0.000000
1652140422628297965 204.624122 0.000000
1652140422881428683 204.949592 0.000000
1652140423236144869 204.633443 0.000000
1652140423551037588 204.298549 0.000000
1652140423909454367 204.488426 0.000000
1652140424124088062 204.405760 0.000000
1652140424368620233 204.318770 0.000000
1652140424609020660 204.291136 0.000000
1652140424922014651 204.509041 0.000000
1652140425190505110 204.264401 0.000000
1652140425399291314 203.566602 0.000000
1652140425736936330 204.430808 0.000000
1652140426040857485 204.400187 0.000000
1652140426499598548 301.892243 0.000000
1652140426725772257 204.448506 0.000000
1652140427224991738 204.572626 0.000000
1652140427555344994 204.494564 0.000000
1652140427989420292 204.459465 0.000000
1652140428338806168 204.347878 0.000000
1652140428623254289 204.499084 0.000000
1652140428903616507 204.410534 0.000000
1652140429142293095 204.313010 0.000000
1652140429391517592 204.257701 0.000000
1652140429718702180 204.686983 0.000000
1652140429961784860 204.277223 0.000000
1652140430201235367 204.699184 0.000000
1652140430493316721 204.327941 0.000000
1652140430720920100 204.506953 0.000000
1652140431168896274 204.343388 0.000000
1652140431499307402 251.907899 0.000000
1652140431806889868 204.413464 0.000000
1652140432032622245 204.257340 0.000000
1652140432238684623 204.246205 0.000000
1652140432465409235 204.497895 0.000000
1652140432848843488 204.394710 0.000000
1652140433160791353 204.571102 0.000000
1652140433508765152 204.660417 0.000000
1652140433764691108 204.339505 0.000000
1652140433999986095 204.248276 0.000000
1652140434226544693 204.518426 0.000000
1652140434957485491 613.904806 0.000000
1652140435178202336 204.379465 0.000000
1652140435439933263 204.512041 0.000000
1652140435731608095 204.275803 0.000000
1652140436034364817 204.289007 0.000000
1652140436308593401 204.706278 0.000000
1652140436584613993 228.566843 0.000000
1652140436876907081 203.972877 0.000000
1652140437142605904 203.959833 0.000000
1652140437445830107 204.526147 0.000000
1652140437767156152 204.249031 0.000000
1652140438091089299 204.467310 0.000000
1652140438457156941 204.528613 0.000000
1652140438796449049 204.461042 0.000000
1652140439178035865 204.647450 0.000000
1652140439863757172 204.658052 0.000000
1652140440152052832 204.542911 0.000000
1652140440362704280 204.342171 0.000000
1652140440627937129 204.454694 0.000000
1652140441186428912 204.747487 0.000000
1652140441634289309 251.576369 0.000000
1652140441897062938 204.379325 0.000000
1652140442298355304 204.549752 0.000000
1652140442526495966 204.638519 0.000000
1652140442823980314 204.592802 0.000000
1652140443132437450 204.374477 0.000000
1652140443434866722 204.431530 0.000000
1652140443673606291 204.516645 0.000000
1652140443886758280 203.631223 0.000000
1652140444105813070 204.321202 0.000000
1652140444356989226 203.626318 0.000000
1652140444615581237 204.259919 0.000000
1652140444861984410 204.317116 0.000000
1652140445113901821 204.269301 0.000000
1652140445572246381 204.552599 0.000000
1652140445919783805 204.459461 0.000000
1652140446569829553 307.546879 0.000000
1652140447012310365 204.380538 0.000000
1652140447245355029 204.055977 0.000000
1652140447478697719 204.422666 0.000000
1652140447752896736 204.504680 0.000000
1652140448088507603 204.201264 0.000000
1652140448566908210 204.459368 0.000000
1652140448982381927 204.559569 0.000000
1652140449294586294 204.392492 0.000000
1652140449783703082 204.537022 0.000000
1652140450002132377 204.284096 0.000000
1652140450230032719 204.353134 0.000000
1652140450512233869 204.418028 0.000000
1652140450750243291 204.387444 0.000000
1652140451066258665 204.550187 0.000000
1652140451315049894 204.399196 0.000000
1652140451778148210 204.347484 0.000000
1652140452064370286 204.562390 0.000000
1652140452479120785 204.385064 0.000000
1652140452691473209 204.323011 0.000000
1652140453025582668 204.545550 0.000000
1652140453268548721 204.439624 0.000000
1652140453483788760 204.512038 0.000000
1652140453791144554 205.057974 0.000000
1652140454022995935 204.593625 0.000000
1652140454446885997 204.406568 0.000000
1652140454915014410 204.357778 0.000000
1652140455257727955 204.402626 0.000000
1652140455474687896 204.446519 0.000000
1652140455757144976 204.556571 0.000000
1652140456002044428 204.637824 0.000000
1652140456231841069 204.485309 0.000000
1652140456600364079 294.542879 0.000000
1652140456821089353 204.485174 0.000000
1652140457031035279 204.745138 0.000000
1652140457275497139 204.547894 0.000000
1652140457731540404 204.702455 0.000000
1652140458128958724 204.601359 0.000000
1652140458334094443 204.175844 0.000000
1652140458642290784 204.722737 0.000000
1652140458856460624 204.544046 0.000000
1652140459105756450 204.796327 0.000000
1652140459368866784 204.503370 0.000000
1652140459624844374 204.670575 0.000000
1652140459897049566 204.502315 0.000000
1652140460284505704 204.598052 0.000000
1652140460576199113 203.971520 0.000000
1652140460785744644 204.257038 0.000000
1652140461019320089 204.369035 0.000000
1652140461379578336 204.477249 0.000000
1652140461674190296 257.545380 0.000000
1652140461903762090 204.459338 0.000000
1652140462126867987 204.508499 0.000000
1652140462345488354 204.745549 0.000000
1652140462557089408 204.398302 0.000000
1652140462859221233 204.468793 0.000000
1652140463116400703 204.556522 0.000000
1652140463398738649 204.561136 0.000000
1652140463664832162 204.398860 0.000000
1652140463877015210 204.424416 0.000000
1652140464189046467 204.421175 0.000000
1652140464510201113 204.511834 0.000000
1652140464934894010 203.864373 0.000000
1652140465326673102 204.611440 0.000000
1652140465662956007 204.501721 0.000000
1652140465969545660 204.851586 0.000000
1652140466267880378 204.662011 0.000000
1652140466639480392 298.696559 0.000000
1652140466917774004 204.286458 0.000000
1652140467670251289 614.583817 0.000000
1652140468171415757 204.429631 0.000000
1652140468404598089 204.668592 0.000000
1652140468677900795 204.515653 0.000000
1652140468948549400 204.436966 0.000000
1652140469253910384 204.348664 0.000000
1652140469519837419 204.536638 0.000000
1652140469796388426 204.572739 0.000000
1652140470152768083 204.687460 0.000000
1652140470452024978 204.693277 0.000000
1652140470745613484 204.700841 0.000000
1652140471120737405 204.667778 0.000000
1652140471426001189 204.516742 0.000000
1652140471711404305 271.288331 0.000000
1652140472207697573 204.213020 0.000000
1652140472491149297 204.641981 0.000000
1652140472706270488 203.485158 0.000000
1652140473027893633 204.574503 0.000000
1652140473256789463 204.634948 0.000000
1652140473603166868 204.329084 0.000000
1652140473992485875 204.482352 0.000000
1652140474279943733 204.540297 0.000000
1652140474681667984 204.487099 0.000000
1652140474905981642 204.684473 0.000000
1652140475249456529 204.413728 0.000000
1652140475511115445 204.574146 0.000000
1652140475961517342 204.608360 0.000000
1652140476309746822 204.536885 0.000000
1652140476663440988 336.610324 0.000000
1652140476925454470 204.523953 0.000000
1652140477136204432 204.656334 0.000000
1652140477557240149 204.650053 0.000000
1652140477932410395 204.771085 0.000000
1652140478526833466 204.396685 0.000000
1652140478740683497 204.553063 0.000000
1652140479107002692 204.481770 0.000000
1652140479356156410 204.439231 0.000000
1652140479798557202 204.651142 0.000000
1652140480134699425 204.558292 0.000000
1652140480396716482 204.525359 0.000000
1652140480682152298 204.785746 0.000000
1652140480900018613 204.647394 0.000000
1652140481138893400 203.759552 0.000000
1652140481447804178 204.399899 0.000000
1652140481776762714 204.752891 0.000000
1652140481979749591 202.567017 0.000000
1652140482266823380 204.422796 0.000000
1652140482500433677 204.633872 0.000000
1652140482911930818 204.512949 0.000000
1652140483157711722 204.116862 0.000000
1652140483434660055 204.492208 0.000000
1652140483735119121 204.519999 0.000000
1652140483964648506 204.602803 0.000000
1652140484216174979 204.808175 0.000000
1652140484457244717 204.591019 0.000000
1652140484728748450 204.880678 0.000000
1652140485149093670 204.521630 0.000000
1652140485361808943 204.425733 0.000000
1652140485630050393 204.585883 0.000000
1652140486001554062 204.890153 0.000000
1652140486225298857 204.544536 0.000000
1652140486743601107 301.454885 0.000000
1652140486956819310 204.320033 0.000000
1652140487539865025 204.282990 0.000000
1652140487810013751 204.731950 0.000000
1652140488053294717 204.349254 0.000000
1652140488501526420 203.546576 0.000000
1652140488752320825 204.457430 0.000000
1652140488976898703 204.601095 0.000000
1652140489190030494 204.330207 0.000000
1652140489435067850 203.780705 0.000000
1652140489641649325 204.635536 0.000000
1652140489845302602 203.273578 0.000000
1652140490060612427 204.926257 0.000000
1652140490338013083 204.579377 0.000000
1652140490616424536 204.524860 0.000000
1652140490952970982 204.640968 0.000000
1652140491166750534 204.561483 0.000000
1652140491726848875 289.139876 0.000000
1652140491975553899 204.585909 0.000000
1652140492193251163 204.389970 0.000000
1652140492851200584 204.584366 0.000000
1652140493061825618 204.457096 0.000000
1652140493308850924 204.386668 0.000000
1652140493583890639 204.654599 0.000000
1652140493851666259 204.044761 0.000000
1652140494144083850 204.495509 0.000000
1652140494655818017 204.614112 0.000000
1652140495330285952 614.606991 0.000000
1652140495684138444 204.476043 0.000000
1652140496106614912 204.525892 0.000000
1652140496360599746 204.455750 0.000000
1652140496740322511 376.485304 0.000000
1652140497041453218 204.488946 0.000000
1652140497267749226 204.650213 0.000000
1652140497510001135 204.599782 0.000000
1652140497723710924 204.330864 0.000000
1652140497991057149 203.733661 0.000000
1652140498228452616 204.786287 0.000000
1652140498488179735 204.475910 0.000000
1652140498757609327 204.567182 0.000000
1652140499153496855 204.607437 0.000000
1652140499374591137 204.535686 0.000000
1652140500208802727 614.347000 0.000000
1652140500732272930 204.585059 0.000000
1652140501206475551 204.205072 0.000000
1652140501445932590 204.565452 0.000000
1652140501813744775 253.003936 0.000000
1652140502054115552 204.300521 0.000000
1652140502326499956 204.630540 0.000000
1652140502682374384 204.665345 0.000000
1652140503122272865 204.530013 0.000000
1652140503458506338 204.395216 0.000000
1652140503761726939 204.408219 0.000000
1652140504010587149 204.451938 0.000000
1652140504290561057 204.498499 0.000000
1652140504508134773 204.671425 0.000000
1652140504717307382 204.676317 0.000000
1652140505009452521 204.486815 0.000000
1652140505453062868 204.714473 0.000000
1652140505741738761 204.712598 0.000000
1652140506051044440 204.544607 0.000000
1652140506743917739 677.403641 0.000000
1652140507002597408 204.209569 0.000000
1652140507205952183 203.091357 0.000000
1652140507419685203 204.329742 0.000000
1652140507661959995 203.609071 0.000000
1652140507919702220 203.964443 0.000000
1652140508191781687 204.681049 0.000000
1652140508399480498 204.417086 0.000000
1652140509024007184 204.512431 0.000000
1652140509350075728 204.528155 0.000000
1652140509684364488 204.517357 0.000000
1652140509928901613 204.504099 0.000000
1652140510190038485 204.455616 0.000000
1652140510545662104 204.623280 0.000000
1652140510789098456 204.599411 0.000000
1652140510995273411 204.346875 0.000000
1652140511220870119 204.322403 0.000000
1652140511791598165 280.918041 0.000000
1652140512028668386 204.675609 0.000000
1652140512396637731 204.753714 0.000000
1652140512696224870 204.292622 0.000000
1652140512931658173 204.462679 0.000000
1652140513297441148 204.776535 0.000000
1652140513607408210 204.714139 0.000000
1652140513901567641 204.612759 0.000000
1652140514124270398 204.577403 0.000000
1652140514345038853 204.572167 0.000000
1652140514659578370 204.522903 0.000000
1652140514956086183 204.719073 0.000000
1652140515201898717 204.434510 0.000000
1652140515451201082 204.524125 0.000000
1652140515661292016 204.421165 0.000000
1652140515885425039 204.545365 0.000000
1652140516097463393 204.438659 0.000000
1652140516382151351 204.595585 0.000000
1652140516711339211 321.117809 0.000000
1652140517030229104 204.263241 0.000000
1652140517258949217 204.305001 0.000000
1652140517592497062 204.650858 0.000000
1652140517890012130 204.707049 0.000000
1652140518109090539 204.675131 0.000000
1652140518451241061 204.372041 0.000000
1652140518702304534 204.498396 0.000000
1652140518921958573 204.514076 0.000000
1652140519319153120 204.586805 0.000000
1652140519708589680 204.525743 0.000000
1652140519922280388 204.345436 0.000000
1652140520130386326 203.957220 0.000000
1652140520535840383 204.674613 0.000000
1652140521003253533 204.359545 0.000000
1652140521443548356 204.605505 0.000000
1652140521767704953 253.338156 0.000000
1652140521977961521 204.335017 0.000000
1652140522267205894 204.533117 0.000000
1652140522610661546 204.837092 0.000000
1652140522979070266 204.714543 0.000000
1652140523201944753 204.615973 0.000000
1652140523458201697 204.551737 0.000000
1652140523729572023 204.667541 0.000000
1652140523935822004 204.301075 0.000000
1652140524164743668 204.497704 0.000000
1652140524423169956 204.680026 0.000000
1652140524722412043 204.818252 0.000000
1652140524939863584 204.328152 0.000000
1652140525163453711 204.361483 0.000000
1652140525471459942 204.584490 0.000000
1652140525734948445 204.476908 0.000000
1652140526056191376 204.566455 0.000000
1652140526989868723 734.727685 0.000000
1652140527434017856 204.579555 0.000000
1652140527977818709 204.688994 0.000000
1652140528206655428 204.601743 0.000000
1652140528907424425 204.439611 0.000000
1652140529194646373 204.592246 0.000000
1652140529528128732 204.582936 0.000000
1652140529744827286 204.546491 0.000000
1652140529971288828 204.525756 0.000000
1652140530201823481 204.610069 0.000000
1652140530450511302 204.301436 0.000000
1652140530698223574 204.508386 0.000000
1652140530960941018 204.583878 0.000000
1652140531270483477 204.553771 0.000000
1652140531994689925 718.878293 0.000000
1652140532310397788 204.490808 0.000000
1652140532866988797 204.619769 0.000000
1652140533632599718 614.924635 0.000000
1652140533861108753 204.657507 0.000000
1652140534223489100 204.670257 0.000000
1652140534441085382 204.382695 0.000000
1652140534663102200 204.529762 0.000000
1652140534926096555 204.548392 0.000000
1652140535538329524 204.328296 0.000000
1652140535808367940 204.566318 0.000000
1652140536029683738 204.558005 0.000000
1652140536320214461 204.646307 0.000000
1652140536697943635 278.946905 0.000000
1652140537354015566 615.391256 0.000000
1652140537940498443 204.788769 0.000000
1652140538327146842 204.617416 0.000000
1652140538781912734 204.769581 0.000000
1652140539199236088 204.438726 0.000000
1652140540145457540 609.446266 0.000000
1652140540839589458 609.533348 0.000000
1652140541063978251 204.729836 0.000000
1652140541279621744 204.583057 0.000000
1652140541502107899 204.727871 0.000000
1652140541836679124 287.169305 0.000000
1652140542104691186 204.366388 0.000000
1652140542424049581 204.521513 0.000000
1652140542730493097 204.691787 0.000000
1652140543145604431 204.602940 0.000000
1652140543414971510 204.545372 0.000000
1652140544258274661 204.583371 0.000000
1652140544576711042 204.662220 0.000000
1652140544883707805 204.445927 0.000000
1652140545095413329 204.685078 0.000000
1652140545538727872 204.461954 0.000000
1652140545845049911 204.615872 0.000000
1652140546239711246 204.641847 0.000000
1652140546810483237 342.510708 0.000000
1652140547283380152 204.808907 0.000000
1652140547526169604 204.734124 0.000000
1652140547926551436 204.720998 0.000000
1652140548155156110 204.459210 0.000000
1652140548478079030 204.664012 0.000000
1652140548728688751 204.709668 0.000000
1652140548959685338 204.551326 0.000000
1652140549202621800 204.246969 0.000000
1652140549606039815 204.075188 0.000000
1652140549866388710 204.691787 0.000000
1652140550115052475 204.949695 0.000000
1652140550430442604 204.377216 0.000000
1652140550926610098 204.008667 0.000000
1652140551296712499 204.534820 0.000000
1652140551573483325 204.753707 0.000000
1652140551939382721 265.325929 0.000000
1652140552230516093 204.453237 0.000000
1652140552490168735 204.609007 0.000000
1652140552696746203 204.644031 0.000000
1652140553111827531 204.711699 0.000000
1652140553387980653 205.038348 0.000000
1652140553697093532 204.649438 0.000000
1652140553966936174 204.583454 0.000000
1652140554187454699 204.627176 0.000000
1652140554534965360 204.894359 0.000000
1652140554771895832 204.663300 0.000000
1652140555028887707 204.542789 0.000000
1652140555363382574 204.626087 0.000000
1652140555654832658 204.705873 0.000000
1652140555909059955 204.538740 0.000000
1652140556123104675 204.665442 0.000000
1652140556461356683 204.523544 0.000000
1652140556826525401 342.997163 0.000000
1652140557088756113 204.615958 0.000000
1652140557351016760 204.558466 0.000000
1652140557734250520 204.538252 0.000000
1652140558008451234 204.421456 0.000000
1652140558225721061 204.627703 0.000000
1652140558475943940 204.627260 0.000000
1652140558727956216 204.629331 0.000000
1652140559065063530 204.596832 0.000000
1652140559306167654 204.733915 0.000000
1652140559512881027 204.664199 0.000000
1652140559751526302 204.583698 0.000000
1652140560096822554 204.578579 0.000000
1652140560362208898 204.687179 0.000000
1652140560641711994 204.464187 0.000000
1652140561008119946 204.535896 0.000000
1652140561236079887 204.565739 0.000000
1652140561459262890 204.428613 0.000000
1652140561889037549 330.780406 0.000000
1652140562166805508 204.460210 0.000000
1652140562702670292 204.735759 0.000000
1652140562975146143 204.659672 0.000000
1652140563381859658 204.459930 0.000000
1652140563780718551 204.831188 0.000000
1652140564001066665 204.591339 0.000000
1652140564239949073 204.729685 0.000000
1652140564455447037 204.606264 0.000000
1652140564669141521 204.467130 0.000000
1652140564874568890 203.542001 0.000000
1652140565161940521 204.559345 0.000000
1652140565400916628 204.305192 0.000000
1652140565674416838 204.536528 0.000000
1652140566093499894 204.666334 0.000000
1652140566913331480 227.154542 0.000000
1652140567254539115 204.574593 0.000000
1652140567538015743 204.642632 0.000000
1652140567801849221 204.446538 0.000000
1652140568069142913 204.712866 0.000000
1652140568496474343 204.882305 0.000000
1652140568777794421 204.527911 0.000000
1652140569032048864 204.895725 0.000000
1652140569332506794 204.537884 0.000000
1652140569714117015 203.968860 0.000000
1652140570002541284 204.758228 0.000000
1652140570224765003 204.765986 0.000000
1652140570641807011 204.635869 0.000000
1652140570965503509 204.931700 0.000000
1652140571191521810 204.800320 0.000000
1652140571588052612 204.635632 0.000000
1652140571898332412 249.556507 0.000000
1652140572122173893 204.342823 0.000000
1652140572399623021 204.622786 0.000000
1652140573007744596 607.702880 0.000000
1652140573233258307 204.723256 0.000000
1652140573449800503 204.580698 0.000000
1652140573906148041 204.632284 0.000000
1652140574311547089 204.700369 0.000000
1652140574697262880 204.443030 0.000000
1652140574972021225 204.317674 0.000000
1652140575265599985 204.804279 0.000000
1652140575530088614 204.633023 0.000000
1652140575827142110 204.577631 0.000000
1652140576102382171 204.708776 0.000000
1652140576410606895 204.684382 0.000000
1652140576795992098 267.550531 0.000000
1652140577104368767 204.348182 0.000000
1652140577494625725 204.793693 0.000000
1652140577727228779 204.374009 0.000000
1652140577930486503 203.153615 0.000000
1652140578165693468 204.465933 0.000000
1652140578499483203 204.379044 0.000000
1652140578907459370 204.532178 0.000000
1652140579358670734 204.633206 0.000000
1652140579686157416 204.721821 0.000000
1652140580122701445 204.789101 0.000000
1652140580555636987 204.512585 0.000000
1652140580986378167 204.557210 0.000000
1652140581304292774 204.716852 0.000000
1652140581928127493 357.999208 0.000000
1652140582146822384 204.502121 0.000000
1652140582497084273 204.630366 0.000000
1652140582720160645 204.771412 0.000000
1652140583027850200 204.570694 0.000000
1652140583272530764 204.400213 0.000000
1652140583495692267 204.490260 0.000000
1652140583835647381 204.757222 0.000000
1652140584239207143 204.492893 0.000000
1652140584489241111 204.518736 0.000000
1652140584743550415 204.603701 0.000000
1652140584975786339 204.573390 0.000000
1652140585185544831 204.585953 0.000000
1652140585450698579 204.580624 0.000000
1652140585847182120 204.828882 0.000000
1652140586093466148 204.564310 0.000000
1652140586399645507 204.381774 0.000000
1652140587033102007 237.941942 0.000000
1652140587335738134 204.785485 0.000000
1652140587588842094 204.856648 0.000000
1652140587817249203 204.897030 0.000000
1652140588023158336 204.033695 0.000000
1652140588558833635 204.623614 0.000000
1652140588810030021 204.843568 0.000000
1652140589252574301 204.633280 0.000000
1652140589656254937 204.516418 0.000000
1652140589902464033 204.480958 0.000000
1652140590169221231 204.313855 0.000000
1652140590461500215 204.625110 0.000000
1652140590730820084 204.605562 0.000000
1652140591056866938 204.554600 0.000000
1652140591284932528 204.494703 0.000000
1652140591605993277 204.554159 0.000000
1652140591951861480 257.360999 0.000000
1652140592274542823 204.342606 0.000000
1652140592597097888 204.780072 0.000000
1652140592849413622 204.578398 0.000000
1652140593185944916 204.689033 0.000000
1652140593442284496 204.604894 0.000000
1652140593778037099 204.750447 0.000000
1652140594497490193 615.348403 0.000000
1652140594727859340 205.003357 0.000000
1652140595022471574 204.700477 0.000000
1652140595264412633 204.712588 0.000000
1652140595791578119 204.536030 0.000000
1652140596134311303 204.734176 0.000000
1652140596485600525 204.743324 0.000000
1652140596741905053 204.726241 0.000000
1652140597195477009 308.522218 0.000000
1652140597410168525 204.647383 0.000000
1652140597978098828 204.881847 0.000000
1652140598199648532 204.617109 0.000000
1652140598620234276 204.872662 0.000000
1652140599018119256 204.607102 0.000000
1652140599291625233 204.287079 0.000000
1652140599582908978 204.761781 0.000000
1652140599852765086 204.695472 0.000000
1652140600086323588 204.610958 0.000000
1652140600325046816 204.768906 0.000000
1652140600624187232 203.753942 0.000000
1652140600908319741 204.523097 0.000000
1652140601133947186 204.593922 0.000000
1652140601479495146 204.786224 0.000000
1652140601701184519 204.542091 0.000000
1652140602033666931 290.557917 0.000000
1652140602491322720 204.657864 0.000000
1652140602751015205 204.463313 0.000000
1652140603002170174 204.724166 0.000000
1652140603220296973 204.678211 0.000000
1652140603431155254 204.586838 0.000000
1652140603644620059 204.550109 0.000000
1652140604051330115 203.741366 0.000000
1652140604313977630 204.393945 0.000000
1652140604535838413 204.691052 0.000000
1652140604890632437 204.751132 0.000000
1652140605181840182 204.488619 0.000000
1652140605575163981 204.167503 0.000000
1652140605822340165 204.821726 0.000000
1652140606066741909 204.557389 0.000000
1652140606415421019 204.734697 0.000000
1652140606659142512 204.603610 0.000000
1652140607038693562 345.221268 0.000000
1652140607367041855 204.883527 0.000000
1652140607820412247 204.696975 0.000000
1652140608300986194 204.751797 0.000000
1652140608735726956 204.828479 0.000000
1652140609191703665 204.635692 0.000000
1652140609530855910 204.729050 0.000000
1652140609773414630 204.904423 0.000000
1652140610050515984 204.315742 0.000000
1652140610277842720 204.366515 0.000000
1652140610498175295 203.923641 0.000000
1652140610738221691 204.701452 0.000000
1652140610969061996 204.090790 0.000000
1652140611193451008 204.493305 0.000000
1652140611632949789 204.686364 0.000000
1652140612049750323 342.003521 0.000000
1652140612291737524 204.449014 0.000000
1652140612675397506 204.738258 0.000000
1652140612883950917 204.457897 0.000000
1652140613541424912 204.665054 0.000000
1652140613925003344 204.335205 0.000000
1652140614212115370 204.600985 0.000000
1652140614476573824 204.924877 0.000000
1652140614743778104 204.603066 0.000000
1652140615169020608 204.946764 0.000000
1652140615483018689 204.520941 0.000000
1652140616031533802 204.601550 0.000000
1652140616352928771 204.630584 0.000000
1652140616615414776 204.716074 0.000000
1652140617318036590 636.422986 0.000000
1652140617551677760 204.733948 0.000000
1652140617872010213 204.474874 0.000000
1652140618177360675 204.547463 0.000000
1652140618929397907 204.725618 0.000000
1652140619142938067 204.510173 0.000000
1652140619566606145 204.670013 0.000000
1652140619774076863 204.470206 0.000000
1652140620126335440 204.731102 0.000000
1652140620440289662 204.590988 0.000000
1652140620676870562 204.771248 0.000000
1652140620891490624 204.474356 0.000000
1652140621477297196 204.876574 0.000000
1652140621707907435 204.885753 0.000000
1652140622168077048 275.144637 0.000000
1652140622882303021 204.725198 0.000000
1652140623136439726 204.706147 0.000000
1652140623544669772 204.708733 0.000000
1652140623827804927 204.672475 0.000000
1652140624172620575 204.846748 0.000000
1652140624416689812 204.510236 0.000000
1652140625083775955 614.117612 0.000000
1652140625362063770 204.876190 0.000000
1652140625582990717 204.692682 0.000000
1652140625824200478 204.807029 0.000000
1652140626174663125 204.667229 0.000000
1652140626511313509 204.975763 0.000000
1652140626864890325 204.727941 0.000000
1652140627274243240 331.748922 0.000000
1652140627684297323 204.367232 0.000000
1652140627985099259 204.473310 0.000000
1652140628598004823 609.738824 0.000000
1652140629068475796 204.535449 0.000000
1652140629281360290 204.571185 0.000000
1652140629646215380 204.739829 0.000000
1652140629876654794 204.605124 0.000000
1652140630349259330 204.790032 0.000000
1652140630622743579 204.817209 0.000000
1652140630881573632 204.668730 0.000000
1652140631169926685 204.503762 0.000000
1652140631392228075 204.578672 0.000000
1652140631771518789 204.809511 0.000000
1652140632119616606 339.909838 0.000000
1652140632386489858 204.520721 0.000000
1652140632602002763 204.620864 0.000000
1652140632875210581 204.451770 0.000000
1652140633085723780 204.564306 0.000000
1652140633316158523 204.829217 0.000000
1652140633596304398 204.786390 0.000000
1652140633877809033 204.677092 0.000000
1652140634123087882 204.773847 0.000000
1652140634407107066 205.010837 0.000000
1652140634732771701 204.924279 0.000000
1652140635049207282 204.659933 0.000000
1652140635269904159 204.801392 0.000000
1652140635663853713 204.709675 0.000000
1652140636016384191 204.661422 0.000000
1652140636358650592 204.648298 0.000000
1652140636731717197 204.654940 0.000000
1652140637127613000 372.855039 0.000000
1652140637352401580 204.656344 0.000000
1652140637594333619 204.773500 0.000000
1652140637832698937 204.657066 0.000000
1652140638118597124 204.477721 0.000000
1652140638355485374 204.788175 0.000000
1652140638650181200 204.847079 0.000000
1652140638911780723 204.688065 0.000000
1652140639277405077 204.699595 0.000000
1652140639610009063 204.837353 0.000000
1652140640344422089 610.176278 0.000000
1652140640706078401 204.706775 0.000000
1652140640968077583 204.889678 0.000000
1652140641197706566 204.830587 0.000000
1652140641617406350 204.330931 0.000000
1652140641906395176 204.497477 0.000000
1652140642197437566 263.951336 0.000000
1652140642413822288 204.444553 0.000000
1652140642728252952 204.627242 0.000000
1652140643005583667 204.476166 0.000000
1652140643316730367 204.551636 0.000000
1652140643547682202 204.829715 0.000000
1652140643788971970 204.493524 0.000000
1652140644033101026 204.829505 0.000000
1652140644573654384 204.649050 0.000000
1652140644828999070 204.516384 0.000000
1652140645048918364 204.600099 0.000000
1652140645336419139 204.864807 0.000000
1652140645644829823 204.743444 0.000000
1652140645896606335 204.787937 0.000000
1652140646251603517 204.626618 0.000000
1652140646608759718 204.667446 0.000000
1652140646959442302 223.720565 0.000000
1652140647320615526 325.863154 0.000000
1652140647559553437 204.888465 0.000000
1652140647784602317 204.917687 0.000000
1652140647998576670 204.732856 0.000000
1652140648204177747 204.646344 0.000000
1652140648416964560 204.874907 0.000000
1652140648702771618 204.631616 0.000000
1652140648926292747 204.880106 0.000000
1652140649134923321 204.442348 0.000000
1652140649349785355 204.634029 0.000000
1652140649564551575 204.541266 0.000000
1652140649816355114 203.788597 0.000000
1652140650120820234 204.685365 0.000000
1652140650395213568 204.555299 0.000000
1652140650769262554 204.786918 0.000000
1652140650984015710 204.586608 0.000000
1652140651236087474 204.713734 0.000000
1652140651474512982 204.581709 0.000000
1652140651718671215 204.629431 0.000000
1652140652123145196 348.750250 0.000000
1652140652341187124 217.969572 0.000000
1652140652743611787 204.279839 0.000000
1652140653032304720 204.927075 0.000000
1652140653507996598 204.809117 0.000000
1652140653800813230 204.851419 0.000000
1652140654033830584 204.743203 0.000000
1652140654707558182 615.143183 0.000000
1652140654927838631 204.792989 0.000000
1652140655135656333 204.597159 0.000000
1652140655374544407 204.891385 0.000000
1652140655584500638 204.755268 0.000000
1652140656066221896 204.836133 0.000000
1652140656423850616 204.724937 0.000000
1652140656647528725 204.604904 0.000000
1652140657243728106 342.712104 0.000000
1652140657453421924 204.474791 0.000000
1652140657789121243 204.609708 0.000000
1652140658027140237 203.633190 0.000000
1652140658520769390 204.960249 0.000000
1652140658763837662 204.892632 0.000000
1652140659059382431 204.672528 0.000000
1652140659313999704 204.629000 0.000000
1652140659757047761 203.816529 0.000000
1652140659990216635 204.596588 0.000000
1652140660214608418 204.773991 0.000000
1652140660536869020 204.604817 0.000000
1652140660749500507 204.467427 0.000000
1652140661664158574 615.190504 0.000000
1652140661974690456 204.863968 0.000000
1652140662364302477 319.392922 0.000000
1652140662627800985 204.713671 0.000000
1652140662834400064 204.562712 0.000000
1652140663049595234 203.720361 0.000000
1652140663277113901 204.755057 0.000000
1652140663561303189 203.743324 0.000000
1652140663903840936 204.623119 0.000000
1652140664122780708 203.810418 0.000000
1652140664347278262 204.632609 0.000000
1652140664584583645 204.438505 0.000000
1652140664823998813 203.737948 0.000000
1652140665166606690 204.862100 0.000000
1652140665522697059 204.766357 0.000000
1652140665929372083 204.754642 0.000000
1652140666171958388 204.799607 0.000000
1652140666493029471 204.702829 0.000000
1652140666777490753 204.748956 0.000000
1652140667282286006 324.168431 0.000000
1652140667674621772 204.626291 0.000000
1652140667937773101 204.744610 0.000000
1652140668140768588 202.888891 0.000000
1652140668391522548 204.702488 0.000000
1652140668611566429 204.342495 0.000000
1652140669029258216 203.919468 0.000000
1652140669327600798 204.571823 0.000000
1652140669662022531 204.802618 0.000000
1652140669936554263 204.859096 0.000000
1652140670209837447 204.584981 0.000000
1652140670656847109 203.588837 0.000000
1652140670881610385 204.498496 0.000000
1652140671237996733 205.279698 0.000000
1652140671455820586 204.546775 0.000000
1652140671738945517 204.776701 0.000000
1652140672294943431 445.069016 0.000000
1652140672509391656 204.399845 0.000000
1652140672755534424 204.443341 0.000000
1652140673072314745 204.991643 0.000000
1652140673315877882 204.696114 0.000000
1652140673648349068 204.666993 0.000000
1652140674004877691 204.738652 0.000000
1652140674596688078 204.811476 0.000000
1652140674835680526 204.710470 0.000000
1652140675719371286 610.645699 0.000000
1652140675983744423 204.959765 0.000000
1652140676261335535 204.685452 0.000000
1652140676533636728 203.687965 0.000000
1652140676761623220 204.686637 0.000000
1652140677101190669 267.610758 0.000000
1652140677392140663 285.626717 0.000000
1652140677660079834 204.959438 0.000000
1652140677879596913 204.549100 0.000000
1652140678214350246 204.873370 0.000000
1652140678505558533 204.787506 0.000000
1652140678788793150 204.879221 0.000000
1652140679016553223 204.787427 0.000000
1652140679244546146 204.772471 0.000000
1652140679688338941 204.950363 0.000000
1652140679899651131 204.684132 0.000000
1652140680219156542 204.785699 0.000000
1652140680448863550 204.750153 0.000000
1652140680686739594 204.685180 0.000000
1652140681054194682 204.807904 0.000000
1652140681271119815 204.668372 0.000000
1652140681478806938 204.625622 0.000000
1652140681828317872 204.726835 0.000000
1652140682177726434 327.199953 0.000000
1652140682400357938 217.198657 0.000000
1652140682734422758 204.544837 0.000000
1652140682967613155 204.802074 0.000000
1652140683298577800 204.613481 0.000000
1652140683615792266 204.724553 0.000000
1652140683883814902 204.703904 0.000000
1652140684106233476 204.844155 0.000000
1652140684338441081 204.782605 0.000000
1652140684568286242 204.709448 0.000000
1652140685382624797 610.675334 0.000000
1652140685656942394 204.811987 0.000000
1652140685972418001 204.571680 0.000000
1652140686610693491 204.890497 0.000000
1652140686963153287 205.235835 0.000000
1652140687307502236 342.335389 0.000000
1652140687630419289 204.691102 0.000000
1652140687900175616 204.806087 0.000000
1652140688181903569 204.652427 0.000000
1652140688597259034 204.912227 0.000000
1652140688817581217 203.997428 0.000000
1652140689073310571 204.548478 0.000000
1652140689309801671 204.720085 0.000000
1652140689777935147 204.568331 0.000000
1652140690164873032 204.779949 0.000000
1652140690492164232 204.723243 0.000000
1652140690698602692 204.600129 0.000000
1652140690979774975 204.672943 0.000000
1652140691288478703 205.008671 0.000000
1652140691533673870 204.671058 0.000000
1652140691816626228 204.773116 0.000000
1652140692329716564 350.893663 0.000000
1652140692556027217 204.359093 0.000000
1652140692765723941 204.580958 0.000000
1652140693076476261 204.623628 0.000000
1652140693334809408 204.544530 0.000000
1652140693565836877 204.711789 0.000000
1652140693862032374 204.619247 0.000000
1652140694189334963 204.595325 0.000000
1652140694413831487 204.253972 0.000000
1652140694765262493 204.759405 0.000000
1652140694979050798 204.529621 0.000000
1652140695339528748 204.941235 0.000000
1652140695754709176 204.687430 0.000000
1652140696071526132 204.801405 0.000000
1652140696368864448 204.648415 0.000000
1652140696596185762 204.729060 0.000000
1652140696870877508 204.707961 0.000000
1652140697349957552 377.991342 0.000000
1652140697562765026 204.657927 0.000000
1652140697782766819 204.818172 0.000000
1652140698223290899 204.741249 0.000000
1652140698503765618 204.565646 0.000000
1652140698917963838 204.628870 0.000000
1652140699304939738 204.791185 0.000000
1652140699812862637 204.942882 0.000000
1652140700026165386 204.533427 0.000000
1652140700316465705 204.865218 0.000000
1652140700656559752 204.697573 0.000000
1652140700873651100 203.983828 0.000000
1652140701088732822 204.759649 0.000000
1652140701386614532 204.579094 0.000000
1652140701628440721 204.870183 0.000000
1652140701942698831 204.572278 0.000000
1652140702352150543 403.452755 0.000000
1652140702555006023 202.406416 0.000000
1652140702948756816 204.811485 0.000000
1652140703511426587 204.893611 0.000000
1652140703749128943 204.616892 0.000000
1652140704064159295 204.608546 0.000000
1652140704716397064 610.808445 0.000000
1652140705048850402 204.782648 0.000000
1652140705307023091 204.773297 0.000000
1652140705550432302 204.785308 0.000000
1652140705917162953 204.879832 0.000000
1652140706132287342 204.835010 0.000000
1652140706450178655 204.861626 0.000000
1652140706715737413 204.758225 0.000000
1652140706923544212 204.463878 0.000000
1652140707363257147 409.808537 0.000000
1652140707571917270 204.673447 0.000000
1652140707837837301 204.611502 0.000000
1652140708073092612 204.517650 0.000000
1652140708298584110 204.644085 0.000000
1652140708576766321 204.592969 0.000000
1652140708796323394 204.816096 0.000000
1652140709243073827 204.667132 0.000000
1652140709511577311 204.815405 0.000000
1652140709724593345 204.561339 0.000000
1652140709941924448 204.673237 0.000000
1652140710618111657 610.346759 0.000000
1652140710930553334 204.610359 0.000000
1652140711306649502 204.236250 0.000000
1652140711748217968 204.690657 0.000000
1652140712156803105 222.752536 0.000000
1652140712490590835 323.696882 0.000000
1652140712979360702 204.844529 0.000000
1652140713220450449 204.832324 0.000000
1652140713453127410 204.684539 0.000000
1652140713764123962 204.791486 0.000000
1652140714082827248 204.930263 0.000000
1652140714550423809 204.702485 0.000000
1652140715517116144 613.742820 0.000000
1652140715758451537 204.547129 0.000000
1652140716063803760 204.430266 0.000000
1652140716300493734 204.841742 0.000000
1652140716558042745 204.572468 0.000000
1652140716791127890 204.904393 0.000000
1652140717273714304 285.971063 0.000000
1652140717748955884 204.097934 0.000000
1652140718002858108 204.549040 0.000000
1652140718206189241 202.887879 0.000000
1652140719168955645 204.690383 0.000000
1652140719384908219 204.687574 0.000000
1652140719748409941 204.824663 0.000000
1652140719986141552 204.743026 0.000000
1652140720232923370 204.842160 0.000000
1652140720504686708 204.893103 0.000000
1652140720998722850 204.957142 0.000000
1652140721223805354 204.828739 0.000000
1652140721543937260 204.920510 0.000000
1652140721793178158 204.871402 0.000000
1652140722028515186 204.322876 0.000000
1652140722401961984 325.242186 0.000000
1652140722805667044 203.791419 0.000000
1652140723458316340 204.926153 0.000000
1652140723850636219 204.830968 0.000000
1652140724153409028 204.723857 0.000000
1652140724832184033 204.707721 0.000000
1652140725052922666 204.721618 0.000000
1652140725319644656 204.566548 0.000000
1652140725551573089 203.921252 0.000000
1652140725919246961 204.883724 0.000000
1652140726179073171 204.803941 0.000000
1652140726429092935 204.871926 0.000000
1652140726692245618 204.223912 0.000000
1652140727068895023 205.023884 0.000000
1652140727669919742 204.077613 0.000000
1652140727982409014 204.885031 0.000000
1652140728272355447 204.994155 0.000000
1652140728504245364 204.837987 0.000000
1652140728707685384 202.968356 0.000000
1652140729127794533 204.824235 0.000000
1652140729349753731 204.721553 0.000000
1652140729596169265 204.804854 0.000000
1652140729868024608 204.739528 0.000000
1652140730129807492 204.755070 0.000000
1652140730802334412 615.261529 0.000000
1652140731018499378 204.933264 0.000000
1652140731281553684 204.971495 0.000000
1652140731499731800 204.693039 0.000000
1652140731884906939 204.891027 0.000000
1652140732114748013 216.428868 0.000000
1652140732417679012 298.471990 0.000000
1652140732778635106 204.876430 0.000000
1652140733270846528 204.727703 0.000000
1652140733528207521 204.710620 0.000000
1652140733745474457 204.699805 0.000000
1652140734070186410 204.738562 0.000000
1652140734289996319 204.760086 0.000000
1652140734518078427 204.662542 0.000000
1652140734729184365 204.851700 0.000000
1652140734938256603 204.444642 0.000000
1652140735229658902 204.725983 0.000000
1652140735462641421 204.634186 0.000000
1652140735771926806 204.608398 0.000000
1652140736016158976 204.936029 0.000000
1652140736273787726 204.210912 0.000000
1652140736559970099 204.917265 0.000000
1652140736913801675 204.849404 0.000000
1652140737119405278 204.357841 0.000000
1652140737481027016 291.051621 0.000000
1652140738057562407 204.879328 0.000000
1652140738430719756 204.547580 0.000000
1652140738781433642 204.756367 0.000000
1652140738987150831 203.814606 0.000000
1652140739235294686 204.624552 0.000000
1652140739466859134 204.692628 0.000000
1652140739678769284 204.726975 0.000000
1652140740073942349 204.730039 0.000000
1652140740421476882 204.657810 0.000000
1652140740696015150 204.827457 0.000000
1652140740929814575 204.631231 0.000000
1652140741192183830 204.428339 0.000000
1652140741456942224 204.837152 0.000000
1652140741676570957 205.020320 0.000000
1652140741951955763 204.723824 0.000000
1652140742249580721 266.943372 0.000000
1652140742564197328 221.334238 0.000000
1652140743003444308 204.042943 0.000000
1652140743254142325 204.866852 0.000000
1652140743474311952 204.962234 0.000000
1652140743863200510 204.856126 0.000000
1652140744269278589 204.067323 0.000000
1652140744669033084 204.808101 0.000000
1652140744902007605 205.091054 0.000000
1652140745357760829 204.830262 0.000000
1652140745636157640 204.847419 0.000000
1652140745973643183 204.764970 0.000000
1652140746274142746 204.679973 0.000000
1652140746510811945 204.890653 0.000000
1652140746769295148 204.457202 0.000000
1652140747215027737 222.893825 0.000000
1652140747568983773 249.782290 0.000000
1652140747953490279 204.907446 0.000000
1652140748334687269 204.761409 0.000000
1652140748564870308 204.762408 0.000000
1652140748776255701 204.676353 0.000000
1652140749007699448 204.899815 0.000000
1652140749214606695 204.777273 0.000000
1652140749471172887 204.674700 0.000000
1652140749698119233 204.835566 0.000000
1652140750170814470 204.931853 0.000000
1652140750513891094 204.751085 0.000000
1652140750738938744 204.752030 0.000000
1652140751029180172 204.897232 0.000000
1652140751234508122 204.485204 0.000000
1652140751588606433 204.842581 0.000000
1652140751846976396 204.756340 0.000000
1652140752063742825 204.575803 0.000000
1652140752461680983 380.782781 0.000000
1652140753167149568 613.081137 0.000000
1652140753465559537 204.671325 0.000000
1652140753791095014 204.745553 0.000000
1652140754173046012 204.717470 0.000000
1652140754466726318 204.797513 0.000000
1652140754706906948 204.179231 0.000000
1652140755249481751 204.879277 0.000000
1652140755616282733 204.962097 0.000000
1652140755903532151 203.997844 0.000000
1652140756144909526 204.915709 0.000000
1652140756421454104 204.950463 0.000000
1652140756640190067 204.382385 0.000000
1652140756961697344 204.807737 0.000000
1652140757636630083 204.528566 0.000000
1652140757887619552 204.803420 0.000000
1652140758239443923 204.877917 0.000000
1652140758482440137 204.806164 0.000000
1652140758694565453 204.954276 0.000000
1652140758924057951 204.656153 0.000000
1652140759227022454 205.026664 0.000000
1652140759545644013 204.962224 0.000000
1652140759856239584 204.866524 0.000000
1652140760160967481 204.904957 0.000000
1652140760383909395 204.718752 0.000000
1652140760611236883 204.799394 0.000000
1652140761352786078 614.921045 0.000000
1652140761632926968 205.370396 0.000000
1652140761911367164 204.707620 0.000000
1652140762292319310 249.188338 0.000000
1652140762595682319 252.245646 0.000000
1652140762842358875 205.004134 0.000000
1652140763052332308 204.823527 0.000000
1652140763466125634 204.765308 0.000000
1652140763839929484 204.921422 0.000000
1652140764087221693 204.822762 0.000000
1652140764387162590 204.921509 0.000000
1652140764690173087 204.898151 0.000000
1652140764896816442 204.788769 0.000000
1652140765156242595 204.905638 0.000000
1652140765505915904 205.022377 0.000000
1652140765761309223 204.909975 0.000000
1652140766072801469 205.020787 0.000000
1652140766324182983 204.835231 0.000000
1652140766584336977 204.768893 0.000000
1652140766795482759 204.548248 0.000000
1652140767211447192 216.985116 0.000000
1652140767531626782 281.081738 0.000000
1652140767759812406 204.702446 0.000000
1652140768075261183 204.775311 0.000000
1652140768571924553 204.411559 0.000000
1652140768852049235 204.800323 0.000000
1652140769100530150 204.967048 0.000000
1652140769409182428 204.798934 0.000000
1652140769718252299 204.708258 0.000000
1652140769948809374 204.643006 0.000000
1652140770781847636 614.471720 0.000000
1652140771039209253 204.857771 0.000000
1652140771283135286 204.941211 0.000000
1652140771525807100 204.836501 0.000000
1652140771780680433 204.782538 0.000000
1652140772012985312 205.036748 0.000000
1652140772335171819 256.432486 0.000000
1652140772630128744 204.772960 0.000000
1652140772880714915 204.489979 0.000000
1652140773173429366 204.874305 0.000000
1652140773497198663 204.941418 0.000000
1652140773813811195 204.922828 0.000000
1652140774264404530 204.888094 0.000000
1652140774558338076 204.963019 0.000000
1652140774780567348 204.709320 0.000000
1652140775047802434 204.812337 0.000000
1652140775251149386 203.221310 0.000000
1652140775696287820 205.097840 0.000000
1652140775982986430 204.827203 0.000000
1652140776425245958 204.649338 0.000000
1652140776660211071 204.931372 0.000000
1652140777642476666 241.718604 0.000000
1652140777906784460 204.641462 0.000000
1652140778318143691 204.845903 0.000000
1652140778746546382 204.472766 0.000000
1652140778955340601 204.780153 0.000000
1652140779242963608 204.054303 0.000000
1652140779536135588 204.781034 0.000000
1652140779770579182 204.633220 0.000000
1652140779980365970 204.611623 0.000000
1652140780232264737 204.718021 0.000000
1652140780471197840 204.446825 0.000000
1652140781132604838 611.339136 0.000000
1652140781526617235 204.786735 0.000000
1652140782106034575 205.088876 0.000000
1652140782655281107 307.535964 0.000000
1652140782882553867 204.888689 0.000000
1652140783220037662 204.924579 0.000000
1652140783485580567 204.900597 0.000000
1652140783808625867 204.636807 0.000000
1652140784148583747 204.735395 0.000000
1652140784354379547 204.860911 0.000000
1652140784566261166 204.690246 0.000000
1652140784920689734 204.886714 0.000000
1652140785487629616 204.866283 0.000000
1652140785734654568 205.008823 0.000000
1652140785972538811 204.940703 0.000000
1652140786754608764 610.994302 0.000000
1652140787027664540 204.760319 0.000000
1652140787258143205 204.709882 0.000000
1652140787633274011 290.685260 0.000000
1652140787862779025 204.826224 0.000000
1652140788182976075 204.827365 0.000000
