1652140230182966767 407.222707 0.000000
1652140230551800016 204.298967 0.000000
1652140230875586101 204.152684 0.000000
1652140231202191795 312.697911 0.000000
1652140231512267035 204.302803 0.000000
1652140232016464753 203.558552 0.000000
1652140232331319197 204.210637 0.000000
1652140232637195004 204.192645 0.000000
1652140232851482153 204.141264 0.000000
1652140233148625530 204.174956 0.000000
1652140233390991047 204.481309 0.000000
1652140233681660645 204.408392 0.000000
1652140234129912121 203.410304 0.000000
1652140234531667194 204.180463 0.000000
1652140234754075774 204.412023 0.000000
1652140234996682233 204.318514 0.000000
1652140235348882156 204.372323 0.000000
1652140235608796742 204.222095 0.000000
1652140235862567915 204.297054 0.000000
1652140236467963532 204.194008 0.000000
1652140236883965746 204.405154 0.000000
1652140237120899760 204.352887 0.000000
1652140237501950127 204.357274 0.000000
1652140237727922986 204.337265 0.000000
1652140238568796513 819.385961 0.000000
1652140238992861152 204.438542 0.000000
1652140239363439950 204.177502 0.000000
1652140239586688877 204.123359 0.000000
1652140239823204566 204.095495 0.000000
1652140240510147918 204.300599 0.000000
1652140240829103679 204.276388 0.000000
1652140241534387860 623.902495 0.000000
1652140242031388908 204.193126 0.000000
1652140242272858662 204.055186 0.000000
1652140242525920669 204.417874 0.000000
1652140243268419616 204.370249 0.000000
1652140243509884458 204.282326 0.000000
1652140243953739347 204.185091 0.000000
1652140244305905164 204.443852 0.000000
1652140244605312762 204.263786 0.000000
1652140244829108686 204.298380 0.000000
1652140245310902540 204.312063 0.000000
1652140245583671916 204.190066 0.000000
1652140245896987918 204.497741 0.000000
1652140246218275267 252.940864 0.000000
1652140246494869770 204.193975 0.000000
1652140246729851463 204.045707 0.000000
1652140246954106379 204.359296 0.000000
1652140247402196281 203.403763 0.000000
1652140247694203651 204.211610 0.000000
1652140248065622312 204.333222 0.000000
1652140248324460254 204.425018 0.000000
1652140248603388900 204.274161 0.000000
1652140248824537709 203.467925 0.000000
1652140249127088474 204.252443 0.000000
1652140249367046145 204.118137 0.000000
1652140249746225968 204.221353 0.000000
1652140249964266102 204.309526 0.000000
1652140250170179989 204.012372 0.000000
1652140250521081699 204.155415 0.000000
1652140250769312441 204.325043 0.000000
1652140251223961757 283.913213 0.000000
1652140251576135079 204.307375 0.000000
1652140251816794056 203.498121 0.000000
1652140252180778222 204.649274 0.000000
1652140252430535818 204.228486 0.000000
1652140252698242718 204.013231 0.000000
1652140253348978103 610.506770 0.000000
1652140253580193409 204.062718 0.000000
1652140254001993458 204.205903 0.000000
1652140254211338504 204.100990 0.000000
1652140254515714441 204.115200 0.000000
1652140254938198481 204.291361 0.000000
1652140255167721620 204.219215 0.000000
1652140255546209108 204.536764 0.000000
1652140255806209189 204.296396 0.000000
1652140256460684275 204.347816 0.000000
1652140256975642574 204.472306 0.000000
1652140257221288670 204.140684 0.000000
1652140257697705685 204.171637 0.000000
1652140258089584588 204.442940 0.000000
1652140258386934332 204.127242 0.000000
1652140258790399204 203.748135 0.000000
1652140259433410232 610.564504 0.000000
1652140259780310461 204.405953 0.000000
1652140260068368519 204.380641 0.000000
1652140260315308243 204.251571 0.000000
1652140260601281984 204.309471 0.000000
1652140261079955791 265.197368 0.000000
1652140261374076811 203.967780 0.000000
1652140261674295033 204.296302 0.000000
1652140261994645146 204.233065 0.000000
1652140262253528673 204.355782 0.000000
1652140262475599157 204.246864 0.000000
1652140262855060749 204.170100 0.000000
1652140263066383105 204.246359 0.000000
1652140263319975468 204.208197 0.000000
1652140263616023588 204.144226 0.000000
1652140263901729727 204.398299 0.000000
1652140264189411324 204.419652 0.000000
1652140264714199540 204.327804 0.000000
1652140264988189451 204.248958 0.000000
1652140265250656826 204.191972 0.000000
1652140265481207080 204.495393 0.000000
1652140265884602673 202.881507 0.000000
1652140266202625231 282.784650 0.000000
1652140266529937861 204.262743 0.000000
1652140266772795555 204.333701 0.000000
1652140266993396168 203.785510 0.000000
1652140267476386718 204.336514 0.000000
1652140267699523690 204.130140 0.000000
1652140267905023639 203.738229 0.000000
1652140268171608618 204.283971 0.000000
1652140268394840325 203.804922 0.000000
1652140268658589690 204.311572 0.000000
1652140269073637095 204.254141 0.000000
1652140269331024746 204.261511 0.000000
1652140269604927794 204.252463 0.000000
1652140270077754711 204.243827 0.000000
1652140270332141022 204.263549 0.000000
1652140270607079535 204.234642 0.000000
1652140270917781408 204.145339 0.000000
1652140271265908476 244.190037 0.000000
1652140271518916608 204.276430 0.000000
1652140271815459358 204.390695 0.000000
1652140272033272133 204.189375 0.000000
1652140272268734771 204.414428 0.000000
1652140272677419663 204.223886 0.000000
1652140273184626216 204.246606 0.000000
1652140273434913852 204.213923 0.000000
1652140273655566895 204.209616 0.000000
1652140273986395872 203.981698 0.000000
1652140274307109857 204.011144 0.000000
1652140274533994969 204.156716 0.000000
1652140274980130297 204.277861 0.000000
1652140275276042744 204.296978 0.000000
1652140275592059139 204.249360 0.000000
1652140276432986339 742.462814 0.000000
1652140276810274607 204.191367 0.000000
1652140277483541436 608.304653 0.000000
1652140277826319842 204.377049 0.000000
1652140278033469555 204.235146 0.000000
1652140278294205001 203.010755 0.000000
1652140278556810838 204.373899 0.000000
1652140278798979381 203.968844 0.000000
1652140279172261269 204.338890 0.000000
1652140279420227457 204.172165 0.000000
1652140279639002318 204.317176 0.000000
1652140279865385522 204.274843 0.000000
1652140280171844748 204.377648 0.000000
1652140280387201330 204.218507 0.000000
1652140280679598317 204.268602 0.000000
1652140280997404094 204.475704 0.000000
1652140281365969909 204.395182 0.000000
1652140281691413004 204.297460 0.000000
1652140281954385646 204.379349 0.000000
1652140282263029552 204.368651 0.000000
1652140282526443340 204.156516 0.000000
1652140282969808806 204.355585 0.000000
1652140283301278731 204.440552 0.000000
1652140283542272065 204.232413 0.000000
1652140284307498391 623.762640 0.000000
1652140284551533004 203.972163 0.000000
1652140284791296357 204.118687 0.000000
1652140285082342451 204.254184 0.000000
1652140285448000487 204.175142 0.000000
1652140285681280478 204.119575 0.000000
1652140285930346305 204.110026 0.000000
1652140286267141229 300.146886 0.000000
1652140286523868445 204.381914 0.000000
1652140286752385138 203.560112 0.000000
1652140286963767316 204.279839 0.000000
1652140287270297492 203.643535 0.000000
1652140287646054305 203.581596 0.000000
1652140287962453062 203.794772 0.000000
1652140288176008098 204.398680 0.000000
1652140288400188453 202.564534 0.000000
1652140288680067807 204.225816 0.000000
1652140288902921298 204.398547 0.000000
1652140289451928563 204.181391 0.000000
1652140289719253043 204.179353 0.000000
1652140290240415444 204.299395 0.000000
1652140290547382069 204.323427 0.000000
1652140290764125925 204.400104 0.000000
1652140291226962388 348.602562 0.000000
1652140291646505516 204.095783 0.000000
1652140291869705146 204.333354 0.000000
1652140292092500474 204.336121 0.000000
1652140292495767658 203.500533 0.000000
1652140292775090429 204.137856 0.000000
1652140292990422791 204.339456 0.000000
1652140293197965083 204.304673 0.000000
1652140293465716772 204.444562 0.000000
1652140293708340675 204.421101 0.000000
1652140293944567578 204.381671 0.000000
1652140294260608750 204.299970 0.000000
1652140294538689491 204.315764 0.000000
1652140294744990124 204.328463 0.000000
1652140295056872728 204.453185 0.000000
1652140295307683426 204.440890 0.000000
1652140295928683763 204.174645 0.000000
1652140296294169331 317.441215 0.000000
1652140296530581374 204.212578 0.000000
1652140296788192731 204.153910 0.000000
1652140297020505023 203.188717 0.000000
1652140297715277926 614.342429 0.000000
1652140297973206947 204.394582 0.000000
1652140298190518797 204.298756 0.000000
1652140298408727462 204.134467 0.000000
1652140298710550525 204.090207 0.000000
1652140299014441586 204.258128 0.000000
1652140299307192167 204.203389 0.000000
1652140299528910887 204.641314 0.000000
1652140299743090787 204.257396 0.000000
1652140299969060080 204.388300 0.000000
1652140300386929263 204.300888 0.000000
1652140300814103168 204.437522 0.000000
1652140301271362019 358.771341 0.000000
1652140301588307935 204.228402 0.000000
1652140301909175766 204.214552 0.000000
1652140302293698525 204.468710 0.000000
1652140302522017675 204.333766 0.000000
1652140302871363229 204.437904 0.000000
1652140303218546051 204.487089 0.000000
1652140303459698299 204.318981 0.000000
1652140303706697522 204.387041 0.000000
1652140304084262882 204.685201 0.000000
1652140304302032931 204.326512 0.000000
1652140304505232397 202.744334 0.000000
1652140304753509065 204.368514 0.000000
1652140305000578994 204.433934 0.000000
1652140305411126817 203.981121 0.000000
1652140305660115494 204.313188 0.000000
1652140305970804927 204.263377 0.000000
1652140306305542869 268.730881 0.000000
1652140306524646371 204.234061 0.000000
1652140306729666522 204.104478 0.000000
1652140307519638794 610.041237 0.000000
1652140307729203778 204.477229 0.000000
1652140307966694897 204.272522 0.000000
1652140308188169695 204.263106 0.000000
1652140308471797528 204.379763 0.000000
1652140308727046406 204.444158 0.000000
1652140308998461926 204.276438 0.000000
1652140309233378377 204.348511 0.000000
1652140309515444179 204.333195 0.000000
1652140309862706866 204.450373 0.000000
1652140310166975197 204.233955 0.000000
1652140310501014333 204.447366 0.000000
1652140310925806674 204.265489 0.000000
1652140311391269983 204.533625 0.000000
1652140312086985965 613.371981 0.000000
1652140312799547965 612.173569 0.000000
1652140313014482958 204.203057 0.000000
1652140313320865744 204.359216 0.000000
1652140313537542870 204.402156 0.000000
1652140313863114750 204.410883 0.000000
1652140314317064727 204.174900 0.000000
1652140314620805773 204.296907 0.000000
1652140315136904910 204.388702 0.000000
1652140315790318926 609.426897 0.000000
1652140316314883175 343.273432 0.000000
1652140316639454048 204.367088 0.000000
1652140316977431431 204.485550 0.000000
1652140317239766290 204.380647 0.000000
1652140317498543912 204.272182 0.000000
1652140317710355204 204.317565 0.000000
1652140318011424087 204.202923 0.000000
1652140318274654118 204.276378 0.000000
1652140318632790970 204.412845 0.000000
1652140319136690928 204.291337 0.000000
1652140319355154764 204.307445 0.000000
1652140319594986963 203.554935 0.000000
1652140319839402320 204.269970 0.000000
1652140320139162454 204.414356 0.000000
1652140320791334946 614.564326 0.000000
1652140321010913285 204.475539 0.000000
1652140321347212214 334.393132 0.000000
1652140321684377093 204.378391 0.000000
1652140321896633588 204.165845 0.000000
1652140322126956812 204.565721 0.000000
1652140322345737327 204.489037 0.000000
1652140322592010590 203.561159 0.000000
1652140322983066526 204.347061 0.000000
1652140323193445820 204.077718 0.000000
1652140323420450829 204.392865 0.000000
1652140323695098576 204.055855 0.000000
1652140323923270097 204.265433 0.000000
1652140324159322111 204.351485 0.000000
1652140324385327698 204.196000 0.000000
1652140324611678124 204.485957 0.000000
1652140324899694210 204.468831 0.000000
1652140325163924240 204.380717 0.000000
1652140325485689376 204.426852 0.000000
1652140325824080368 204.561147 0.000000
1652140326127055680 204.368779 0.000000
1652140326375125548 204.338014 0.000000
1652140326670612806 203.886633 0.000000
1652140326919751276 204.221233 0.000000
1652140327227862254 204.369207 0.000000
1652140327553812579 204.274524 0.000000
1652140327769321995 204.364947 0.000000
1652140327992884342 203.431291 0.000000
1652140328396310356 203.556708 0.000000
1652140328987482654 204.391827 0.000000
1652140329315515081 204.344171 0.000000
1652140329543200174 204.361725 0.000000
1652140329760914099 204.447376 0.000000
1652140330001987778 204.156400 0.000000
1652140330598958847 204.352187 0.000000
1652140330818575925 203.628472 0.000000
1652140331031303626 204.166234 0.000000
1652140331363282360 307.608361 0.000000
1652140331754101844 204.393627 0.000000
1652140332036504482 204.215536 0.000000
1652140332262042057 204.405355 0.000000
1652140332527064981 204.361178 0.000000
1652140332792449930 204.456572 0.000000
1652140333026347142 204.322598 0.000000
1652140333355381790 204.275370 0.000000
1652140333571051088 204.192178 0.000000
1652140333940826711 204.224136 0.000000
1652140334336449036 204.567756 0.000000
1652140334776804286 204.421300 0.000000
1652140335129898226 204.493598 0.000000
1652140335349517779 204.223448 0.000000
1652140335742916423 204.479988 0.000000
1652140335984205648 204.495881 0.000000
1652140336360536188 300.746854 0.000000
1652140336590402132 203.871678 0.000000
1652140336816071820 204.162980 0.000000
1652140337041908838 204.343580 0.000000
1652140337274624833 204.341177 0.000000
1652140337824914154 204.349491 0.000000
1652140338185433528 204.604653 0.000000
1652140338410482726 204.316807 0.000000
1652140338622991330 204.250946 0.000000
1652140338906593000 204.540479 0.000000
1652140339149884271 204.511314 0.000000
1652140339440603977 204.394306 0.000000
1652140339650193958 204.382057 0.000000
1652140339882435293 203.637058 0.000000
1652140340107518157 204.465386 0.000000
1652140340417210759 204.143253 0.000000
1652140340647630612 204.258625 0.000000
1652140340934077941 204.229943 0.000000
1652140341356818698 247.731728 0.000000
1652140341572655477 204.160791 0.000000
1652140341798439076 204.411744 0.000000
1652140342068774187 204.059874 0.000000
1652140342275722964 204.001023 0.000000
1652140342514763449 204.367647 0.000000
1652140342997545791 204.494923 0.000000
1652140343208439236 204.547532 0.000000
1652140343431909200 204.408921 0.000000
1652140343917643386 204.147039 0.000000
1652140344178561878 203.700454 0.000000
1652140344386678500 203.876834 0.000000
1652140344668203171 204.143678 0.000000
1652140344896648533 204.516557 0.000000
1652140345146978468 204.372645 0.000000
1652140345405266377 204.416462 0.000000
1652140345855726811 204.489527 0.000000
1652140346137796527 204.388981 0.000000
1652140346419458122 212.071926 0.000000
1652140346768607615 204.280212 0.000000
1652140347074784470 204.225931 0.000000
1652140347403783859 204.369661 0.000000
1652140347729340077 204.483786 0.000000
1652140348023470992 204.285347 0.000000
1652140348320831524 204.824570 0.000000
1652140348850331557 204.408005 0.000000
1652140349070020895 204.341793 0.000000
1652140349359265354 204.405767 0.000000
1652140349646074588 204.321689 0.000000
1652140349860338270 204.301104 0.000000
1652140350301689159 204.325691 0.000000
1652140350644722563 204.386224 0.000000
1652140351028721027 204.348926 0.000000
1652140351346267243 308.225261 0.000000
1652140351587286467 204.412366 0.000000
1652140351953495411 204.468812 0.000000
1652140352176746000 204.217501 0.000000
1652140352667348500 204.142946 0.000000
1652140353010281110 204.413412 0.000000
1652140353446469605 204.479093 0.000000
1652140353686165938 204.437515 0.000000
1652140354124360032 204.502825 0.000000
1652140354596213839 203.724000 0.000000
1652140354861612454 204.317857 0.000000
1652140355202658100 204.395771 0.000000
1652140355452425328 204.903381 0.000000
1652140355730384163 204.315424 0.000000
1652140355942375640 204.345285 0.000000
1652140356429732004 309.579153 0.000000
1652140356679050904 204.359038 0.000000
1652140356893807464 203.518631 0.000000
1652140357245237264 204.534188 0.000000
1652140357508987553 204.412102 0.000000
1652140357817127741 204.325696 0.000000
1652140358199679998 204.442636 0.000000
1652140358494670839 204.573748 0.000000
1652140358801639493 204.202213 0.000000
1652140359104934445 204.452511 0.000000
1652140359642335110 204.366020 0.000000
1652140359896040728 204.442681 0.000000
1652140360247251785 204.471554 0.000000
1652140360473135076 204.642202 0.000000
1652140361197870909 204.495950 0.000000
1652140361672982635 204.520169 0.000000
1652140361982093850 204.474933 0.000000
1652140362215695099 204.342212 0.000000
1652140362424202656 204.250369 0.000000
1652140362763449336 204.402302 0.000000
1652140362983098316 204.448284 0.000000
1652140363212481023 204.457054 0.000000
1652140363462250530 204.458351 0.000000
1652140363684166249 203.393663 0.000000
1652140363948013271 203.949963 0.000000
1652140364186400133 204.193613 0.000000
1652140364410292422 204.357106 0.000000
1652140364661266073 204.264422 0.000000
1652140365107617584 204.324857 0.000000
1652140365371933828 204.583304 0.000000
1652140365708418958 204.498167 0.000000
1652140366058822453 204.129369 0.000000
1652140366430154012 351.210480 0.000000
1652140366721908960 204.306110 0.000000
1652140367027100669 204.370809 0.000000
1652140367403404355 204.326728 0.000000
1652140367641416043 203.919836 0.000000
1652140367905502444 204.228855 0.000000
1652140368210790362 204.542137 0.000000
1652140368488350308 204.335412 0.000000
1652140368697728280 204.111032 0.000000
1652140368924372357 204.220886 0.000000
1652140369281695473 204.549923 0.000000
1652140369602662060 204.393496 0.000000
1652140369880238718 204.972017 0.000000
1652140370268373156 204.557053 0.000000
1652140370623552177 204.646630 0.000000
1652140370826869693 202.981935 0.000000
1652140371095937476 204.450826 0.000000
1652140371456458644 274.805466 0.000000
1652140371758823092 204.504456 0.000000
1652140372120197396 204.473333 0.000000
1652140372613266209 204.271252 0.000000
1652140372817480534 203.365207 0.000000
1652140373050123379 204.347267 0.000000
1652140373263517333 204.199053 0.000000
1652140373556381262 204.369385 0.000000
1652140373870253963 204.413693 0.000000
1652140374210027348 204.291342 0.000000
1652140374428604034 204.309829 0.000000
1652140374662141182 204.332900 0.000000
1652140374938199577 204.298763 0.000000
1652140375149606282 204.256427 0.000000
1652140375532501094 204.475231 0.000000
1652140375876359293 204.425905 0.000000
1652140376113043092 204.316428 0.000000
1652140376475924244 332.526109 0.000000
1652140376935559746 204.416774 0.000000
1652140377176876146 204.385972 0.000000
1652140377440556655 204.195274 0.000000
1652140377672035047 204.413201 0.000000
1652140377932492699 204.521945 0.000000
1652140378181600079 204.315790 0.000000
1652140378466657983 204.311237 0.000000
1652140378792718003 204.390632 0.000000
1652140379101474579 204.229731 0.000000
1652140379453201726 204.450105 0.000000
1652140379673965745 204.311593 0.000000
1652140379894494993 203.828242 0.000000
1652140380170757219 202.567445 0.000000
1652140380826950520 610.565134 0.000000
1652140381052413224 204.375641 0.000000
1652140381473588525 357.051214 0.000000
1652140382007390172 204.538473 0.000000
1652140382216872907 204.219441 0.000000
1652140382597826990 204.482491 0.000000
1652140382830524511 204.480837 0.000000
1652140383116231720 204.560220 0.000000
1652140383369536498 204.613509 0.000000
1652140383671058633 204.395701 0.000000
1652140383891894122 204.364554 0.000000
1652140384120350482 204.587635 0.000000
1652140384391480796 204.352620 0.000000
1652140384654418668 204.404341 0.000000
1652140384952342364 204.521890 0.000000
1652140385159938634 204.344384 0.000000
1652140385365087897 203.601212 0.000000
1652140385724664698 204.802155 0.000000
1652140386015053580 204.526722 0.000000
1652140386361705725 311.380043 0.000000
1652140386742538667 204.362486 0.000000
1652140387003709264 204.349770 0.000000
1652140387210407789 204.401187 0.000000
1652140387764931877 204.475881 0.000000
1652140388050976802 204.387448 0.000000
1652140388528892399 204.665645 0.000000
1652140388738414870 204.399780 0.000000
1652140388984858810 204.577745 0.000000
1652140389208365806 204.305343 0.000000
1652140389433650232 204.275640 0.000000
1652140389683483800 204.441222 0.000000
1652140389989584193 204.253621 0.000000
1652140390319568588 204.296813 0.000000
1652140390630503317 204.336429 0.000000
1652140390871665419 204.356603 0.000000
1652140391455897336 321.293128 0.000000
1652140391722811913 204.365069 0.000000
1652140391987074338 204.641799 0.000000
1652140392344205421 204.401909 0.000000
1652140392741483385 204.450307 0.000000
1652140393044679487 204.457827 0.000000
1652140393289108794 204.453851 0.000000
1652140393524564765 204.378692 0.000000
1652140393777617829 204.427015 0.000000
1652140393982920947 203.435520 0.000000
1652140394212301972 204.337989 0.000000
1652140394484739540 204.303285 0.000000
1652140394691184529 204.602634 0.000000
1652140395150430722 204.451546 0.000000
1652140395392935564 204.490407 0.000000
1652140395629884691 204.639527 0.000000
1652140395845949477 204.322787 0.000000
1652140396188176710 204.471580 0.000000
1652140396535684606 290.465124 0.000000
1652140396857151563 204.300656 0.000000
1652140397073335275 204.402502 0.000000
1652140397443628643 204.484496 0.000000
1652140397788175677 204.205966 0.000000
1652140398152164481 204.559460 0.000000
1652140398402906926 204.175508 0.000000
1652140398626851600 204.692259 0.000000
1652140398886979789 203.766965 0.000000
1652140399327592937 204.310943 0.000000
1652140399616790365 204.543004 0.000000
1652140399947031256 204.573002 0.000000
1652140400159679664 204.426955 0.000000
1652140400408048160 204.612771 0.000000
1652140400634791746 204.410881 0.000000
1652140400880990918 204.393086 0.000000
1652140401087235635 204.443762 0.000000
1652140401663534326 461.960446 0.000000
1652140401927901017 204.400857 0.000000
1652140402181644988 204.217267 0.000000
1652140402398732756 204.427329 0.000000
1652140402863114464 204.545006 0.000000
1652140403199434375 204.541558 0.000000
1652140403469901429 204.334799 0.000000
1652140404059419331 204.532169 0.000000
1652140404288794931 204.480825 0.000000
1652140404501236467 204.339136 0.000000
1652140404719903092 204.570619 0.000000
1652140405007322128 203.927188 0.000000
1652140405269629615 204.711918 0.000000
1652140405642884512 204.595066 0.000000
1652140406037009174 204.428095 0.000000
1652140406574524396 219.412767 0.000000
1652140407213271507 614.857835 0.000000
1652140407455958136 204.557001 0.000000
1652140407709572847 203.976273 0.000000
1652140407950071350 204.313677 0.000000
1652140408170799805 204.526707 0.000000
1652140408407354606 204.414108 0.000000
1652140408703129831 204.370407 0.000000
1652140408932723701 204.386645 0.000000
1652140409183719081 204.409575 0.000000
1652140409387153777 203.070277 0.000000
1652140409845862345 204.700153 0.000000
1652140410049653825 203.688305 0.000000
1652140410332313491 204.452332 0.000000
1652140410787765553 204.364602 0.000000
1652140411245103420 204.338174 0.000000
1652140411625155344 304.430017 0.000000
1652140411870224580 204.391876 0.000000
1652140412087769238 204.386952 0.000000
1652140412384469216 204.517211 0.000000
1652140412777492866 204.520933 0.000000
1652140413017057518 204.271651 0.000000
1652140413317739174 204.475820 0.000000
1652140413622730603 204.586750 0.000000
1652140413964929594 204.537458 0.000000
1652140414380949417 204.617132 0.000000
1652140414838306894 204.496503 0.000000
1652140415097364885 204.433988 0.000000
1652140415386360724 204.475998 0.000000
1652140416132579176 614.294287 0.000000
1652140416622043130 366.547622 0.000000
1652140416890991850 204.443612 0.000000
1652140417115041451 203.952028 0.000000
1652140417583172918 204.389865 0.000000
1652140417947557492 204.427553 0.000000
1652140418274755166 204.495424 0.000000
1652140418585739222 204.410256 0.000000
1652140418868321302 204.469630 0.000000
1652140419244582609 204.487481 0.000000
1652140419584383076 204.390711 0.000000
1652140419891342877 204.230101 0.000000
1652140420115482988 204.581161 0.000000
1652140420398697977 204.417046 0.000000
1652140420647809839 204.378682 0.000000
1652140421004978943 204.345585 0.000000
1652140421260099179 204.387487 0.000000
1652140421612573169 249.968403 0.000000
1652140421902879372 204.423652 0.000000
1652140422134584284 204.442586 0.000000
1652140422816259736 204.637604 0.000000
1652140423168392409 204.542738 0.000000
1652140423482390297 204.509931 0.000000
1652140424042458236 204.281865 0.000000
1652140424322197342 204.331970 0.000000
1652140424650268704 204.378740 0.000000
1652140425065149727 204.244007 0.000000
1652140425710288415 612.525835 0.000000
1652140425944362533 204.402101 0.000000
1652140426224901216 204.454404 0.000000
1652140426621478681 382.264346 0.000000
1652140426960974991 204.508223 0.000000
1652140427506074008 204.448994 0.000000
1652140427754357640 204.579916 0.000000
1652140428117682116 204.565973 0.000000
1652140428483695610 204.359461 0.000000
1652140428814444973 204.391369 0.000000
1652140429058839546 204.617173 0.000000
1652140429266431377 204.116988 0.000000
1652140429476623372 204.344115 0.000000
1652140430112264688 610.425170 0.000000
1652140430347464704 204.360493 0.000000
1652140430576934091 204.194146 0.000000
1652140430910579681 204.717712 0.000000
1652140431125666222 204.403484 0.000000
1652140431349823360 204.526708 0.000000
1652140431666338826 227.708259 0.000000
1652140431892295937 204.369535 0.000000
1652140432172668691 204.535431 0.000000
1652140432396684066 204.414654 0.000000
1652140432640228309 204.529507 0.000000
1652140432932220170 204.351901 0.000000
1652140433138485363 204.251112 0.000000
1652140433351960216 204.176458 0.000000
1652140433644747624 204.480232 0.000000
1652140434089499527 204.518622 0.000000
1652140434497941770 204.264111 0.000000
1652140434939568353 203.952549 0.000000
1652140435163610759 204.122207 0.000000
1652140435501332429 204.578456 0.000000
1652140435708809053 204.326317 0.000000
1652140435964743745 204.568155 0.000000
1652140436221454409 203.761371 0.000000
1652140436641712251 380.145061 0.000000
1652140436937497893 204.412561 0.000000
1652140437225181312 203.592942 0.000000
1652140437786027844 204.408440 0.000000
1652140437999014027 203.606433 0.000000
1652140438278039367 204.526500 0.000000
1652140438565067274 204.474856 0.000000
1652140439217758489 613.959283 0.000000
1652140439592962017 204.555000 0.000000
1652140439803739398 204.453382 0.000000
1652140440087796573 203.022389 0.000000
1652140440432039685 204.584009 0.000000
1652140440721297471 204.558810 0.000000
1652140441401340824 614.719662 0.000000
1652140443111877659 1633.645297 0.000000
1652140443497132531 204.631511 0.000000
1652140443722630196 204.588689 0.000000
1652140443947287319 204.450015 0.000000
1652140444356182937 204.660539 0.000000
1652140444568929311 204.428497 0.000000
1652140444800670806 204.493841 0.000000
1652140445005813757 204.252885 0.000000
1652140445245946475 204.582926 0.000000
1652140445704707657 204.185503 0.000000
1652140446119681239 203.458366 0.000000
1652140446396410433 204.519434 0.000000
1652140446670944541 273.166237 0.000000
1652140446876722744 204.167966 0.000000
1652140447188441590 204.452043 0.000000
1652140447445121703 204.552929 0.000000
1652140447819446820 204.337056 0.000000
1652140448068358988 204.382897 0.000000
1652140448374576878 204.352877 0.000000
1652140448602590374 204.630445 0.000000
1652140448854612434 204.335893 0.000000
1652140449170959493 204.668836 0.000000
1652140449758799718 204.582158 0.000000
1652140450137319617 204.431748 0.000000
1652140450774321086 610.239511 0.000000
1652140451035526715 204.412670 0.000000
1652140451263712950 204.428257 0.000000
1652140451679613810 223.132366 0.000000
1652140451958619205 204.468325 0.000000
1652140452429927185 204.708999 0.000000
1652140452791936422 204.575987 0.000000
1652140453000710760 204.408878 0.000000
1652140453248109395 204.396682 0.000000
1652140453513890790 204.735127 0.000000
1652140453810739339 204.761700 0.000000
1652140454148810929 203.366661 0.000000
1652140454415574979 204.445865 0.000000
1652140454834543190 204.406131 0.000000
1652140455149413139 204.509156 0.000000
1652140455359394491 204.452538 0.000000
1652140455584867031 204.505154 0.000000
1652140456203915836 610.534167 0.000000
1652140456409230745 203.935280 0.000000
1652140456732281614 204.386121 0.000000
1652140456962616618 204.480112 0.000000
1652140457415368542 204.542282 0.000000
1652140457667974737 204.642805 0.000000
1652140457887422592 204.331309 0.000000
1652140458158154785 204.385975 0.000000
1652140458806937242 609.815800 0.000000
1652140459110989859 204.578744 0.000000
1652140459386693511 204.380361 0.000000
1652140459750493327 204.649299 0.000000
1652140460116734928 204.489471 0.000000
1652140460373867273 204.430629 0.000000
1652140460598667970 204.466494 0.000000
1652140460919954584 204.415537 0.000000
1652140461465926431 219.046904 0.000000
1652140462211304176 204.558707 0.000000
1652140462433207340 204.462384 0.000000
1652140462749346171 204.554066 0.000000
1652140463027586987 204.515920 0.000000
1652140463372871620 204.517898 0.000000
1652140464001987750 610.460380 0.000000
1652140464331612792 204.885240 0.000000
1652140464560459522 204.659738 0.000000
1652140464808909569 204.768613 0.000000
1652140465064829307 204.546264 0.000000
1652140465343087234 204.433066 0.000000
1652140465704341012 204.600248 0.000000
1652140465938640855 204.644037 0.000000
1652140466310760705 204.733023 0.000000
1652140466703296333 343.761634 0.000000
1652140466923858048 203.864205 0.000000
1652140467132428658 203.414819 0.000000
1652140467476841020 204.202257 0.000000
1652140467776749701 204.310341 0.000000
1652140468010032647 204.620937 0.000000
1652140468272830234 204.522622 0.000000
1652140468625080669 204.405544 0.000000
1652140469192710588 204.592596 0.000000
1652140469865586275 204.456276 0.000000
1652140470082386094 204.496177 0.000000
1652140470309509678 204.497597 0.000000
1652140470750592297 204.280597 0.000000
1652140471006896015 204.453831 0.000000
1652140471255857285 204.353101 0.000000
1652140471717592633 358.015145 0.000000
1652140472013773846 204.654188 0.000000
1652140472333143790 204.430453 0.000000
1652140472625222811 204.563828 0.000000
1652140472859936216 204.485425 0.000000
1652140473092264648 203.898647 0.000000
1652140473453732909 204.546746 0.000000
1652140473676546033 204.554898 0.000000
1652140473909948878 204.407386 0.000000
1652140474151678991 204.380796 0.000000
1652140474420387099 204.536004 0.000000
1652140474730878725 204.486110 0.000000
1652140474962063368 204.709341 0.000000
1652140475643260374 614.403359 0.000000
1652140475848732860 203.487646 0.000000
1652140476067655519 204.582183 0.000000
1652140476292298026 203.515408 0.000000
1652140476719868548 385.779736 0.000000
1652140476954757640 204.453637 0.000000
1652140477173565060 204.463377 0.000000
1652140477511778050 204.381579 0.000000
1652140477751784312 204.618040 0.000000
1652140478076580404 204.670750 0.000000
1652140478344902737 204.464179 0.000000
1652140478637851116 204.401932 0.000000
1652140478929906877 204.436267 0.000000
1652140479255280732 204.808451 0.000000
1652140479504109034 204.641886 0.000000
1652140479773670965 204.545346 0.000000
1652140480346604530 204.419357 0.000000
1652140480552703254 204.219912 0.000000
1652140480864709309 204.475409 0.000000
1652140481431747336 204.347458 0.000000
1652140481924061340 204.497390 0.000000
1652140482301242742 204.568684 0.000000
1652140482515758041 204.254620 0.000000
1652140482753470985 204.620218 0.000000
1652140483188672327 204.447213 0.000000
1652140483462303244 204.509044 0.000000
1652140483784295868 204.538798 0.000000
1652140484000077516 204.404623 0.000000
1652140484312272171 204.456531 0.000000
1652140484536827550 204.351161 0.000000
1652140484895500880 204.814282 0.000000
1652140485280955901 204.605381 0.000000
1652140485532309543 204.636919 0.000000
1652140485752413821 204.660945 0.000000
1652140485981090759 204.743916 0.000000
1652140486323850269 204.518257 0.000000
1652140486836250544 204.530428 0.000000
1652140487192241774 204.641790 0.000000
1652140487436090505 204.473026 0.000000
1652140487787638159 204.536176 0.000000
1652140488052529479 204.350814 0.000000
1652140488392046923 204.647700 0.000000
1652140488613909202 204.586019 0.000000
1652140488981924737 204.482252 0.000000
1652140489206883700 204.703585 0.000000
1652140489797486312 204.576513 0.000000
1652140490329119018 204.611341 0.000000
1652140490632415565 204.662462 0.000000
1652140490981075524 204.660497 0.000000
1652140491223217027 204.529596 0.000000
1652140491490410310 204.657499 0.000000
1652140491843430439 253.163188 0.000000
1652140492085392148 204.448547 0.000000
1652140492294316610 204.680214 0.000000
1652140492576330049 204.051902 0.000000
1652140492803179400 204.644803 0.000000
1652140493020609864 204.550462 0.000000
1652140493320314099 204.254417 0.000000
1652140493572702902 204.585464 0.000000
1652140493870450868 204.603136 0.000000
1652140494293785449 204.549463 0.000000
1652140494643057593 204.628089 0.000000
1652140495171195570 204.785895 0.000000
1652140495526153334 204.692044 0.000000
1652140495754042868 204.643968 0.000000
1652140496044585403 204.493703 0.000000
1652140496266099494 204.485376 0.000000
1652140496506904870 204.589434 0.000000
1652140496801644921 291.484110 0.000000
1652140497064137353 204.644941 0.000000
1652140497319628670 204.323058 0.000000
1652140497630884937 204.515928 0.000000
1652140497902019657 204.549035 0.000000
1652140498122021221 204.494147 0.000000
1652140498628509784 204.345551 0.000000
1652140499037461207 204.683518 0.000000
1652140499429833020 204.506980 0.000000
1652140499650195658 204.259489 0.000000
1652140500120322377 204.547823 0.000000
1652140500504565460 204.522413 0.000000
1652140500797115416 204.481681 0.000000
1652140501024931414 204.581585 0.000000
1652140501237723436 204.492967 0.000000
1652140501449944847 203.945856 0.000000
1652140501813317919 234.394961 0.000000
1652140502111741301 204.635135 0.000000
1652140502514197181 204.670474 0.000000
1652140502767578755 204.641205 0.000000
1652140502978522164 204.542357 0.000000
1652140503211983019 204.442048 0.000000
1652140503461257534 204.607824 0.000000
1652140503766995481 204.356357 0.000000
1652140504135578038 204.753326 0.000000
1652140504405745207 204.618319 0.000000
1652140504615800835 204.746629 0.000000
1652140504930893249 204.508761 0.000000
1652140505181866726 204.487551 0.000000
1652140505554173925 204.583868 0.000000
1652140505777809822 204.434213 0.000000
1652140505993127967 204.693960 0.000000
1652140506279578468 204.467107 0.000000
1652140506764050432 344.678361 0.000000
1652140506975410880 204.368208 0.000000
1652140507247894164 204.427046 0.000000
1652140507480743440 204.479162 0.000000
1652140507765529483 203.556562 0.000000
1652140507989343786 203.745947 0.000000
1652140508199084525 203.608183 0.000000
1652140508432418272 204.420681 0.000000
1652140508655206709 204.553994 0.000000
1652140509020536132 204.550820 0.000000
1652140509714768629 610.426149 0.000000
1652140509962012145 204.718300 0.000000
1652140510310290664 204.503506 0.000000
1652140510724238420 204.513603 0.000000
1652140511011255912 204.351592 0.000000
1652140511308671018 204.588865 0.000000
1652140511521753958 204.505146 0.000000
1652140511888074217 204.297141 0.000000
1652140512551538085 204.656809 0.000000
1652140512786290062 204.480208 0.000000
1652140513141125610 204.649923 0.000000
1652140513356952115 204.687378 0.000000
1652140513614749003 204.989063 0.000000
1652140513910325037 204.573250 0.000000
1652140514162675137 204.592381 0.000000
1652140514797958011 614.517836 0.000000
1652140515280965895 204.577052 0.000000
1652140515549898736 204.494391 0.000000
1652140515837949134 204.549313 0.000000
1652140516049012529 204.434159 0.000000
1652140516761092187 277.070127 0.000000
1652140517202872161 204.548141 0.000000
1652140517625480903 204.677130 0.000000
1652140517895749911 204.686052 0.000000
1652140518235132410 204.506376 0.000000
1652140518745403878 204.568338 0.000000
1652140519167407598 203.676057 0.000000
1652140519457614397 204.436115 0.000000
1652140520107557874 610.582584 0.000000
1652140520373283956 204.350246 0.000000
1652140520749275457 204.535705 0.000000
1652140520988160258 204.346698 0.000000
1652140521227860731 204.780516 0.000000
1652140521556128269 204.560404 0.000000
1652140521868394358 308.078940 0.000000
1652140522108481201 203.636801 0.000000
1652140522348226115 204.745441 0.000000
1652140522578443105 204.734055 0.000000
1652140522805723169 204.537690 0.000000
1652140523229841465 204.148777 0.000000
1652140523655162879 204.489801 0.000000
1652140523860555179 204.537226 0.000000
1652140524476803700 204.526490 0.000000
1652140524731769742 204.360060 0.000000
1652140525023243943 204.504221 0.000000
1652140525312175277 204.667491 0.000000
1652140525605002126 204.540677 0.000000
1652140526007347929 204.538796 0.000000
1652140526365553023 204.598857 0.000000
1652140526823745329 270.183475 0.000000
1652140527061008610 204.480345 0.000000
1652140527274147909 204.778642 0.000000
1652140527699036962 203.661005 0.000000
1652140527950291670 203.955467 0.000000
1652140528217623460 204.572632 0.000000
1652140528432217198 204.009233 0.000000
1652140528944960302 204.716721 0.000000
1652140529384871977 203.881016 0.000000
1652140529784283778 204.662587 0.000000
1652140530022059185 204.536641 0.000000
1652140530385225404 204.679426 0.000000
1652140530700217997 204.586174 0.000000
1652140531031758512 204.572127 0.000000
1652140531245115853 204.228992 0.000000
1652140531467129890 204.483071 0.000000
1652140532014881472 204.720499 0.000000
1652140532225484570 204.426699 0.000000
1652140532446112786 204.360110 0.000000
1652140532802778058 204.508836 0.000000
1652140533046588174 204.251769 0.000000
1652140533458753413 204.765956 0.000000
1652140533989530491 204.690559 0.000000
1652140534207377424 204.634604 0.000000
1652140534531452232 204.272247 0.000000
1652140534844679157 204.566170 0.000000
1652140535076581708 204.497175 0.000000
1652140535305294684 203.820233 0.000000
1652140535536271545 204.350421 0.000000
1652140535998459485 204.439425 0.000000
1652140536282518398 204.541291 0.000000
1652140536499782255 204.218812 0.000000
1652140537273590012 747.586421 0.000000
1652140537587337657 204.567052 0.000000
1652140537886820248 204.522398 0.000000
1652140538094564604 204.563020 0.000000
1652140538829003396 204.448387 0.000000
1652140539052427841 204.899520 0.000000
1652140539458186542 203.924066 0.000000
1652140539690302958 204.597260 0.000000
1652140539944969822 204.445795 0.000000
1652140540280972383 204.487082 0.000000
1652140541335990387 1018.598661 0.000000
1652140541564089384 204.561312 0.000000
1652140542070847358 204.536017 0.000000
1652140542491432650 204.816071 0.000000
1652140542995043795 204.653442 0.000000
1652140543246026004 204.783020 0.000000
1652140543497832646 204.726441 0.000000
1652140543721218781 204.267032 0.000000
1652140544014137879 204.606072 0.000000
1652140544248831815 204.470924 0.000000
1652140544557694259 204.547948 0.000000
1652140544778482319 204.477209 0.000000
1652140545007910393 204.580441 0.000000
1652140545297064020 204.333815 0.000000
1652140545531939515 204.681615 0.000000
1652140545773317668 204.152614 0.000000
1652140546151311285 204.586857 0.000000
1652140546369875148 204.520544 0.000000
1652140546969291254 250.723039 0.000000
1652140547258355725 204.672862 0.000000
1652140547561614960 204.581611 0.000000
1652140547822740191 204.630578 0.000000
1652140548140727407 204.588885 0.000000
1652140548479946277 204.569850 0.000000
1652140548764137439 204.664927 0.000000
1652140549005531901 204.646871 0.000000
1652140549274852227 204.770875 0.000000
1652140549569748146 204.515115 0.000000
1652140549998215031 204.556692 0.000000
1652140550263303615 204.664382 0.000000
1652140550700868699 204.719701 0.000000
1652140550908469024 204.448646 0.000000
1652140551117436686 204.622220 0.000000
1652140551493672372 204.811377 0.000000
1652140552205200964 204.862416 0.000000
1652140552418184810 204.617218 0.000000
1652140552660344438 204.648134 0.000000
1652140552878625153 204.535666 0.000000
1652140553266360474 204.569436 0.000000
1652140553489322908 204.504647 0.000000
1652140553792052143 204.857973 0.000000
1652140554185586807 204.601104 0.000000
1652140554450956942 204.563010 0.000000
1652140554656384338 204.619373 0.000000
1652140554872890678 204.680573 0.000000
1652140555133626221 204.433269 0.000000
1652140555412155914 204.703698 0.000000
1652140555778553802 204.895407 0.000000
1652140556010404492 204.690744 0.000000
1652140556262214115 204.605324 0.000000
1652140556521830216 204.507765 0.000000
1652140556878045420 331.100238 0.000000
1652140557086200668 204.528340 0.000000
1652140557480736155 204.798089 0.000000
1652140557726609369 204.781273 0.000000
1652140557944576238 203.835830 0.000000
1652140558293553237 204.532693 0.000000
1652140558571070265 204.782191 0.000000
1652140558785957510 204.617552 0.000000
1652140559209423287 204.752770 0.000000
1652140559606874771 204.681392 0.000000
1652140560115400503 204.448989 0.000000
1652140560338216661 204.675201 0.000000
1652140560661682772 204.540675 0.000000
1652140560940535760 204.641639 0.000000
1652140561410112954 204.590030 0.000000
1652140561670556806 204.949983 0.000000
1652140562109710344 218.235376 0.000000
1652140562326435497 204.592052 0.000000
1652140562594130722 203.785455 0.000000
1652140562871569707 204.642484 0.000000
1652140563342493443 204.127518 0.000000
1652140563649650090 204.483304 0.000000
1652140563959869856 204.430574 0.000000
1652140564191547410 204.570970 0.000000
1652140564473416889 204.769743 0.000000
1652140565088556250 609.604499 0.000000
1652140565463910525 204.677487 0.000000
1652140565698010603 204.683992 0.000000
1652140565917511932 204.480464 0.000000
1652140566186410427 204.383268 0.000000
1652140566455605157 204.430537 0.000000
1652140566667256284 204.459666 0.000000
1652140566962461292 277.420631 0.000000
1652140567205229882 203.752090 0.000000
1652140567426472252 204.582931 0.000000
1652140567685495746 204.538267 0.000000
1652140568703504880 609.711725 0.000000
1652140568937838474 204.581081 0.000000
1652140569278303241 204.836553 0.000000
1652140569566157919 205.191320 0.000000
1652140569864646461 204.811789 0.000000
1652140570152405250 204.658221 0.000000
1652140570381582163 204.718496 0.000000
1652140570662813146 204.713739 0.000000
1652140570921377419 204.685291 0.000000
1652140571209214192 204.617168 0.000000
1652140571487337000 204.591548 0.000000
1652140571993244362 314.071143 0.000000
1652140572465744844 204.760618 0.000000
1652140572728057300 204.569841 0.000000
1652140573055574737 204.684650 0.000000
1652140573275883809 204.612859 0.000000
1652140573650193048 204.760471 0.000000
1652140573901535380 204.622491 0.000000
1652140574208259773 204.589864 0.000000
1652140574424858958 204.332760 0.000000
1652140575110462282 615.003647 0.000000
1652140575381230773 204.605802 0.000000
1652140575934939307 204.922054 0.000000
1652140576217558352 204.572072 0.000000
1652140576514047184 204.659630 0.000000
1652140577000732390 264.556241 0.000000
1652140577317451838 204.488459 0.000000
1652140577541469303 204.461537 0.000000
1652140577790904135 204.546439 0.000000
1652140578055970561 204.541801 0.000000
1652140578518865370 204.435158 0.000000
1652140578834667975 204.628152 0.000000
1652140579129083020 204.638084 0.000000
1652140579414510967 204.777007 0.000000
1652140579620972359 204.506315 0.000000
1652140579827327802 204.545340 0.000000
1652140580291993389 204.887945 0.000000
1652140580517336868 204.597272 0.000000
1652140580860659232 204.865452 0.000000
1652140581180377180 204.726662 0.000000
1652140581465919810 204.835241 0.000000
1652140581695734013 204.870109 0.000000
1652140582055114921 306.657473 0.000000
1652140582353854356 204.461196 0.000000
1652140582670380858 204.696572 0.000000
1652140582917340385 204.723897 0.000000
1652140583151447303 204.414930 0.000000
1652140583449076348 204.669401 0.000000
1652140583755167509 204.557636 0.000000
1652140584049236846 204.366764 0.000000
1652140584267213087 204.547033 0.000000
1652140584665616932 204.905693 0.000000
1652140585209385087 204.727845 0.000000
1652140585479403852 204.513783 0.000000
1652140585817655800 204.575708 0.000000
1652140586194239750 204.572969 0.000000
1652140586509215561 204.609708 0.000000
1652140586784783702 204.744601 0.000000
1652140587079279684 204.910210 0.000000
1652140587371708343 204.419645 0.000000
1652140587646851031 204.879074 0.000000
1652140587910344371 204.626494 0.000000
1652140588309916346 204.839053 0.000000
1652140588550867769 204.611904 0.000000
1652140588758791441 204.643414 0.000000
1652140589774755879 614.933049 0.000000
1652140590243532014 204.751373 0.000000
1652140590567786688 204.486806 0.000000
1652140590777339659 204.537923 0.000000
1652140591182622611 204.534752 0.000000
1652140591415383566 204.443501 0.000000
1652140591670802367 204.541298 0.000000
1652140592076221444 372.789354 0.000000
1652140592415346243 204.663395 0.000000
1652140592666418549 204.740345 0.000000
1652140592952863915 204.678667 0.000000
1652140593170174849 204.159839 0.000000
1652140593514638165 204.522664 0.000000
1652140593735160963 203.880573 0.000000
1652140593993646288 204.777947 0.000000
1652140594359521040 204.749466 0.000000
1652140594633388522 204.664795 0.000000
1652140594871840634 204.643347 0.000000
1652140595312457313 204.775116 0.000000
1652140595554510135 204.649969 0.000000
1652140595839257616 204.623451 0.000000
1652140596100970746 204.785949 0.000000
1652140596414146538 204.786266 0.000000
1652140596729605608 204.848536 0.000000
1652140597702904023 910.492534 0.000000
1652140598044585692 204.720865 0.000000
1652140598397487822 204.664046 0.000000
1652140598640625315 203.956808 0.000000
1652140598917759032 204.608837 0.000000
1652140599584522865 204.704274 0.000000
1652140600023023135 204.862054 0.000000
1652140600271587069 204.796156 0.000000
1652140600534943692 204.725407 0.000000
1652140600779302857 204.575890 0.000000
1652140601272455126 204.196057 0.000000
1652140601603490238 204.782478 0.000000
1652140601815000315 211.134078 0.000000
1652140602134069264 241.950252 0.000000
1652140602402209729 204.039686 0.000000
1652140602634651152 204.582845 0.000000
1652140603310868896 204.759965 0.000000
1652140603534964827 204.743202 0.000000
1652140603816247426 204.539244 0.000000
1652140604038971934 204.637226 0.000000
1652140604412330609 204.730184 0.000000
1652140604615825025 203.387181 0.000000
1652140604975998165 204.759320 0.000000
1652140605237625752 204.679272 0.000000
1652140605591961509 204.741732 0.000000
1652140605843161750 204.501131 0.000000
1652140606095730076 204.629405 0.000000
1652140606323883086 204.712747 0.000000
1652140606531450609 204.586394 0.000000
1652140606977719818 308.870908 0.000000
1652140607228215073 208.746595 0.000000
1652140607451172979 203.950350 0.000000
1652140607685577745 204.565030 0.000000
1652140607977321673 204.764098 0.000000
1652140608210202561 204.586079 0.000000
1652140608476165150 204.627410 0.000000
1652140608725545398 204.741020 0.000000
1652140608953263250 203.876544 0.000000
1652140609182863161 204.828322 0.000000
1652140609415071988 204.711431 0.000000
1652140609666669297 204.735244 0.000000
1652140609926696363 204.654939 0.000000
1652140610352291046 204.715070 0.000000
1652140610564274879 204.557780 0.000000
1652140610837651014 204.328298 0.000000
1652140611114295226 205.059281 0.000000
1652140611393203193 204.612803 0.000000
1652140611739060617 204.567704 0.000000
1652140612150554600 213.243073 0.000000
1652140612392464824 204.435220 0.000000
1652140613148629193 204.633211 0.000000
1652140613367757865 204.731979 0.000000
1652140613609619723 204.257746 0.000000
1652140613897899157 204.610307 0.000000
1652140614132518825 204.501372 0.000000
1652140614340634045 204.583538 0.000000
1652140614568878931 204.643789 0.000000
1652140614976939685 204.823180 0.000000
1652140615272679409 204.874607 0.000000
1652140615480262249 204.551586 0.000000
1652140615683722396 203.047708 0.000000
1652140616131464914 204.505184 0.000000
1652140616455214965 204.739160 0.000000
1652140616739056974 204.683520 0.000000
1652140617116518205 373.872392 0.000000
1652140617494796449 204.733945 0.000000
1652140617716444336 204.686138 0.000000
1652140617981332292 204.665500 0.000000
1652140618197676744 204.640454 0.000000
1652140618529156490 204.674130 0.000000
1652140618864644815 204.708508 0.000000
1652140619091193549 204.468825 0.000000
1652140619300668555 204.518438 0.000000
1652140619756372520 204.576662 0.000000
1652140620020806507 204.869736 0.000000
1652140620261099221 204.683024 0.000000
1652140620517281247 204.572164 0.000000
1652140620833686837 204.632870 0.000000
1652140621825667002 204.854350 0.000000
1652140622380934538 203.637260 0.000000
1652140622828767278 205.172070 0.000000
1652140623586172225 609.719697 0.000000
1652140623834014378 204.739885 0.000000
1652140624380852298 204.648905 0.000000
1652140624807509239 204.683894 0.000000
1652140625242757138 204.688705 0.000000
1652140625689120746 204.663132 0.000000
1652140625896922624 204.508031 0.000000
1652140626149801544 204.719895 0.000000
1652140626626784000 204.766942 0.000000
1652140626838665069 204.694549 0.000000
1652140627213885968 370.017188 0.000000
1652140627467624907 204.511082 0.000000
1652140627686423348 204.743516 0.000000
1652140627952935968 204.710068 0.000000
1652140628170107937 204.729347 0.000000
1652140628551413652 204.803999 0.000000
1652140628820931306 204.744420 0.000000
1652140629183666549 204.895811 0.000000
1652140629403732656 204.703323 0.000000
1652140629662529561 204.620462 0.000000
1652140629880058484 203.824810 0.000000
1652140630606241818 610.864634 0.000000
1652140631127750784 204.768409 0.000000
1652140631353641831 204.673506 0.000000
1652140631668523066 204.788189 0.000000
1652140632202492572 348.121030 0.000000
1652140632488848618 204.768887 0.000000
1652140632695178891 204.514437 0.000000
1652140632913462436 204.746845 0.000000
1652140633256314001 204.734032 0.000000
1652140633907242337 204.686927 0.000000
1652140634152975492 204.418615 0.000000
1652140634382975497 204.713066 0.000000
1652140634665391131 204.619269 0.000000
1652140634905749483 204.545075 0.000000
1652140635128509977 203.701701 0.000000
1652140635354257273 204.387759 0.000000
1652140635610232567 204.589599 0.000000
1652140635958295935 204.670763 0.000000
1652140636193626032 204.624080 0.000000
1652140636410613126 204.721279 0.000000
1652140636714312313 204.660095 0.000000
1652140637096110750 347.394143 0.000000
1652140637405828531 204.632176 0.000000
1652140637670152180 204.650699 0.000000
1652140637898210914 204.621087 0.000000
1652140638167100259 204.474149 0.000000
1652140638442458593 204.779555 0.000000
1652140638731814452 204.614718 0.000000
1652140639043426599 204.851143 0.000000
1652140639268362099 204.453019 0.000000
1652140639502668014 204.707660 0.000000
1652140639744129464 220.841294 0.000000
1652140639971091813 204.764143 0.000000
1652140640183926568 204.775865 0.000000
1652140640407025042 204.066722 0.000000
1652140640862182636 204.387595 0.000000
1652140641213653746 204.817562 0.000000
1652140641458844528 204.728929 0.000000
1652140641737541264 204.714479 0.000000
1652140642201568582 450.968153 0.000000
1652140642464844065 204.516232 0.000000
1652140642689983310 204.723637 0.000000
1652140642916862912 203.780460 0.000000
1652140643127683311 204.420599 0.000000
1652140643463853609 204.787511 0.000000
1652140643674408455 204.398665 0.000000
1652140643934227510 204.468612 0.000000
1652140644190308269 204.453296 0.000000
1652140644468777748 204.608781 0.000000
1652140644711841901 204.727543 0.000000
1652140645211396143 204.616513 0.000000
1652140645883118844 204.695836 0.000000
1652140647250700823 1071.686534 0.000000
1652140647490915983 204.818835 0.000000
1652140647832008671 204.877425 0.000000
1652140648084230653 204.469157 0.000000
1652140648502046892 204.306806 0.000000
1652140649020689907 204.648051 0.000000
1652140649356681302 204.465625 0.000000
1652140649763497329 204.849764 0.000000
1652140650016349053 204.612888 0.000000
1652140650223458148 204.592760 0.000000
1652140650526250737 204.695418 0.000000
1652140650814516705 204.669226 0.000000
1652140651063442496 204.649473 0.000000
1652140651288725387 204.159881 0.000000
1652140651860762543 204.717312 0.000000
1652140652307639906 270.752353 0.000000
1652140652643917369 204.643159 0.000000
1652140652876348847 204.882478 0.000000
1652140653107119940 204.654783 0.000000
1652140653343594110 204.542743 0.000000
1652140653680974543 204.672485 0.000000
1652140653984798049 204.080374 0.000000
1652140654222246396 204.902578 0.000000
1652140654747566797 204.622998 0.000000
1652140655110389624 204.845630 0.000000
1652140655433173843 204.862220 0.000000
1652140655748010878 204.966081 0.000000
1652140655965898612 204.763392 0.000000
1652140656463204713 204.697905 0.000000
1652140656842663935 204.639157 0.000000
1652140657289368927 429.184027 0.000000
1652140657774053407 204.948096 0.000000
1652140658100346641 204.635608 0.000000
1652140658386655381 204.838775 0.000000
1652140658736260627 204.715081 0.000000
1652140658967793960 204.727043 0.000000
1652140659305245621 204.590772 0.000000
1652140659544398674 204.674867 0.000000
1652140659835080134 204.827580 0.000000
1652140660072113801 204.709664 0.000000
1652140660407601564 204.538072 0.000000
1652140660636104037 204.876969 0.000000
1652140660881371019 204.852197 0.000000
1652140661390186170 204.753178 0.000000
1652140661663601704 204.444904 0.000000
1652140661919257889 204.806737 0.000000
1652140662318187387 300.147202 0.000000
1652140662662761761 204.487647 0.000000
1652140663020889272 204.762055 0.000000
1652140663242689094 204.554923 0.000000
1652140663477265739 204.529121 0.000000
1652140663692611387 204.617091 0.000000
1652140663921377877 204.355825 0.000000
1652140664517954344 204.825003 0.000000
1652140664769830755 204.698259 0.000000
1652140665173457345 203.766641 0.000000
1652140665487016999 204.735526 0.000000
1652140665725012458 204.892489 0.000000
1652140666012625476 204.650279 0.000000
1652140666261547454 204.626450 0.000000
1652140666505840790 204.643664 0.000000
1652140666713818282 204.767197 0.000000
1652140666944872741 204.001089 0.000000
1652140667323601367 361.797283 0.000000
1652140667647826360 204.842705 0.000000
1652140667942964023 204.966221 0.000000
1652140668168298432 204.998243 0.000000
1652140668429509580 204.766362 0.000000
1652140668712887996 204.844349 0.000000
1652140669104069215 204.717962 0.000000
1652140669467536410 204.791184 0.000000
1652140669746998631 204.746810 0.000000
1652140670160063373 204.603754 0.000000
1652140670395068387 204.780873 0.000000
1652140670834459624 204.494336 0.000000
1652140671211884424 204.805341 0.000000
1652140671447407147 204.585254 0.000000
1652140671785653073 204.812888 0.000000
1652140672312924399 353.496187 0.000000
1652140672783311958 204.918429 0.000000
1652140673036572139 204.550719 0.000000
1652140673658209776 204.608084 0.000000
1652140673984829709 204.894219 0.000000
1652140674339264733 204.780616 0.000000
1652140675011531900 614.874869 0.000000
1652140675251042002 204.725383 0.000000
1652140675485977844 204.780091 0.000000
1652140675700355794 204.647106 0.000000
1652140675939703512 204.783058 0.000000
1652140676422205325 204.793834 0.000000
1652140676993004500 204.903689 0.000000
1652140677328995606 281.765704 0.000000
1652140677735786349 204.530742 0.000000
1652140678250191125 204.961330 0.000000
1652140678453939220 203.684439 0.000000
1652140678918706116 204.813768 0.000000
1652140679262255679 204.769266 0.000000
1652140679622515633 204.940584 0.000000
1652140679867604358 204.786885 0.000000
1652140680218106618 204.694674 0.000000
1652140680557384191 204.641811 0.000000
1652140680771260854 204.758673 0.000000
1652140681022496137 204.658051 0.000000
1652140681278189330 204.672857 0.000000
1652140681563628783 204.695557 0.000000
1652140681811185686 204.890958 0.000000
1652140682399733714 289.422572 0.000000
1652140682617146838 204.382294 0.000000
1652140682856443422 204.587626 0.000000
1652140683158995796 204.700190 0.000000
1652140683443245592 204.667868 0.000000
1652140683708604931 204.723562 0.000000
1652140683918523400 203.587829 0.000000
1652140684150135178 204.699716 0.000000
1652140684363199595 204.516228 0.000000
1652140684566912263 203.574835 0.000000
1652140684790574362 204.678960 0.000000
1652140685163911839 204.837714 0.000000
1652140685432622364 204.674364 0.000000
1652140685739494847 204.753502 0.000000
1652140686073134597 204.820545 0.000000
1652140686410537203 203.969375 0.000000
1652140686904217039 204.506559 0.000000
1652140687173296349 237.163560 0.000000
1652140687414431989 204.654808 0.000000
1652140687665347775 204.603865 0.000000
1652140688274449591 205.009821 0.000000
1652140688616385893 204.758167 0.000000
1652140688867330757 204.891470 0.000000
1652140689138829468 204.765331 0.000000
1652140689587296467 204.421246 0.000000
1652140689805242956 204.736456 0.000000
1652140690435463844 614.189788 0.000000
1652140690827719274 205.119107 0.000000
1652140691216839242 204.837650 0.000000
1652140691632202751 204.759680 0.000000
1652140692184507356 280.214024 0.000000
1652140692478983624 225.323688 0.000000
1652140692961873520 204.340449 0.000000
1652140693168421322 204.538161 0.000000
1652140693458604744 204.820086 0.000000
1652140693945169344 204.608078 0.000000
1652140694282087455 204.867166 0.000000
1652140694651331381 204.602241 0.000000
1652140695020739603 204.779701 0.000000
1652140695374358713 204.760663 0.000000
1652140695773884429 204.889078 0.000000
1652140696051502545 204.832759 0.000000
1652140696473982117 204.818508 0.000000
1652140697118098563 609.845229 0.000000
1652140697408079703 286.137068 0.000000
1652140697624116552 204.533376 0.000000
1652140697956423546 204.907518 0.000000
1652140698180371667 204.761929 0.000000
1652140698419811211 204.827050 0.000000
1652140698907783143 203.472392 0.000000
1652140699166171114 204.896118 0.000000
1652140699405780023 204.945546 0.000000
1652140699647119021 203.537505 0.000000
1652140699862162377 204.668610 0.000000
1652140700069866274 204.746767 0.000000
1652140700413766177 204.868379 0.000000
1652140700679217350 204.643622 0.000000
1652140700963663525 204.660839 0.000000
1652140701308438593 204.824710 0.000000
1652140701722448551 204.536787 0.000000
1652140701977510400 204.512942 0.000000
1652140702391907662 303.877242 0.000000
1652140702752597637 204.677752 0.000000
1652140702962832220 204.905828 0.000000
1652140703328149908 204.660919 0.000000
1652140703647201893 204.650241 0.000000
1652140703899449179 204.471955 0.000000
1652140704160231021 204.652626 0.000000
1652140704378846405 204.665229 0.000000
1652140704726870652 204.799050 0.000000
1652140705028606379 204.679245 0.000000
1652140705339856873 204.892339 0.000000
1652140705617938227 204.561335 0.000000
1652140706260012279 614.129145 0.000000
1652140706528052360 204.743226 0.000000
1652140707432444477 701.005253 0.000000
1652140707729809993 204.647047 0.000000
1652140707966798323 204.656845 0.000000
1652140708600903815 204.761895 0.000000
1652140709099838270 205.033320 0.000000
1652140709306136932 204.409075 0.000000
1652140709571165067 204.661320 0.000000
1652140709841505266 204.808198 0.000000
1652140710138853137 204.729631 0.000000
1652140710485786557 204.695675 0.000000
1652140710796452702 205.021058 0.000000
1652140711555051106 205.076041 0.000000
1652140711788186395 204.692330 0.000000
1652140712027814790 204.711759 0.000000
1652140712472769226 335.686365 0.000000
1652140712737557947 204.769631 0.000000
1652140712952972161 204.291562 0.000000
1652140713205271013 204.474816 0.000000
1652140713481752441 204.912737 0.000000
1652140713703677469 204.932828 0.000000
1652140713984869945 204.763755 0.000000
1652140714425733409 204.838858 0.000000
1652140714675787724 204.741215 0.000000
1652140714943655454 204.996426 0.000000
1652140715500917314 204.857611 0.000000
1652140715707555419 204.713012 0.000000
1652140715946535044 204.872744 0.000000
1652140716324976280 205.443891 0.000000
1652140716608552363 204.621595 0.000000
1652140716967019120 203.946957 0.000000
1652140717219130267 210.355189 0.000000
1652140717491547402 270.509386 0.000000
1652140717699979430 204.432934 0.000000
1652140717962728522 204.867565 0.000000
1652140718201408059 204.709511 0.000000
1652140718441226701 204.873412 0.000000
1652140718655860984 204.831738 0.000000
1652140718917797428 204.731802 0.000000
1652140719135626823 204.709771 0.000000
1652140719358520844 204.675754 0.000000
1652140720366977266 615.165259 0.000000
1652140720600848046 204.798492 0.000000
1652140720857059367 204.134684 0.000000
1652140721261732765 203.617994 0.000000
1652140721599244471 204.704749 0.000000
1652140721863457714 204.956949 0.000000
1652140722071015910 204.846495 0.000000
1652140722440286300 357.186631 0.000000
1652140722659863218 204.630882 0.000000
1652140722949388757 204.742769 0.000000
1652140723382031583 204.983504 0.000000
1652140723748142184 204.560848 0.000000
1652140724004043187 204.820832 0.000000
1652140724217219638 204.544823 0.000000
1652140724423329293 203.979229 0.000000
1652140724691059888 204.012164 0.000000
1652140724960921406 205.035078 0.000000
1652140725270906397 204.851241 0.000000
1652140725578169974 204.747072 0.000000
1652140725867191630 204.642109 0.000000
1652140726200163352 204.890265 0.000000
1652140726433672614 204.785896 0.000000
1652140726718962795 204.295960 0.000000
1652140726960609449 204.588052 0.000000
1652140727239371265 212.446010 0.000000
1652140727518335196 248.241627 0.000000
1652140727741911682 204.481993 0.000000
1652140727979848242 203.922572 0.000000
1652140728317223294 204.931164 0.000000
1652140728562699760 204.725963 0.000000
1652140729197503307 609.496888 0.000000
1652140729428988680 204.812362 0.000000
1652140729675692853 204.799268 0.000000
1652140730075622293 204.667820 0.000000
1652140730348905312 204.620147 0.000000
1652140730711239403 204.870869 0.000000
1652140731047957361 204.675601 0.000000
1652140731313338206 204.706904 0.000000
1652140731542476255 204.726791 0.000000
1652140731898092790 204.725497 0.000000
1652140732326336478 313.481199 0.000000
1652140732580934669 204.948441 0.000000
1652140732843538507 204.908836 0.000000
1652140733424631517 205.004143 0.000000
1652140733662256268 204.633509 0.000000
1652140734292733159 611.130477 0.000000
1652140734602819782 204.535642 0.000000
1652140734814439785 204.538041 0.000000
1652140735033936780 204.953009 0.000000
1652140735281024614 204.804544 0.000000
1652140735772194167 204.892949 0.000000
1652140735994380105 204.964790 0.000000
1652140736367834914 204.707263 0.000000
1652140736649226689 204.903092 0.000000
1652140736869023565 204.614157 0.000000
1652140737092233033 211.264555 0.000000
1652140737463806331 351.085346 0.000000
1652140737686954155 204.466283 0.000000
1652140738006645072 204.767313 0.000000
1652140738350993353 204.920603 0.000000
1652140738595698633 204.526689 0.000000
1652140738849498904 204.861678 0.000000
1652140739731411011 204.844946 0.000000
1652140740069491646 204.635274 0.000000
1652140740556047730 204.775031 0.000000
1652140740819425185 204.863700 0.000000
1652140741122041842 204.748108 0.000000
1652140741686870648 204.882273 0.000000
1652140742249000327 269.350757 0.000000
1652140742616899088 204.744416 0.000000
1652140742887554902 204.915689 0.000000
1652140743178520707 204.875801 0.000000
1652140743464454741 204.458963 0.000000
1652140743812994952 204.908298 0.000000
1652140744046250779 204.771808 0.000000
1652140744326921918 205.092837 0.000000
1652140744585893298 204.727844 0.000000
1652140744803891164 204.747250 0.000000
1652140745051145646 204.814995 0.000000
1652140745450960354 205.114863 0.000000
1652140745724321721 205.000685 0.000000
1652140745943193665 204.784350 0.000000
1652140746248929918 204.994413 0.000000
1652140746529214253 204.599102 0.000000
1652140746824905115 204.856817 0.000000
1652140747030166248 204.508850 0.000000
1652140747475886823 335.157289 0.000000
1652140747711102736 204.512533 0.000000
1652140748062867862 204.725860 0.000000
1652140748279001975 204.536833 0.000000
1652140748568225723 204.677710 0.000000
1652140748815210569 204.173483 0.000000
1652140749023947226 204.386290 0.000000
1652140749268141052 204.455425 0.000000
1652140749491849302 205.069149 0.000000
1652140749708945496 204.933380 0.000000
1652140749926157814 204.588685 0.000000
1652140750158976362 204.200694 0.000000
1652140750372846719 204.817622 0.000000
1652140750721539796 204.775369 0.000000
1652140751149474597 204.970090 0.000000
1652140751441804341 204.625478 0.000000
1652140751797119774 204.878793 0.000000
1652140752249657340 226.333824 0.000000
1652140752565620419 256.471791 0.000000
1652140752813975860 203.850174 0.000000
1652140753174687279 204.765012 0.000000
1652140753388507245 204.774999 0.000000
1652140753710436020 204.944473 0.000000
1652140753929762105 204.685499 0.000000
1652140754362758042 204.851849 0.000000
1652140754633043073 204.840337 0.000000
1652140754845779147 203.312735 0.000000
1652140755127519853 204.812924 0.000000
1652140755782993141 615.865095 0.000000
1652140755992023741 204.812941 0.000000
1652140756277747291 204.789359 0.000000
1652140756561976065 205.056610 0.000000
1652140756809797272 204.848619 0.000000
1652140757028439717 204.708128 0.000000
1652140757492926331 457.761233 0.000000
1652140757847371027 204.792654 0.000000
1652140758077206076 205.084359 0.000000
1652140758334579531 204.871214 0.000000
1652140758939022280 204.824588 0.000000
1652140759276809508 204.844793 0.000000
1652140759941568502 609.937164 0.000000
1652140760286665897 204.801361 0.000000
1652140760725575825 204.868595 0.000000
1652140760979537843 205.098549 0.000000
1652140761190187990 204.414566 0.000000
1652140761457433414 204.888248 0.000000
1652140761719369783 204.778554 0.000000
1652140762087123217 204.784558 0.000000
1652140762613426496 221.611452 0.000000
1652140763061417642 205.076840 0.000000
1652140763504875999 204.632522 0.000000
1652140763854653570 205.087610 0.000000
1652140764097825286 204.309994 0.000000
1652140764330640276 204.503605 0.000000
1652140764630305377 204.746927 0.000000
1652140764844142825 204.732546 0.000000
1652140765098940215 204.844498 0.000000
1652140765354940102 204.686587 0.000000
1652140765572853072 204.779650 0.000000
1652140765897617031 204.924831 0.000000
1652140766185069404 204.737377 0.000000
1652140766466183860 204.626924 0.000000
1652140766708877872 204.938289 0.000000
1652140766912502991 203.321490 0.000000
1652140767360062511 249.169520 0.000000
1652140767624951763 244.697212 0.000000
1652140767866406128 204.763064 0.000000
1652140768162267736 203.996705 0.000000
1652140768393449781 204.913424 0.000000
1652140768638098606 204.741744 0.000000
1652140769257105988 204.771839 0.000000
1652140769467250805 204.646197 0.000000
1652140769681454005 204.663605 0.000000
1652140770164279666 204.956038 0.000000
1652140770476750519 204.801454 0.000000
1652140770711545176 204.888616 0.000000
1652140771023617984 204.862417 0.000000
1652140771539225857 204.759693 0.000000
1652140771821904031 204.725894 0.000000
1652140772049938226 204.900961 0.000000
1652140772427763709 280.875010 0.000000
1652140772724278711 204.747282 0.000000
1652140772936090389 204.723221 0.000000
1652140773207216660 204.080912 0.000000
1652140773513307105 203.988229 0.000000
1652140774305367945 205.426693 0.000000
1652140774529404817 204.725257 0.000000
1652140774842247253 205.047869 0.000000
1652140775141800756 204.802247 0.000000
1652140775545084077 204.013902 0.000000
1652140775941838997 204.855301 0.000000
1652140776605923987 615.516513 0.000000
1652140777424621690 315.017415 0.000000
1652140777741045556 204.728762 0.000000
1652140778025573342 204.683257 0.000000
1652140778257190095 204.890892 0.000000
1652140778553066932 204.908115 0.000000
1652140778867342313 204.759172 0.000000
1652140779118000444 204.974567 0.000000
1652140779351766865 204.804311 0.000000
1652140779617139279 204.783302 0.000000
1652140779902723189 204.824934 0.000000
1652140780140196273 204.958009 0.000000
1652140780482937868 204.676137 0.000000
1652140780766417537 204.823374 0.000000
1652140781076890152 204.816099 0.000000
1652140781299843697 204.435271 0.000000
1652140781511997268 204.807937 0.000000
1652140781804781765 203.964099 0.000000
1652140782157611610 204.866665 0.000000
1652140782545482093 354.019448 0.000000
1652140782821406904 204.478954 0.000000
1652140783139442783 205.054336 0.000000
1652140783365120058 204.940398 0.000000
1652140783620344121 204.887681 0.000000
1652140784034728872 204.993111 0.000000
1652140784336469859 204.574255 0.000000
1652140784633439476 204.276062 0.000000
1652140784856617449 204.724381 0.000000
1652140785064253482 204.637567 0.000000
1652140785357798355 204.921413 0.000000
1652140785908383365 204.809972 0.000000
1652140786163898558 204.929516 0.000000
1652140786393657733 205.065665 0.000000
1652140786598836006 204.410531 0.000000
1652140786819301296 204.797653 0.000000
1652140787244706741 204.818966 0.000000
1652140787940509257 204.791195 0.000000
1652140788330560578 205.008204 0.000000
1652140788705572195 204.959920 0.000000
1652140788977940599 205.062972 0.000000
