1652140230725521385 305.866041 3.002762 2 0 0.000000
1652140231897859114 231.964536 3.411986 4 0 0.000000
1652140232721015779 204.160378 3.644507 3 0 0.000000
1652140233842131904 204.304056 2.675905 3 0 0.000000
1652140234911064656 204.245983 3.742050 4 0 0.000000
1652140235705999219 203.740493 2.515930 2 0 0.000000
1652140236840554197 230.514469 2.644209 3 0 0.000000
1652140237937412783 204.134485 3.646778 4 0 0.000000
1652140238953805103 204.230925 3.935488 4 0 0.000000
1652140239974940704 204.278912 2.937906 3 0 0.000000
1652140240857588491 204.291722 3.398864 3 0 0.000000
1652140241797751517 912.952103 1.063645 1 0 0.000000
1652140243043034402 204.316802 2.409091 3 0 0.000000
1652140243835138470 204.285548 3.787381 3 0 0.000000
1652140245063016388 204.198770 3.257653 4 0 0.000000
1652140245920207363 204.352909 2.333202 2 0 0.000000
1652140246961039226 204.171466 1.921540 2 0 0.000000
1652140247521821093 204.110924 1.783225 1 0 0.000000
1652140249050494359 339.076106 1.962486 3 0 0.000000
1652140249797822643 204.279603 4.014300 3 0 0.000000
1652140250789355985 203.989778 4.034156 4 0 0.000000
1652140251911470479 205.259311 2.673524 3 0 0.000000
1652140252956895637 204.162984 3.826194 4 0 0.000000
1652140254018360001 204.211437 2.826284 3 0 0.000000
1652140255062487116 204.313261 2.873213 3 0 0.000000
1652140255755880631 204.162937 4.326548 3 0 0.000000
1652140256875778059 486.666311 1.785878 2 0 0.000000
1652140257906794309 204.172781 3.879667 4 0 0.000000
1652140258903537134 204.009596 3.009803 3 0 0.000000
1652140259918822372 204.276243 2.954835 3 0 0.000000
1652140260865945150 204.204662 4.223317 4 0 0.000000
1652140261872014477 205.418397 2.981902 3 0 0.000000
1652140263063215947 340.863045 2.518466 3 0 0.000000
1652140264027864727 204.235335 3.109940 3 0 0.000000
1652140264980687683 204.177935 3.148539 3 0 0.000000
1652140265844546274 204.052389 3.472791 3 0 0.000000
1652140266949482816 214.049229 3.620117 4 0 0.000000
1652140267886229590 204.282591 3.202573 3 0 0.000000
1652140269038684756 204.307533 3.470851 4 0 0.000000
1652140269932042513 204.269736 3.358117 3 0 0.000000
1652140270702140689 204.319578 2.597071 2 0 0.000000
1652140271984925515 232.044547 2.338662 3 0 0.000000
1652140272891421922 204.266143 3.309445 3 0 0.000000
1652140273947050505 204.263950 2.841909 3 0 0.000000
1652140275023185649 204.081468 3.717005 4 0 0.000000
1652140275870805213 204.243099 3.539324 3 0 0.000000
1652140276963723965 235.193997 2.744943 3 0 0.000000
1652140277922364669 204.313384 2.086287 2 0 0.000000
1652140278807720526 203.929344 3.388468 3 0 0.000000
1652140279988292820 204.292015 2.541140 3 0 0.000000
1652140280854282320 203.954726 3.464245 3 0 0.000000
1652140281837297940 225.213008 3.051833 3 0 0.000000
1652140282902742398 204.275186 2.815726 3 0 0.000000
1652140283967266868 407.199588 1.878773 2 0 0.000000
1652140285041254369 204.325296 3.724438 4 0 0.000000
1652140285872153299 204.360136 3.610547 3 0 0.000000
1652140286487786367 252.924537 3.248688 2 0 0.000000
1652140287891431413 306.572047 2.849723 4 0 0.000000
1652140288995706527 204.114962 3.622286 4 0 0.000000
1652140290031254475 204.329269 3.862689 4 0 0.000000
1652140290792994860 203.729819 3.938350 3 0 0.000000
1652140291854524275 230.735668 2.826111 3 0 0.000000
1652140292902134758 204.172349 3.818213 4 0 0.000000
1652140293957308367 204.233064 3.790845 4 0 0.000000
1652140294986317819 204.216597 3.887233 4 0 0.000000
1652140295780921853 204.200287 3.775465 3 0 0.000000
1652140297066549116 211.660575 2.333491 3 0 0.000000
1652140297876740752 204.299350 2.468552 2 0 0.000000
1652140299063078646 204.324988 3.371721 4 0 0.000000
1652140300030005837 204.175606 4.136816 4 0 0.000000
1652140300901550247 204.161371 3.442165 3 0 0.000000
1652140301720502098 223.982924 3.663219 3 0 0.000000
1652140302952830146 340.744336 2.434417 3 0 0.000000
1652140303840013939 204.417631 3.381486 3 0 0.000000
1652140304968132945 204.074913 3.545725 4 0 0.000000
1652140305924561627 204.229015 3.136669 3 0 0.000000
1652140307007446630 204.651909 2.770377 3 0 0.000000
1652140307871135438 409.550673 2.315649 2 0 0.000000
1652140308562915958 203.991197 2.891090 2 0 0.000000
1652140309812096220 339.322415 2.401575 3 0 0.000000
1652140310877949876 204.333588 2.814645 3 0 0.000000
1652140311896503526 234.294165 2.945353 3 0 0.000000
1652140313098655036 204.467995 2.495526 3 0 0.000000
1652140314094151707 204.147589 3.013571 3 0 0.000000
1652140314896343014 204.216734 3.739756 3 0 0.000000
1652140315898333427 203.959583 3.992054 4 0 0.000000
1652140316966587985 238.558040 2.808319 3 0 0.000000
1652140318037150337 204.296264 3.736354 4 0 0.000000
1652140319078125609 204.139194 3.842550 4 0 0.000000
1652140319805729098 203.959478 4.123125 3 0 0.000000
1652140320720494596 204.364234 3.279529 3 0 0.000000
1652140321887739567 236.135133 2.570155 3 0 0.000000
1652140323051526211 204.075673 3.437056 4 0 0.000000
1652140323888688621 204.427366 3.583534 3 0 0.000000
1652140324987474673 204.411251 2.730286 3 0 0.000000
1652140325920800493 204.393011 3.214312 3 0 0.000000
1652140327073456324 236.433663 3.470247 4 0 0.000000
1652140328130142235 204.331882 2.839065 3 0 0.000000
1652140329105628483 204.371035 3.075389 3 0 0.000000
1652140330049469899 204.260014 3.178500 3 0 0.000000
1652140331006731745 203.902527 3.133939 3 0 0.000000
1652140331881460547 218.619423 3.429634 3 0 0.000000
1652140332981010727 204.272589 2.728388 3 0 0.000000
1652140334067513589 204.244949 2.761152 3 0 0.000000
1652140334877587550 204.402462 3.703365 3 0 0.000000
1652140336092793412 204.371622 3.291623 4 0 0.000000
1652140337110337421 207.235892 3.931034 4 0 0.000000
1652140337983795416 204.375267 3.434624 3 0 0.000000
1652140339115614621 204.194474 3.534133 4 0 0.000000
1652140339957224264 204.361346 3.564598 3 0 0.000000
1652140340975750272 204.340895 2.945433 3 0 0.000000
1652140342110577019 407.195376 1.762384 2 0 0.000000
1652140343125799016 204.321294 2.955019 3 0 0.000000
1652140344123707044 204.387359 3.006289 3 0 0.000000
1652140344968705144 204.315267 3.550304 3 0 0.000000
1652140346065778695 204.214228 3.646064 4 0 0.000000
1652140347064030934 215.189830 4.007003 4 0 0.000000
1652140348017186669 204.120760 4.196586 4 0 0.000000
1652140349141365136 204.366562 2.668615 3 0 0.000000
1652140349988846188 204.403772 3.539902 3 0 0.000000
1652140351083717625 204.409553 3.653397 4 0 0.000000
1652140351681504639 232.917962 3.345673 2 0 0.000000
1652140352952659625 339.642165 2.360058 3 0 0.000000
1652140354098871626 204.447201 3.489756 4 0 0.000000
1652140355077875409 408.886067 2.042893 2 0 0.000000
1652140355911493613 204.494855 3.598770 3 0 0.000000
1652140356783534763 228.670189 3.440205 3 0 0.000000
1652140357906125402 204.439515 3.563187 4 0 0.000000
1652140358654340704 204.284442 4.009541 3 0 0.000000
1652140360070533357 339.136736 2.118356 3 0 0.000000
1652140360949335546 204.285392 3.413738 3 0 0.000000
1652140362040518508 215.344938 2.749310 3 0 0.000000
1652140363036586742 204.344570 4.015789 4 0 0.000000
1652140364128122415 204.329620 2.748421 3 0 0.000000
1652140365135927143 204.258723 2.976767 3 0 0.000000
1652140366128677373 204.189255 4.029211 4 0 0.000000
1652140366999347864 235.068270 3.445620 3 0 0.000000
1652140367878081323 409.431475 2.276003 2 0 0.000000
1652140369154868844 204.117966 3.132863 4 0 0.000000
1652140370026236597 204.227217 1.147621 1 0 0.000000
1652140370983235586 204.501698 2.089866 2 0 0.000000
1652140372069233270 245.438258 3.683249 4 0 0.000000
1652140372990882993 203.944310 2.170022 2 0 0.000000
1652140374003074059 204.384267 2.963867 3 0 0.000000
1652140375174430498 204.202461 2.561133 3 0 0.000000
1652140376026994328 204.284375 3.518798 3 0 0.000000
1652140377043150965 474.372402 1.968200 2 0 0.000000
1652140378189590130 204.397737 3.489064 4 0 0.000000
1652140379107445170 204.422250 3.268490 3 0 0.000000
1652140380125644206 204.313422 3.928505 4 0 0.000000
1652140380967629014 204.301402 3.563010 3 0 0.000000
1652140382100082334 223.077792 3.532154 4 0 0.000000
1652140383120637980 204.303136 3.919434 4 0 0.000000
1652140384081050784 204.452378 3.123657 3 0 0.000000
1652140385099935072 204.058818 2.944397 3 0 0.000000
1652140386002876099 204.412222 3.322476 3 0 0.000000
1652140386848363774 262.599692 2.365499 2 0 0.000000
1652140387783525507 406.985711 2.138668 2 0 0.000000
1652140389060217975 204.467112 3.133096 4 0 0.000000
1652140389900601948 407.329907 2.379865 2 0 0.000000
1652140391196885571 204.428821 3.085744 4 0 0.000000
1652140392147915873 454.483399 2.102982 2 0 0.000000
1652140392929782198 204.421162 3.836973 3 0 0.000000
1652140393629293761 204.490792 2.859138 2 0 0.000000
1652140395082725764 307.212238 2.752107 4 0 0.000000
1652140395922616509 204.318538 3.571893 3 0 0.000000
1652140397038680637 263.425014 1.792012 2 0 0.000000
1652140397886722804 204.258295 2.358373 2 0 0.000000
1652140399071484044 204.061354 2.532156 3 0 0.000000
1652140399575777270 204.457371 3.965947 2 0 0.000000
1652140401201021322 307.062871 2.461169 4 0 0.000000
1652140402057621246 814.011680 1.167406 1 0 0.000000
1652140403013305632 204.296729 4.185482 4 0 0.000000
1652140404045514913 204.403809 2.906387 3 0 0.000000
1652140404674205162 204.374393 3.181217 2 0 0.000000
1652140405993682377 339.781773 2.273628 3 0 0.000000
1652140406912605738 258.876173 3.264690 3 0 0.000000
1652140407579189062 204.359708 1.500188 1 0 0.000000
1652140409093966922 306.396310 2.640651 4 0 0.000000
1652140409632500495 203.936270 3.713789 2 0 0.000000
1652140411055680861 306.749098 2.810607 4 0 0.000000
1652140412244058493 227.581283 3.365933 4 0 0.000000
1652140413215395526 204.414727 3.088526 3 0 0.000000
1652140414180749389 204.595541 2.071779 2 0 0.000000
1652140415216113237 204.394205 3.863376 4 0 0.000000
1652140415959457421 204.437105 2.690544 2 0 0.000000
1652140417234255264 233.598126 3.137752 4 0 0.000000
1652140418077693475 204.459314 3.556870 3 0 0.000000
1652140418988249754 204.428100 3.294689 3 0 0.000000
1652140420191797580 204.488331 3.323507 4 0 0.000000
1652140420997892151 204.589436 3.721648 3 0 0.000000
1652140422137736904 228.280736 2.631937 3 0 0.000000
1652140423168311780 204.510300 2.910997 3 0 0.000000
1652140423847992028 204.549712 2.942560 2 0 0.000000
1652140424744627380 204.403328 2.230561 2 0 0.000000
1652140426247604131 305.850006 2.661385 4 0 0.000000
1652140427242741175 214.357019 3.014660 3 0 0.000000
1652140428155918423 409.081168 2.190155 2 0 0.000000
1652140429187706944 406.742715 1.938382 2 0 0.000000
1652140430043819275 204.344498 3.504213 3 0 0.000000
1652140431225540733 204.332413 3.384892 4 0 0.000000
1652140431748172647 235.806289 3.826785 2 0 0.000000
1652140433191083792 307.049172 2.772173 4 0 0.000000
1652140434150232289 204.612890 3.127774 3 0 0.000000
1652140435256122148 204.363684 2.712748 3 0 0.000000
1652140436077560848 204.186783 3.652129 3 0 0.000000
1652140437175256405 246.142627 2.732998 3 0 0.000000
1652140438050231376 204.581289 2.285780 2 0 0.000000
1652140439220866326 409.067526 1.708475 2 0 0.000000
1652140440080758410 204.514705 3.488810 3 0 0.000000
1652140441244902907 204.531967 3.436000 4 0 0.000000
1652140441590827292 298.633806 2.890805 1 0 0.000000
1652140443077304115 407.967940 2.018195 3 0 0.000000
1652140443916895289 204.443409 3.573168 3 0 0.000000
1652140444776141235 204.649376 2.327622 2 0 0.000000
1652140446175955888 341.251763 2.143141 3 0 0.000000
1652140447292937717 217.626922 2.685809 3 0 0.000000
1652140448222324542 204.254481 3.227935 3 0 0.000000
1652140449252340011 204.452517 2.912578 3 0 0.000000
1652140450295750785 204.496021 3.833581 4 0 0.000000
1652140451134379913 204.410327 2.384844 2 0 0.000000
1652140452188242411 222.381258 2.846671 3 0 0.000000
1652140453258877223 204.078665 1.868051 2 0 0.000000
1652140454314319016 204.518617 2.842412 3 0 0.000000
1652140455219419437 204.683806 3.314549 3 0 0.000000
1652140456127087373 204.438909 3.305173 3 0 0.000000
1652140457264271363 213.161065 1.758730 2 0 0.000000
1652140458221661200 204.387849 3.133520 3 0 0.000000
1652140459263676055 204.536724 3.838717 4 0 0.000000
1652140459575758357 204.402419 3.204283 1 0 0.000000
1652140461111281070 340.761195 1.953732 3 0 0.000000
1652140461920747439 221.495629 3.706145 3 0 0.000000
1652140463289661408 204.519245 2.922024 4 0 0.000000
1652140464171406927 204.374406 3.402342 3 0 0.000000
1652140465283216376 204.491891 3.597739 4 0 0.000000
1652140466248458528 204.575569 3.108028 3 0 0.000000
1652140467172586717 246.151263 3.246303 3 0 0.000000
1652140468127595664 204.308201 4.188442 4 0 0.000000
1652140469222358145 204.463980 3.653761 4 0 0.000000
1652140469925719288 204.533193 2.843489 2 0 0.000000
1652140471205257574 204.569451 3.126128 4 0 0.000000
1652140472073565583 281.169333 2.303330 2 0 0.000000
1652140473287821740 204.474774 3.294198 4 0 0.000000
1652140474154349329 204.386928 3.462094 3 0 0.000000
1652140475099095191 408.815110 2.116971 2 0 0.000000
1652140476209753768 204.301827 3.601467 4 0 0.000000
1652140477264277890 475.523823 1.896590 2 0 0.000000
1652140478197751295 204.419114 3.213803 3 0 0.000000
1652140479074887560 204.553260 3.420221 3 0 0.000000
1652140480319152858 204.616553 3.214749 4 0 0.000000
1652140481237209325 204.539229 3.267773 3 0 0.000000
1652140482113136737 235.806318 3.424941 3 0 0.000000
1652140483200222512 204.531983 3.679562 4 0 0.000000
1652140484331710566 339.445267 2.651376 3 0 0.000000
1652140485331020470 204.480334 3.002072 3 0 0.000000
1652140486291119295 204.669740 3.124678 3 0 0.000000
1652140487217836550 232.552381 3.237233 3 0 0.000000
1652140488202206303 204.476246 3.047635 3 0 0.000000
1652140489337908977 204.475410 2.641536 3 0 0.000000
1652140490259201703 204.494794 3.256294 3 0 0.000000
1652140491204353357 204.227809 2.116063 2 0 0.000000
1652140492206940076 240.880539 2.992260 3 0 0.000000
1652140493319638010 341.200593 2.696150 3 0 0.000000
1652140494086899842 204.384465 3.910008 3 0 0.000000
1652140495087891103 409.163668 1.998019 2 0 0.000000
1652140496235885718 204.510502 3.484337 4 0 0.000000
1652140497214583743 621.993383 1.021766 1 0 0.000000
1652140498329022468 204.518944 2.691938 3 0 0.000000
1652140499144573935 204.594951 2.452328 2 0 0.000000
1652140500304266768 204.592021 3.449189 4 0 0.000000
1652140501059027146 204.568767 3.974771 3 0 0.000000
1652140502239271819 216.469430 3.389128 4 0 0.000000
1652140503152370695 204.165827 4.380687 4 0 0.000000
1652140504120434108 204.497485 3.098971 3 0 0.000000
1652140505287921127 204.475266 3.426162 4 0 0.000000
1652140506055691673 204.560569 3.907417 3 0 0.000000
1652140507133417423 262.189361 1.855760 2 0 0.000000
1652140508304256580 204.492700 3.416353 4 0 0.000000
1652140509097069956 204.538847 2.522662 2 0 0.000000
1652140510299406627 204.576559 2.495141 3 0 0.000000
1652140511106988736 204.265057 3.714793 3 0 0.000000
1652140512108760701 225.303606 2.994694 3 0 0.000000
1652140513215040916 204.506656 2.711790 3 0 0.000000
1652140514266828144 204.456932 2.852288 3 0 0.000000
1652140515122359112 205.111526 3.506594 3 0 0.000000
1652140516302504114 204.562935 3.389414 4 0 0.000000
1652140517095873174 264.591762 2.520895 2 0 0.000000
1652140518220446834 204.528603 2.667678 3 0 0.000000
1652140519316018620 204.572371 3.651062 4 0 0.000000
1652140520313918796 204.497712 3.006313 3 0 0.000000
1652140520985218052 204.561645 2.979297 2 0 0.000000
1652140521686837508 249.350898 2.850548 2 0 0.000000
1652140523127794322 306.060441 2.775933 4 0 0.000000
1652140524300293339 204.372571 3.411517 4 0 0.000000
1652140525331240149 204.605099 1.939964 2 0 0.000000
1652140526143587722 204.358476 3.693001 3 0 0.000000
1652140527215977292 247.513645 2.797491 3 0 0.000000
1652140528331046770 340.978855 2.690415 3 0 0.000000
1652140529188412077 204.681549 3.499092 3 0 0.000000
1652140530313588677 204.486240 3.554997 4 0 0.000000
1652140531277500199 204.428643 2.074879 2 0 0.000000
1652140532213996274 256.639373 3.203430 3 0 0.000000
1652140533160292190 204.603702 3.170256 3 0 0.000000
1652140534246425324 204.675789 2.762092 3 0 0.000000
1652140535212875471 204.538090 3.104144 3 0 0.000000
1652140536318426857 204.347244 3.618104 4 0 0.000000
1652140537324752420 272.450348 1.987428 2 0 0.000000
1652140538277474946 204.579570 4.198494 4 0 0.000000
1652140539271433955 204.472601 4.024311 4 0 0.000000
1652140540236787157 409.735723 2.071781 2 0 0.000000
1652140541048798173 204.498991 3.694531 3 0 0.000000
1652140542304680324 214.176035 3.185012 4 0 0.000000
1652140542925999311 204.372950 3.218959 2 0 0.000000
1652140544319032844 204.588262 2.871431 4 0 0.000000
1652140545317688943 204.616380 3.004037 3 0 0.000000
1652140546268951186 204.338931 3.153705 3 0 0.000000
1652140547198956023 224.195281 3.225790 3 0 0.000000
1652140548106836916 204.521040 3.304398 3 0 0.000000
1652140549207505928 204.680769 1.817077 2 0 0.000000
1652140550225351164 203.737461 1.964935 2 0 0.000000
1652140551304148078 204.536146 3.707834 4 0 0.000000
1652140552198525228 211.645349 3.354290 3 0 0.000000
1652140553334349676 204.348540 4.402089 5 0 0.000000
1652140554113445468 204.477936 2.567078 2 0 0.000000
1652140555162019110 204.560362 2.861029 3 0 0.000000
1652140555971231345 204.709132 3.707309 3 0 0.000000
1652140557345706444 253.304870 2.182651 3 0 0.000000
1652140558002050962 203.737310 4.570770 3 0 0.000000
1652140559334919775 204.613885 2.250784 3 0 0.000000
1652140560160841001 204.665132 2.421538 2 0 0.000000
1652140561280307375 204.488651 3.573131 4 0 0.000000
1652140562145081437 243.266150 3.469114 3 0 0.000000
1652140563213000777 204.693434 2.809201 3 0 0.000000
1652140564325291387 204.641108 2.697137 3 0 0.000000
1652140565104965949 204.460256 3.847759 3 0 0.000000
1652140566258536723 409.181891 1.733747 2 0 0.000000
1652140567228005646 231.994934 3.094478 3 0 0.000000
1652140568084157848 204.163659 3.504050 3 0 0.000000
1652140569118792543 204.447236 2.899574 3 0 0.000000
1652140570104755457 204.522517 3.042711 3 0 0.000000
1652140571074741153 204.741886 3.092829 3 0 0.000000
1652140572335807852 256.432324 3.171918 4 0 0.000000
1652140572810523093 204.143954 4.213052 2 0 0.000000
1652140574222164240 204.538045 2.833581 4 0 0.000000
1652140575190794024 204.520936 4.129545 4 0 0.000000
1652140576105277378 610.352650 1.093514 1 0 0.000000
1652140577344071247 232.042671 2.421710 3 0 0.000000
1652140578213154179 204.588007 3.451915 3 0 0.000000
1652140579103800837 204.365227 3.368339 3 0 0.000000
1652140580333395279 204.673369 2.439829 3 0 0.000000
1652140580745694971 203.872845 4.850840 2 0 0.000000
1652140582218164604 255.810225 2.037393 3 0 0.000000
1652140583035951517 204.526014 3.668437 3 0 0.000000
1652140584370293269 204.519184 2.997733 4 0 0.000000
1652140585340456535 204.444134 4.123017 4 0 0.000000
1652140586376387874 204.631495 3.861260 4 0 0.000000
1652140587166105290 218.216662 3.798827 3 0 0.000000
1652140588375086035 204.693909 3.308572 4 0 0.000000
1652140589300328753 204.675327 3.242392 3 0 0.000000
1652140589922486741 204.705724 3.214618 2 0 0.000000
1652140591381162501 306.695177 2.742213 4 0 0.000000
1652140592003314458 232.530137 3.214649 2 0 0.000000
1652140593372234463 204.752529 2.922012 4 0 0.000000
1652140594089948767 204.650318 2.786624 2 0 0.000000
1652140595165393773 203.838462 2.789543 3 0 0.000000
1652140596093599373 204.414439 3.232043 3 0 0.000000
1652140596837596813 225.320888 2.688181 2 0 0.000000
1652140598304719279 368.633700 2.044819 3 0 0.000000
1652140599375507319 204.643295 3.735567 4 0 0.000000
1652140600184184353 204.804565 3.709763 3 0 0.000000
1652140601392807357 204.733120 3.309551 4 0 0.000000
1652140602276379516 241.635676 3.395308 3 0 0.000000
1652140603306866307 204.676287 3.881661 4 0 0.000000
1652140603909456579 204.724427 3.319005 2 0 0.000000
1652140604822560381 407.297248 2.190331 2 0 0.000000
1652140606289028647 306.642129 2.727642 4 0 0.000000
1652140607211850309 230.107025 3.250899 3 0 0.000000
1652140607784738749 204.568904 3.491081 2 0 0.000000
1652140609215713862 204.349902 2.096473 3 0 0.000000
1652140610381001737 204.665578 3.432628 4 0 0.000000
1652140611251827623 204.698337 2.296670 2 0 0.000000
1652140612216193918 274.220678 3.110851 3 0 0.000000
1652140613152757660 205.167796 3.203199 3 0 0.000000
1652140614069064238 204.655765 3.274013 3 0 0.000000
1652140615321218505 204.558582 3.194495 4 0 0.000000
1652140616129817061 204.558940 2.473415 2 0 0.000000
1652140617217879131 284.072832 2.757196 3 0 0.000000
1652140618264917928 204.605457 3.820298 4 0 0.000000
1652140618977756752 204.566974 4.208525 3 0 0.000000
1652140620294936106 612.243027 1.518396 2 0 0.000000
1652140621370664103 204.638473 4.648015 5 0 0.000000
1652140622416210217 243.013033 2.869314 3 0 0.000000
1652140623215254985 204.558344 3.754483 3 0 0.000000
1652140624247851061 204.504714 3.873732 4 0 0.000000
1652140625217635508 204.440925 3.093471 3 0 0.000000
1652140626407765547 204.791416 3.360977 4 0 0.000000
1652140627066771577 229.218080 3.034874 2 0 0.000000
1652140628272129438 204.895924 2.488887 3 0 0.000000
1652140629217436994 204.612148 3.173570 3 0 0.000000
1652140630187451062 204.682984 3.092739 3 0 0.000000
1652140631395939992 204.546863 3.309919 4 0 0.000000
1652140632285984974 243.175169 3.370616 3 0 0.000000
1652140633364883529 204.403984 3.707485 4 0 0.000000
1652140634331488855 204.516313 3.103645 3 0 0.000000
1652140635165405435 204.448094 3.597482 3 0 0.000000
1652140636206364128 204.371520 3.842612 4 0 0.000000
1652140637228462989 232.064773 2.935137 3 0 0.000000
1652140638099276397 204.574901 2.296703 2 0 0.000000
1652140639368185166 204.685133 3.152315 4 0 0.000000
1652140640404556495 204.582198 3.859620 4 0 0.000000
1652140641418485792 204.716329 2.958786 3 0 0.000000
1652140642009989333 242.495710 3.381214 2 0 0.000000
1652140643026947669 204.637529 2.949973 3 0 0.000000
1652140644341474630 204.590708 3.042920 4 0 0.000000
1652140645149110012 204.723278 3.714547 3 0 0.000000
1652140646413787816 339.960306 2.372146 3 0 0.000000
1652140647414032332 207.710411 2.999267 3 0 0.000000
1652140648423526195 204.668088 2.971786 3 0 0.000000
1652140649343654525 204.698387 3.260415 3 0 0.000000
1652140650209417859 204.539098 3.465150 3 0 0.000000
1652140651323921102 204.712044 3.589043 4 0 0.000000
1652140652035898799 263.464980 2.809077 2 0 0.000000
1652140653373897959 204.419791 2.989539 4 0 0.000000
1652140654245621185 204.730445 3.441459 3 0 0.000000
1652140655317075896 204.691328 1.866621 2 0 0.000000
1652140656423641388 204.649251 3.614788 4 0 0.000000
1652140657345550388 209.381195 3.254117 3 0 0.000000
1652140658305566425 615.158889 1.041649 1 0 0.000000
1652140659410981317 204.737074 2.713913 3 0 0.000000
1652140660392674827 204.505916 3.055944 3 0 0.000000
1652140661412701019 204.616585 3.921468 4 0 0.000000
1652140662364088464 263.543967 3.153289 3 0 0.000000
1652140663423507285 204.736014 2.831741 3 0 0.000000
1652140664410342223 204.670088 3.040022 3 0 0.000000
1652140665271848685 204.388184 3.482272 3 0 0.000000
1652140666271241524 204.169075 4.002430 4 0 0.000000
1652140667383114584 504.108884 1.798766 2 0 0.000000
1652140668426324127 204.682779 2.875741 3 0 0.000000
1652140669138138551 204.611571 2.809721 2 0 0.000000
1652140670416476482 204.713260 3.129063 4 0 0.000000
1652140671261363111 204.624654 3.550772 3 0 0.000000
1652140672395824103 264.641701 2.644428 3 0 0.000000
1652140673375739983 204.661842 3.061487 3 0 0.000000
1652140674220973062 204.641701 3.549317 3 0 0.000000
1652140675177438915 204.349233 3.136547 3 0 0.000000
1652140676155189247 204.708459 3.068268 3 0 0.000000
1652140677135145986 204.838581 3.061360 3 0 0.000000
1652140678447388346 204.863508 3.048217 4 0 0.000000
1652140679220951902 204.655707 3.878156 3 0 0.000000
1652140680309218484 204.734215 2.756678 3 0 0.000000
1652140681437772845 204.875418 2.658268 3 0 0.000000
1652140682412860678 278.302713 3.076646 3 0 0.000000
1652140683056837005 204.755159 3.105704 2 0 0.000000
1652140684204956624 204.749817 3.483958 4 0 0.000000
1652140685390799674 204.667848 3.373128 4 0 0.000000
1652140686432760937 204.671291 1.919457 2 0 0.000000
1652140687455815239 291.200641 1.954930 2 0 0.000000
1652140688221648491 204.796180 3.917302 3 0 0.000000
1652140689342919908 204.570560 3.567379 4 0 0.000000
1652140690448400762 204.624413 3.618335 4 0 0.000000
1652140691435761884 204.723862 3.038402 3 0 0.000000
1652140692185935360 204.726718 2.666050 2 0 0.000000
1652140693120964184 204.231779 3.208457 3 0 0.000000
1652140694361282109 204.806302 3.224980 4 0 0.000000
1652140695282653546 407.207126 2.170677 2 0 0.000000
1652140696189069318 407.979551 2.206493 2 0 0.000000
1652140697366863590 512.110362 1.698089 2 0 0.000000
1652140698384111853 204.246300 2.949133 3 0 0.000000
1652140699444980552 204.719829 2.827871 3 0 0.000000
1652140700307943301 204.651385 2.317597 2 0 0.000000
1652140701441574550 204.346771 3.528484 4 0 0.000000
1652140702099764744 212.799056 3.038635 2 0 0.000000
1652140703234983641 456.374922 1.761775 2 0 0.000000
1652140704413585067 204.715849 3.393853 4 0 0.000000
1652140705313330208 204.716692 3.334278 3 0 0.000000
1652140706427015931 204.584394 4.489597 5 0 0.000000
1652140707108132650 264.370801 2.936354 2 0 0.000000
1652140708472352859 220.198708 2.932078 4 0 0.000000
1652140709384777759 204.446099 4.383922 4 0 0.000000
1652140710458983123 204.768755 2.792762 3 0 0.000000
1652140711245484576 204.673921 2.542907 2 0 0.000000
1652140712116629565 221.026563 3.443744 3 0 0.000000
1652140713344323115 204.672094 2.443607 3 0 0.000000
1652140714156801862 204.726469 3.692404 3 0 0.000000
1652140715381409682 204.634010 3.266352 4 0 0.000000
1652140716310671370 204.705713 4.304493 4 0 0.000000
1652140717255766516 204.864132 2.116189 2 0 0.000000
1652140718221543685 218.016027 3.106307 3 0 0.000000
1652140719379467155 204.767978 3.454460 4 0 0.000000
1652140720311586530 204.760818 3.218472 3 0 0.000000
1652140721187645427 204.515943 2.282951 2 0 0.000000
1652140722150392352 407.853840 2.077389 2 0 0.000000
1652140723294991350 237.194065 2.621005 3 0 0.000000
1652140724432203529 204.739883 3.517374 4 0 0.000000
1652140725304691581 204.626605 3.438443 3 0 0.000000
1652140726143059269 204.746718 3.578382 3 0 0.000000
1652140727298092638 229.772161 3.463103 4 0 0.000000
1652140728352283510 204.815110 2.845784 3 0 0.000000
1652140729476484312 204.588581 3.558083 4 0 0.000000
1652140730457719452 204.663003 3.057371 3 0 0.000000
1652140731387263905 407.141355 2.151592 2 0 0.000000
1652140732104239187 259.152218 2.789497 2 0 0.000000
1652140733413397894 204.472698 3.055397 4 0 0.000000
1652140734454393932 204.703114 2.881855 3 0 0.000000
1652140735292903881 204.656115 2.385183 2 0 0.000000
1652140736434290188 204.448247 3.504510 4 0 0.000000
1652140737314990263 204.752624 3.406381 3 0 0.000000
1652140738352193873 204.606042 2.892393 3 0 0.000000
1652140739352746677 204.676524 3.997790 4 0 0.000000
1652140740453030931 204.719745 2.726568 3 0 0.000000
1652140741335922819 204.657391 2.265283 2 0 0.000000
1652140742277983855 204.843952 3.184507 3 0 0.000000
1652140743299762940 407.279111 1.957370 2 0 0.000000
1652140744162098113 204.779262 3.478926 3 0 0.000000
1652140745445407136 204.806575 3.116942 4 0 0.000000
1652140746366253958 204.786883 3.257871 3 0 0.000000
1652140747193890562 218.564989 3.624779 3 0 0.000000
1652140748413787812 204.621011 3.278965 4 0 0.000000
1652140749302225054 204.678038 2.251144 2 0 0.000000
1652140750485148737 204.760517 3.381452 4 0 0.000000
1652140751364452059 204.708223 4.549056 4 0 0.000000
1652140752223839513 232.879423 3.490859 3 0 0.000000
1652140753420034184 235.947842 3.343937 4 0 0.000000
1652140754433031825 204.830803 3.948677 4 0 0.000000
1652140755290439436 409.013035 2.332613 2 0 0.000000
1652140756241133876 204.321675 4.207451 4 0 0.000000
1652140757221877242 220.574397 3.058904 3 0 0.000000
1652140758373012148 204.601110 3.474832 4 0 0.000000
1652140759464873883 204.765855 3.663468 4 0 0.000000
1652140760427660241 204.777076 3.115956 3 0 0.000000
1652140761481411975 204.768862 3.795961 4 0 0.000000
1652140762172072377 259.721796 2.895779 2 0 0.000000
1652140763257049222 227.714486 3.686715 4 0 0.000000
1652140764149064324 204.671173 3.363172 3 0 0.000000
1652140765271939924 204.858644 2.671712 3 0 0.000000
1652140766196165954 204.815787 4.327946 4 0 0.000000
1652140767240106136 238.416264 1.915819 2 0 0.000000
1652140768367402170 223.722782 3.548314 4 0 0.000000
1652140769408900859 204.840462 3.840619 4 0 0.000000
1652140770053322937 204.362235 3.103556 2 0 0.000000
1652140771070309199 204.796794 1.966595 2 0 0.000000
1652140772233805918 205.733123 3.437912 4 0 0.000000
1652140773423472576 225.821278 3.362287 4 0 0.000000
1652140774401674873 204.509407 4.089134 4 0 0.000000
1652140775285847496 204.838848 2.262002 2 0 0.000000
1652140776261434531 204.726216 3.075072 3 0 0.000000
1652140777282656754 414.493119 1.958438 2 0 0.000000
1652140778373251405 211.857901 2.750793 3 0 0.000000
1652140779326401935 204.828034 3.147457 3 0 0.000000
1652140780276340052 204.519385 4.210801 4 0 0.000000
1652140781488036126 204.886766 3.301158 4 0 0.000000
1652140782271286703 241.465505 2.553461 2 0 0.000000
1652140783205616411 204.953785 2.140572 2 0 0.000000
1652140784359212998 204.697498 3.467417 4 0 0.000000
1652140785289909906 204.546948 3.223391 3 0 0.000000
1652140786233732156 204.775264 2.119043 2 0 0.000000
1652140787397429441 207.861568 3.437320 4 0 0.000000
1652140788112755076 242.161838 2.795929 2 0 0.000000
