1652140230713843276 306.021567 2.774108 2 0 0.000000
1652140231660539894 204.218367 2.112609 2 0 0.000000
1652140232883914512 203.795260 3.269644 4 0 0.000000
1652140233925928560 204.345914 2.879040 3 0 0.000000
1652140234624599794 204.283352 2.862577 2 0 0.000000
1652140235928990324 203.772956 2.299925 3 0 0.000000
1652140236870671546 203.872021 3.185792 3 0 0.000000
1652140237644799433 204.286328 3.875329 3 0 0.000000
1652140238838585487 204.343491 3.350684 4 0 0.000000
1652140239784925296 203.693709 4.226811 4 0 0.000000
1652140240925495991 227.105448 2.630262 3 0 0.000000
1652140241927913061 204.023357 3.990355 4 0 0.000000
1652140242680418767 204.241275 3.986681 3 0 0.000000
1652140243918997954 204.260831 3.229507 4 0 0.000000
1652140244861402443 204.112009 4.244462 4 0 0.000000
1652140245945011396 215.181299 3.691368 4 0 0.000000
1652140247004827763 0.000000 0.000000 0 0 0.000000
1652140247868757226 473.987101 3.472506 3 0 0.000000
1652140248993767305 204.336325 2.666643 3 0 0.000000
1652140249920464976 204.250991 3.237302 3 0 0.000000
1652140250729307108 204.285086 3.709006 3 0 0.000000
1652140251855253189 349.030664 2.664426 3 0 0.000000
1652140252980613737 204.346771 3.554416 4 0 0.000000
1652140253824385729 204.296876 2.370309 2 0 0.000000
1652140254729441140 204.307796 3.314714 3 0 0.000000
1652140255994413062 221.463351 1.581063 2 0 0.000000
1652140256738050295 204.226457 2.689483 2 0 0.000000
1652140257817669334 204.329823 2.778758 3 0 0.000000
1652140258841240588 204.384104 2.930915 3 0 0.000000
1652140259932078121 204.268650 3.666907 4 0 0.000000
1652140260817217878 204.300070 3.389295 3 0 0.000000
1652140261765710430 214.741465 3.162914 3 0 0.000000
1652140262681640786 204.353694 3.275358 3 0 0.000000
1652140263962724949 204.046014 3.122355 4 0 0.000000
1652140264762072911 204.293177 3.753059 3 0 0.000000
1652140265809799801 204.265525 2.863342 3 0 0.000000
1652140266753919692 209.394638 4.236750 4 0 0.000000
1652140267798167604 204.339105 3.830508 4 0 0.000000
1652140268924183451 204.052573 4.440435 5 0 0.000000
1652140269936779128 204.348043 2.962683 3 0 0.000000
1652140270630103638 204.325980 2.884652 2 0 0.000000
1652140271943480807 397.203036 2.284188 3 0 0.000000
1652140272859698693 204.287309 3.274330 3 0 0.000000
1652140273627147122 204.211674 3.909057 3 0 0.000000
1652140274742389784 407.220110 1.793332 2 0 0.000000
1652140275805080736 204.323545 2.823022 3 0 0.000000
1652140276878577160 227.488053 2.794606 3 0 0.000000
1652140277942533908 204.396412 3.759551 4 0 0.000000
1652140278858429906 204.356364 2.183654 2 0 0.000000
1652140280018576929 339.055161 2.585879 3 0 0.000000
1652140280456876130 204.279826 4.563093 2 0 0.000000
1652140281807884585 399.849395 2.220563 3 0 0.000000
1652140282964990855 204.300344 4.321124 5 0 0.000000
1652140283916654670 204.278997 3.152374 3 0 0.000000
1652140284821885422 204.050926 4.418763 4 0 0.000000
1652140285812459233 204.396176 3.028548 3 0 0.000000
1652140286657185835 243.158354 2.367630 2 0 0.000000
1652140287888272182 204.361581 3.249163 4 0 0.000000
1652140288924112417 204.282146 3.861599 4 0 0.000000
1652140289777378597 204.341569 3.515902 3 0 0.000000
1652140290994000520 453.613612 1.643896 2 0 0.000000
1652140291992834170 212.367177 3.003503 3 0 0.000000
1652140292886691468 204.393718 3.356240 3 0 0.000000
1652140293961129316 204.350104 3.722877 4 0 0.000000
1652140294648263789 204.243850 2.910638 2 0 0.000000
1652140295492334931 204.310095 2.369468 2 0 0.000000
1652140296834312177 365.328217 2.235507 3 0 0.000000
1652140297976076553 204.082655 3.503350 4 0 0.000000
1652140298898967931 204.053592 4.334204 4 0 0.000000
1652140300000124371 204.187143 3.632545 4 0 0.000000
1652140300792916771 204.288619 3.784093 3 0 0.000000
1652140301817390087 222.363328 3.904445 4 0 0.000000
1652140302996520239 204.422957 1.696166 2 0 0.000000
1652140304029363999 204.352595 3.872803 4 0 0.000000
1652140304964590906 204.253023 2.138518 2 0 0.000000
1652140305818867168 204.315467 3.511745 3 0 0.000000
1652140306823474460 229.099911 2.986242 3 0 0.000000
1652140307963822788 339.046333 2.630775 3 0 0.000000
1652140308530414889 204.391444 3.529876 2 0 0.000000
1652140309963092138 204.431513 2.791976 4 0 0.000000
1652140310904922172 203.961093 4.247051 4 0 0.000000
1652140312011153114 233.927162 3.615882 4 0 0.000000
1652140312832297846 204.370030 3.653436 3 0 0.000000
1652140313862214890 204.158054 3.883808 4 0 0.000000
1652140314928025981 204.323941 2.814758 3 0 0.000000
1652140315836358347 204.298063 3.302756 3 0 0.000000
1652140316607639610 244.474339 2.593088 2 0 0.000000
1652140317486752759 204.391299 2.275020 2 0 0.000000
1652140318766032148 340.813751 2.345070 3 0 0.000000
1652140320031159222 204.358526 3.161738 4 0 0.000000
1652140320859150095 204.347438 3.623228 3 0 0.000000
1652140321824705880 446.411594 2.071346 2 0 0.000000
1652140322707588863 204.376715 3.397959 3 0 0.000000
1652140323908751103 340.620350 2.497581 3 0 0.000000
1652140324861190627 204.377380 4.199742 4 0 0.000000
1652140325868571543 204.182541 3.970693 4 0 0.000000
1652140326907541093 473.432217 1.924984 2 0 0.000000
1652140327957821157 204.336647 3.808508 4 0 0.000000
1652140329005510273 204.319032 3.817926 4 0 0.000000
1652140330049564808 204.307233 2.873413 3 0 0.000000
1652140330802095613 204.317450 2.657699 2 0 0.000000
1652140331573537887 753.371133 1.296273 1 0 0.000000
1652140333024330397 204.302080 2.757114 4 0 0.000000
1652140333925371375 408.711782 2.219655 2 0 0.000000
1652140335054690392 204.364971 3.541958 4 0 0.000000
1652140335757022600 204.512951 4.271483 3 0 0.000000
1652140336898863328 228.115254 2.627337 3 0 0.000000
1652140337689668980 204.338511 3.793600 3 0 0.000000
1652140338911366420 204.270846 2.455600 3 0 0.000000
1652140339766184216 204.185603 2.339680 2 0 0.000000
1652140340589755974 204.307029 2.428447 2 0 0.000000
1652140342000456163 388.971305 2.126603 3 0 0.000000
1652140343021616118 204.497379 1.958557 2 0 0.000000
1652140344065994229 204.307754 3.830030 4 0 0.000000
1652140344955621497 203.562445 3.372199 3 0 0.000000
1652140345681100841 204.353240 2.756798 2 0 0.000000
1652140347061636872 229.662882 2.897425 4 0 0.000000
1652140347590112959 204.311425 3.784466 2 0 0.000000
1652140348996745317 306.198519 2.843671 4 0 0.000000
1652140349758081797 204.181030 3.940439 3 0 0.000000
1652140351003974160 204.442726 3.210550 4 0 0.000000
1652140351984039659 225.032515 3.061020 3 0 0.000000
1652140352914335451 204.633416 3.224781 3 0 0.000000
1652140354001727442 204.369862 2.758895 3 0 0.000000
1652140354788557948 204.403329 3.812765 3 0 0.000000
1652140355818833920 204.358626 3.882455 4 0 0.000000
1652140356907782431 423.769076 1.836634 2 0 0.000000
1652140358102682200 204.225922 2.510671 3 0 0.000000
1652140358950294291 204.411855 3.539355 3 0 0.000000
1652140359913673966 204.462822 3.114037 3 0 0.000000
1652140360504929353 204.570910 1.691316 1 0 0.000000
1652140362003565879 341.723885 2.001820 3 0 0.000000
1652140363073696018 204.439978 3.737863 4 0 0.000000
1652140363908836727 204.397390 2.394806 2 0 0.000000
1652140365008722617 204.378410 3.636741 4 0 0.000000
1652140365984783130 204.410190 3.073580 3 0 0.000000
1652140366838126269 251.059299 2.343723 2 0 0.000000
1652140367910857735 339.637411 2.796599 3 0 0.000000
1652140368900086850 204.291822 3.032664 3 0 0.000000
1652140369884373243 204.417065 1.015965 1 0 0.000000
1652140371024574896 204.448951 2.631114 3 0 0.000000
1652140371794164584 215.056652 2.598787 2 0 0.000000
1652140373124740778 204.168448 2.254662 3 0 0.000000
1652140373995967005 204.513940 1.147808 1 0 0.000000
1652140375029127994 204.342906 2.903710 3 0 0.000000
1652140376021498929 409.269087 2.015375 2 0 0.000000
1652140377019141470 239.954543 3.007089 3 0 0.000000
1652140377860997538 204.345393 3.563555 3 0 0.000000
1652140378977479030 204.502752 3.582684 4 0 0.000000
1652140379902886303 204.396045 3.241816 3 0 0.000000
1652140381083204858 204.390565 3.388916 4 0 0.000000
1652140381807038753 206.154758 2.763065 2 0 0.000000
1652140382540029689 204.488616 2.728547 2 0 0.000000
1652140383950303583 341.341199 2.127246 3 0 0.000000
1652140384541850347 204.329862 3.380967 2 0 0.000000
1652140386032592015 204.463842 2.012421 3 0 0.000000
1652140386929673706 210.889492 3.344177 3 0 0.000000
1652140388108286290 204.406825 2.545366 3 0 0.000000
1652140388962960205 204.481395 3.510111 3 0 0.000000
1652140389969655845 204.099733 2.980047 3 0 0.000000
1652140391102137687 204.417554 2.649049 3 0 0.000000
1652140391903635914 218.082183 2.495327 2 0 0.000000
1652140392964322741 204.348589 3.771141 4 0 0.000000
1652140393962999001 204.141929 3.003976 3 0 0.000000
1652140394952162082 204.334001 4.043823 4 0 0.000000
1652140396058523811 204.301210 3.615454 4 0 0.000000
1652140397118481969 417.595689 1.886867 2 0 0.000000
1652140397797783854 204.033895 2.944199 2 0 0.000000
1652140398885320753 204.488825 3.678036 4 0 0.000000
1652140399963972084 204.423333 3.708335 4 0 0.000000
1652140401053798377 204.425385 3.670310 4 0 0.000000
1652140401870453583 226.295839 3.673521 3 0 0.000000
1652140403045781774 339.316661 2.552479 3 0 0.000000
1652140403339829510 204.325417 3.400808 1 0 0.000000
1652140405062118447 356.996247 2.322491 4 0 0.000000
1652140406054498333 406.811505 2.015357 2 0 0.000000
1652140407043721569 204.249564 2.021788 2 0 0.000000
1652140408113462523 204.407462 3.739223 4 0 0.000000
1652140409015089423 204.440028 3.327319 3 0 0.000000
1652140409853979452 204.546798 3.576154 3 0 0.000000
1652140411059268537 204.458179 3.318706 4 0 0.000000
1652140411907165903 221.924641 2.358776 2 0 0.000000
1652140413063604040 204.466725 3.458897 4 0 0.000000
1652140413949531550 204.531515 2.257521 2 0 0.000000
1652140414914621226 204.411158 3.108519 3 0 0.000000
1652140415855575910 204.268779 4.251002 4 0 0.000000
1652140416893740900 227.976189 2.889714 3 0 0.000000
1652140418143269041 204.430182 3.201208 4 0 0.000000
1652140419148739665 204.383364 2.983677 3 0 0.000000
1652140419932904645 204.490332 2.550484 2 0 0.000000
1652140420863056315 204.404961 2.150187 2 0 0.000000
1652140421703541130 704.608351 1.189789 1 0 0.000000
1652140423063422766 204.465746 2.941433 4 0 0.000000
1652140423992611325 204.450731 4.304831 4 0 0.000000
1652140424975411754 204.440070 4.070002 4 0 0.000000
1652140426074631585 204.248299 3.638945 4 0 0.000000
1652140426649991195 270.418166 3.476087 2 0 0.000000
1652140428134393512 204.497434 2.694687 4 0 0.000000
1652140428984374782 204.424884 3.529490 3 0 0.000000
1652140430014394171 204.211166 3.883422 4 0 0.000000
1652140430946287583 204.391702 2.146168 2 0 0.000000
1652140431940802207 226.198991 3.016547 3 0 0.000000
1652140432869076020 204.432663 3.231805 3 0 0.000000
1652140434072509349 204.470054 3.323824 4 0 0.000000
1652140435156433971 204.423419 3.690294 4 0 0.000000
1652140436136176769 204.372164 3.062028 3 0 0.000000
1652140437151472528 235.364902 2.954804 3 0 0.000000
1652140438046749249 204.360966 3.350919 3 0 0.000000
1652140439097326091 204.135047 2.855574 3 0 0.000000
1652140440088016111 204.333614 4.037590 4 0 0.000000
1652140441096775854 204.360475 3.965265 4 0 0.000000
1652140442098706816 214.550673 2.994218 3 0 0.000000
1652140443057799680 204.375094 3.127956 3 0 0.000000
1652140444143650733 204.314615 3.683747 4 0 0.000000
1652140445068059788 204.342740 3.245317 3 0 0.000000
1652140445906788716 204.367693 3.576841 3 0 0.000000
1652140447171722861 212.253545 3.162220 4 0 0.000000
1652140448000733495 204.418706 2.412514 2 0 0.000000
1652140448909662581 204.388798 3.300588 3 0 0.000000
1652140449907822043 204.478029 3.005532 3 0 0.000000
1652140450728136985 204.499719 2.438088 2 0 0.000000
1652140451947791585 249.459770 2.459713 3 0 0.000000
1652140452780687637 204.392938 3.601890 3 0 0.000000
1652140453931154174 204.453085 2.607638 3 0 0.000000
1652140455002393109 204.415163 3.733994 4 0 0.000000
1652140455916746458 204.455817 4.374676 4 0 0.000000
1652140456861325520 224.855979 3.176018 3 0 0.000000
1652140457473257457 204.484911 3.268337 2 0 0.000000
1652140459027174621 408.804800 1.287070 2 0 0.000000
1652140459919416610 204.458143 3.362317 3 0 0.000000
1652140461096101099 204.326030 3.399382 4 0 0.000000
1652140462143107434 244.931815 2.865312 3 0 0.000000
1652140462976394152 204.491784 2.400134 2 0 0.000000
1652140463873912193 204.580482 3.342551 3 0 0.000000
1652140465039031352 446.628866 1.716563 2 0 0.000000
1652140465967157841 204.444187 3.232318 3 0 0.000000
1652140467178153074 354.857194 2.477301 3 0 0.000000
1652140467896418732 204.400048 2.784485 2 0 0.000000
1652140469120450519 204.543205 3.267889 4 0 0.000000
1652140470030945602 204.460328 3.294911 3 0 0.000000
1652140471024185586 204.479906 4.027224 4 0 0.000000
1652140472175209807 227.747549 2.606374 3 0 0.000000
1652140473156086610 204.454958 4.077984 4 0 0.000000
1652140474033310004 204.271321 3.419881 3 0 0.000000
1652140475046975926 203.933077 3.946073 4 0 0.000000
1652140476022868526 204.252685 3.074109 3 0 0.000000
1652140477058285717 241.757809 2.897383 3 0 0.000000
1652140477907441519 204.611744 3.532920 3 0 0.000000
1652140478787449582 204.555986 3.409060 3 0 0.000000
1652140479546066935 614.928923 1.318188 1 0 0.000000
1652140480741231879 340.759370 2.510114 3 0 0.000000
1652140482100226075 213.711060 2.943353 4 0 0.000000
1652140483017966103 204.525254 3.268900 3 0 0.000000
1652140484048044479 204.364952 2.912400 3 0 0.000000
1652140485073674244 204.578484 2.925032 3 0 0.000000
1652140485929817849 204.654925 2.336057 2 0 0.000000
1652140486945575430 229.684745 3.937947 4 0 0.000000
1652140488057195887 204.198676 3.598350 4 0 0.000000
1652140488845055329 204.523865 2.538524 2 0 0.000000
1652140490140562475 204.616873 2.315695 3 0 0.000000
1652140491059003951 204.523565 4.355204 4 0 0.000000
1652140491978751970 233.351517 3.261763 3 0 0.000000
1652140493189269781 204.603234 2.478278 3 0 0.000000
1652140494197988006 204.623924 2.974071 3 0 0.000000
1652140494975633579 204.731960 2.571866 2 0 0.000000
1652140495901151665 204.241119 4.321904 4 0 0.000000
1652140497087318532 355.123878 2.529155 3 0 0.000000
1652140497821510148 204.545245 2.724085 2 0 0.000000
1652140499174366501 613.052432 1.478354 2 0 0.000000
1652140499645062801 204.430345 2.124512 1 0 0.000000
1652140501199073684 204.598760 1.930488 3 0 0.000000
1652140501847424353 222.462827 3.084750 2 0 0.000000
1652140502942120667 204.606480 2.740486 3 0 0.000000
1652140503913189328 204.610793 3.089380 3 0 0.000000
1652140505069705653 204.441252 2.593997 3 0 0.000000
1652140506193768490 204.587664 3.558520 4 0 0.000000
1652140507163042906 223.335535 3.095099 3 0 0.000000
1652140507945589906 204.551915 2.555757 2 0 0.000000
1652140509076538215 204.681405 3.536855 4 0 0.000000
1652140509922269809 204.485916 3.547225 3 0 0.000000
1652140511077781913 204.463791 3.461669 4 0 0.000000
1652140512155639801 243.982534 3.711064 4 0 0.000000
1652140513116458561 204.533202 3.122337 3 0 0.000000
1652140514113198175 204.296385 4.013084 4 0 0.000000
1652140514973336833 204.463986 3.487810 3 0 0.000000
1652140516087505835 204.386282 3.590120 4 0 0.000000
1652140517050564865 238.414633 3.115074 3 0 0.000000
1652140518177009545 204.569729 3.550995 4 0 0.000000
1652140519081741347 204.568399 3.315900 3 0 0.000000
1652140520093001744 204.585588 1.977730 2 0 0.000000
1652140521175781581 204.555802 2.770646 3 0 0.000000
1652140521867626024 232.861342 2.890823 2 0 0.000000
1652140523171945354 204.708744 2.300050 3 0 0.000000
1652140524009400993 204.644837 3.582279 3 0 0.000000
1652140525163917487 204.396027 3.464654 4 0 0.000000
1652140525974076731 204.548111 3.702976 3 0 0.000000
1652140527179159302 360.501090 2.489456 3 0 0.000000
1652140528150000373 409.472487 2.060069 2 0 0.000000
1652140529126778977 204.646517 1.023773 1 0 0.000000
1652140530105731271 204.611539 4.086001 4 0 0.000000
1652140530969812448 204.388176 3.471896 3 0 0.000000
1652140532172764343 239.501792 3.325154 4 0 0.000000
1652140533213050156 204.422370 3.845097 4 0 0.000000
1652140533742767519 204.548231 3.775598 2 0 0.000000
1652140534791757058 204.650201 2.859895 3 0 0.000000
1652140536001980870 341.108471 2.478880 3 0 0.000000
1652140537058963296 222.153198 3.784358 4 0 0.000000
1652140538080415992 204.657364 3.915991 4 0 0.000000
1652140538838071772 204.594625 2.639721 2 0 0.000000
1652140540177004332 204.439075 2.987454 4 0 0.000000
1652140540829582774 204.623537 3.064766 2 0 0.000000
1652140542112514852 358.327107 2.338393 3 0 0.000000
1652140543177221979 204.693452 2.817676 3 0 0.000000
1652140544068985132 204.385154 3.364122 3 0 0.000000
1652140544828852793 204.437281 3.948056 3 0 0.000000
1652140545953690566 204.671526 2.667051 3 0 0.000000
1652140547231886223 438.379715 1.564706 2 0 0.000000
1652140548063807108 204.604077 3.606112 3 0 0.000000
1652140549152735921 204.473713 2.755001 3 0 0.000000
1652140549988968818 204.384002 3.587517 3 0 0.000000
1652140551007461237 204.606221 3.927373 4 0 0.000000
1652140551988552663 221.763148 2.038546 2 0 0.000000
1652140552620924984 204.788724 3.162694 2 0 0.000000
1652140554134720150 305.833523 2.642365 4 0 0.000000
1652140555110191187 409.480740 2.050292 2 0 0.000000
1652140555995606660 407.215219 2.258827 2 0 0.000000
1652140557096122484 229.688819 3.634659 4 0 0.000000
1652140557951416621 204.631056 3.507565 3 0 0.000000
1652140558731377676 203.948197 3.846346 3 0 0.000000
1652140559864747157 407.127331 1.764650 2 0 0.000000
1652140560933386913 204.580131 2.807307 3 0 0.000000
1652140561840390881 218.160289 3.307593 3 0 0.000000
1652140563151449046 409.883966 1.525485 2 0 0.000000
1652140564099126388 204.508411 4.220846 4 0 0.000000
1652140565111382967 204.638322 3.951567 4 0 0.000000
1652140566137908407 204.655624 3.896640 4 0 0.000000
1652140567072715001 229.549529 3.209220 3 0 0.000000
1652140568245963091 204.489134 4.261673 5 0 0.000000
1652140569091865651 204.743534 3.546508 3 0 0.000000
1652140570038362527 204.789654 3.169583 3 0 0.000000
1652140570973268679 204.609918 3.208878 3 0 0.000000
1652140572094003183 250.501657 2.676816 3 0 0.000000
1652140572989606954 204.183281 4.466261 4 0 0.000000
1652140573990455706 204.532126 2.997456 3 0 0.000000
1652140575143020655 204.779081 3.470520 4 0 0.000000
1652140575902888335 204.402650 3.948056 3 0 0.000000
1652140576924822539 215.796001 2.935610 3 0 0.000000
1652140578167935823 340.994898 2.413296 3 0 0.000000
1652140579229244028 204.778147 2.826700 3 0 0.000000
1652140580136609283 204.610082 3.306276 3 0 0.000000
1652140581063003457 204.357160 4.317816 4 0 0.000000
1652140581910817810 204.679241 3.538511 3 0 0.000000
1652140583113095513 204.575783 3.327018 4 0 0.000000
1652140584113123685 204.520211 3.999887 4 0 0.000000
1652140584817387451 204.595978 2.839845 2 0 0.000000
1652140586108270177 204.545323 3.098655 4 0 0.000000
1652140586894921153 276.140442 2.542424 2 0 0.000000
1652140588252275789 509.453462 1.473454 2 0 0.000000
1652140589107495208 204.689492 3.507872 3 0 0.000000
1652140590236858395 204.557636 2.656364 3 0 0.000000
1652140591100710930 204.590341 2.315210 2 0 0.000000
1652140591543000815 204.491456 4.521921 2 0 0.000000
1652140593040914890 312.890534 2.670380 4 0 0.000000
1652140593964628810 204.376066 3.247759 3 0 0.000000
1652140595177435859 204.599245 2.473600 3 0 0.000000
1652140596032446059 406.952601 2.339153 2 0 0.000000
1652140597109540340 249.959491 2.785272 3 0 0.000000
1652140598175849917 204.643912 3.751256 4 0 0.000000
1652140599096373030 204.670271 3.259016 3 0 0.000000
1652140600140060168 204.736455 2.874425 3 0 0.000000
1652140601049898868 204.606444 3.297288 3 0 0.000000
1652140601917611707 208.879907 3.457365 3 0 0.000000
1652140602967448382 204.842647 2.857587 3 0 0.000000
1652140604159394123 204.568975 3.355857 4 0 0.000000
1652140605024522957 204.574097 3.467692 3 0 0.000000
1652140606203301092 204.702871 3.393344 4 0 0.000000
1652140606981261583 204.949783 2.570825 2 0 0.000000
1652140607991951209 204.628737 2.968270 3 0 0.000000
1652140608679056352 204.605560 2.910763 2 0 0.000000
1652140610076634897 204.691241 2.862093 4 0 0.000000
1652140611191872926 204.668469 3.586678 4 0 0.000000
1652140612251238817 236.657234 2.831883 3 0 0.000000
1652140613236239752 204.651527 3.045682 3 0 0.000000
1652140613872500934 204.636200 3.143363 2 0 0.000000
1652140615191828132 409.723901 1.515924 2 0 0.000000
1652140616006287922 204.475079 3.683423 3 0 0.000000
1652140617266691867 215.063455 3.966982 5 0 0.000000
1652140618243263375 204.642744 4.095962 4 0 0.000000
1652140618993524468 204.306704 3.998608 3 0 0.000000
1652140619934598854 204.468199 4.250461 4 0 0.000000
1652140621228849426 204.713247 3.090592 4 0 0.000000
1652140622278477643 215.396189 3.810873 4 0 0.000000
1652140623173710266 204.492800 3.351084 3 0 0.000000
1652140624202398335 204.726938 1.944224 2 0 0.000000
1652140624888126966 204.456211 4.374908 3 0 0.000000
1652140626007619161 407.978610 1.786524 2 0 0.000000
1652140627080308070 204.307353 3.728947 4 0 0.000000
1652140628177857589 204.741346 3.644482 4 0 0.000000
1652140629203972275 204.648900 2.923650 3 0 0.000000
1652140630205532133 204.626083 2.995328 3 0 0.000000
1652140631183776093 204.808596 3.066720 3 0 0.000000
1652140631967575250 213.206250 3.827511 3 0 0.000000
1652140633209670014 210.716473 3.220366 4 0 0.000000
1652140634038735164 204.654953 3.618533 3 0 0.000000
1652140635193492664 204.751448 3.463931 4 0 0.000000
1652140635956354400 610.560363 1.310854 1 0 0.000000
1652140636991266993 247.979494 2.898796 3 0 0.000000
1652140638279930336 206.723509 3.879989 5 0 0.000000
1652140639054709240 204.719518 2.581382 2 0 0.000000
1652140640122169145 204.648055 2.810410 3 0 0.000000
1652140641022190121 204.687607 3.333256 3 0 0.000000
1652140641988785029 262.517516 2.069119 2 0 0.000000
1652140643146865318 219.898899 3.453992 4 0 0.000000
1652140644215421594 204.653876 3.743369 4 0 0.000000
1652140645116637566 204.611113 3.328836 3 0 0.000000
1652140646141777293 204.768237 2.926430 3 0 0.000000
1652140646705739102 204.823001 3.546339 2 0 0.000000
1652140648029447639 209.851375 2.266360 3 0 0.000000
1652140648941485856 204.544039 2.192891 2 0 0.000000
1652140650142865098 204.567104 3.329507 4 0 0.000000
1652140650503307374 204.704950 2.774369 1 0 0.000000
1652140651609757756 407.614952 1.807582 2 0 0.000000
1652140652837168873 504.474615 1.629446 2 0 0.000000
1652140654187440147 341.550042 2.221776 3 0 0.000000
1652140654960635796 204.671099 3.880001 3 0 0.000000
1652140656273339095 204.722063 3.047147 4 0 0.000000
1652140657047840785 269.827886 2.582306 2 0 0.000000
1652140658228445295 222.013364 3.388095 4 0 0.000000
1652140659201019472 204.789163 3.084598 3 0 0.000000
1652140660204312997 204.685061 2.990152 3 0 0.000000
1652140661021684734 204.779087 3.670301 3 0 0.000000
1652140661692833896 204.799715 1.489982 1 0 0.000000
1652140663272677391 475.555826 1.898922 3 0 0.000000
1652140664208314388 407.774078 2.137581 2 0 0.000000
1652140665298693587 204.753388 3.668449 4 0 0.000000
1652140666063105319 204.673562 3.924586 3 0 0.000000
1652140667068610014 225.264507 2.983576 3 0 0.000000
1652140667977250150 231.134789 2.201091 2 0 0.000000
1652140669208560327 204.792301 3.248572 4 0 0.000000
1652140670295074079 204.675196 3.681500 4 0 0.000000
1652140671278375844 204.878064 4.067927 4 0 0.000000
1652140672064956507 221.345384 3.813976 3 0 0.000000
1652140672850443068 258.952530 2.546193 2 0 0.000000
1652140674118039737 340.046637 2.366683 3 0 0.000000
1652140675109680592 204.440733 4.033718 4 0 0.000000
1652140676217894626 409.836767 1.804706 2 0 0.000000
1652140677079718951 226.894002 3.480988 3 0 0.000000
1652140677796044267 660.883988 1.396014 1 0 0.000000
1652140679069875354 407.847109 1.570067 2 0 0.000000
1652140680083121912 204.771551 3.947706 4 0 0.000000
1652140681082996510 204.605073 2.000251 2 0 0.000000
1652140682154148300 204.684268 3.734298 4 0 0.000000
1652140683071997215 203.915946 2.179008 2 0 0.000000
1652140684254505555 204.591211 3.382640 4 0 0.000000
1652140685104310342 204.649130 3.530223 3 0 0.000000
1652140685972233322 204.465000 3.456528 3 0 0.000000
1652140687274465925 213.505812 2.303736 3 0 0.000000
1652140687796081904 204.719590 3.834238 2 0 0.000000
1652140689118425467 204.752417 2.268699 3 0 0.000000
1652140690292609874 204.773043 3.406620 4 0 0.000000
1652140691003915771 204.679977 4.217595 3 0 0.000000
1652140692112133964 240.306708 1.804699 2 0 0.000000
1652140693321116748 204.801620 3.308567 4 0 0.000000
1652140693956078713 204.845460 3.149795 2 0 0.000000
1652140695019993790 409.430479 1.879849 2 0 0.000000
1652140695767742758 204.621265 2.674694 2 0 0.000000
1652140697252766236 374.306592 2.020170 3 0 0.000000
1652140698242939211 204.700945 4.039698 4 0 0.000000
1652140699210599709 410.202279 2.066841 2 0 0.000000
1652140700184017664 204.721989 4.109232 4 0 0.000000
1652140701137070516 204.778614 2.098520 2 0 0.000000
1652140702251074269 204.698963 2.692989 3 0 0.000000
1652140703224627422 204.740291 4.108661 4 0 0.000000
1652140704234350877 204.772505 3.961481 4 0 0.000000
1652140705147660370 204.771704 3.284757 3 0 0.000000
1652140706105976227 204.692396 2.086995 2 0 0.000000
1652140707167561406 222.918530 3.767950 4 0 0.000000
1652140708122297871 204.711312 3.142228 3 0 0.000000
1652140709176257971 204.836208 2.846408 3 0 0.000000
1652140710082759058 204.588409 3.309428 3 0 0.000000
1652140711170246379 204.800155 2.758653 3 0 0.000000
1652140712165559741 216.744576 3.014126 3 0 0.000000
1652140713097787909 226.261590 3.218096 3 0 0.000000
1652140713971159971 204.550641 3.434962 3 0 0.000000
1652140715303302348 204.771279 3.002682 4 0 0.000000
1652140716222945420 204.591788 3.262135 3 0 0.000000
1652140717100520631 251.565126 2.279007 2 0 0.000000
1652140717865755743 258.108524 2.613576 2 0 0.000000
1652140719234518446 204.723848 3.652934 5 0 0.000000
1652140720263945545 204.655812 2.914242 3 0 0.000000
1652140721013757539 204.598858 4.001003 3 0 0.000000
1652140722173715836 209.960938 2.586300 3 0 0.000000
1652140723234002700 230.600456 2.829423 3 0 0.000000
1652140724200048138 204.449155 4.140592 4 0 0.000000
1652140725169451197 204.735156 4.126251 4 0 0.000000
1652140725657886365 204.800708 4.094709 2 0 0.000000
1652140726848715821 205.000800 1.679502 2 0 0.000000
1652140728307094307 426.454524 2.057079 3 0 0.000000
1652140729111031413 204.735438 2.487757 2 0 0.000000
1652140730068571295 204.701792 3.133029 3 0 0.000000
1652140731306356803 204.843843 3.231578 4 0 0.000000
1652140732227320013 205.488444 4.343279 4 0 0.000000
1652140733152802318 205.052846 3.241553 3 0 0.000000
1652140734299458256 204.355883 4.360506 5 0 0.000000
1652140735159098378 204.808818 3.489832 3 0 0.000000
1652140736316517653 204.850821 3.455965 4 0 0.000000
1652140737188271114 271.040867 2.294227 2 0 0.000000
1652140738206139783 458.508959 1.964890 2 0 0.000000
1652140738451991691 204.753949 4.067489 1 0 0.000000
1652140739954459858 204.766520 1.996715 3 0 0.000000
1652140741148831703 204.580643 2.511781 3 0 0.000000
1652140742249262838 418.397961 1.817469 2 0 0.000000
1652140743118013377 206.264841 3.453235 3 0 0.000000
1652140744214540664 204.698905 3.647880 4 0 0.000000
1652140745129651765 204.577730 3.278290 3 0 0.000000
1652140746097800943 204.810059 4.131595 4 0 0.000000
1652140747249481682 233.322157 2.604889 3 0 0.000000
1652140748073561594 230.725545 3.640424 3 0 0.000000
1652140749203262078 410.098042 1.770381 2 0 0.000000
1652140749842020672 204.912475 3.131073 2 0 0.000000
1652140751232024180 204.431912 2.877691 4 0 0.000000
1652140752215835168 244.120246 2.032911 2 0 0.000000
1652140753145693529 239.298250 3.226298 3 0 0.000000
1652140754011256418 204.894160 2.310635 2 0 0.000000
1652140754928310724 204.768529 3.271344 3 0 0.000000
1652140756357796597 204.906987 2.798209 4 0 0.000000
1652140757301656359 229.255525 3.178438 3 0 0.000000
1652140758097549717 209.573192 3.769349 3 0 0.000000
1652140759120795817 204.922259 2.931846 3 0 0.000000
1652140760192183577 204.786918 2.800107 3 0 0.000000
1652140761193217471 204.726247 3.995869 4 0 0.000000
1652140761619903160 204.692609 4.687291 2 0 0.000000
1652140763335289210 337.415296 2.331837 4 0 0.000000
1652140764243979827 204.857612 3.301454 3 0 0.000000
1652140765146916010 410.102467 2.214996 2 0 0.000000
1652140766059719905 204.751797 3.286577 3 0 0.000000
1652140767348847005 207.689714 2.327156 3 0 0.000000
1652140768143869075 226.620687 3.773480 3 0 0.000000
1652140769262838648 204.787057 2.681038 3 0 0.000000
1652140770233687264 204.829117 4.120107 4 0 0.000000
1652140771334143159 204.824259 2.726143 3 0 0.000000
1652140772202578060 224.339753 3.454490 3 0 0.000000
1652140773197227517 204.750228 3.016138 3 0 0.000000
1652140774231479638 204.807313 3.867529 4 0 0.000000
1652140775154417039 204.855205 4.333988 4 0 0.000000
1652140776140859165 204.791648 3.041233 3 0 0.000000
1652140777322324474 227.614177 3.385626 4 0 0.000000
1652140778301102130 234.340999 3.065047 3 0 0.000000
1652140778967119907 204.706351 4.504384 3 0 0.000000
1652140780038402109 204.722051 2.800383 3 0 0.000000
1652140781240601372 204.596319 2.495427 3 0 0.000000
1652140782336714085 207.566678 2.736945 3 0 0.000000
1652140783182292309 204.917361 3.547868 3 0 0.000000
1652140784333720142 204.969113 2.605461 3 0 0.000000
1652140785215267903 407.358062 2.268737 2 0 0.000000
1652140786294890900 204.949447 3.704997 4 0 0.000000
1652140786776756549 204.998920 4.150534 2 0 0.000000
1652140788188071178 207.632770 2.834237 4 0 0.000000
