1652140230551800016 305.760837 2.576611 2 0 0.000000
1652140231512267035 240.384466 3.123480 3 0 0.000000
1652140232637195004 203.987278 2.666837 3 0 0.000000
1652140233681660645 204.301480 3.829709 4 0 0.000000
1652140234754075774 204.000930 2.797424 3 0 0.000000
1652140235608796742 204.304311 3.509917 3 0 0.000000
1652140236467963532 204.245531 2.327837 2 0 0.000000
1652140237727922986 204.363145 3.174705 4 0 0.000000
1652140238568796513 819.385961 1.189239 1 0 0.000000
1652140239586688877 204.246468 2.947266 3 0 0.000000
1652140240510147918 204.198047 2.165770 2 0 0.000000
1652140241534387860 414.089441 1.952667 2 0 0.000000
1652140242525920669 204.222062 3.025618 3 0 0.000000
1652140243509884458 204.326287 2.032595 2 0 0.000000
1652140244605312762 204.297576 2.738655 3 0 0.000000
1652140245583671916 204.266836 3.066359 3 0 0.000000
1652140246729851463 216.419572 3.489855 4 0 0.000000
1652140247694203651 203.991556 3.110897 3 0 0.000000
1652140248603388900 204.344134 3.299658 3 0 0.000000
1652140249746225968 204.014965 3.500061 4 0 0.000000
1652140250769312441 204.200589 3.909738 4 0 0.000000
1652140251576135079 244.110294 2.478860 2 0 0.000000
1652140252698242718 204.097278 3.564720 4 0 0.000000
1652140253580193409 407.284744 2.267700 2 0 0.000000
1652140254515714441 204.140698 3.206769 3 0 0.000000
1652140255546209108 204.349113 2.911223 3 0 0.000000
1652140256460684275 204.322106 2.187047 2 0 0.000000
1652140257697705685 204.261542 2.425180 3 0 0.000000
1652140258790399204 204.106106 2.745509 3 0 0.000000
1652140259780310461 407.485228 2.020383 2 0 0.000000
1652140260601281984 204.313894 3.654207 3 0 0.000000
1652140261674295033 224.487150 2.795865 3 0 0.000000
1652140262475599157 204.278570 3.743897 3 0 0.000000
1652140263616023588 204.192220 3.507466 4 0 0.000000
1652140264714199540 204.381918 2.731803 3 0 0.000000
1652140265481207080 204.312108 3.911304 3 0 0.000000
1652140266772795555 223.565650 3.096962 4 0 0.000000
1652140267699523690 204.084055 3.237195 3 0 0.000000
1652140268658589690 204.034673 4.170724 4 0 0.000000
1652140269604927794 204.256038 3.170114 3 0 0.000000
1652140270607079535 204.247339 2.993559 3 0 0.000000
1652140271518916608 217.537269 3.290061 3 0 0.000000
1652140272677419663 204.304596 3.452731 4 0 0.000000
1652140273655566895 204.223382 3.067023 3 0 0.000000
1652140274533994969 204.049853 3.415191 3 0 0.000000
1652140275592059139 204.274733 2.835367 3 0 0.000000
1652140276432986339 742.462814 1.189164 1 0 0.000000
1652140277483541436 406.248010 1.903755 2 0 0.000000
1652140278798979381 203.993139 3.801016 5 0 0.000000
1652140279639002318 204.276077 3.571331 3 0 0.000000
1652140280679598317 204.284900 3.843951 4 0 0.000000
1652140281691413004 204.389449 2.964970 3 0 0.000000
1652140282526443340 204.301505 3.592684 3 0 0.000000
1652140283542272065 204.342850 2.953254 3 0 0.000000
1652140284791296357 343.951163 2.401875 3 0 0.000000
1652140285681280478 204.182967 3.370847 3 0 0.000000
1652140286752385138 228.049734 3.734462 4 0 0.000000
1652140287646054305 203.834990 3.356947 3 0 0.000000
1652140288680067807 203.745951 3.868421 4 0 0.000000
1652140289719253043 204.253097 2.886877 3 0 0.000000
1652140290764125925 204.340975 2.871163 3 0 0.000000
1652140291646505516 276.349173 2.266598 2 0 0.000000
1652140292775090429 204.076966 3.544261 4 0 0.000000
1652140293708340675 204.377448 4.286096 4 0 0.000000
1652140294744990124 204.331467 3.858585 4 0 0.000000
1652140295307683426 204.447038 3.554334 2 0 0.000000
1652140296788192731 232.495587 2.701773 4 0 0.000000
1652140297715277926 408.765573 2.157299 2 0 0.000000
1652140298710550525 204.229503 4.018999 4 0 0.000000
1652140299743090787 204.340057 3.873941 4 0 0.000000
1652140300814103168 204.375570 2.801088 3 0 0.000000
1652140301588307935 281.499872 2.583296 2 0 0.000000
1652140302522017675 204.339009 3.212990 3 0 0.000000
1652140303706697522 204.407754 3.376440 4 0 0.000000
1652140304753509065 204.031140 3.821127 4 0 0.000000
1652140305660115494 204.242748 3.309043 3 0 0.000000
1652140306729666522 220.333199 3.739887 4 0 0.000000
1652140307729203778 407.259233 2.000926 2 0 0.000000
1652140308727046406 204.339887 4.008648 4 0 0.000000
1652140309515444179 204.319381 3.805186 3 0 0.000000
1652140310501014333 204.377231 3.043923 3 0 0.000000
1652140311391269983 204.399557 2.246546 2 0 0.000000
1652140312799547965 612.772775 1.420174 2 0 0.000000
1652140313537542870 204.321476 4.065069 3 0 0.000000
1652140314620805773 204.294230 2.769411 3 0 0.000000
1652140315790318926 406.907799 1.710113 2 0 0.000000
1652140316639454048 273.820260 2.355338 2 0 0.000000
1652140317710355204 204.363986 3.735172 4 0 0.000000
1652140318632790970 204.297382 3.252259 3 0 0.000000
1652140319594986963 204.051239 3.117868 3 0 0.000000
1652140320791334946 341.082884 2.507632 3 0 0.000000
1652140321684377093 247.749021 3.359304 3 0 0.000000
1652140322592010590 204.195441 4.407065 4 0 0.000000
1652140323695098576 204.218375 3.626184 4 0 0.000000
1652140324611678124 204.324719 4.364051 4 0 0.000000
1652140325824080368 204.459387 3.299235 4 0 0.000000
1652140326670612806 204.197809 3.543869 3 0 0.000000
1652140327769321995 204.307478 3.640636 4 0 0.000000
1652140328396310356 203.494000 3.189852 2 0 0.000000
1652140329760914099 204.386275 2.931254 4 0 0.000000
1652140330818575925 204.045686 2.836445 3 0 0.000000
1652140331754101844 238.722741 3.206752 3 0 0.000000
1652140332792449930 204.359660 3.852273 4 0 0.000000
1652140333571051088 204.263382 3.853064 3 0 0.000000
1652140334776804286 204.404397 2.488071 3 0 0.000000
1652140335742916423 204.399011 3.105230 3 0 0.000000
1652140336816071820 228.319348 3.727326 4 0 0.000000
1652140337824914154 204.344749 2.973705 3 0 0.000000
1652140338622991330 204.390802 3.759035 3 0 0.000000
1652140339650193958 204.457039 3.894071 4 0 0.000000
1652140340647630612 204.126081 4.010280 4 0 0.000000
1652140341798439076 215.133552 3.475817 4 0 0.000000
1652140342514763449 204.142848 4.188047 3 0 0.000000
1652140343431909200 204.483792 3.271018 3 0 0.000000
1652140344668203171 203.967001 3.235476 4 0 0.000000
1652140345405266377 204.435221 4.070207 3 0 0.000000
1652140346768607615 206.307661 2.933968 4 0 0.000000
1652140347729340077 204.359793 3.122618 3 0 0.000000
1652140348320831524 204.554958 3.381283 2 0 0.000000
1652140349646074588 204.369314 3.018314 4 0 0.000000
1652140350644722563 204.337673 3.004062 3 0 0.000000
1652140351587286467 238.995518 3.182808 3 0 0.000000
1652140352667348500 204.276420 2.777618 3 0 0.000000
1652140353686165938 204.443340 2.944590 3 0 0.000000
1652140354596213839 204.113412 2.197687 2 0 0.000000
1652140355730384163 204.483108 3.526807 4 0 0.000000
1652140356679050904 239.427825 3.162333 3 0 0.000000
1652140357817127741 204.197654 3.514701 4 0 0.000000
1652140358801639493 204.406199 3.047196 3 0 0.000000
1652140359642335110 204.409266 2.378982 2 0 0.000000
1652140360473135076 204.518812 3.610978 3 0 0.000000
1652140361672982635 204.508060 1.666878 2 0 0.000000
1652140362763449336 204.367454 3.668154 4 0 0.000000
1652140363684166249 204.189338 4.344441 4 0 0.000000
1652140364661266073 204.191276 4.093747 4 0 0.000000
1652140365708418958 204.468776 2.864911 3 0 0.000000
1652140366721908960 253.215320 2.960069 3 0 0.000000
1652140367641416043 204.205791 3.262618 3 0 0.000000
1652140368697728280 204.304359 3.786759 4 0 0.000000
1652140369602662060 204.388102 3.315160 3 0 0.000000
1652140370826869693 204.289409 3.267420 4 0 0.000000
1652140371758823092 227.920249 3.219045 3 0 0.000000
1652140372817480534 204.036597 2.833778 3 0 0.000000
1652140373556381262 204.305235 4.060085 3 0 0.000000
1652140374662141182 204.336941 3.617422 4 0 0.000000
1652140375532501094 204.343474 3.446850 3 0 0.000000
1652140376475924244 247.089481 3.179909 3 0 0.000000
1652140377672035047 204.352805 3.344172 4 0 0.000000
1652140378792718003 204.384901 3.569252 4 0 0.000000
1652140379673965745 204.330476 3.404264 3 0 0.000000
1652140380826950520 338.986940 2.601942 3 0 0.000000
1652140381473588525 280.713428 3.092921 2 0 0.000000
1652140382830524511 204.430311 2.947818 4 0 0.000000
1652140383671058633 204.523143 3.569159 3 0 0.000000
1652140384654418668 204.427287 4.067686 4 0 0.000000
1652140385724664698 204.317410 3.737458 4 0 0.000000
1652140386742538667 240.089750 2.947320 3 0 0.000000
1652140387764931877 204.408946 2.934292 3 0 0.000000
1652140388738414870 204.484291 3.081718 3 0 0.000000
1652140389683483800 204.399988 4.232495 4 0 0.000000
1652140390871665419 204.310866 3.366489 4 0 0.000000
1652140391722811913 262.829098 2.349772 2 0 0.000000
1652140392741483385 204.498005 2.945012 3 0 0.000000
1652140393777617829 204.429346 3.860503 4 0 0.000000
1652140394691184529 204.169857 4.378443 4 0 0.000000
1652140395845949477 204.476067 3.463908 4 0 0.000000
1652140396857151563 233.079120 2.966766 3 0 0.000000
1652140397788175677 204.364321 3.222258 3 0 0.000000
1652140398626851600 204.475742 3.577067 3 0 0.000000
1652140399616790365 204.206971 3.030490 3 0 0.000000
1652140400880990918 204.483339 3.955069 5 0 0.000000
1652140401663534326 333.202104 2.555769 2 0 0.000000
1652140402863114464 204.397615 3.334500 4 0 0.000000
1652140403469901429 204.438178 3.296050 2 0 0.000000
1652140404719903092 204.480687 3.199996 4 0 0.000000
1652140405642884512 204.411391 3.250336 3 0 0.000000
1652140406574524396 211.920431 2.146752 2 0 0.000000
1652140407709572847 341.130370 2.643059 3 0 0.000000
1652140408703129831 204.406225 4.025939 4 0 0.000000
1652140409845862345 204.141663 3.500382 4 0 0.000000
1652140410787765553 204.168413 3.185041 3 0 0.000000
1652140411870224580 237.720022 2.771467 3 0 0.000000
1652140412777492866 204.475032 3.306629 3 0 0.000000
1652140413622730603 204.444740 3.549297 3 0 0.000000
1652140414838306894 204.550364 2.467965 3 0 0.000000
1652140415386360724 204.454993 3.649277 2 0 0.000000
1652140416622043130 490.420954 1.618539 2 0 0.000000
1652140417583172918 204.261835 3.121327 3 0 0.000000
1652140418868321302 204.450716 3.112481 4 0 0.000000
1652140419891342877 204.369431 2.932489 3 0 0.000000
1652140420647809839 204.458963 3.965804 3 0 0.000000
1652140421612573169 219.567158 3.109571 3 0 0.000000
1652140422816259736 204.501281 2.492343 3 0 0.000000
1652140423482390297 204.526335 3.002414 2 0 0.000000
1652140424650268704 204.330858 2.568761 3 0 0.000000
1652140425710288415 408.384921 1.886757 2 0 0.000000
1652140426621478681 263.706950 3.292397 3 0 0.000000
1652140427754357640 204.512378 2.648120 3 0 0.000000
1652140428814444973 204.438934 2.829956 3 0 0.000000
1652140429476623372 204.359425 4.530501 3 0 0.000000
1652140430576934091 339.659936 2.726503 3 0 0.000000
1652140431892295937 209.145140 3.801235 5 0 0.000000
1652140432640228309 204.493197 4.011058 3 0 0.000000
1652140433644747624 204.314926 3.982004 4 0 0.000000
1652140434497941770 204.391367 2.344132 2 0 0.000000
1652140435708809053 204.244882 3.303417 4 0 0.000000
1652140436641712251 262.824862 3.215768 3 0 0.000000
1652140437786027844 204.137981 2.621654 3 0 0.000000
1652140438565067274 204.202596 3.850896 3 0 0.000000
1652140439803739398 340.989222 2.421948 3 0 0.000000
1652140440721297471 204.055069 3.269548 3 0 0.000000
1652140441401340824 614.719662 1.470494 1 0 0.000000
1652140442907352325 0.000000 0.000000 0 0 0.000000
1652140443722630196 680.955166 3.679727 3 0 0.000000
1652140444800670806 204.508223 3.710435 4 0 0.000000
1652140445704707657 204.340438 3.318449 3 0 0.000000
1652140446876722744 221.328001 3.412925 4 0 0.000000
1652140447819446820 204.447343 3.182267 3 0 0.000000
1652140448854612434 204.425528 3.864116 4 0 0.000000
1652140449758799718 204.625497 2.211931 2 0 0.000000
1652140450774321086 407.335629 1.969432 2 0 0.000000
1652140451679613810 210.657764 3.313845 3 0 0.000000
1652140452791936422 204.584437 2.697059 3 0 0.000000
1652140453810739339 204.575597 3.926176 4 0 0.000000
1652140454834543190 204.072886 2.930249 3 0 0.000000
1652140455584867031 204.488949 3.998274 3 0 0.000000
1652140456732281614 339.618523 2.614574 3 0 0.000000
1652140457887422592 204.499127 3.462781 4 0 0.000000
1652140458806937242 407.100887 2.175060 2 0 0.000000
1652140459750493327 204.536135 3.179461 3 0 0.000000
1652140460598667970 204.462198 3.537007 3 0 0.000000
1652140461465926431 211.731221 2.306117 2 0 0.000000
1652140462749346171 204.525052 2.337505 3 0 0.000000
1652140463372871620 204.516909 3.207568 2 0 0.000000
1652140464808909569 306.193493 2.785442 4 0 0.000000
1652140465704341012 204.526526 3.350340 3 0 0.000000
1652140466703296333 251.046231 3.003137 3 0 0.000000
1652140467776749701 203.947905 3.726291 4 0 0.000000
1652140468625080669 204.516368 3.536356 3 0 0.000000
1652140469865586275 204.524436 1.612246 2 0 0.000000
1652140470750592297 204.424790 3.389807 3 0 0.000000
1652140471717592633 255.607359 3.102377 3 0 0.000000
1652140472859936216 204.533473 3.501573 4 0 0.000000
1652140473909948878 204.351919 3.809478 4 0 0.000000
1652140474730878725 204.467637 3.654393 3 0 0.000000
1652140475848732860 340.866782 2.683713 3 0 0.000000
1652140476719868548 264.625776 3.443780 3 0 0.000000
1652140477751784312 204.479158 3.876285 4 0 0.000000
1652140478637851116 204.512287 3.385749 3 0 0.000000
1652140479773670965 204.607988 3.521685 4 0 0.000000
1652140480864709309 204.371559 2.749674 3 0 0.000000
1652140481924061340 204.422424 1.887947 2 0 0.000000
1652140482753470985 204.481174 3.617031 3 0 0.000000
1652140483784295868 204.498352 2.910291 3 0 0.000000
1652140484895500880 204.506649 3.599696 4 0 0.000000
1652140485752413821 204.634415 3.500939 3 0 0.000000
1652140486836250544 204.597534 2.767945 3 0 0.000000
1652140487787638159 204.550331 3.153289 3 0 0.000000
1652140488613909202 204.528178 3.630770 3 0 0.000000
1652140489797486312 204.587450 2.534689 3 0 0.000000
1652140490632415565 204.636901 2.395413 2 0 0.000000
1652140491843430439 216.752695 3.303015 4 0 0.000000
1652140492803179400 204.456367 4.167756 4 0 0.000000
1652140493870450868 204.498370 3.747875 4 0 0.000000
1652140494643057593 204.588776 2.588639 2 0 0.000000
1652140495754042868 204.707302 2.700306 3 0 0.000000
1652140496801644921 226.263156 3.818244 4 0 0.000000
1652140497902019657 204.508240 3.635125 4 0 0.000000
1652140498628509784 204.419849 2.752962 2 0 0.000000
1652140499650195658 204.483329 2.936323 3 0 0.000000
1652140500797115416 204.517306 2.615702 3 0 0.000000
1652140501813317919 211.853842 3.936223 4 0 0.000000
1652140502767578755 204.648938 3.143795 3 0 0.000000
1652140503766995481 204.487147 4.002334 4 0 0.000000
1652140504930893249 204.656759 3.436728 4 0 0.000000
1652140505777809822 204.501877 3.542262 3 0 0.000000
1652140506764050432 251.279809 3.041854 3 0 0.000000
1652140507765529483 204.207744 3.994093 4 0 0.000000
1652140508655206709 204.082201 4.496013 4 0 0.000000
1652140509714768629 407.488485 1.887573 2 0 0.000000
1652140510724238420 204.578470 2.971857 3 0 0.000000
1652140511888074217 204.435686 3.436911 4 0 0.000000
1652140512786290062 204.568509 2.226636 2 0 0.000000
1652140513910325037 204.724904 3.558608 4 0 0.000000
1652140514797958011 409.555108 2.253184 2 0 0.000000
1652140515837949134 204.540252 2.884640 3 0 0.000000
1652140516761092187 240.752143 2.166511 2 0 0.000000
1652140517895749911 204.637108 2.643969 3 0 0.000000
1652140518745403878 204.537357 2.353899 2 0 0.000000
1652140519457614397 204.056086 2.808159 2 0 0.000000
1652140520749275457 339.822845 2.322591 3 0 0.000000
1652140521868394358 230.441640 3.574240 4 0 0.000000
1652140522805723169 204.413497 4.267446 4 0 0.000000
1652140523860555179 204.391935 2.844055 3 0 0.000000
1652140524731769742 204.443275 2.295646 2 0 0.000000
1652140525605002126 204.570796 3.435512 3 0 0.000000
1652140526823745329 226.440376 2.461552 3 0 0.000000
1652140527950291670 204.218865 3.550675 4 0 0.000000
1652140528944960302 204.432862 3.016080 3 0 0.000000
1652140529784283778 204.271801 2.382872 2 0 0.000000
1652140530700217997 204.600747 3.275344 3 0 0.000000
1652140531467129890 204.428063 3.911792 3 0 0.000000
1652140532802778058 204.504036 2.994801 4 0 0.000000
1652140533458753413 204.508862 3.048895 2 0 0.000000
1652140534844679157 204.540895 2.886158 4 0 0.000000
1652140535536271545 204.222610 4.337815 3 0 0.000000
1652140536499782255 204.399843 3.113614 3 0 0.000000
1652140537886820248 385.558624 2.162882 3 0 0.000000
1652140538829003396 204.505704 2.122730 2 0 0.000000
1652140539944969822 204.466660 3.584337 4 0 0.000000
1652140540280972383 204.487082 2.976168 1 0 0.000000
1652140541564089384 611.579987 1.558704 2 0 0.000000
1652140542491432650 204.676044 2.156699 2 0 0.000000
1652140543721218781 204.607484 3.252598 4 0 0.000000
1652140544778482319 204.525538 3.783352 4 0 0.000000
1652140545773317668 204.437121 4.020766 4 0 0.000000
1652140546369875148 204.553700 3.352569 2 0 0.000000
1652140547822740191 216.152022 2.753181 4 0 0.000000
1652140548764137439 204.607887 3.186753 3 0 0.000000
1652140549569748146 204.644287 3.723883 3 0 0.000000
1652140550908469024 204.597355 2.987927 4 0 0.000000
1652140551493672372 204.716798 3.417615 2 0 0.000000
1652140552878625153 204.665858 2.888185 4 0 0.000000
1652140553792052143 204.644019 3.284335 3 0 0.000000
1652140554872890678 204.616015 3.700830 4 0 0.000000
1652140555778553802 204.677458 3.312490 3 0 0.000000
1652140556878045420 236.226018 3.638009 4 0 0.000000
1652140557944576238 204.485883 3.750516 4 0 0.000000
1652140558785957510 204.644145 3.565566 3 0 0.000000
1652140559606874771 204.717081 2.436299 2 0 0.000000
1652140560940535760 204.576626 2.999263 4 0 0.000000
1652140561670556806 204.770007 2.739647 2 0 0.000000
1652140562871569707 207.813842 3.330522 4 0 0.000000
1652140563959869856 204.347132 2.756592 3 0 0.000000
1652140564473416889 204.670356 3.894483 2 0 0.000000
1652140565917511932 305.861610 2.769901 4 0 0.000000
1652140566962461292 222.673525 3.827937 4 0 0.000000
1652140567685495746 204.291096 4.149180 3 0 0.000000
1652140568937838474 407.146403 1.597007 2 0 0.000000
1652140569864646461 204.946554 3.236916 3 0 0.000000
1652140570921377419 204.693937 3.785259 4 0 0.000000
1652140571487337000 204.604358 3.533821 2 0 0.000000
1652140572728057300 241.133867 2.417950 3 0 0.000000
1652140573901535380 204.670118 3.408670 4 0 0.000000
1652140574424858958 204.461312 3.821727 2 0 0.000000
1652140575934939307 341.510501 1.986649 3 0 0.000000
1652140576514047184 204.615851 3.453588 2 0 0.000000
1652140577790904135 219.513169 3.132692 4 0 0.000000
1652140578834667975 204.535037 2.874213 3 0 0.000000
1652140579827327802 204.616686 4.029578 4 0 0.000000
1652140580860659232 204.783556 2.903231 3 0 0.000000
1652140581695734013 204.810671 3.592493 3 0 0.000000
1652140582917340385 230.134784 3.274377 4 0 0.000000
1652140583755167509 204.547322 3.580691 3 0 0.000000
1652140584665616932 204.606497 3.295076 3 0 0.000000
1652140585817655800 204.605779 2.604079 3 0 0.000000
1652140586784783702 204.642426 3.101968 3 0 0.000000
1652140587910344371 204.708856 3.553784 4 0 0.000000
1652140588758791441 204.698124 3.535872 3 0 0.000000
1652140589774755879 614.933049 0.984286 1 0 0.000000
1652140590777339659 204.592034 2.992269 3 0 0.000000
1652140591670802367 204.506517 3.357723 3 0 0.000000
1652140592952863915 246.717940 3.119975 4 0 0.000000
1652140593993646288 204.335256 3.843263 4 0 0.000000
1652140594871840634 204.685869 3.416100 3 0 0.000000
1652140595839257616 204.682845 3.101041 3 0 0.000000
1652140596729605608 204.806917 3.369469 3 0 0.000000
1652140597702904023 910.492534 1.027434 1 0 0.000000
1652140598917759032 204.487639 3.292574 4 0 0.000000
1652140599584522865 204.704274 1.499781 1 0 0.000000
1652140600779302857 204.739877 3.347897 4 0 0.000000
1652140601815000315 206.704204 2.896599 3 0 0.000000
1652140602634651152 216.857594 3.660095 3 0 0.000000
1652140603816247426 204.680804 2.538938 3 0 0.000000
1652140604975998165 204.378478 3.449017 4 0 0.000000
1652140605843161750 204.640712 3.459555 3 0 0.000000
1652140606977719818 230.699863 3.525602 4 0 0.000000
1652140607977321673 205.506518 4.001593 4 0 0.000000
1652140608953263250 204.457763 4.098606 4 0 0.000000
1652140609926696363 204.732484 4.109168 4 0 0.000000
1652140610837651014 204.533716 3.293248 3 0 0.000000
1652140611739060617 204.746596 3.328121 3 0 0.000000
1652140612392464824 208.839146 3.060892 2 0 0.000000
1652140613897899157 204.558311 2.657041 4 0 0.000000
1652140614976939685 204.637970 3.706997 4 0 0.000000
1652140615683722396 204.157967 4.244586 3 0 0.000000
1652140616739056974 204.642621 2.842700 3 0 0.000000
1652140617981332292 246.989494 3.219898 4 0 0.000000
1652140618864644815 204.674364 3.396306 3 0 0.000000
1652140619756372520 204.521308 3.364256 3 0 0.000000
1652140620833686837 204.689448 3.712937 4 0 0.000000
1652140621825667002 204.854350 1.008085 1 0 0.000000
1652140622828767278 204.404665 1.993819 2 0 0.000000
1652140623834014378 407.229791 1.989561 2 0 0.000000
1652140624807509239 204.666400 2.054454 2 0 0.000000
1652140625896922624 204.619956 2.753776 3 0 0.000000
1652140626838665069 204.727129 3.185584 3 0 0.000000
1652140627952935968 245.995463 3.589791 4 0 0.000000
1652140628820931306 204.759255 3.456240 3 0 0.000000
1652140629880058484 204.511101 3.776695 4 0 0.000000
1652140630606241818 610.864634 1.377063 1 0 0.000000
1652140631668523066 204.743368 2.824111 3 0 0.000000
1652140632913462436 240.537800 3.213008 4 0 0.000000
1652140633907242337 204.710480 2.012518 2 0 0.000000
1652140634905749483 204.574006 4.005980 4 0 0.000000
1652140635958295935 204.337456 3.800307 4 0 0.000000
1652140636714312313 204.668485 3.968168 3 0 0.000000
1652140637898210914 240.324526 3.378668 4 0 0.000000
1652140638731814452 204.622807 3.598833 3 0 0.000000
1652140639971091813 207.923452 4.034609 5 0 0.000000
1652140640862182636 204.410061 3.366660 3 0 0.000000
1652140641737541264 204.753657 3.427167 3 0 0.000000
1652140642916862912 265.997120 3.391780 4 0 0.000000
1652140643934227510 204.518847 3.931727 4 0 0.000000
1652140644711841901 204.596540 3.857953 3 0 0.000000
1652140645883118844 204.656174 1.707538 2 0 0.000000
1652140647032524886 0.000000 0.000000 0 0 0.000000
1652140647832008671 493.794265 3.752422 3 0 0.000000
1652140649020689907 204.474671 2.523805 3 0 0.000000
1652140650016349053 204.642759 3.013079 3 0 0.000000
1652140650814516705 204.652468 3.758609 3 0 0.000000
1652140651860762543 204.508889 2.867395 3 0 0.000000
1652140652876348847 226.759330 2.953959 3 0 0.000000
1652140653984798049 204.487596 3.608645 4 0 0.000000
1652140654747566797 204.762788 2.622027 2 0 0.000000
1652140655965898612 204.859331 3.283178 4 0 0.000000
1652140656842663935 204.668531 2.281112 2 0 0.000000
1652140657774053407 317.066061 2.147329 2 0 0.000000
1652140658967793960 204.729127 3.350812 4 0 0.000000
1652140659835080134 204.697740 3.459066 3 0 0.000000
1652140660881371019 204.744226 3.823029 4 0 0.000000
1652140661919257889 204.668273 2.890488 3 0 0.000000
1652140663020889272 236.465635 2.723234 3 0 0.000000
1652140663921377877 204.514240 4.442033 4 0 0.000000
1652140664769830755 204.761631 2.357232 2 0 0.000000
1652140666012625476 204.511234 3.218552 4 0 0.000000
1652140666944872741 204.509600 4.290707 4 0 0.000000
1652140667942964023 257.202070 3.005737 3 0 0.000000
1652140668712887996 204.869651 3.896489 3 0 0.000000
1652140669746998631 204.751985 2.901044 3 0 0.000000
1652140670834459624 204.626321 2.758720 3 0 0.000000
1652140671785653073 204.734494 3.153933 3 0 0.000000
1652140673036572139 254.321778 2.398237 3 0 0.000000
1652140673984829709 204.751151 2.109132 2 0 0.000000
1652140675011531900 409.827742 1.947985 2 0 0.000000
1652140675939703512 204.733910 4.309548 4 0 0.000000
1652140676993004500 204.848761 1.898792 2 0 0.000000
1652140677735786349 243.148223 2.692581 2 0 0.000000
1652140678918706116 204.486512 2.536098 3 0 0.000000
1652140679867604358 204.832245 3.161561 3 0 0.000000
1652140681022496137 204.688302 3.463528 4 0 0.000000
1652140681811185686 204.753124 3.803778 3 0 0.000000
1652140682856443422 232.797497 2.870106 3 0 0.000000
1652140683918523400 204.419862 3.766195 4 0 0.000000
1652140684790574362 204.367435 4.586888 4 0 0.000000
1652140685739494847 204.755193 3.161487 3 0 0.000000
1652140686904217039 204.432160 2.575721 3 0 0.000000
1652140687665347775 215.474078 3.941504 3 0 0.000000
1652140688867330757 204.886486 2.495876 3 0 0.000000
1652140689805242956 204.641011 3.198594 3 0 0.000000
1652140690827719274 409.654448 1.956036 2 0 0.000000
1652140691632202751 204.798665 2.486067 2 0 0.000000
1652140692961873520 236.626054 2.256198 3 0 0.000000
1652140693945169344 204.655442 3.050964 3 0 0.000000
1652140695020739603 204.749703 2.789218 3 0 0.000000
1652140696051502545 204.827500 2.910466 3 0 0.000000
1652140696473982117 204.818508 2.366978 1 0 0.000000
1652140697956423546 326.355798 2.698252 4 0 0.000000
1652140698907783143 204.353790 3.153382 3 0 0.000000
1652140699862162377 204.511945 4.191206 4 0 0.000000
1652140700963663525 204.729902 3.631408 4 0 0.000000
1652140701977510400 204.624813 2.959027 3 0 0.000000
1652140702962832220 237.820274 3.044691 3 0 0.000000
1652140703899449179 204.594372 3.203017 3 0 0.000000
1652140705028606379 204.699038 3.542465 4 0 0.000000
1652140705617938227 204.726837 3.393674 2 0 0.000000
1652140706528052360 409.436185 2.197527 2 0 0.000000
1652140707966798323 370.103048 2.085149 3 0 0.000000
1652140708600903815 204.761895 1.577025 1 0 0.000000
1652140709841505266 204.727978 3.224243 4 0 0.000000
1652140710796452702 204.815455 3.141534 3 0 0.000000
1652140712027814790 204.826710 2.436326 3 0 0.000000
1652140712952972161 248.249186 3.242692 3 0 0.000000
1652140713984869945 204.771034 3.876353 4 0 0.000000
1652140714943655454 204.858833 3.128958 3 0 0.000000
1652140715946535044 204.814456 2.991386 3 0 0.000000
1652140716967019120 204.670814 2.939781 3 0 0.000000
1652140717962728522 222.541269 4.017236 4 0 0.000000
1652140718917797428 204.786616 4.188180 4 0 0.000000
1652140719358520844 204.692763 4.537993 2 0 0.000000
1652140720857059367 341.366145 2.001951 3 0 0.000000
1652140722071015910 204.531547 3.295011 4 0 0.000000
1652140722949388757 255.520094 3.415406 3 0 0.000000
1652140724004043187 204.788395 2.844534 3 0 0.000000
1652140724960921406 204.392823 4.180260 4 0 0.000000
1652140725867191630 204.746807 3.310271 3 0 0.000000
1652140726960609449 204.640043 3.658254 4 0 0.000000
1652140727979848242 217.273051 3.924497 4 0 0.000000
1652140728562699760 204.828564 3.431406 2 0 0.000000
1652140730075622293 305.944085 2.643890 4 0 0.000000
1652140731047957361 204.722206 3.085356 3 0 0.000000
1652140731898092790 204.719731 3.528850 3 0 0.000000
1652140732843538507 241.112825 3.173107 3 0 0.000000
1652140733662256268 204.818826 2.442844 2 0 0.000000
1652140735033936780 306.289292 2.916131 4 0 0.000000
1652140735994380105 204.887428 3.123558 3 0 0.000000
1652140736869023565 204.741504 3.429969 3 0 0.000000
1652140738006645072 242.895874 3.516108 4 0 0.000000
1652140738849498904 204.769657 3.559336 3 0 0.000000
1652140740069491646 204.740110 1.639354 2 0 0.000000
1652140740819425185 204.819366 2.666903 2 0 0.000000
1652140741686870648 204.815190 2.305620 2 0 0.000000
1652140742887554902 226.336954 2.498575 3 0 0.000000
1652140744046250779 204.753717 3.452157 4 0 0.000000
1652140745051145646 204.845731 3.980516 4 0 0.000000
1652140745943193665 204.966633 3.363048 3 0 0.000000
1652140747030166248 204.739796 3.679946 4 0 0.000000
1652140748062867862 248.131894 2.905002 3 0 0.000000
1652140749023947226 204.443579 4.161987 4 0 0.000000
1652140749926157814 204.761660 4.433555 4 0 0.000000
1652140750721539796 204.597895 3.771773 3 0 0.000000
1652140751797119774 204.824787 2.789193 3 0 0.000000
1652140752813975860 228.885263 2.950270 3 0 0.000000
1652140753929762105 204.792496 3.584916 4 0 0.000000
1652140754845779147 204.334974 3.275048 3 0 0.000000
1652140755992023741 341.830320 2.617242 3 0 0.000000
1652140757028439717 204.850679 3.859454 4 0 0.000000
1652140758077206076 289.212749 2.860504 3 0 0.000000
1652140758939022280 204.847901 2.320680 2 0 0.000000
1652140759941568502 407.390978 1.994920 2 0 0.000000
1652140760979537843 204.922835 2.890259 3 0 0.000000
1652140762087123217 204.716481 3.611460 4 0 0.000000
1652140763061417642 213.344146 2.052768 2 0 0.000000
1652140764097825286 204.676709 2.894614 3 0 0.000000
1652140765098940215 204.706894 3.995545 4 0 0.000000
1652140765897617031 204.797023 3.756213 3 0 0.000000
1652140766912502991 204.406020 3.941330 4 0 0.000000
1652140767866406128 232.876599 3.144973 3 0 0.000000
1652140768638098606 204.550624 3.887559 3 0 0.000000
1652140769681454005 204.693880 2.875339 3 0 0.000000
1652140771023617984 204.877131 2.980262 4 0 0.000000
1652140772049938226 204.795516 2.923064 3 0 0.000000
1652140772936090389 230.115171 3.385423 3 0 0.000000
1652140773513307105 204.034571 3.464903 2 0 0.000000
1652140774842247253 205.066606 2.257438 3 0 0.000000
1652140775941838997 204.557150 2.728285 3 0 0.000000
1652140776605923987 615.516513 1.505831 1 0 0.000000
1652140778025573342 241.476478 2.113198 3 0 0.000000
1652140778867342313 204.852726 3.563923 3 0 0.000000
1652140779902723189 204.846778 3.863313 4 0 0.000000
1652140781076890152 204.818405 3.406671 4 0 0.000000
1652140781804781765 204.402436 4.121493 3 0 0.000000
1652140782821406904 254.455022 2.950940 3 0 0.000000
1652140784034728872 204.968882 3.296734 4 0 0.000000
1652140785064253482 204.553066 3.885288 4 0 0.000000
1652140785908383365 204.865693 2.369304 2 0 0.000000
1652140786819301296 204.800841 4.391175 4 0 0.000000
1652140787940509257 204.805081 1.783790 2 0 0.000000
1652140788977940599 205.010365 2.891758 3 0 0.000000
