1652140230741996354 305.993046 2.790321 2 0 0.000000
1652140232014510730 238.496142 3.143383 4 0 0.000000
1652140232785672856 204.276269 3.890233 3 0 0.000000
1652140233636827377 204.317998 2.349750 2 0 0.000000
1652140234879743393 203.591351 3.218238 4 0 0.000000
1652140235351448564 204.287285 4.239937 2 0 0.000000
1652140236715320366 1285.074588 0.733207 1 0 0.000000
1652140237815997390 407.224473 1.817063 2 0 0.000000
1652140238915032453 204.295997 2.729667 3 0 0.000000
1652140239796001210 203.974752 3.405342 3 0 0.000000
1652140240865952321 204.346616 2.803866 3 0 0.000000
1652140241757460812 240.861664 3.365083 3 0 0.000000
1652140242876080736 204.269651 3.575835 4 0 0.000000
1652140243917835364 204.281241 3.839676 4 0 0.000000
1652140244816076887 204.150870 3.339859 3 0 0.000000
1652140245702556760 204.273301 3.384172 3 0 0.000000
1652140246809595093 215.583414 3.613244 4 0 0.000000
1652140247784050530 204.213730 3.078643 3 0 0.000000
1652140248707378047 204.293172 3.249118 3 0 0.000000
1652140249823377790 204.128792 3.584230 4 0 0.000000
1652140250855365908 204.200754 2.907010 3 0 0.000000
1652140251903026796 224.564072 3.818029 4 0 0.000000
1652140252632135422 204.293233 4.114613 3 0 0.000000
1652140253578802245 204.162768 3.169014 3 0 0.000000
1652140254879781202 341.054935 2.305956 3 0 0.000000
1652140255692718352 204.235168 2.460215 2 0 0.000000
1652140256742147758 254.896495 2.858696 3 0 0.000000
1652140257864973702 204.088518 3.562440 4 0 0.000000
1652140258855105450 204.171808 2.019933 2 0 0.000000
1652140260002270490 204.318435 2.615142 3 0 0.000000
1652140260755365011 204.215627 3.983564 3 0 0.000000
1652140261887702420 230.612593 3.532516 4 0 0.000000
1652140262812125556 204.275173 3.245267 3 0 0.000000
1652140263927841964 204.274627 2.688855 3 0 0.000000
1652140264728324689 204.215783 2.498492 2 0 0.000000
1652140265714941321 204.219391 4.054260 4 0 0.000000
1652140266890276412 244.818844 3.403285 4 0 0.000000
1652140267650495826 204.343574 3.946229 3 0 0.000000
1652140268680718146 407.062967 1.941329 2 0 0.000000
1652140269763514276 204.282128 3.694140 4 0 0.000000
1652140270554382212 204.403570 3.793301 3 0 0.000000
1652140271968632433 239.269287 2.121265 3 0 0.000000
1652140272690005694 204.371143 2.772490 2 0 0.000000
1652140273985069163 204.221794 2.316489 3 0 0.000000
1652140275001871358 204.260520 2.950426 3 0 0.000000
1652140275734870852 204.177741 2.728515 2 0 0.000000
1652140276928458024 475.619608 1.675621 2 0 0.000000
1652140277405839739 204.352272 4.189520 2 0 0.000000
1652140279000254790 285.570456 3.135946 5 0 0.000000
1652140279887116250 203.913725 3.382715 3 0 0.000000
1652140280700487709 204.226282 3.688352 3 0 0.000000
1652140281972663381 236.715905 2.358165 3 0 0.000000
1652140283062436245 204.337791 2.752867 3 0 0.000000
1652140283758490082 204.161276 2.873341 2 0 0.000000
1652140284839944512 408.703574 1.849361 2 0 0.000000
1652140285807216506 203.958790 3.101506 3 0 0.000000
1652140286706643002 224.566123 3.335459 3 0 0.000000
1652140288054859378 204.042447 2.966883 4 0 0.000000
1652140288941434948 204.301430 3.383806 3 0 0.000000
1652140290021473114 204.352641 2.777680 3 0 0.000000
1652140290805329540 204.135190 3.827232 3 0 0.000000
1652140292011204730 229.450237 3.317093 4 0 0.000000
1652140292880520461 204.354873 3.450990 3 0 0.000000
1652140293973762160 204.329194 2.744133 3 0 0.000000
1652140294858885429 204.589444 2.259572 2 0 0.000000
1652140295793784601 204.269074 3.208902 3 0 0.000000
1652140296925141042 226.353789 3.535579 4 0 0.000000
1652140298028442968 204.398725 2.719111 3 0 0.000000
1652140298985952229 204.349588 3.133129 3 0 0.000000
1652140299807633318 406.653640 2.434034 2 0 0.000000
1652140300973422173 204.237500 3.431153 4 0 0.000000
1652140301841409859 238.748414 3.456270 3 0 0.000000
1652140302884988711 408.809761 1.916482 2 0 0.000000
1652140303971575506 204.305183 3.681252 4 0 0.000000
1652140304898064761 614.813761 1.079343 1 0 0.000000
1652140305985496651 338.934736 2.758793 3 0 0.000000
1652140307077673188 208.955342 3.662412 4 0 0.000000
1652140307838289360 204.130901 3.944171 3 0 0.000000
1652140308981047781 204.373778 2.625227 3 0 0.000000
1652140310097762946 204.398468 2.686450 3 0 0.000000
1652140310847422122 203.812848 4.001819 3 0 0.000000
1652140311943854540 243.873684 3.648196 4 0 0.000000
1652140313070415478 203.797838 3.550629 4 0 0.000000
1652140313994671982 204.338062 3.245852 3 0 0.000000
1652140315024366897 204.183778 3.884646 4 0 0.000000
1652140315754879063 204.055309 4.106708 3 0 0.000000
1652140316918461038 240.748555 3.437661 4 0 0.000000
1652140317853932018 204.305349 3.206941 3 0 0.000000
1652140319116029287 340.990177 2.376996 3 0 0.000000
1652140319861068309 204.399136 4.026635 3 0 0.000000
1652140320916045041 204.431190 2.843665 3 0 0.000000
1652140321951750507 212.694984 3.862102 4 0 0.000000
1652140322537828631 204.479909 3.412514 2 0 0.000000
1652140324042712746 306.921305 2.658012 4 0 0.000000
1652140324903582362 204.158248 3.484848 3 0 0.000000
1652140325836770506 204.337704 3.214786 3 0 0.000000
1652140326741399531 252.542711 3.316277 3 0 0.000000
1652140327828906082 204.152313 2.758604 3 0 0.000000
1652140328828525818 406.527782 2.000761 2 0 0.000000
1652140330105729007 204.199419 3.914804 5 0 0.000000
1652140330966404183 203.962549 3.485636 3 0 0.000000
1652140332083585368 219.336796 3.580440 4 0 0.000000
1652140333110902940 204.417242 3.893635 4 0 0.000000
1652140334000023052 204.403285 2.249415 2 0 0.000000
1652140334953339275 204.351461 3.146910 3 0 0.000000
1652140335796930346 204.584781 2.370817 2 0 0.000000
1652140336841510944 223.912096 2.871966 3 0 0.000000
1652140337995775816 204.334780 3.465409 4 0 0.000000
1652140339026274459 204.347626 3.881616 4 0 0.000000
1652140339963862948 204.348585 3.199698 3 0 0.000000
1652140340824776199 204.226772 3.484672 3 0 0.000000
1652140341790081385 224.951993 3.107825 3 0 0.000000
1652140343011440705 204.411978 2.456280 3 0 0.000000
1652140344053088589 204.483336 1.920035 2 0 0.000000
1652140344908207514 203.701069 3.508284 3 0 0.000000
1652140345684015753 204.399825 2.577957 2 0 0.000000
1652140347083960587 234.488302 2.857255 4 0 0.000000
1652140347946335628 204.242276 2.319176 2 0 0.000000
1652140348869399134 204.411172 3.250047 3 0 0.000000
1652140350001804184 204.223605 2.649229 3 0 0.000000
1652140350629426312 204.468291 3.186631 2 0 0.000000
1652140352073548600 218.580883 2.769849 4 0 0.000000
1652140352947819707 407.363475 2.287620 2 0 0.000000
1652140353965222472 204.361663 2.948685 3 0 0.000000
1652140355127316991 204.156470 3.442061 4 0 0.000000
1652140355883857225 204.334291 3.965420 3 0 0.000000
1652140356969120693 255.623327 2.764306 3 0 0.000000
1652140357955390996 204.597875 3.041762 3 0 0.000000
1652140359137596533 409.642311 1.691753 2 0 0.000000
1652140359834789009 204.150309 2.868648 2 0 0.000000
1652140360945737321 204.472950 2.700396 3 0 0.000000
1652140362135262877 221.896036 2.522014 3 0 0.000000
1652140363137592621 204.378637 2.993027 3 0 0.000000
1652140363911987424 204.384498 3.873993 3 0 0.000000
1652140364800110005 204.334768 3.377912 3 0 0.000000
1652140365998977365 204.379987 2.502362 3 0 0.000000
1652140366940174287 207.460330 2.124954 2 0 0.000000
1652140368142440139 204.367060 3.327051 4 0 0.000000
1652140368935847872 204.313489 3.781158 3 0 0.000000
1652140369655715043 204.391812 2.778290 2 0 0.000000
1652140370889730512 341.203927 2.431088 3 0 0.000000
1652140371744670399 253.561825 2.339346 2 0 0.000000
1652140372909792276 204.363538 2.574838 3 0 0.000000
1652140373933944359 407.327169 1.952835 2 0 0.000000
1652140375044336416 204.502345 2.701748 3 0 0.000000
1652140376132531401 204.211576 3.675812 4 0 0.000000
1652140376942871114 224.271731 3.702151 3 0 0.000000
1652140378112243767 406.891780 1.710319 2 0 0.000000
1652140378943683753 204.360277 3.608198 3 0 0.000000
1652140379866203491 204.435544 3.251963 3 0 0.000000
1652140381058246620 204.312446 3.355583 4 0 0.000000
1652140381979281424 229.548145 3.257206 3 0 0.000000
1652140382864114341 408.959881 2.260314 2 0 0.000000
1652140384137854424 204.535042 3.140358 4 0 0.000000
1652140384926858575 204.278125 2.534841 2 0 0.000000
1652140385935147320 203.942982 2.975338 3 0 0.000000
1652140386532254533 265.201565 3.349482 2 0 0.000000
1652140387947886018 341.223863 2.119196 3 0 0.000000
1652140388913581116 204.492151 1.035524 1 0 0.000000
1652140390103086869 204.334337 3.362741 4 0 0.000000
1652140391093727106 204.249252 3.028345 3 0 0.000000
1652140392104444385 208.458820 2.968189 3 0 0.000000
1652140393128955942 204.387368 3.904300 4 0 0.000000
1652140394023005772 204.255454 3.355518 3 0 0.000000
1652140395095580255 204.440598 3.729345 4 0 0.000000
1652140395970414120 204.415432 3.429222 3 0 0.000000
1652140396984718106 231.941923 2.957693 3 0 0.000000
1652140398055122516 204.405676 3.736905 4 0 0.000000
1652140399075939337 409.825979 1.959215 2 0 0.000000
1652140400017196563 204.472824 3.187227 3 0 0.000000
1652140401137086837 204.291176 3.571778 4 0 0.000000
1652140402136191972 204.506025 3.002687 3 0 0.000000
1652140403011581404 204.413518 3.427046 3 0 0.000000
1652140404048397637 204.473186 2.893473 3 0 0.000000
1652140405158965855 204.436980 4.502200 5 0 0.000000
1652140405953478582 204.455625 2.517266 2 0 0.000000
1652140406802184540 222.632203 3.534793 3 0 0.000000
1652140408034136165 204.350308 2.435161 3 0 0.000000
1652140409175243691 204.325943 3.505366 4 0 0.000000
1652140410164271078 204.541562 2.022189 2 0 0.000000
1652140410877138324 204.407203 4.208357 3 0 0.000000
1652140411848018340 210.786383 3.089980 3 0 0.000000
1652140413013942905 204.242946 3.430754 4 0 0.000000
1652140414093342765 204.512598 3.705763 4 0 0.000000
1652140414956388343 204.509626 3.476062 3 0 0.000000
1652140416128827034 204.477312 3.411692 4 0 0.000000
1652140416952831151 234.377659 3.640758 3 0 0.000000
1652140418180656633 204.520350 2.443344 3 0 0.000000
1652140419093181814 204.507410 3.287581 3 0 0.000000
1652140420151664026 204.511147 3.778996 4 0 0.000000
1652140420884010674 204.131827 4.096421 3 0 0.000000
1652140421546326838 249.708225 3.019706 2 0 0.000000
1652140422881428683 204.666039 2.247020 3 0 0.000000
1652140424124088062 204.456545 3.218903 4 0 0.000000
1652140425190505110 204.345837 3.750878 4 0 0.000000
1652140426040857485 204.132532 3.527949 3 0 0.000000
1652140426725772257 253.170375 2.920071 2 0 0.000000
1652140427989420292 204.508885 2.374079 3 0 0.000000
1652140429142293095 204.392627 3.469594 4 0 0.000000
1652140429961784860 204.407302 3.660806 3 0 0.000000
1652140431168896274 204.469367 3.313696 4 0 0.000000
1652140432032622245 220.192901 3.473324 3 0 0.000000
1652140433160791353 204.427478 3.545568 4 0 0.000000
1652140433999986095 204.416066 3.574856 3 0 0.000000
1652140435178202336 340.934232 2.546222 3 0 0.000000
1652140436034364817 204.358950 3.504008 3 0 0.000000
1652140437142605904 210.301458 3.609323 4 0 0.000000
1652140438091089299 204.414163 3.162944 3 0 0.000000
1652140439178035865 204.545702 2.760025 3 0 0.000000
1652140440152052832 204.600482 2.053352 2 0 0.000000
1652140441186428912 204.514784 2.900299 3 0 0.000000
1652140441897062938 227.977847 2.814388 2 0 0.000000
1652140443132437450 204.538887 3.237885 4 0 0.000000
1652140444105813070 204.225150 4.109410 4 0 0.000000
1652140445113901821 204.118164 3.967905 4 0 0.000000
1652140445919783805 204.506030 2.481753 2 0 0.000000
1652140447012310365 255.963708 1.830619 2 0 0.000000
1652140448088507603 204.296147 3.716791 4 0 0.000000
1652140448982381927 204.509469 2.237451 2 0 0.000000
1652140450002132377 204.404537 2.941896 3 0 0.000000
1652140451066258665 204.427198 3.758952 4 0 0.000000
1652140452064370286 204.436357 3.005676 3 0 0.000000
1652140453025582668 204.417875 3.121059 3 0 0.000000
1652140454022995935 204.650815 4.010374 4 0 0.000000
1652140454915014410 204.382173 2.242106 2 0 0.000000
1652140456002044428 204.510885 3.679751 4 0 0.000000
1652140457031035279 227.064625 3.887304 4 0 0.000000
1652140458128958724 204.617236 2.732431 3 0 0.000000
1652140459105756450 204.559739 4.095014 4 0 0.000000
1652140459897049566 204.558753 3.791263 3 0 0.000000
1652140461019320089 204.298911 3.564203 4 0 0.000000
1652140462126867987 217.747616 3.611582 4 0 0.000000
1652140463116400703 204.542292 4.042312 4 0 0.000000
1652140464189046467 204.451397 3.729097 4 0 0.000000
1652140464934894010 204.188104 2.681513 2 0 0.000000
1652140465969545660 204.654916 2.899527 3 0 0.000000
1652140466917774004 235.881676 3.163795 3 0 0.000000
1652140468171415757 409.506724 1.595352 2 0 0.000000
1652140468948549400 204.540404 3.860340 3 0 0.000000
1652140470152768083 204.536375 3.321656 4 0 0.000000
1652140471120737405 204.687299 3.099272 3 0 0.000000
1652140472207697573 226.672698 2.759991 3 0 0.000000
1652140473027893633 204.233881 3.657662 3 0 0.000000
1652140473992485875 204.482128 3.110122 3 0 0.000000
1652140474905981642 204.570623 3.284087 3 0 0.000000
1652140475961517342 204.532078 2.842159 3 0 0.000000
1652140477136204432 237.581874 3.405162 4 0 0.000000
1652140477932410395 204.710569 2.511913 2 0 0.000000
1652140479107002692 204.477173 2.554078 3 0 0.000000
1652140480134699425 204.549555 2.919149 3 0 0.000000
1652140481138893400 204.429513 3.983294 4 0 0.000000
1652140481979749591 203.906602 3.567792 3 0 0.000000
1652140483157711722 204.421620 3.395695 4 0 0.000000
1652140484216174979 204.605796 3.779064 4 0 0.000000
1652140485149093670 204.664442 3.215714 3 0 0.000000
1652140486225298857 204.611576 3.716763 4 0 0.000000
1652140486956819310 252.887459 2.734032 2 0 0.000000
1652140488053294717 204.454731 2.736039 3 0 0.000000
1652140489190030494 204.233827 3.518848 4 0 0.000000
1652140490060612427 204.154019 4.594628 4 0 0.000000
1652140491166750534 204.576672 3.616185 4 0 0.000000
1652140492193251163 232.705252 2.922551 3 0 0.000000
1652140493061825618 204.520731 2.302624 2 0 0.000000
1652140494144083850 204.395384 3.695976 4 0 0.000000
1652140494655818017 204.614112 1.954140 1 0 0.000000
1652140496106614912 341.202975 2.067829 3 0 0.000000
1652140497041453218 261.810000 3.209111 3 0 0.000000
1652140498228452616 204.420161 4.212302 5 0 0.000000
1652140499153496855 204.550176 3.243088 3 0 0.000000
1652140500208802727 409.441343 1.895185 2 0 0.000000
1652140501206475551 204.395065 2.004665 2 0 0.000000
1652140502054115552 220.623303 3.539238 3 0 0.000000
1652140503122272865 204.608633 2.808575 3 0 0.000000
1652140504010587149 204.418458 3.377183 3 0 0.000000
1652140505009452521 204.583264 4.004544 4 0 0.000000
1652140506051044440 204.657226 2.880207 3 0 0.000000
1652140507205952183 361.568189 2.597610 3 0 0.000000
1652140508191781687 204.146076 4.057497 4 0 0.000000
1652140509024007184 204.464759 2.403195 2 0 0.000000
1652140510190038485 204.501307 3.430440 4 0 0.000000
1652140511220870119 204.472992 3.880362 4 0 0.000000
1652140512028668386 242.796825 2.475866 2 0 0.000000
1652140512931658173 204.503005 3.322297 3 0 0.000000
1652140514124270398 204.670209 3.353982 4 0 0.000000
1652140515201898717 204.562163 3.711855 4 0 0.000000
1652140516097463393 204.482329 4.466456 4 0 0.000000
1652140517030229104 243.325545 3.216242 3 0 0.000000
1652140518109090539 204.584510 3.707612 4 0 0.000000
1652140518921958573 204.461504 3.690636 3 0 0.000000
1652140520130386326 204.353801 3.310086 4 0 0.000000
1652140521003253533 204.517079 2.291299 2 0 0.000000
1652140521977961521 220.759559 3.077845 3 0 0.000000
1652140523201944753 204.675181 3.268019 4 0 0.000000
1652140524164743668 204.504514 4.154554 4 0 0.000000
1652140525163453711 204.546978 4.005167 4 0 0.000000
1652140526056191376 204.542618 3.360450 3 0 0.000000
1652140526989868723 734.727685 1.071034 1 0 0.000000
1652140528206655428 204.623431 2.465510 3 0 0.000000
1652140529194646373 204.515929 2.024310 2 0 0.000000
1652140530201823481 204.566313 3.971496 4 0 0.000000
1652140530960941018 204.464567 3.951957 3 0 0.000000
1652140531994689925 461.716032 1.934706 2 0 0.000000
1652140532866988797 204.555289 2.292792 2 0 0.000000
1652140534223489100 341.417466 2.211573 3 0 0.000000
1652140534926096555 204.486950 4.269810 3 0 0.000000
1652140536029683738 204.484206 2.718408 3 0 0.000000
1652140536697943635 241.796606 2.992848 2 0 0.000000
1652140537940498443 410.090013 1.609587 2 0 0.000000
1652140539199236088 204.608574 2.383340 3 0 0.000000
1652140540145457540 609.446266 1.056835 1 0 0.000000
1652140541063978251 407.131592 2.177414 2 0 0.000000
1652140542104691186 225.211655 3.843519 4 0 0.000000
1652140543145604431 204.605413 2.882085 3 0 0.000000
1652140544258274661 204.564371 1.797478 2 0 0.000000
1652140545095413329 204.597742 3.583636 3 0 0.000000
1652140546239711246 204.573224 2.621695 3 0 0.000000
1652140546810483237 342.510708 1.752013 1 0 0.000000
1652140548155156110 204.680810 2.974701 4 0 0.000000
1652140549202621800 204.542994 3.818741 4 0 0.000000
1652140550115052475 204.572223 3.287921 3 0 0.000000
1652140550926610098 204.192942 2.464397 2 0 0.000000
1652140552230516093 219.766923 3.067706 4 0 0.000000
1652140553111827531 204.654912 3.404018 3 0 0.000000
1652140554187454699 204.724604 3.718761 4 0 0.000000
1652140555028887707 204.700149 3.565346 3 0 0.000000
1652140556123104675 204.634035 3.655582 4 0 0.000000
1652140557088756113 250.712222 3.106711 3 0 0.000000
1652140558225721061 204.536469 3.518138 4 0 0.000000
1652140559065063530 204.617808 3.574227 3 0 0.000000
1652140560096822554 204.640098 3.876874 4 0 0.000000
1652140561236079887 204.563250 3.511059 4 0 0.000000
1652140562166805508 246.556410 3.223292 3 0 0.000000
1652140562975146143 204.697716 2.474204 2 0 0.000000
1652140564239949073 204.653035 3.162548 4 0 0.000000
1652140565161940521 204.293685 4.338435 4 0 0.000000
1652140566093499894 204.502685 3.220407 3 0 0.000000
1652140567254539115 215.864567 1.722595 2 0 0.000000
1652140568069142913 204.600679 3.682772 3 0 0.000000
1652140569032048864 204.768647 3.115569 3 0 0.000000
1652140570224765003 204.507739 3.353690 4 0 0.000000
1652140571191521810 204.789296 3.103159 3 0 0.000000
1652140572122173893 219.511654 3.223546 3 0 0.000000
1652140573233258307 339.016307 2.700065 3 0 0.000000
1652140573906148041 204.606491 2.972255 2 0 0.000000
1652140575265599985 204.566338 2.942362 4 0 0.000000
1652140576102382171 204.639810 3.585162 3 0 0.000000
1652140577104368767 225.527698 2.994052 3 0 0.000000
1652140578165693468 204.196812 3.768875 4 0 0.000000
1652140578907459370 204.455611 2.696268 2 0 0.000000
1652140580122701445 204.714709 2.468644 3 0 0.000000
1652140580986378167 204.534897 2.315681 2 0 0.000000
1652140582146822384 255.739394 2.585217 3 0 0.000000
1652140583272530764 204.593171 3.553318 4 0 0.000000
1652140584239207143 204.580125 3.103417 3 0 0.000000
1652140585185544831 204.570445 4.226821 4 0 0.000000
1652140586093466148 204.657939 3.304251 3 0 0.000000
1652140587033102007 221.161858 2.128484 2 0 0.000000
1652140588023158336 204.643214 4.040174 4 0 0.000000
1652140589252574301 204.700154 2.440183 3 0 0.000000
1652140590169221231 204.437077 3.272798 3 0 0.000000
1652140591284932528 204.569994 3.585157 4 0 0.000000
1652140592274542823 222.085921 3.031496 3 0 0.000000
1652140593185944916 204.682501 3.291632 3 0 0.000000
1652140593778037099 204.677671 3.377852 2 0 0.000000
1652140595264412633 307.441206 2.691110 4 0 0.000000
1652140596134311303 204.635103 2.299118 2 0 0.000000
1652140597195477009 239.330594 2.827080 3 0 0.000000
1652140598199648532 204.715446 2.987537 3 0 0.000000
1652140599291625233 204.588948 2.747311 3 0 0.000000
1652140600086323588 204.689404 3.775017 3 0 0.000000
1652140601133947186 204.409967 3.818165 4 0 0.000000
1652140602033666931 233.295411 3.334372 3 0 0.000000
1652140603220296973 204.630888 3.370891 4 0 0.000000
1652140604051330115 204.292771 3.609964 3 0 0.000000
1652140605181840182 204.581187 3.538226 4 0 0.000000
1652140606066741909 204.515539 3.390207 3 0 0.000000
1652140607038693562 251.519858 3.086573 3 0 0.000000
1652140608300986194 204.777433 2.376628 3 0 0.000000
1652140609191703665 204.732086 2.245381 2 0 0.000000
1652140610277842720 204.578933 3.682770 4 0 0.000000
1652140611193451008 204.302297 4.368680 4 0 0.000000
1652140612291737524 250.379633 2.731528 3 0 0.000000
1652140612883950917 204.598077 3.377161 2 0 0.000000
1652140614212115370 204.533748 2.258756 3 0 0.000000
1652140615169020608 204.824902 3.135107 3 0 0.000000
1652140616031533802 204.561246 2.318805 2 0 0.000000
1652140616615414776 204.673329 3.425356 2 0 0.000000
1652140618177360675 312.544818 2.560908 4 0 0.000000
1652140619142938067 204.617895 2.071300 2 0 0.000000
1652140620126335440 204.623774 3.050649 3 0 0.000000
1652140620891490624 204.612197 3.920773 3 0 0.000000
1652140622168077048 228.302321 2.350017 3 0 0.000000
1652140623136439726 204.715673 2.065342 2 0 0.000000
1652140624172620575 204.742652 2.895248 3 0 0.000000
1652140625083775955 409.313924 2.195015 2 0 0.000000
1652140626174663125 204.760783 3.666740 4 0 0.000000
1652140627274243240 247.150875 2.728314 3 0 0.000000
1652140627985099259 204.420271 2.813509 2 0 0.000000
1652140629281360290 339.615153 2.314349 3 0 0.000000
1652140629876654794 204.672477 3.359682 2 0 0.000000
1652140631169926685 204.694933 3.092930 4 0 0.000000
1652140632119616606 249.766007 3.158926 3 0 0.000000
1652140633316158523 204.597376 4.178709 5 0 0.000000
1652140634123087882 204.745776 3.717798 3 0 0.000000
1652140635269904159 204.849110 3.487917 4 0 0.000000
1652140636016384191 204.685549 2.679241 2 0 0.000000
1652140637127613000 260.719426 2.699714 3 0 0.000000
1652140638118597124 204.641158 4.036392 4 0 0.000000
1652140639277405077 204.755729 3.451823 4 0 0.000000
1652140639610009063 204.837353 3.006578 1 0 0.000000
1652140641197706566 306.150829 2.519372 4 0 0.000000
1652140642197437566 224.259915 3.000807 3 0 0.000000
1652140643316730367 204.524899 3.573685 4 0 0.000000
1652140644033101026 204.717581 4.187776 3 0 0.000000
1652140645048918364 204.588511 2.953287 3 0 0.000000
1652140646251603517 204.755701 3.325891 4 0 0.000000
1652140647320615526 251.417055 2.806330 3 0 0.000000
1652140648204177747 204.796338 4.527129 4 0 0.000000
1652140649134923321 204.707244 4.297630 4 0 0.000000
1652140650120820234 204.412314 4.057219 4 0 0.000000
1652140651236087474 204.660640 3.586584 4 0 0.000000
1652140652123145196 252.653797 3.381967 3 0 0.000000
1652140653032304720 209.058829 3.299751 3 0 0.000000
1652140654033830584 204.801246 2.995429 3 0 0.000000
1652140655135656333 341.511110 2.722754 3 0 0.000000
1652140656066221896 204.827595 3.223846 3 0 0.000000
1652140657243728106 250.680648 2.547757 3 0 0.000000
1652140658027140237 204.239230 3.829402 3 0 0.000000
1652140659313999704 204.788602 3.108343 4 0 0.000000
1652140660214608418 204.395703 3.331080 3 0 0.000000
1652140660749500507 204.536122 3.739072 2 0 0.000000
1652140661974690456 410.027236 1.632400 2 0 0.000000
1652140663277113901 227.428945 3.838997 5 0 0.000000
1652140664122780708 204.058954 3.547496 3 0 0.000000
1652140665166606690 204.417790 3.832056 4 0 0.000000
1652140666171958388 204.773535 2.984030 3 0 0.000000
1652140667282286006 244.540072 2.701905 3 0 0.000000
1652140668140768588 204.086597 3.494538 3 0 0.000000
1652140669327600798 204.384069 3.370316 4 0 0.000000
1652140670209837447 204.748898 3.400448 3 0 0.000000
1652140671237996733 204.455677 2.917836 3 0 0.000000
1652140672294943431 284.797497 2.838364 3 0 0.000000
1652140673315877882 204.632736 3.917979 4 0 0.000000
1652140674004877691 204.702822 2.902758 2 0 0.000000
1652140674835680526 204.760973 2.407310 2 0 0.000000
1652140676261335535 340.096972 2.104296 3 0 0.000000
1652140677101190669 225.328453 3.572045 3 0 0.000000
1652140678214350246 225.002156 3.593375 4 0 0.000000
1652140679244546146 204.806656 3.882757 4 0 0.000000
1652140680219156542 204.806731 3.078153 3 0 0.000000
1652140681271119815 204.727902 3.802414 4 0 0.000000
1652140682177726434 245.517470 3.309043 3 0 0.000000
1652140683298577800 207.789762 3.568716 4 0 0.000000
1652140684338441081 204.763804 3.846660 4 0 0.000000
1652140684568286242 204.709448 4.350755 1 0 0.000000
1652140685972418001 340.019667 2.136552 3 0 0.000000
1652140687307502236 250.820574 2.247049 3 0 0.000000
1652140688181903569 204.716539 3.430919 3 0 0.000000
1652140689309801671 204.544555 3.546420 4 0 0.000000
1652140690164873032 204.674140 2.338986 2 0 0.000000
1652140691288478703 204.751246 3.559968 4 0 0.000000
1652140692329716564 253.445946 2.881186 3 0 0.000000
1652140693334809408 204.527052 3.979732 4 0 0.000000
1652140694189334963 204.642120 3.510720 3 0 0.000000
1652140695339528748 204.621058 3.477675 4 0 0.000000
1652140696071526132 204.744417 2.732250 2 0 0.000000
1652140697349957552 248.019194 3.128834 4 0 0.000000
1652140698223290899 204.739116 3.435114 3 0 0.000000
1652140699304939738 204.661900 2.773543 3 0 0.000000
1652140700316465705 204.780509 2.965816 3 0 0.000000
1652140701088732822 204.480350 3.884666 3 0 0.000000
1652140702352150543 254.368578 3.166015 4 0 0.000000
1652140702948756816 203.608950 3.352295 2 0 0.000000
1652140704064159295 204.706350 2.689612 3 0 0.000000
1652140705307023091 340.121463 2.413780 3 0 0.000000
1652140706132287342 204.833383 3.635199 3 0 0.000000
1652140707363257147 255.973066 3.249470 4 0 0.000000
1652140708298584110 204.611671 4.276579 4 0 0.000000
1652140709243073827 204.692066 3.176318 3 0 0.000000
1652140709941924448 204.683327 4.292763 3 0 0.000000
1652140711306649502 339.731123 2.198245 3 0 0.000000
1652140712156803105 213.721596 2.352516 2 0 0.000000
1652140713220450449 244.457912 2.820484 3 0 0.000000
1652140714082827248 204.802096 3.478758 3 0 0.000000
1652140714550423809 204.702485 2.138596 1 0 0.000000
1652140716300493734 306.890489 2.285623 4 0 0.000000
1652140717273714304 231.815975 3.082549 3 0 0.000000
1652140718206189241 203.844951 3.217245 3 0 0.000000
1652140719168955645 204.690383 1.038674 1 0 0.000000
1652140720232923370 204.774356 3.759513 4 0 0.000000
1652140721223805354 204.892995 3.027606 3 0 0.000000
1652140722028515186 204.704929 3.728052 3 0 0.000000
1652140722805667044 264.516802 2.573500 2 0 0.000000
1652140724153409028 204.826993 2.225945 3 0 0.000000
1652140725319644656 204.665296 2.572379 3 0 0.000000
1652140726179073171 204.536306 3.490692 3 0 0.000000
1652140727068895023 204.706574 3.371461 3 0 0.000000
1652140728272355447 204.652266 2.492812 3 0 0.000000
1652140729349753731 204.338033 3.712647 4 0 0.000000
1652140730129807492 204.766484 3.845889 3 0 0.000000
1652140731281553684 341.722096 2.604741 3 0 0.000000
1652140732114748013 208.670978 3.600601 3 0 0.000000
1652140733270846528 236.025374 2.594935 3 0 0.000000
1652140734289996319 204.727268 3.924840 4 0 0.000000
1652140735229658902 204.671217 4.256847 4 0 0.000000
1652140736273787726 204.597381 3.830945 4 0 0.000000
1652140737119405278 204.708170 3.547703 3 0 0.000000
1652140738057562407 247.965474 2.131839 2 0 0.000000
1652140739235294686 204.435776 3.396358 4 0 0.000000
1652140740073942349 204.716547 3.577188 3 0 0.000000
1652140741192183830 204.636209 3.577045 4 0 0.000000
1652140742249580721 220.381167 3.782875 4 0 0.000000
1652140743254142325 210.081344 2.986377 3 0 0.000000
1652140744269278589 204.628561 2.955268 3 0 0.000000
1652140745357760829 204.909806 2.756131 3 0 0.000000
1652140746274142746 204.764121 3.273744 3 0 0.000000
1652140747215027737 210.747227 3.188487 3 0 0.000000
1652140748334687269 219.817048 2.679386 3 0 0.000000
1652140749214606695 204.778962 4.545871 4 0 0.000000
1652140750170814470 204.814040 3.137393 3 0 0.000000
1652140751234508122 204.721388 3.760481 4 0 0.000000
1652140752063742825 204.724908 3.617794 3 0 0.000000
1652140753167149568 496.931959 1.812568 2 0 0.000000
1652140754173046012 204.711449 2.982414 3 0 0.000000
1652140755249481751 204.618674 2.786975 3 0 0.000000
1652140756144909526 204.625217 3.350354 3 0 0.000000
1652140756961697344 204.713528 3.672925 3 0 0.000000
1652140758239443923 204.736634 2.347883 3 0 0.000000
1652140759227022454 204.860814 4.050311 4 0 0.000000
1652140760383909395 204.863114 3.457555 4 0 0.000000
1652140761352786078 409.860220 2.064246 2 0 0.000000
1652140762292319310 219.755451 3.193075 3 0 0.000000
1652140763052332308 220.691102 3.947301 3 0 0.000000
1652140764387162590 204.857750 2.996636 4 0 0.000000
1652140765156242595 204.864186 3.900765 3 0 0.000000
1652140766324182983 204.947093 3.424832 4 0 0.000000
1652140767211447192 208.767419 3.381180 3 0 0.000000
1652140768075261183 230.186498 3.472970 3 0 0.000000
1652140769100530150 204.726310 2.926061 3 0 0.000000
1652140769948809374 204.716733 3.536571 3 0 0.000000
1652140771283135286 341.423567 2.248326 3 0 0.000000
1652140772335171819 217.772068 3.802149 4 0 0.000000
1652140773173429366 204.712415 3.578852 3 0 0.000000
1652140774264404530 204.917447 2.749833 3 0 0.000000
1652140775251149386 204.426497 4.053733 4 0 0.000000
1652140775982986430 204.962522 2.732849 2 0 0.000000
1652140776660211071 204.790355 2.953230 2 0 0.000000
1652140778318143691 217.068656 1.809482 3 0 0.000000
1652140779242963608 204.435741 3.243875 3 0 0.000000
1652140780232264737 204.685975 4.043258 4 0 0.000000
1652140781132604838 407.892981 2.221383 2 0 0.000000
1652140782106034575 204.937805 2.054591 2 0 0.000000
1652140783220037662 239.116411 2.692991 3 0 0.000000
1652140784354379547 204.783427 3.526274 4 0 0.000000
1652140784920689734 204.788480 3.531633 2 0 0.000000
1652140785972538811 204.938603 2.852120 3 0 0.000000
1652140787258143205 340.154834 2.333533 3 0 0.000000
1652140788182976075 233.446283 3.243829 3 0 0.000000
