1652157520570338191 145.528778 6.872887 1 0 0.000000
1652157521570865836 1000.518849 0.999473 1 0 0.000000
1652157523298050430 575.723174 1.736931 3 0 0.000000
1652157524379745984 1081.691054 0.924475 1 0 0.000000
1652157524885665931 505.914580 1.976597 1 0 0.000000
1652157526426947887 0.000000 0.000000 0 0 0.000000
1652157526483276514 1597.605411 17.752992 1 0 0.000000
1652157528428423585 0.000000 0.000000 0 0 0.000000
1652157529246433044 2763.152139 1.222480 1 0 0.000000
1652157529962338223 357.948114 2.793666 2 0 0.000000
1652157531430882861 0.000000 0.000000 0 0 0.000000
1652157532409048411 1223.349809 2.044644 2 0 0.000000
1652157533432121954 0.000000 0.000000 0 0 0.000000
1652157533707329709 1298.277034 3.633619 1 0 0.000000
1652157535298110280 1590.775755 0.628622 1 0 0.000000
1652157536433654111 0.000000 0.000000 0 0 0.000000
1652157537434025688 0.000000 0.000000 0 0 0.000000
1652157538192601165 2894.484390 1.318261 1 0 0.000000
1652157539435203443 0.000000 0.000000 0 0 0.000000
1652157540218394490 675.260008 3.830483 3 0 0.000000
1652157541436809319 0.000000 0.000000 0 0 0.000000
1652157541806683567 1588.284813 2.703622 1 0 0.000000
1652157543394447544 793.877107 1.259633 2 0 0.000000
1652157544335644478 941.191551 1.062477 1 0 0.000000
1652157545439998059 0.000000 0.000000 0 0 0.000000
1652157545665405707 1329.755977 4.436408 1 0 0.000000
1652157547441085975 0.000000 0.000000 0 0 0.000000
1652157548294947907 2629.536285 1.171150 1 0 0.000000
1652157549441940265 0.000000 0.000000 0 0 0.000000
1652157550442958893 0.000000 0.000000 0 0 0.000000
1652157551443114553 0.000000 0.000000 0 0 0.000000
1652157552128755507 1277.930925 4.375468 3 0 0.000000
1652157553444991559 0.000000 0.000000 0 0 0.000000
1652157554445293118 0.000000 0.000000 0 0 0.000000
1652157555445754094 0.000000 0.000000 0 0 0.000000
1652157556363326784 4234.567243 1.089832 1 0 0.000000
1652157556815124586 451.793272 2.213380 1 0 0.000000
1652157558448514574 0.000000 0.000000 0 0 0.000000
1652157559449412933 0.000000 0.000000 0 0 0.000000
1652157560449498395 0.000000 0.000000 0 0 0.000000
1652157560532845828 3717.716622 11.997981 1 0 0.000000
1652157562450333884 0.000000 0.000000 0 0 0.000000
1652157562491048390 1958.197244 24.561298 1 0 0.000000
1652157564450638118 0.000000 0.000000 0 0 0.000000
1652157565451543537 0.000000 0.000000 0 0 0.000000
1652157566452627453 0.000000 0.000000 0 0 0.000000
1652157566982677134 4491.623803 1.886616 1 0 0.000000
1652157568291539146 1308.857172 0.764022 1 0 0.000000
1652157569308092690 1016.546947 0.983716 1 0 0.000000
1652157570454649186 0.000000 0.000000 0 0 0.000000
1652157571455662976 0.000000 0.000000 0 0 0.000000
1652157572456633001 0.000000 0.000000 0 0 0.000000
1652157573457233977 0.000000 0.000000 0 0 0.000000
1652157574458131464 0.000000 0.000000 0 0 0.000000
1652157575458259500 0.000000 0.000000 0 0 0.000000
1652157576217157436 2303.016633 3.953101 3 0 0.000000
1652157576947560647 730.398856 1.369107 1 0 0.000000
1652157577847707368 900.141805 1.110930 1 0 0.000000
1652157579264194557 1416.481621 0.705972 1 0 0.000000
1652157580462431507 0.000000 0.000000 0 0 0.000000
1652157581335715936 1035.755641 2.290205 2 0 0.000000
1652157581917512814 581.791821 1.718813 1 0 0.000000
1652157582576274787 658.756726 1.517999 1 0 0.000000
1652157584150591403 787.153354 1.270392 2 0 0.000000
1652157585142624374 496.011510 2.016062 2 0 0.000000
1652157586467309110 0.000000 0.000000 0 0 0.000000
1652157587468173654 0.000000 0.000000 0 0 0.000000
1652157588468899685 0.000000 0.000000 0 0 0.000000
1652157589468963236 0.000000 0.000000 0 0 0.000000
1652157590343462884 5200.834418 1.143511 1 0 0.000000
1652157591469564592 0.000000 0.000000 0 0 0.000000
1652157592470177067 0.000000 0.000000 0 0 0.000000
1652157593217802878 2874.334582 1.337568 1 0 0.000000
1652157594188159056 970.350661 1.030549 1 0 0.000000
1652157594927125770 738.961662 1.353241 1 0 0.000000
1652157595948431097 1021.301111 0.979139 1 0 0.000000
1652157597334316493 1385.880205 0.721560 1 0 0.000000
1652157598173978504 839.656859 1.190955 1 0 0.000000
1652157599425459718 417.155762 2.397159 3 0 0.000000
1652157600474297266 0.000000 0.000000 0 0 0.000000
1652157601475309403 0.000000 0.000000 0 0 0.000000
1652157602250004852 2824.540147 1.290830 1 0 0.000000
1652157602544314111 294.304157 3.397786 1 0 0.000000
1652157604399307875 1854.989569 0.539085 1 0 0.000000
1652157605477954392 0.000000 0.000000 0 0 0.000000
1652157606391886315 1992.572533 1.094173 1 0 0.000000
1652157607479023221 0.000000 0.000000 0 0 0.000000
1652157607647038552 1255.147646 5.951841 1 0 0.000000
1652157608673670189 513.309982 1.948118 2 0 0.000000
1652157610481041292 0.000000 0.000000 0 0 0.000000
1652157610498603232 1824.928852 56.941528 1 0 0.000000
1652157612482204545 0.000000 0.000000 0 0 0.000000
1652157613471523716 2972.915917 1.010796 1 0 0.000000
1652157614483021062 0.000000 0.000000 0 0 0.000000
1652157615483418080 0.000000 0.000000 0 0 0.000000
1652157616484411533 0.000000 0.000000 0 0 0.000000
1652157616532394342 3060.864837 20.840834 1 0 0.000000
1652157617928062816 1395.662820 0.716503 1 0 0.000000
1652157619486552606 0.000000 0.000000 0 0 0.000000
1652157619874705886 1946.638510 2.576302 1 0 0.000000
1652157621306161368 1431.448987 0.698590 1 0 0.000000
1652157622050188584 372.007706 2.688074 2 0 0.000000
1652157622656530830 606.336709 1.649234 1 0 0.000000
1652157624171171331 1514.636585 0.660223 1 0 0.000000
1652157624614668512 443.492620 2.254806 1 0 0.000000
1652157625940347828 1325.674212 0.754330 1 0 0.000000
1652157627492384710 0.000000 0.000000 0 0 0.000000
1652157628216371588 2276.018656 1.381241 1 0 0.000000
1652157629492850413 0.000000 0.000000 0 0 0.000000
1652157630493258306 0.000000 0.000000 0 0 0.000000
1652157631493969304 0.000000 0.000000 0 0 0.000000
1652157632494179515 0.000000 0.000000 0 0 0.000000
1652157633495282100 0.000000 0.000000 0 0 0.000000
1652157634495721215 0.000000 0.000000 0 0 0.000000
1652157635495814636 0.000000 0.000000 0 0 0.000000
1652157636496346126 0.000000 0.000000 0 0 0.000000
1652157636824837250 4304.227523 6.088446 2 0 0.000000
1652157638497720711 0.000000 0.000000 0 0 0.000000
1652157638645191302 1820.349866 6.781016 1 0 0.000000
1652157640215052246 784.925277 1.273998 2 0 0.000000
1652157640583219505 368.160202 2.716157 1 0 0.000000
1652157641936523786 451.096230 2.216796 3 0 0.000000
1652157643501011686 0.000000 0.000000 0 0 0.000000
1652157644385552418 1224.509851 2.261060 2 0 0.000000
1652157645125652948 740.096120 1.351168 1 0 0.000000
1652157646502597812 0.000000 0.000000 0 0 0.000000
1652157647502900871 0.000000 0.000000 0 0 0.000000
1652157648503746545 0.000000 0.000000 0 0 0.000000
1652157649504472443 0.000000 0.000000 0 0 0.000000
1652157649867087368 4741.429164 2.757746 1 0 0.000000
1652157651505101555 0.000000 0.000000 0 0 0.000000
1652157652009555551 1071.228754 3.964683 2 0 0.000000
1652157653111420283 1101.860923 0.907552 1 0 0.000000
1652157654065240639 476.905393 2.096831 2 0 0.000000
1652157655311603158 1246.357838 0.802335 1 0 0.000000
1652157656507380973 0.000000 0.000000 0 0 0.000000
1652157657507998879 0.000000 0.000000 0 0 0.000000
1652157658225400480 2913.792010 1.393920 1 0 0.000000
1652157659052689392 413.639128 2.417535 2 0 0.000000
1652157660508632677 0.000000 0.000000 0 0 0.000000
1652157661508721295 0.000000 0.000000 0 0 0.000000
1652157662509089971 0.000000 0.000000 0 0 0.000000
1652157663509355088 0.000000 0.000000 0 0 0.000000
1652157663946080532 4893.386539 2.289768 1 0 0.000000
1652157665509873577 0.000000 0.000000 0 0 0.000000
1652157666510542358 0.000000 0.000000 0 0 0.000000
1652157667511459113 0.000000 0.000000 0 0 0.000000
1652157667855767270 3909.681766 2.904375 1 0 0.000000
1652157669512882625 0.000000 0.000000 0 0 0.000000
1652157670513522779 0.000000 0.000000 0 0 0.000000
1652157671514502722 0.000000 0.000000 0 0 0.000000
1652157672235791166 4380.019105 1.386408 1 0 0.000000
1652157673515492996 0.000000 0.000000 0 0 0.000000
1652157674515827003 0.000000 0.000000 0 0 0.000000
1652157675516563273 0.000000 0.000000 0 0 0.000000
1652157675990729447 1877.464611 4.217931 2 0 0.000000
1652157676725581752 734.847609 1.360818 1 0 0.000000
1652157678518000320 0.000000 0.000000 0 0 0.000000
1652157679227680027 1251.044339 2.818173 2 0 0.000000
1652157680519547089 0.000000 0.000000 0 0 0.000000
1652157681520572812 0.000000 0.000000 0 0 0.000000
1652157681911575646 2683.891491 2.557527 1 0 0.000000
1652157683521976225 0.000000 0.000000 0 0 0.000000
1652157683847802662 1936.222626 3.069119 1 0 0.000000
1652157685504612466 1656.805048 0.603570 1 0 0.000000
1652157686498043336 331.138558 3.019838 3 0 0.000000
1652157687524658996 0.000000 0.000000 0 0 0.000000
1652157688525103108 0.000000 0.000000 0 0 0.000000
1652157689235117288 2737.069214 1.408423 1 0 0.000000
1652157690394123912 579.497924 1.725616 2 0 0.000000
1652157691526214478 0.000000 0.000000 0 0 0.000000
1652157692086171567 1692.042032 1.785851 1 0 0.000000
1652157693527362758 0.000000 0.000000 0 0 0.000000
