1651815008237821375 162.348139 12.285982 12 0 0.000000
1651815009142272353 163.946497 24.324152 22 0 0.000000
1651815010132792537 319.736586 11.105276 11 0 0.000000
1651815011208861412 213.579461 15.798246 17 0 0.000000
1651815012135679142 87.184116 23.737138 22 0 0.000000
1651815013241087442 356.098263 9.951073 11 0 0.000000
1651815014232669588 114.573115 26.220731 26 0 0.000000
1651815015183977807 238.742208 10.511837 10 0 0.000000
1651815016129044330 264.696918 13.755647 13 0 0.000000
1651815017192728915 183.785898 17.862438 19 0 0.000000
1651815018240480528 240.466698 15.270793 16 0 0.000000
1651815019226949172 185.714283 17.233188 17 0 0.000000
1651815020190312882 288.803901 11.418326 11 0 0.000000
1651815021244342776 118.670074 24.667232 26 0 0.000000
1651815022221671240 118.079715 21.487147 21 0 0.000000
1651815023201710289 74.271026 31.631393 31 0 0.000000
1651815024229519865 205.702584 17.512972 18 0 0.000000
1651815025128365887 147.626116 16.688062 15 0 0.000000
1651815026270445009 145.235154 19.263116 22 0 0.000000
1651815027202321092 194.273198 20.388974 19 0 0.000000
1651815028257029009 101.564929 27.495768 29 0 0.000000
1651815029271380390 82.936206 18.731176 19 0 0.000000
1651815030273311939 268.443852 16.967232 17 0 0.000000
1651815031265891876 118.330230 25.186881 25 0 0.000000
1651815032242770568 223.356308 13.307693 13 0 0.000000
1651815033252769920 211.161610 16.831694 17 0 0.000000
1651815034129536062 384.321555 11.405552 10 0 0.000000
1651815035252431494 222.720625 14.248877 16 0 0.000000
1651815036236492749 192.701389 17.275348 17 0 0.000000
1651815037194314211 103.319704 16.704572 16 0 0.000000
1651815038230942565 263.826911 14.469984 15 0 0.000000
1651815039166409100 171.725432 17.103766 16 0 0.000000
1651815040272178073 287.736522 12.660878 14 0 0.000000
1651815041219467505 238.453351 12.667721 12 0 0.000000
1651815042243235171 221.037904 11.721411 12 0 0.000000
1651815043167636555 142.715340 23.799186 22 0 0.000000
1651815044141323949 287.982368 10.270235 10 0 0.000000
1651815045280957210 294.256970 13.162129 15 0 0.000000
1651815046288567105 134.083599 22.826297 23 0 0.000000
1651815047278094050 200.148279 12.127006 12 0 0.000000
1651815048246634911 130.013249 21.682098 21 0 0.000000
1651815049200888459 338.763368 10.479395 10 0 0.000000
1651815050271501255 212.273973 19.614937 21 0 0.000000
1651815051279724348 122.563606 17.853190 18 0 0.000000
1651815052289121451 278.999461 12.878977 13 0 0.000000
1651815053241462706 166.539592 17.850741 17 0 0.000000
1651815054268685828 187.966834 17.522975 18 0 0.000000
1651815055093351636 230.772957 13.338736 11 0 0.000000
1651815056204721793 170.859292 18.895591 21 0 0.000000
1651815057275014446 280.567493 12.146212 13 0 0.000000
1651815058284425649 243.210710 12.878793 13 0 0.000000
1651815059252256283 197.581373 17.565057 17 0 0.000000
1651815060243539108 141.366667 22.193475 22 0 0.000000
1651815061253984976 169.386965 21.772560 22 0 0.000000
1651815062279812034 154.559572 15.597169 16 0 0.000000
1651815063259389387 273.473303 11.229333 11 0 0.000000
1651815064266264547 221.448943 8.938546 9 0 0.000000
1651815065291787224 310.604315 14.626690 15 0 0.000000
1651815066264977825 177.746811 15.413217 15 0 0.000000
1651815067275784426 191.425867 19.786181 20 0 0.000000
1651815067907766611 188.613380 17.405554 11 0 0.000000
1651815069231192915 306.972206 12.089825 16 0 0.000000
1651815069953476137 317.998299 9.691495 7 0 0.000000
1651815071293197448 313.601415 10.449601 14 0 0.000000
1651815072154252671 260.850304 13.937083 12 0 0.000000
1651815073009308097 144.456452 17.542722 15 0 0.000000
1651815074284426014 345.087062 7.842411 10 0 0.000000
1651815075304308486 357.899933 9.805052 10 0 0.000000
1651815076112857397 348.682635 12.367835 10 0 0.000000
1651815077120780631 339.789744 10.913528 11 0 0.000000
1651815078280387952 316.447586 10.348332 12 0 0.000000
1651815079243845627 187.705697 18.682709 18 0 0.000000
1651815080263967370 180.797971 18.625230 19 0 0.000000
1651815081279726605 274.264865 11.813823 12 0 0.000000
1651815082259960369 230.970451 16.322635 16 0 0.000000
1651815083304432108 141.975730 20.105858 21 0 0.000000
1651815084251718641 234.680374 13.723408 13 0 0.000000
1651815085223827177 170.894303 14.401685 14 0 0.000000
1651815086181755187 162.151768 14.614877 14 0 0.000000
1651815087257863119 206.129411 15.797674 17 0 0.000000
1651815088219748666 168.906123 18.713243 18 0 0.000000
1651815089305960974 221.064477 13.809457 15 0 0.000000
1651815090252494234 187.832249 17.960277 17 0 0.000000
1651815091310601065 150.127132 17.956597 19 0 0.000000
1651815092240239286 178.970499 17.210999 16 0 0.000000
1651815093097253757 322.180178 2.333683 2 0 0.000000
1651815094297030060 313.941124 15.002797 18 0 0.000000
1651815095292748983 439.064366 8.034397 8 0 0.000000
1651815096185834370 130.465957 24.633699 22 0 0.000000
1651815097300978376 396.108817 4.483725 5 0 0.000000
1651815098312180455 194.397197 23.734134 24 0 0.000000
1651815099152148376 339.979588 8.333651 7 0 0.000000
1651815100237067647 269.465182 15.669369 17 0 0.000000
1651815101246231314 200.863085 13.872874 14 0 0.000000
1651815102304901592 146.103529 18.891623 20 0 0.000000
1651815103302982186 296.672260 13.025000 13 0 0.000000
1651815104325059120 163.058323 16.632791 17 0 0.000000
1651815105243415530 258.326279 15.244634 14 0 0.000000
1651815106279622082 175.407630 15.440931 16 0 0.000000
1651815107023559260 279.822409 12.097801 9 0 0.000000
1651815108285862039 346.642712 7.129827 9 0 0.000000
1651815109311556996 285.020969 17.549079 18 0 0.000000
1651815110312264048 213.425446 8.993641 9 0 0.000000
1651815111315157959 264.989939 16.950945 17 0 0.000000
1651815112245493873 155.777873 18.272967 17 0 0.000000
1651815113267965686 370.216243 8.802199 9 0 0.000000
1651815114315902378 164.274858 19.085122 20 0 0.000000
1651815115328922504 169.198329 12.832916 13 0 0.000000
1651815116296597458 233.374910 13.434265 13 0 0.000000
1651815117293348555 201.727798 10.032594 10 0 0.000000
1651815118324166224 393.858582 13.581455 14 0 0.000000
1651815119328510689 258.598052 11.948086 12 0 0.000000
1651815120329208400 237.196096 14.989540 15 0 0.000000
1651815121223854890 165.866115 16.766405 15 0 0.000000
1651815122225379792 313.190925 12.980205 13 0 0.000000
1651815123155264904 177.698214 17.206429 16 0 0.000000
1651815124235279464 267.658171 12.962787 14 0 0.000000
1651815125310350715 301.087830 10.231877 11 0 0.000000
1651815126326604583 163.327692 16.728111 17 0 0.000000
1651815127246589019 277.767287 14.130673 13 0 0.000000
1651815128221773306 264.893579 5.127234 5 0 0.000000
1651815129262022657 485.126259 11.535699 12 0 0.000000
1651815130335496724 129.759107 22.357317 24 0 0.000000
1651815131264964362 287.986871 11.834732 11 0 0.000000
1651815132248836261 217.662592 15.245324 15 0 0.000000
1651815133277724747 158.433628 19.439139 20 0 0.000000
1651815134244299886 183.835214 15.518713 15 0 0.000000
1651815135231688917 210.835168 11.140487 11 0 0.000000
1651815136343084304 240.322176 17.095632 19 0 0.000000
1651815137259050621 237.638557 14.192664 13 0 0.000000
1651815138259239829 273.761532 10.997916 11 0 0.000000
1651815139126086154 420.731659 8.075250 7 0 0.000000
1651815140311501101 231.056881 16.028145 19 0 0.000000
1651815141019687275 176.375599 11.296465 8 0 0.000000
1651815142342570523 389.696350 11.338869 15 0 0.000000
1651815143343953030 245.307582 12.982049 13 0 0.000000
1651815144164859265 154.024714 17.054326 14 0 0.000000
1651815145266950556 227.984061 14.517854 16 0 0.000000
1651815146339277658 196.401479 13.055720 14 0 0.000000
1651815147280433150 270.777092 17.000379 16 0 0.000000
1651815148345117022 310.341972 11.270950 12 0 0.000000
1651815149225277958 189.623858 13.633870 12 0 0.000000
1651815150327715793 210.737177 16.327453 18 0 0.000000
1651815151297637579 326.897899 9.279099 9 0 0.000000
1651815152317575677 261.102352 13.726321 14 0 0.000000
1651815153255318663 201.434197 15.995854 15 0 0.000000
1651815154109960292 255.062965 11.700813 10 0 0.000000
1651815155216579939 333.883206 9.940180 11 0 0.000000
1651815156307211557 454.710131 6.418299 7 0 0.000000
1651815157347366698 491.662071 9.613950 10 0 0.000000
1651815158332727155 248.126068 11.163429 11 0 0.000000
1651815159153481441 323.292989 10.965521 9 0 0.000000
1651815160335220929 241.867885 15.231787 18 0 0.000000
1651815161327905052 325.803916 12.088436 12 0 0.000000
1651815162341487120 114.085822 25.651592 26 0 0.000000
1651815163307599749 216.160431 13.455985 13 0 0.000000
1651815163926141754 206.187369 12.933650 8 0 0.000000
1651815165225232562 385.074145 10.776768 14 0 0.000000
1651815166309018267 169.634257 15.685757 17 0 0.000000
1651815167342994160 244.762612 14.507108 15 0 0.000000
1651815168368016459 176.161175 18.536179 19 0 0.000000
1651815169220980155 181.355763 15.240979 13 0 0.000000
1651815170353126939 269.791548 13.249168 15 0 0.000000
1651815171165871572 105.387173 18.455978 15 0 0.000000
1651815172288289170 276.811126 12.473075 14 0 0.000000
1651815173296663975 340.660010 12.892034 13 0 0.000000
1651815174341635715 284.590393 11.483563 12 0 0.000000
1651815175315819398 278.784165 13.344506 13 0 0.000000
1651815176277051431 259.595526 11.443649 11 0 0.000000
1651815177147236595 258.861223 13.790166 12 0 0.000000
1651815178075223429 253.124822 11.853617 11 0 0.000000
1651815179318710601 322.553905 11.258660 14 0 0.000000
1651815180316914811 192.854046 15.026985 15 0 0.000000
1651815181374397676 284.152768 11.347701 12 0 0.000000
1651815182322998247 182.657255 16.866952 16 0 0.000000
1651815183344916164 242.060086 15.656833 16 0 0.000000
1651815184366192751 233.728770 12.729170 13 0 0.000000
1651815185339525671 337.459250 10.273977 10 0 0.000000
1651815186352510677 197.880904 14.807719 15 0 0.000000
