1651815008070298896 124.244567 22.010956 19 0 0.000000
1651815009166527620 183.771935 14.595492 16 0 0.000000
1651815010195457317 233.275418 16.522025 17 0 0.000000
1651815011116249983 130.532794 23.892458 22 0 0.000000
1651815012125382411 164.064378 17.837102 18 0 0.000000
1651815013150978938 139.140780 19.500848 20 0 0.000000
1651815014116606762 252.087846 11.391551 11 0 0.000000
1651815015145387415 302.021864 13.608343 14 0 0.000000
1651815016206070810 181.919936 19.798556 21 0 0.000000
1651815017067926320 97.815409 27.846899 24 0 0.000000
1651815018193389683 177.366638 15.993413 18 0 0.000000
1651815019166728060 221.739981 14.383487 14 0 0.000000
1651815020170996951 159.853383 20.910734 21 0 0.000000
1651815021212876921 196.551365 14.397051 15 0 0.000000
1651815022209783812 184.125643 16.049645 16 0 0.000000
1651815023158996443 202.332687 15.802570 15 0 0.000000
1651815024213776323 138.482114 18.013230 19 0 0.000000
1651815025212812404 188.408765 20.019306 20 0 0.000000
1651815026112637011 197.463777 14.447260 13 0 0.000000
1651815027151245036 234.107835 14.442407 15 0 0.000000
1651815028213404830 150.270815 21.653992 23 0 0.000000
1651815029202416272 186.291737 13.144437 13 0 0.000000
1651815030186287027 167.139824 22.360661 22 0 0.000000
1651815031168071986 216.896336 16.296847 16 0 0.000000
1651815032164146397 147.631139 15.059118 15 0 0.000000
1651815033143957252 235.210182 18.370893 18 0 0.000000
1651815034218544120 181.728176 16.750623 18 0 0.000000
1651815035129228008 156.581276 15.373062 14 0 0.000000
1651815036083303810 129.805017 20.962691 20 0 0.000000
1651815037114425561 227.188041 15.517081 16 0 0.000000
1651815038097295367 169.880056 20.348575 20 0 0.000000
1651815039089793988 211.486747 16.120930 16 0 0.000000
1651815040210716835 209.016081 14.273955 16 0 0.000000
1651815041224376182 174.183312 17.757443 18 0 0.000000
1651815042181098844 265.851588 14.633290 14 0 0.000000
1651815043219421361 508.859303 4.815459 5 0 0.000000
1651815044174443169 262.659016 17.800644 17 0 0.000000
1651815045226886410 151.423434 21.853913 23 0 0.000000
1651815046197373952 134.642876 15.455503 15 0 0.000000
1651815047182723416 240.345397 18.268382 18 0 0.000000
1651815048221030311 121.608488 18.299021 19 0 0.000000
1651815049214127325 209.031726 18.125118 18 0 0.000000
1651815050138382220 264.151091 10.819526 10 0 0.000000
1651815051106723948 435.036037 10.326931 10 0 0.000000
1651815052215587390 245.474334 14.429189 16 0 0.000000
1651815052948468350 182.831881 17.738215 13 0 0.000000
1651815054123338443 220.123830 12.767369 15 0 0.000000
1651815055148069720 172.448084 18.541449 19 0 0.000000
1651815056044996159 148.672002 8.919348 8 0 0.000000
1651815057216859876 349.374714 13.653466 16 0 0.000000
1651815058178945699 220.224854 15.591122 15 0 0.000000
1651815059210984127 196.816538 13.565386 14 0 0.000000
1651815060108813975 301.946914 8.910374 8 0 0.000000
1651815061099905954 346.467370 12.107857 12 0 0.000000
1651815062066270509 187.061152 17.591705 17 0 0.000000
1651815063227407319 278.960378 12.057151 14 0 0.000000
1651815064227872331 205.101586 17.990896 18 0 0.000000
1651815065240371839 123.128987 15.803117 16 0 0.000000
1651815066202267832 247.000370 16.633813 16 0 0.000000
1651815067120528381 132.684097 20.691296 19 0 0.000000
1651815068129637370 240.538369 15.855571 16 0 0.000000
1651815069200997428 147.115330 14.000897 15 0 0.000000
1651815070216999328 261.935635 14.763750 15 0 0.000000
1651815071240558222 129.689788 22.470618 23 0 0.000000
1651815072204844914 169.731406 16.592576 16 0 0.000000
1651815073238200603 220.071389 14.515816 15 0 0.000000
1651815074151657148 260.734016 13.136914 12 0 0.000000
1651815075243704261 172.698027 15.567094 17 0 0.000000
1651815076197693404 219.145232 15.722693 15 0 0.000000
1651815077229117415 330.022580 12.604494 13 0 0.000000
1651815078151737221 372.753527 8.670961 8 0 0.000000
1651815079195846070 160.898381 15.324073 16 0 0.000000
1651815080238642471 307.807557 13.425439 14 0 0.000000
1651815081158683858 185.357920 14.129799 13 0 0.000000
1651815082069704733 137.589961 15.367374 14 0 0.000000
1651815083225834423 495.850124 9.514503 11 0 0.000000
1651815084119384777 164.301890 21.263491 19 0 0.000000
1651815085071371882 159.590068 19.958254 19 0 0.000000
1651815086203082260 313.108574 9.719802 11 0 0.000000
1651815087223655760 124.700546 27.435553 28 0 0.000000
1651815088231064522 163.085444 15.882327 16 0 0.000000
1651815089238920107 134.286951 20.836323 21 0 0.000000
1651815090247042473 321.704195 11.903317 12 0 0.000000
1651815091251689912 213.389620 12.939863 13 0 0.000000
1651815092249371530 169.131222 16.037180 16 0 0.000000
1651815093239999588 162.160698 9.085145 9 0 0.000000
1651815094190055156 317.018945 18.946263 18 0 0.000000
1651815095222155879 251.202732 13.564566 14 0 0.000000
1651815096197459797 191.408358 15.379821 15 0 0.000000
1651815097150686124 176.136165 19.932310 19 0 0.000000
1651815098197488924 176.915472 15.284626 16 0 0.000000
1651815099193512203 180.039892 19.075863 19 0 0.000000
1651815100243802695 269.907575 10.473297 11 0 0.000000
1651815101153542063 252.488044 16.488241 15 0 0.000000
1651815102210535893 185.163123 17.029428 18 0 0.000000
1651815103249871197 154.131302 19.243068 20 0 0.000000
1651815104193229143 174.976268 13.780558 13 0 0.000000
1651815105239803152 410.016492 8.599488 9 0 0.000000
1651815106256900200 438.175119 7.865522 8 0 0.000000
1651815107109740055 430.248724 9.380426 8 0 0.000000
1651815108144336839 314.669581 11.598720 12 0 0.000000
1651815109234377173 313.773544 12.843562 14 0 0.000000
1651815110159375594 227.533628 14.054080 13 0 0.000000
1651815111205177877 209.607896 12.430643 13 0 0.000000
1651815112262311733 311.366829 6.621679 7 0 0.000000
1651815113175317901 442.493029 14.238677 13 0 0.000000
1651815114212265449 346.363087 9.643690 10 0 0.000000
1651815115262392059 298.501676 9.522663 10 0 0.000000
1651815116211292623 174.108207 16.861614 16 0 0.000000
1651815117248997820 129.056454 20.236967 21 0 0.000000
1651815118262965685 298.935987 12.820919 13 0 0.000000
1651815119219020601 240.971304 14.643510 14 0 0.000000
1651815120214717444 229.906781 14.060505 14 0 0.000000
1651815121221014941 276.330046 11.924903 12 0 0.000000
1651815122171881465 243.376621 14.723412 14 0 0.000000
1651815123253131697 94.435106 23.121382 25 0 0.000000
1651815124237586645 244.499013 14.221067 14 0 0.000000
1651815125129614107 414.799943 7.847290 7 0 0.000000
1651815126190417524 277.654074 13.197547 14 0 0.000000
1651815127261953350 178.511450 17.731558 19 0 0.000000
1651815128228141445 241.283259 12.419942 12 0 0.000000
1651815129260068066 374.239200 5.814366 6 0 0.000000
1651815130169825907 417.403889 14.289519 13 0 0.000000
1651815131240239432 202.658472 14.013274 15 0 0.000000
1651815132158006605 167.260187 19.612821 18 0 0.000000
1651815133000091022 280.032451 13.062821 11 0 0.000000
1651815134228117905 228.542638 10.586088 13 0 0.000000
1651815134842916648 219.365303 16.265486 10 0 0.000000
1651815136168580341 260.710221 10.560747 14 0 0.000000
1651815137261455085 242.413784 17.385343 19 0 0.000000
1651815138204563657 149.696935 19.085820 18 0 0.000000
1651815139158595302 336.902317 10.481832 10 0 0.000000
1651815140115499969 239.766375 9.405326 9 0 0.000000
1651815141189153526 243.670480 17.696581 19 0 0.000000
1651815142258053622 297.531742 12.162036 13 0 0.000000
1651815143151786513 216.649395 12.307927 11 0 0.000000
1651815144174711040 174.580111 14.663840 15 0 0.000000
1651815145261855049 321.633059 11.957934 13 0 0.000000
1651815146188893985 280.111558 12.944444 12 0 0.000000
1651815147253554652 220.365865 13.149730 14 0 0.000000
1651815148280592186 243.091471 11.684090 12 0 0.000000
1651815149039886349 267.549681 14.487129 11 0 0.000000
1651815150160846371 330.012950 11.597203 13 0 0.000000
1651815151236293103 146.281674 18.596931 20 0 0.000000
1651815152180820675 213.436321 13.763493 13 0 0.000000
1651815153132289099 322.514792 13.663093 13 0 0.000000
1651815154021905751 357.438504 8.992637 8 0 0.000000
1651815155267922344 284.125634 15.248592 19 0 0.000000
1651815156170894062 162.860206 14.396909 13 0 0.000000
1651815157226516063 316.603404 11.367705 12 0 0.000000
1651815158260486898 282.890011 9.671451 10 0 0.000000
1651815159261104922 263.954257 15.990118 16 0 0.000000
1651815160275998121 159.448507 13.794555 14 0 0.000000
1651815161186753678 289.048428 14.273865 13 0 0.000000
1651815162181458206 281.582188 12.063884 12 0 0.000000
1651815163240638924 114.489858 18.882517 20 0 0.000000
1651815164277816109 264.645818 12.534022 13 0 0.000000
1651815165058880706 161.303694 16.643949 13 0 0.000000
1651815166287000644 240.523838 16.285055 20 0 0.000000
1651815167287927474 180.952402 14.986109 15 0 0.000000
1651815168275678864 232.983032 14.173608 14 0 0.000000
1651815169210779667 474.539906 6.416420 6 0 0.000000
1651815170066235649 574.244802 4.675869 4 0 0.000000
1651815170965233861 264.061240 13.348189 12 0 0.000000
1651815172234301211 505.089094 8.667782 11 0 0.000000
1651815173256506637 368.225113 9.782770 10 0 0.000000
1651815174274677169 245.163003 13.750153 14 0 0.000000
1651815175231640859 178.468550 16.719550 16 0 0.000000
1651815176263606736 199.115352 18.411459 19 0 0.000000
1651815177259087613 140.393848 20.090795 20 0 0.000000
1651815178270053243 194.496954 10.880685 11 0 0.000000
1651815179211415821 226.325871 20.183512 19 0 0.000000
1651815180270786526 161.763638 16.991217 18 0 0.000000
1651815181290811249 214.434638 17.646633 18 0 0.000000
1651815182259655585 306.131662 9.289417 9 0 0.000000
1651815183237653432 150.218440 15.337459 15 0 0.000000
1651815184260873804 326.833565 12.704984 13 0 0.000000
1651815185198553604 278.873234 10.664623 10 0 0.000000
1651815186161246861 409.581812 9.348771 9 0 0.000000
