1651823764952853344 1411.732692 0.000000
1651823766877796480 1207.062418 0.000000
1651823769455852302 1205.933939 0.000000
1651823770941981318 1206.693944 0.000000
1651823772445803878 1206.467769 0.000000
1651823773798754488 1206.831671 0.000000
1651823775166947592 1207.806460 0.000000
1651823776526956908 1206.773721 0.000000
1651823777951933203 1206.426487 0.000000
1651823779450997459 1206.699870 0.000000
1651823781868947415 1206.164514 0.000000
1651823783436938982 1206.778887 0.000000
1651823784784949493 1205.562813 0.000000
1651823786303044396 1206.362793 0.000000
1651823787533033467 1205.824552 0.000000
1651823788950031853 1205.511363 0.000000
1651823790732030466 1206.359685 0.000000
1651823792097027259 1205.697190 0.000000
1651823793853024262 1207.667378 0.000000
1651823795468022975 1206.436285 0.000000
1651823796759119779 1206.903141 0.000000
1651823798814119367 1204.698693 0.000000
1651823801284113018 1206.230134 0.000000
1651823802851114771 1206.341843 0.000000
1651823804213099965 1206.804211 0.000000
1651823805694112823 1205.680330 0.000000
1651823807387100315 1206.423724 0.000000
1651823808940093333 1206.456165 0.000000
1651823810337095829 1205.682181 0.000000
1651823811896099876 1206.346167 0.000000
1651823813473109652 1207.571876 0.000000
1651823814782095757 1207.522101 0.000000
1651823816074089733 1205.806481 0.000000
1651823818105986074 1206.818650 0.000000
1651823821235081851 1206.021761 0.000000
1651823823786069344 1208.312590 0.000000
1651823825024069466 1206.818344 0.000000
1651823826867975114 1207.108618 0.000000
1651823828586069336 1206.463527 0.000000
1651823829960060524 1205.703931 0.000000
1651823831530070139 1205.815960 0.000000
1651823834153067526 1206.326607 0.000000
1651823835657080165 1206.594969 0.000000
1651823838070057944 1205.651939 0.000000
1651823839324054417 1205.829581 0.000000
1651823842698041979 1205.553111 0.000000
1651823844185053598 1206.667241 0.000000
1651823847443061029 1206.043949 0.000000
1651823850230060621 1915.884808 0.000000
1651823852631053301 2045.842059 0.000000
1651823855437851431 2043.967188 0.000000
1651823857639035116 2101.966449 0.000000
1651823861675929107 2004.594593 0.000000
1651823863727042388 2002.932313 0.000000
1651823865772066149 2002.856078 0.000000
1651823868065020644 2019.339118 0.000000
1651823870266014540 2177.815619 0.000000
1651823872467122378 2088.704758 0.000000
1651823874870112784 2180.505633 0.000000
1651823877071217592 2180.936349 0.000000
1651823879473200542 2061.576021 0.000000
1651823881675192100 2099.773201 0.000000
1651823884076299182 2138.774471 0.000000
1651823886277278174 2019.678519 0.000000
1651823888479280345 2191.814803 0.000000
1651823891283283637 2190.209990 0.000000
1651823893484274775 2142.826777 0.000000
1651823896288278542 2186.162349 0.000000
1651823898690265129 2183.419419 0.000000
1651823901897267856 2035.616816 0.000000
1651823905506255662 2152.029064 0.000000
1651823907804376805 2002.658050 0.000000
1651823910517354553 2143.332270 0.000000
1651823913120259734 2042.164053 0.000000
1651823915459345384 2002.674875 0.000000
1651823918130436709 2055.272880 0.000000
1651823920331437151 2023.729613 0.000000
1651823922532444094 2134.821909 0.000000
1651823925134434956 2189.429655 0.000000
1651823927335432687 2122.812999 0.000000
1651823929613423533 2002.349604 0.000000
1651823932545428255 2102.275303 0.000000
1651823935097412855 2002.787541 0.000000
1651823937354412852 2155.788091 0.000000
1651823941360578875 3293.979577 0.000000
