1651823850731329923 2199.560642 0.000000
1651823852932300609 2200.931415 0.000000
1651823854737323919 1804.995340 0.000000
1651823856939355742 2202.007491 0.000000
1651823858542263811 1602.882114 0.000000
1651823859749305432 1207.014022 0.000000
1651823861753302847 2003.973324 0.000000
1651823863758282066 2004.954125 0.000000
1651823865762281943 2003.974453 0.000000
1651823867765288205 2002.977946 0.000000
1651823869966282436 2200.967453 0.000000
1651823872167325815 2201.016557 0.000000
1651823874170441277 2003.087657 0.000000
1651823876371501039 2200.996501 0.000000
1651823878373473935 2001.943798 0.000000
1651823880574491674 2200.991704 0.000000
1651823882576598927 2002.080340 0.000000
1651823884777594766 2200.969197 0.000000
1651823886978608296 2200.987990 0.000000
1651823888980562132 2001.927459 0.000000
1651823890983589173 2002.998750 0.000000
1651823893184561567 2200.946855 0.000000
1651823894788568856 1603.980451 0.000000
1651823896790545625 2001.953440 0.000000
1651823898991566898 2200.994226 0.000000
1651823900397533055 1405.937420 0.000000
1651823902399511604 2001.937017 0.000000
1651823903606510737 1206.972877 0.000000
1651823905807617023 2201.083187 0.000000
1651823907811596182 2003.942955 0.000000
1651823909417623045 1606.000045 0.000000
1651823911219608674 1801.957569 0.000000
1651823913420635055 2201.001252 0.000000
1651823915424573549 2003.913391 0.000000
1651823917030712293 1606.111019 0.000000
1651823919231659319 2200.919787 0.000000
1651823921432736787 2201.050948 0.000000
1651823923234653352 1801.885863 0.000000
1651823925435697940 2201.017164 0.000000
1651823927636690847 2200.957540 0.000000
1651823929639685082 2002.940009 0.000000
1651823931045755586 1406.043160 0.000000
1651823933046705568 2000.916003 0.000000
1651823935050716286 2003.982603 0.000000
1651823937053722789 2002.979105 0.000000
1651823938658677831 1604.927658 0.000000
1651823940860610548 2201.905709 0.000000
1651823942464658947 1604.022183 0.000000
