1651823849532584988 0.000000 0.000000 0 0 0.000000
1651823850533244970 0.000000 0.000000 0 0 0.000000
1651823850731329923 2199.560642 5.048341 1 0 0.000000
1651823852534604664 0.000000 0.000000 0 0 0.000000
1651823852932300609 2200.931415 2.514484 1 0 0.000000
1651823854536011798 0.000000 0.000000 0 0 0.000000
1651823854737323919 1804.995340 4.967412 1 0 0.000000
1651823856536392853 0.000000 0.000000 0 0 0.000000
1651823856939355742 2202.007491 2.481619 1 0 0.000000
1651823858537342390 0.000000 0.000000 0 0 0.000000
1651823858542263811 1602.882114 203.195410 1 0 0.000000
1651823859749305432 1207.014022 0.828472 1 0 0.000000
1651823861537999843 0.000000 0.000000 0 0 0.000000
1651823861753302847 2003.973324 4.644619 1 0 0.000000
1651823863538925288 0.000000 0.000000 0 0 0.000000
1651823863758282066 2004.954125 4.558785 1 0 0.000000
1651823865540715704 0.000000 0.000000 0 0 0.000000
1651823865762281943 2003.974453 4.513325 1 0 0.000000
1651823867541764636 0.000000 0.000000 0 0 0.000000
1651823867765288205 2002.977946 4.473803 1 0 0.000000
1651823869542582887 0.000000 0.000000 0 0 0.000000
1651823869966282436 2200.967453 2.360163 1 0 0.000000
1651823871543780906 0.000000 0.000000 0 0 0.000000
1651823872167325815 2201.016557 1.603734 1 0 0.000000
1651823873545231221 0.000000 0.000000 0 0 0.000000
1651823874170441277 2003.087657 1.599463 1 0 0.000000
1651823875545777234 0.000000 0.000000 0 0 0.000000
1651823876371501039 2200.996501 1.211059 1 0 0.000000
1651823877546662966 0.000000 0.000000 0 0 0.000000
1651823878373473935 2001.943798 1.209466 1 0 0.000000
1651823879547627337 0.000000 0.000000 0 0 0.000000
1651823880547909831 0.000000 0.000000 0 0 0.000000
1651823880574491674 2200.991704 37.619735 1 0 0.000000
1651823882548985199 0.000000 0.000000 0 0 0.000000
1651823882576598927 2002.080340 36.213971 1 0 0.000000
1651823884549300822 0.000000 0.000000 0 0 0.000000
1651823884777594766 2200.969197 4.380319 1 0 0.000000
1651823886551198943 0.000000 0.000000 0 0 0.000000
1651823886978608296 2200.987990 2.339678 1 0 0.000000
1651823888552249509 0.000000 0.000000 0 0 0.000000
1651823888980562132 2001.927459 2.334744 1 0 0.000000
1651823890552687236 0.000000 0.000000 0 0 0.000000
1651823890983589173 2002.998750 2.320714 1 0 0.000000
1651823892553072695 0.000000 0.000000 0 0 0.000000
1651823893184561567 2200.946855 1.583559 1 0 0.000000
1651823894553899326 0.000000 0.000000 0 0 0.000000
1651823894788568856 1603.980451 4.261313 1 0 0.000000
1651823896554833110 0.000000 0.000000 0 0 0.000000
1651823896790545625 2001.953440 4.242457 1 0 0.000000
1651823898556373290 0.000000 0.000000 0 0 0.000000
1651823898991566898 2200.994226 2.297828 1 0 0.000000
1651823900397533055 1405.937420 0.711255 1 0 0.000000
1651823901558907392 0.000000 0.000000 0 0 0.000000
1651823902399511604 2001.937017 1.189621 1 0 0.000000
1651823903559369891 0.000000 0.000000 0 0 0.000000
1651823903606510737 1206.972877 21.213060 1 0 0.000000
1651823905559679133 0.000000 0.000000 0 0 0.000000
1651823905807617023 2201.083187 4.033269 1 0 0.000000
1651823907560319666 0.000000 0.000000 0 0 0.000000
1651823907811596182 2003.942955 3.979681 1 0 0.000000
1651823909417623045 1606.000045 0.622655 1 0 0.000000
1651823910561843725 0.000000 0.000000 0 0 0.000000
1651823911219608674 1801.957569 1.520300 1 0 0.000000
1651823912562232132 0.000000 0.000000 0 0 0.000000
1651823913420635055 2201.001252 1.164954 1 0 0.000000
1651823914563826492 0.000000 0.000000 0 0 0.000000
1651823915424573549 2003.913391 1.161782 1 0 0.000000
1651823916565004925 0.000000 0.000000 0 0 0.000000
1651823917030712293 1606.111019 2.147272 1 0 0.000000
1651823918565919040 0.000000 0.000000 0 0 0.000000
1651823919231659319 2200.919787 1.502087 1 0 0.000000
1651823920567270655 0.000000 0.000000 0 0 0.000000
1651823921432736787 2201.050948 1.155447 1 0 0.000000
1651823922569067917 0.000000 0.000000 0 0 0.000000
1651823923234653352 1801.885863 1.502437 1 0 0.000000
1651823924570119366 0.000000 0.000000 0 0 0.000000
1651823925435697940 2201.017164 1.155297 1 0 0.000000
1651823926570831881 0.000000 0.000000 0 0 0.000000
1651823927571964521 0.000000 0.000000 0 0 0.000000
1651823927636690847 2200.957540 15.449682 1 0 0.000000
1651823929572606351 0.000000 0.000000 0 0 0.000000
1651823929639685082 2002.940009 14.907872 1 0 0.000000
1651823931045755586 1406.043160 0.711202 1 0 0.000000
1651823932574180302 0.000000 0.000000 0 0 0.000000
1651823933046705568 2000.916003 2.116289 1 0 0.000000
1651823934575515414 0.000000 0.000000 0 0 0.000000
1651823935050716286 2003.982603 2.104374 1 0 0.000000
1651823936576732623 0.000000 0.000000 0 0 0.000000
1651823937053722789 2002.979105 2.096480 1 0 0.000000
1651823938578122723 0.000000 0.000000 0 0 0.000000
1651823938658677831 1604.927658 12.413874 1 0 0.000000
1651823940578743796 0.000000 0.000000 0 0 0.000000
1651823940860610548 2201.905709 3.547777 1 0 0.000000
1651823942464658947 1604.022183 0.623423 1 0 0.000000
1651823943579970754 0.000000 0.000000 0 0 0.000000
1651823944580129636 0.000000 0.000000 0 0 0.000000
1651823945580315741 0.000000 0.000000 0 0 0.000000
1651823946580504065 0.000000 0.000000 0 0 0.000000
1651823947581269802 0.000000 0.000000 0 0 0.000000
