1652153557694178836 824.053524 1.213162 1 0 0.000000
1652153558550298641 856.080910 1.168061 1 0 0.000000
1652153559381984572 831.659655 1.202377 1 0 0.000000
1652153560232642324 850.631661 1.175561 1 0 0.000000
1652153561678240784 722.773019 1.383510 2 0 0.000000
1652153562412289148 734.026142 1.362308 1 0 0.000000
1652153563715288945 651.471786 1.534920 2 0 0.000000
1652153564435401933 720.085681 1.388671 1 0 0.000000
1652153565786564881 675.555428 1.480206 2 0 0.000000
1652153566470145027 683.555444 1.462886 1 0 0.000000
1652153567826439450 678.120510 1.474606 2 0 0.000000
1652153568486805404 660.339226 1.514312 1 0 0.000000
1652153569791939102 652.541540 1.532410 2 0 0.000000
1652153570546803755 754.838201 1.324741 1 0 0.000000
1652153571271651758 724.822428 1.379600 1 0 0.000000
1652153572598838042 663.546439 1.506947 2 0 0.000000
1652153573836825309 1237.960329 0.807763 1 0 0.000000
1652153574425070167 588.211951 1.699972 1 0 0.000000
1652153575698696162 636.786608 1.570320 2 0 0.000000
1652153576854651429 577.945007 1.730171 2 0 0.000000
1652153577551622225 696.941763 1.434780 1 0 0.000000
1652153578841800428 1290.149997 0.775087 1 0 0.000000
1652153579477358137 635.529449 1.573421 1 0 0.000000
1652153580198293868 720.910236 1.387086 1 0 0.000000
1652153581538902139 670.276361 1.491860 2 0 0.000000
1652153582842728188 651.877464 1.533947 2 0 0.000000
1652153583598410947 755.651130 1.323307 1 0 0.000000
1652153584860823271 631.176834 1.584268 2 0 0.000000
1652153585377205193 516.353947 1.936551 1 0 0.000000
1652153586885618465 754.174865 1.325897 2 0 0.000000
1652153587639372448 753.716837 1.326693 1 0 0.000000
1652153588613902904 487.238845 2.052270 2 0 0.000000
1652153589241050018 627.120603 1.594522 1 0 0.000000
1652153590687160951 723.029837 1.383020 2 0 0.000000
1652153591863730619 588.255134 1.699857 2 0 0.000000
1652153592480139896 616.380781 1.622299 1 0 0.000000
1652153593858414189 689.109194 1.451090 2 0 0.000000
1652153594504930252 646.492102 1.546752 1 0 0.000000
1652153595225959732 721.003445 1.386906 1 0 0.000000
1652153596767836354 770.911779 1.297121 2 0 0.000000
1652153597590292319 822.425769 1.215871 1 0 0.000000
1652153598244749333 654.428995 1.527984 1 0 0.000000
1652153599664106494 709.652327 1.409089 2 0 0.000000
1652153600896336171 616.089250 1.623074 2 0 0.000000
1652153601479832908 583.472700 1.713806 1 0 0.000000
1652153602130472459 650.614573 1.536949 1 0 0.000000
1652153602930749335 800.250539 1.249568 1 0 0.000000
1652153604820312338 1889.537409 0.529223 1 0 0.000000
1652153605337983101 517.643935 1.931730 1 0 0.000000
1652153606128063490 790.052514 1.265694 1 0 0.000000
1652153606985620191 857.530851 1.166104 1 0 0.000000
1652153608826258360 920.293315 1.086580 2 0 0.000000
1652153609492118601 665.831268 1.501817 1 0 0.000000
1652153610627343627 567.585913 1.761765 2 0 0.000000
1652153611216915166 589.546511 1.696147 1 0 0.000000
1652153612803413071 793.217755 1.260638 2 0 0.000000
1652153613445431555 641.984605 1.557588 1 0 0.000000
1652153614660950395 607.735388 1.645388 2 0 0.000000
1652153615247059345 586.082483 1.706167 1 0 0.000000
1652153616705100527 728.994746 1.371703 2 0 0.000000
1652153617874397624 584.622736 1.710429 2 0 0.000000
1652153618590019264 715.594127 1.397386 1 0 0.000000
1652153619197599428 607.554048 1.645873 1 0 0.000000
1652153620540418253 671.380655 1.489404 2 0 0.000000
1652153621846704846 653.118186 1.531058 2 0 0.000000
1652153622554681575 707.952497 1.412476 1 0 0.000000
1652153623314839570 760.132972 1.315516 1 0 0.000000
1652153624915976549 0.000000 0.000000 0 0 0.000000
1652153625862252993 1273.669140 2.113547 2 0 0.000000
1652153626615821661 753.541746 1.327019 1 0 0.000000
1652153627284153138 668.303697 1.496263 1 0 0.000000
1652153628708656444 712.221119 1.403998 2 0 0.000000
1652153629327682968 618.997697 1.615440 1 0 0.000000
1652153630773835176 723.050373 1.382980 2 0 0.000000
1652153631524624826 750.767072 1.331931 1 0 0.000000
1652153632866226438 670.770473 1.490756 2 0 0.000000
1652153633444132224 577.877435 1.730386 1 0 0.000000
1652153634182890098 738.737389 1.353623 1 0 0.000000
1652153635528066014 672.564145 1.486794 2 0 0.000000
1652153636642987970 557.430284 1.793848 2 0 0.000000
1652153637884758982 620.860826 1.610603 2 0 0.000000
1652153638361170811 476.383604 2.099024 1 0 0.000000
1652153639663246485 651.004570 1.536009 2 0 0.000000
1652153640354163268 690.890722 1.447352 1 0 0.000000
1652153641623143270 634.465793 1.576069 2 0 0.000000
1652153642273252813 650.084645 1.538202 1 0 0.000000
1652153643536961624 631.827150 1.582643 2 0 0.000000
1652153644888188714 675.589351 1.480136 2 0 0.000000
1652153645581067872 692.854270 1.443253 1 0 0.000000
1652153646201828403 620.736796 1.610927 1 0 0.000000
1652153647717471947 757.797897 1.319571 2 0 0.000000
1652153648276733688 559.236983 1.788072 1 0 0.000000
1652153649672034396 697.626073 1.433383 2 0 0.000000
1652153650502045348 829.985552 1.204803 1 0 0.000000
1652153651639430824 568.668418 1.758419 2 0 0.000000
1652153652393828861 754.375579 1.325560 1 0 0.000000
1652153653752537376 679.326760 1.471986 2 0 0.000000
1652153654423919016 671.319470 1.489466 1 0 0.000000
1652153655732256404 654.144598 1.528658 2 0 0.000000
1652153656389735877 657.452490 1.520960 1 0 0.000000
1652153657793518964 701.868465 1.424722 2 0 0.000000
1652153658339616746 546.069967 1.831174 1 0 0.000000
1652153659677726758 669.024475 1.494645 2 0 0.000000
1652153660485583900 807.830841 1.237843 1 0 0.000000
1652153661772944071 643.655147 1.553567 2 0 0.000000
1652153662507009403 734.043351 1.362277 1 0 0.000000
1652153663880192589 686.568083 1.456470 2 0 0.000000
1652153664502008983 621.794018 1.608192 1 0 0.000000
1652153665152785385 650.754230 1.536626 1 0 0.000000
1652153666589542339 718.347896 1.392024 2 0 0.000000
1652153667445600171 856.026129 1.168145 1 0 0.000000
1652153668886687638 720.519154 1.387841 2 0 0.000000
1652153669675436300 788.726304 1.267831 1 0 0.000000
1652153670192829590 517.366729 1.932766 1 0 0.000000
1652153671010830880 817.970002 1.222492 1 0 0.000000
1652153672356829595 1345.973952 0.742943 1 0 0.000000
1652153673128107951 771.251371 1.296549 1 0 0.000000
1652153674512706106 692.269735 1.444462 2 0 0.000000
1652153675879411843 683.329860 1.463373 2 0 0.000000
1652153676516658631 637.225188 1.569251 1 0 0.000000
1652153677717550418 600.418164 1.665429 2 0 0.000000
1652153678440222923 722.649722 1.383753 1 0 0.000000
1652153679091707835 651.445560 1.534955 1 0 0.000000
1652153680952275147 0.000000 0.000000 0 0 0.000000
1652153681726862324 1317.552225 2.582021 2 0 0.000000
1652153682526047257 799.162275 1.251275 1 0 0.000000
1652153683895736953 684.820384 1.460184 2 0 0.000000
1652153684584847305 689.078699 1.451147 1 0 0.000000
1652153685235882521 651.008443 1.536015 1 0 0.000000
1652153686609693985 686.881997 1.455804 2 0 0.000000
1652153687714580178 552.415911 1.810141 2 0 0.000000
1652153688394761427 680.157679 1.470196 1 0 0.000000
1652153689924121159 764.651251 1.307737 2 0 0.000000
1652153690610961580 686.817711 1.455942 1 0 0.000000
1652153691245420475 634.428059 1.576146 1 0 0.000000
1652153692753473026 754.002935 1.326214 2 0 0.000000
1652153693307419818 553.923663 1.805228 1 0 0.000000
1652153694752713497 722.622523 1.383802 2 0 0.000000
1652153695361145458 608.409123 1.643569 1 0 0.000000
1652153696886879661 762.842883 1.310844 2 0 0.000000
1652153697407591858 520.688467 1.920447 1 0 0.000000
1652153698809895876 701.126885 1.426224 2 0 0.000000
1652153699529634278 719.707605 1.389394 1 0 0.000000
1652153700876621956 673.471241 1.484795 2 0 0.000000
1652153701528236842 651.582963 1.534649 1 0 0.000000
1652153702917289713 694.497528 1.439830 2 0 0.000000
1652153703674115249 756.802658 1.321308 1 0 0.000000
1652153704859614060 592.726140 1.687054 2 0 0.000000
1652153705496148346 636.513788 1.571007 1 0 0.000000
1652153706831367964 667.586311 1.497881 2 0 0.000000
1652153707480413502 649.025703 1.540724 1 0 0.000000
1652153708924435417 721.984188 1.385021 2 0 0.000000
1652153709548636097 624.177121 1.602049 1 0 0.000000
1652153710400094748 851.437747 1.174455 1 0 0.000000
1652153711839712649 719.786275 1.389258 2 0 0.000000
1652153712479509196 639.746477 1.562997 1 0 0.000000
1652153713321010466 841.478792 1.188352 1 0 0.000000
1652153714780701630 729.814988 1.370153 2 0 0.000000
1652153715502841154 722.112091 1.384774 1 0 0.000000
1652153716875387307 686.249839 1.457146 2 0 0.000000
1652153717545994864 670.581971 1.491185 1 0 0.000000
1652153718909843692 681.897684 1.466438 2 0 0.000000
1652153719395886617 486.017571 2.057431 1 0 0.000000
1652153720835610241 719.834067 1.389156 2 0 0.000000
1652153721405343382 569.710733 1.755208 1 0 0.000000
1652153722675893991 635.251972 1.574121 2 0 0.000000
1652153723228480724 552.561735 1.809671 1 0 0.000000
1652153724704690704 738.081637 1.354821 2 0 0.000000
1652153725909493489 602.377305 1.660023 2 0 0.000000
1652153726598126586 688.609472 1.452152 1 0 0.000000
1652153727735481281 568.653758 1.758466 2 0 0.000000
1652153728517121787 781.607213 1.279361 1 0 0.000000
1652153729969993617 726.402572 1.376584 2 0 0.000000
1652153730677786397 707.765496 1.412843 1 0 0.000000
1652153731433484559 755.672131 1.323280 1 0 0.000000
1652153732588784232 577.625026 1.731153 2 0 0.000000
1652153733824607370 1235.798661 0.809177 1 0 0.000000
1652153734574762128 750.124518 1.333058 1 0 0.000000
1652153735888309740 656.747611 1.522594 2 0 0.000000
1652153736539241000 650.907756 1.536261 1 0 0.000000
1652153737882028617 671.375186 1.489439 2 0 0.000000
1652153738636241525 754.187744 1.325886 1 0 0.000000
1652153739942554460 653.133983 1.531027 2 0 0.000000
1652153740593698370 651.120065 1.535759 1 0 0.000000
1652153741918651168 662.451444 1.509488 2 0 0.000000
1652153742556170592 637.494856 1.568580 1 0 0.000000
1652153743241045164 684.850616 1.460121 1 0 0.000000
1652153744638856738 698.880641 1.430808 2 0 0.000000
1652153745407612991 768.730879 1.300802 1 0 0.000000
1652153746822739647 707.538831 1.413301 2 0 0.000000
1652153747472412732 649.650944 1.539236 1 0 0.000000
1652153748901759991 714.649085 1.399240 2 0 0.000000
1652153749524272625 622.490532 1.606393 1 0 0.000000
1652153750242499648 718.204932 1.392317 1 0 0.000000
1652153751801993355 779.719209 1.282468 2 0 0.000000
1652153752422140361 620.125922 1.612521 1 0 0.000000
1652153753398264410 976.101983 1.024460 1 0 0.000000
1652153754219280174 820.991592 1.218003 1 0 0.000000
1652153755654005274 717.333522 1.393995 2 0 0.000000
1652153756874118141 610.032120 1.639193 2 0 0.000000
1652153757622110161 747.965157 1.336913 1 0 0.000000
1652153758310305942 688.168021 1.453075 1 0 0.000000
1652153759633296003 661.470172 1.511727 2 0 0.000000
1652153760979042190 672.849285 1.486164 2 0 0.000000
1652153761728051174 748.984687 1.335097 1 0 0.000000
1652153762373827162 645.748033 1.548525 1 0 0.000000
1652153763888247095 757.186625 1.320638 2 0 0.000000
1652153764678262741 789.988333 1.265798 1 0 0.000000
1652153765435625709 757.336933 1.320371 1 0 0.000000
1652153766912734126 738.528942 1.353997 2 0 0.000000
1652153767529285102 616.524645 1.621926 1 0 0.000000
1652153768939713378 705.188764 1.418009 2 0 0.000000
1652153769548784556 609.046606 1.641844 1 0 0.000000
1652153770861864093 656.514034 1.523137 2 0 0.000000
1652153771512435921 650.543693 1.537109 1 0 0.000000
1652153772978926106 733.219976 1.363800 2 0 0.000000
1652153773780770273 801.819404 1.247125 1 0 0.000000
1652153774523259019 742.464400 1.346822 1 0 0.000000
1652153775845812246 661.253031 1.512226 2 0 0.000000
1652153776497675437 651.841000 1.534064 1 0 0.000000
1652153777214083045 716.383090 1.395853 1 0 0.000000
1652153778747252887 766.555370 1.304487 2 0 0.000000
1652153779946403102 599.549946 1.667848 2 0 0.000000
1652153780773943567 827.516810 1.208400 1 0 0.000000
1652153781479365828 705.397779 1.417591 1 0 0.000000
1652153782299912475 820.519920 1.218700 1 0 0.000000
1652153783724825391 712.431489 1.403595 2 0 0.000000
1652153784479192876 754.344341 1.325614 1 0 0.000000
1652153786003994722 762.377340 1.311646 2 0 0.000000
1652153786739047658 735.026630 1.360446 1 0 0.000000
1652153787391908883 652.833856 1.531719 1 0 0.000000
1652153788862949286 735.488571 1.359582 2 0 0.000000
1652153789650890332 787.903909 1.269131 1 0 0.000000
1652153790745393819 547.227652 1.827313 2 0 0.000000
1652153791434015166 688.606435 1.452177 1 0 0.000000
1652153792837451780 701.691152 1.425073 2 0 0.000000
1652153793826691126 989.211095 1.010878 1 0 0.000000
1652153795008444410 590.852807 1.692401 2 0 0.000000
1652153795551400600 542.934123 1.841769 1 0 0.000000
1652153796930292982 689.415872 1.450439 2 0 0.000000
1652153797704348186 774.018700 1.291898 1 0 0.000000
1652153799028373473 661.979885 1.510545 2 0 0.000000
1652153799730661880 702.265585 1.423916 1 0 0.000000
1652153800281043728 550.358268 1.816920 1 0 0.000000
1652153801887009844 802.959219 1.245356 2 0 0.000000
1652153802603283968 716.248856 1.396113 1 0 0.000000
1652153803363718941 760.411373 1.315037 1 0 0.000000
1652153804955447480 795.838307 1.256496 2 0 0.000000
1652153805497098081 541.627332 1.846209 1 0 0.000000
1652153806965052287 733.952849 1.362440 2 0 0.000000
1652153807618085156 653.011274 1.531316 1 0 0.000000
1652153808992563110 687.208947 1.455098 2 0 0.000000
1652153809783053607 790.465960 1.265037 1 0 0.000000
1652153811023089035 619.994240 1.612857 2 0 0.000000
1652153811671798979 648.681733 1.541521 1 0 0.000000
1652153812921219724 624.686573 1.600742 2 0 0.000000
1652153813555412079 634.169431 1.576809 1 0 0.000000
1652153814963551768 704.044669 1.420314 2 0 0.000000
1652153815632186266 668.611193 1.495585 1 0 0.000000
1652153816420110707 787.902190 1.269157 1 0 0.000000
1652153817744349115 662.095705 1.510302 2 0 0.000000
1652153818996936703 626.267789 1.596695 2 0 0.000000
1652153819717372148 720.411835 1.388049 1 0 0.000000
1652153821043696353 663.138422 1.507927 2 0 0.000000
1652153821745496542 701.776078 1.424907 1 0 0.000000
1652153822932777929 593.616665 1.684521 2 0 0.000000
1652153823667041004 734.241139 1.361910 1 0 0.000000
1652153824353861284 686.781264 1.455985 1 0 0.000000
1652153825761134250 703.609676 1.421188 2 0 0.000000
1652153826892693077 565.754600 1.767473 2 0 0.000000
1652153827580876004 688.159131 1.453102 1 0 0.000000
1652153828908871536 663.973682 1.506029 2 0 0.000000
1652153829497304471 588.407771 1.699429 1 0 0.000000
1652153830815873328 659.262270 1.516796 2 0 0.000000
1652153831507509719 691.603950 1.445846 1 0 0.000000
1652153832830896243 661.666035 1.511274 2 0 0.000000
1652153833620044173 789.124917 1.267190 1 0 0.000000
1652153834974629075 677.269933 1.476467 2 0 0.000000
1652153835736957923 762.305193 1.311770 1 0 0.000000
1652153837060650580 661.824244 1.510925 2 0 0.000000
1652153837648957470 588.277208 1.699793 1 0 0.000000
1652153838991274513 671.139072 1.489961 2 0 0.000000
1652153839641152744 649.856040 1.538750 1 0 0.000000
1652153841048515953 703.657027 1.421097 2 0 0.000000
1652153841773826902 725.289304 1.378719 1 0 0.000000
1652153842515516994 741.621583 1.348272 1 0 0.000000
1652153843769523938 626.980646 1.594888 2 0 0.000000
1652153844482988120 713.437761 1.401612 1 0 0.000000
1652153845842034156 679.496587 1.471620 2 0 0.000000
1652153846473931866 631.874847 1.582535 1 0 0.000000
1652153847851309807 688.664233 1.452034 2 0 0.000000
1652153848571860181 720.521221 1.387828 1 0 0.000000
1652153849752054320 590.069189 1.694636 2 0 0.000000
1652153850334756386 582.679378 1.716143 1 0 0.000000
1652153851858508065 761.849849 1.312550 2 0 0.000000
1652153852524840870 666.310764 1.500752 1 0 0.000000
1652153853864391008 669.747239 1.493039 2 0 0.000000
1652153854482963134 618.543695 1.616626 1 0 0.000000
1652153855993869196 755.429349 1.323709 2 0 0.000000
1652153856543278029 549.386666 1.820138 1 0 0.000000
1652153857745779385 601.228564 1.663200 2 0 0.000000
1652153859021964189 638.068366 1.567171 2 0 0.000000
1652153859573729403 551.742807 1.812365 1 0 0.000000
1652153860430335255 856.578438 1.167398 1 0 0.000000
1652153862073860517 821.736159 1.216896 2 0 0.000000
1652153862763901677 690.016963 1.449189 1 0 0.000000
1652153863352132086 588.206514 1.700014 1 0 0.000000
1652153864707389593 677.601370 1.475734 2 0 0.000000
1652153865515348746 807.937292 1.237686 1 0 0.000000
1652153866819370302 1303.997651 0.766858 1 0 0.000000
1652153867488963760 669.568009 1.493444 1 0 0.000000
1652153868981904898 746.444133 1.339638 2 0 0.000000
1652153869860496608 878.568064 1.138185 1 0 0.000000
1652153870480275635 619.754872 1.613478 1 0 0.000000
1652153871268766889 788.468081 1.268245 1 0 0.000000
1652153872877459830 804.319268 1.243245 2 0 0.000000
1652153873541918236 664.425569 1.504985 1 0 0.000000
1652153875082077146 770.056467 1.298567 2 0 0.000000
1652153875756485494 674.385479 1.482781 1 0 0.000000
1652153877002720952 623.095848 1.604833 2 0 0.000000
1652153877720459082 717.716665 1.393266 1 0 0.000000
1652153878471557761 751.074884 1.331383 1 0 0.000000
1652153879865350005 696.873111 1.434934 2 0 0.000000
1652153880586006395 720.633531 1.387624 1 0 0.000000
1652153881915550560 664.749008 1.504275 2 0 0.000000
1652153882553509976 637.934728 1.567498 1 0 0.000000
1652153883880822253 663.632647 1.506804 2 0 0.000000
1652153884511605666 630.758079 1.585330 1 0 0.000000
1652153885847807891 668.078668 1.496779 2 0 0.000000
1652153886642711014 794.880961 1.258015 1 0 0.000000
1652153887160660551 517.925045 1.930690 1 0 0.000000
1652153888630254787 1469.570410 0.680460 1 0 0.000000
1652153889871323523 620.508041 1.611514 2 0 0.000000
1652153890579011471 707.661135 1.413052 1 0 0.000000
1652153892004821853 712.881545 1.402711 2 0 0.000000
1652153892686751658 681.908259 1.466427 1 0 0.000000
1652153893984373337 648.787237 1.541281 2 0 0.000000
1652153895035895302 1051.497262 0.951002 1 0 0.000000
1652153895791933039 756.008599 1.322685 1 0 0.000000
1652153896615129661 823.169784 1.214777 1 0 0.000000
1652153897810793051 597.809531 1.672712 2 0 0.000000
1652153898428456639 617.641845 1.619004 1 0 0.000000
1652153899889379395 730.436445 1.368998 2 0 0.000000
1652153900459877833 570.474152 1.752853 1 0 0.000000
1652153901899806523 719.933424 1.388958 2 0 0.000000
1652153902621006062 721.177067 1.386579 1 0 0.000000
1652153903894460096 636.702094 1.570532 2 0 0.000000
1652153904610871190 716.387990 1.395847 1 0 0.000000
1652153905924192218 656.637516 1.522857 2 0 0.000000
1652153906582247287 658.033022 1.519630 1 0 0.000000
1652153907901327671 659.518104 1.516208 2 0 0.000000
1652153908621490483 720.140101 1.388575 1 0 0.000000
1652153910057574628 718.018040 1.392676 2 0 0.000000
1652153910670695075 613.099028 1.631001 1 0 0.000000
1652153911547800878 877.082278 1.140113 1 0 0.000000
1652153913001712111 726.931077 1.375600 2 0 0.000000
1652153913633815127 632.079952 1.582021 1 0 0.000000
1652153914846064123 606.102369 1.649826 2 0 0.000000
1652153915475884091 629.796267 1.587755 1 0 0.000000
1652153916907115302 715.581882 1.397398 2 0 0.000000
1652153917455407948 548.269462 1.823844 1 0 0.000000
1652153918203377821 747.948092 1.336952 1 0 0.000000
1652153919982712295 889.636052 1.124016 2 0 0.000000
1652153920610920626 628.182917 1.591829 1 0 0.000000
1652153921938160392 663.595942 1.506887 2 0 0.000000
1652153922467656596 529.471000 1.888588 1 0 0.000000
1652153923960691431 746.496128 1.339553 2 0 0.000000
1652153924474511312 513.797925 1.946207 1 0 0.000000
1652153925818255346 671.843390 1.488379 2 0 0.000000
1652153926579236655 760.956306 1.314093 1 0 0.000000
1652153928125510493 0.000000 0.000000 0 0 0.000000
1652153928993939584 1207.327757 2.303009 2 0 0.000000
1652153929685942340 691.980084 1.445081 1 0 0.000000
1652153931108612282 711.309018 1.405807 2 0 0.000000
1652153931747100171 638.466033 1.566200 1 0 0.000000
1652153932551616106 804.493127 1.242983 1 0 0.000000
1652153933790716373 619.526403 1.614074 2 0 0.000000
1652153934574731441 783.992580 1.275486 1 0 0.000000
1652153935612991898 1038.232296 0.963149 1 0 0.000000
1652153936985601521 686.279655 1.457079 2 0 0.000000
1652153937589142777 603.518062 1.656888 1 0 0.000000
1652153939082225777 746.515723 1.339510 2 0 0.000000
1652153939667750493 585.501903 1.707870 1 0 0.000000
1652153941042741584 687.469593 1.454555 2 0 0.000000
1652153941800434518 757.671019 1.319796 1 0 0.000000
1652153942454707174 654.244560 1.528415 1 0 0.000000
1652153943897066697 721.155963 1.386617 2 0 0.000000
1652153944514603541 617.513179 1.619337 1 0 0.000000
1652153946096115624 790.734341 1.264613 2 0 0.000000
1652153946952492577 856.339591 1.167710 1 0 0.000000
1652153947598980965 646.461958 1.546818 1 0 0.000000
1652153948738360089 1139.355189 0.877671 1 0 0.000000
1652153950095374260 678.479120 1.473824 2 0 0.000000
1652153950850484193 755.086934 1.324310 1 0 0.000000
1652153951611362947 760.855892 1.314270 1 0 0.000000
1652153952727681833 558.136377 1.791603 2 0 0.000000
1652153953533858824 806.155577 1.240422 1 0 0.000000
1652153954991472937 728.784263 1.372105 2 0 0.000000
1652153956144611237 0.000000 0.000000 0 0 0.000000
1652153957003069092 713.468222 2.329759 2 0 0.000000
1652153957833824106 830.729094 1.203724 1 0 0.000000
1652153958600912350 767.063337 1.303631 1 0 0.000000
1652153959983028016 691.031669 1.447057 2 0 0.000000
1652153960790719909 807.668735 1.238096 1 0 0.000000
1652153961440797894 650.051721 1.538277 1 0 0.000000
1652153962887727705 723.438784 1.382237 2 0 0.000000
1652153963595288073 707.534192 1.413307 1 0 0.000000
1652153964954496472 679.579447 1.471445 2 0 0.000000
1652153965690676793 736.157122 1.358363 1 0 0.000000
1652153967130658992 719.966746 1.388906 2 0 0.000000
1652153967851523844 720.837854 1.387223 1 0 0.000000
1652153968534720977 683.172461 1.463706 1 0 0.000000
1652153970049636772 757.433724 1.320205 2 0 0.000000
1652153970738537903 688.878430 1.451587 1 0 0.000000
1652153972093305997 677.352431 1.476268 2 0 0.000000
1652153972664766769 571.438019 1.749901 1 0 0.000000
1652153973842031681 588.603977 1.698853 2 0 0.000000
1652153974729214211 887.153112 1.127164 1 0 0.000000
1652153975447007128 717.767377 1.393159 1 0 0.000000
1652153976891400972 722.170365 1.384664 2 0 0.000000
1652153977611773950 720.349509 1.388170 1 0 0.000000
1652153979136200376 1524.402335 0.655984 1 0 0.000000
1652153979616719549 480.491078 2.081082 1 0 0.000000
1652153980991252531 687.241705 1.455040 2 0 0.000000
1652153981610298431 619.020775 1.615389 1 0 0.000000
1652153982898750372 644.202458 1.552250 2 0 0.000000
1652153983562895337 664.122027 1.505695 1 0 0.000000
1652153984844528280 640.793659 1.560509 2 0 0.000000
1652153986072672083 614.034677 1.628474 2 0 0.000000
1652153987161891531 0.000000 0.000000 0 0 0.000000
1652153987704651714 1631.954432 1.842435 1 0 0.000000
1652153989022022743 658.656062 1.518175 2 0 0.000000
1652153989885332271 863.281943 1.158333 1 0 0.000000
1652153990518187206 632.829762 1.580141 1 0 0.000000
1652153991844352447 663.059189 1.508108 2 0 0.000000
1652153992632476489 788.100211 1.268836 1 0 0.000000
1652153993939159200 653.317850 1.530593 2 0 0.000000
1652153994657745521 718.564431 1.391621 1 0 0.000000
1652153995847546412 594.874677 1.680954 2 0 0.000000
1652153997169162462 0.000000 0.000000 0 0 0.000000
1652153997893037956 1022.722210 2.762906 2 0 0.000000
1652153998579378299 686.312724 1.457003 1 0 0.000000
1652153999946574854 683.575717 1.462847 2 0 0.000000
1652154000921046915 487.213478 2.052393 2 0 0.000000
1652154001609662190 688.592442 1.452190 1 0 0.000000
1652154003163693614 776.992420 1.286975 2 0 0.000000
1652154003815235837 651.518322 1.534820 1 0 0.000000
1652154004580327528 765.065696 1.307033 1 0 0.000000
1652154005928056393 673.835753 1.483978 2 0 0.000000
1652154006645945038 717.866328 1.392974 1 0 0.000000
1652154008071490973 712.750242 1.402971 2 0 0.000000
1652154008566551751 495.035103 2.019954 1 0 0.000000
1652154010004423690 718.911804 1.390944 2 0 0.000000
1652154011178853363 0.000000 0.000000 0 0 0.000000
1652154011961099535 978.311962 2.556740 2 0 0.000000
1652154012668657666 707.534761 1.413311 1 0 0.000000
1652154014129116530 730.206434 1.369433 2 0 0.000000
1652154014851706619 722.567185 1.383910 1 0 0.000000
1652154015456246341 604.512860 1.654151 1 0 0.000000
1652154017182224832 0.000000 0.000000 0 0 0.000000
1652154017614238145 2157.969387 2.314744 1 0 0.000000
1652154018985853561 685.783770 1.458135 2 0 0.000000
1652154019623060335 637.178634 1.569349 1 0 0.000000
1652154021062577546 719.733895 1.389355 2 0 0.000000
1652154021713198509 650.596932 1.536993 1 0 0.000000
1652154023120437274 703.595227 1.421223 2 0 0.000000
1652154023741811217 621.350895 1.609337 1 0 0.000000
1652154025006101520 632.119121 1.581915 2 0 0.000000
1652154025726165123 720.037708 1.388766 1 0 0.000000
1652154027055273920 664.529631 1.504768 2 0 0.000000
1652154027873708399 818.412292 1.221845 1 0 0.000000
1652154028543531788 669.800667 1.492931 1 0 0.000000
1652154029985952450 721.183218 1.386558 2 0 0.000000
1652154030682747872 696.770228 1.435141 1 0 0.000000
1652154032077736302 697.471495 1.433704 2 0 0.000000
1652154032728913946 651.153252 1.535679 1 0 0.000000
1652154034166798144 718.911109 1.390933 2 0 0.000000
1652154034927829553 761.007374 1.314006 1 0 0.000000
1652154035562988392 635.135534 1.574409 1 0 0.000000
1652154037092698627 764.832407 1.307437 2 0 0.000000
1652154037790621514 697.900455 1.432823 1 0 0.000000
1652154038977618300 593.470967 1.684925 2 0 0.000000
1652154039631012853 653.365370 1.530469 1 0 0.000000
1652154041034684851 701.806801 1.424834 2 0 0.000000
1652154041769814394 735.107086 1.360304 1 0 0.000000
1652154042782273425 506.210692 1.975389 2 0 0.000000
1652154044092463133 655.071563 1.526497 2 0 0.000000
1652154044775225251 682.739896 1.464639 1 0 0.000000
1652154046167934841 696.332182 1.436050 2 0 0.000000
1652154046851285685 683.327590 1.463377 1 0 0.000000
1652154048179129520 663.898341 1.506201 2 0 0.000000
1652154048843855787 664.702542 1.504378 1 0 0.000000
1652154049498148427 654.259153 1.528368 1 0 0.000000
1652154050940300450 721.052675 1.386816 2 0 0.000000
1652154051592023228 651.696788 1.534395 1 0 0.000000
1652154052837951848 622.941812 1.605228 2 0 0.000000
1652154053558087127 720.110463 1.388628 1 0 0.000000
1652154055000194544 721.030630 1.386859 2 0 0.000000
1652154055685890220 685.673183 1.458373 1 0 0.000000
1652154057127630624 720.844395 1.387212 2 0 0.000000
1652154057847315166 719.663047 1.389498 1 0 0.000000
1652154059051954860 602.294641 1.660247 2 0 0.000000
1652154059772949280 720.972925 1.386973 1 0 0.000000
1652154061009913495 618.458711 1.616862 2 0 0.000000
1652154061731187601 721.250658 1.386435 1 0 0.000000
1652154063035897988 652.332743 1.532907 2 0 0.000000
1652154064207925929 585.990875 1.706444 2 0 0.000000
1652154064959924477 751.976160 1.329790 1 0 0.000000
1652154065629880087 669.932852 1.492636 1 0 0.000000
1652154067130038795 750.051046 1.333192 2 0 0.000000
1652154067840511682 710.450550 1.407513 1 0 0.000000
1652154069129643309 644.542582 1.551432 2 0 0.000000
1652154069767342752 637.674555 1.568137 1 0 0.000000
1652154070966348866 599.477397 1.668048 2 0 0.000000
1652154071684530518 718.159982 1.392405 1 0 0.000000
1652154073174953807 745.179302 1.341901 2 0 0.000000
1652154073881027861 706.050123 1.416282 1 0 0.000000
1652154075204418709 661.672941 1.511269 2 0 0.000000
1652154075877355842 672.910476 1.486023 1 0 0.000000
1652154076698528150 821.149555 1.217771 1 0 0.000000
1652154078069311174 685.363392 1.459020 2 0 0.000000
1652154078757407622 688.071695 1.453285 1 0 0.000000
1652154080136456765 689.502149 1.450275 2 0 0.000000
1652154080899724584 763.244445 1.310156 1 0 0.000000
1652154082215121233 657.675471 1.520454 2 0 0.000000
1652154083029443557 814.284577 1.228015 1 0 0.000000
1652154083690818582 661.349425 1.512001 1 0 0.000000
1652154084871485172 590.310182 1.693958 2 0 0.000000
1652154085667888235 796.381257 1.255646 1 0 0.000000
1652154086989150284 660.608560 1.513704 2 0 0.000000
1652154087780261926 791.090187 1.264044 1 0 0.000000
1652154088469150939 688.866080 1.451613 1 0 0.000000
1652154089994032530 762.417538 1.311577 2 0 0.000000
1652154090731890654 737.831738 1.355274 1 0 0.000000
1652154092208441659 738.252596 1.354508 2 0 0.000000
1652154092861459153 652.995393 1.531352 1 0 0.000000
1652154094183590523 661.039342 1.512709 2 0 0.000000
1652154094854283404 670.670128 1.490995 1 0 0.000000
1652154096160126982 652.898400 1.531577 2 0 0.000000
1652154096787811887 627.661100 1.593156 1 0 0.000000
1652154098064095981 638.116571 1.567049 2 0 0.000000
1652154098710446110 646.325205 1.547149 1 0 0.000000
1652154099982216884 635.862499 1.572610 2 0 0.000000
1652154100690989421 708.750026 1.410890 1 0 0.000000
1652154102211710462 760.335518 1.315166 2 0 0.000000
1652154103000427152 788.694595 1.267882 1 0 0.000000
1652154103709091697 708.641907 1.411105 1 0 0.000000
1652154105098786997 694.822669 1.439164 2 0 0.000000
1652154105837892899 739.084026 1.352986 1 0 0.000000
1652154106612989653 775.073826 1.290162 1 0 0.000000
1652154108003071350 695.015674 1.438764 2 0 0.000000
1652154108726001549 722.904133 1.383259 1 0 0.000000
1652154109946775799 610.365266 1.638305 2 0 0.000000
1652154110748492044 801.692780 1.247324 1 0 0.000000
1652154111505395441 756.879697 1.321173 1 0 0.000000
1652154112978181118 736.368500 1.357971 2 0 0.000000
1652154113627471690 649.266000 1.540142 1 0 0.000000
1652154114934820521 653.652192 1.529814 2 0 0.000000
1652154116234826415 649.978751 1.538455 2 0 0.000000
1652154116787995950 553.140216 1.807764 1 0 0.000000
1652154118025182612 618.568867 1.616571 2 0 0.000000
1652154119090874713 532.823187 1.876715 2 0 0.000000
1652154119707604020 616.707130 1.621457 1 0 0.000000
1652154121077259080 684.802336 1.460222 2 0 0.000000
1652154121772944086 695.660604 1.437432 1 0 0.000000
1652154123049696971 638.351402 1.566474 2 0 0.000000
1652154123871843894 822.123198 1.216328 1 0 0.000000
1652154124626089424 754.217425 1.325828 1 0 0.000000
1652154125889883736 631.855897 1.582536 2 0 0.000000
1652154126593909980 704.000188 1.420402 1 0 0.000000
1652154128062015261 734.030634 1.362300 2 0 0.000000
1652154128722601203 660.557301 1.513808 1 0 0.000000
1652154130060704364 669.028482 1.494653 2 0 0.000000
1652154130778574206 717.847912 1.393010 1 0 0.000000
1652154131366938582 588.341847 1.699627 1 0 0.000000
1652154133214967240 923.992708 1.082234 2 0 0.000000
1652154133771640463 556.645779 1.796386 1 0 0.000000
1652154134495660762 723.995401 1.381177 1 0 0.000000
1652154136120338864 1624.654207 0.615507 1 0 0.000000
1652154136741867818 621.504517 1.608936 1 0 0.000000
1652154138149214159 703.644822 1.421114 2 0 0.000000
1652154138865975777 716.736870 1.395164 1 0 0.000000
1652154140259687557 0.000000 0.000000 0 0 0.000000
1652154140589585368 1723.579486 3.031242 1 0 0.000000
1652154142236429065 823.398542 1.214444 2 0 0.000000
1652154143261379980 0.000000 0.000000 0 0 0.000000
1652154143838538651 1602.080258 1.732626 1 0 0.000000
1652154144558080877 719.515709 1.389773 1 0 0.000000
1652154145969072813 705.472902 1.417442 2 0 0.000000
1652154146621628158 652.525912 1.532437 1 0 0.000000
1652154148223184947 800.754303 1.248785 2 0 0.000000
1652154148874898830 651.687352 1.534416 1 0 0.000000
1652154149679060371 804.134898 1.243531 1 0 0.000000
1652154151152652819 736.771611 1.357227 2 0 0.000000
1652154151839544769 686.868355 1.455833 1 0 0.000000
1652154153239290891 699.847585 1.428831 2 0 0.000000
1652154153694751412 455.437868 2.195580 1 0 0.000000
1652154154540508466 845.734922 1.182373 1 0 0.000000
1652154155936692055 698.068902 1.432476 2 0 0.000000
1652154157243313889 653.284611 1.530665 2 0 0.000000
1652154158030832556 787.491303 1.269811 1 0 0.000000
1652154158785646910 754.778841 1.324829 1 0 0.000000
1652154160257880113 736.092472 1.358480 2 0 0.000000
1652154160783264162 525.356680 1.903369 1 0 0.000000
1652154161606989290 823.698537 1.213997 1 0 0.000000
1652154163049269743 721.118313 1.386693 2 0 0.000000
1652154163991663886 942.369180 1.061127 1 0 0.000000
1652154164574403117 582.714875 1.716033 1 0 0.000000
1652154166185719729 805.623144 1.241221 2 0 0.000000
1652154167279189732 0.000000 0.000000 0 0 0.000000
1652154168039354428 926.795050 2.631009 2 0 0.000000
1652154168592715075 553.336797 1.807140 1 0 0.000000
1652154170001104436 704.172486 1.420062 2 0 0.000000
1652154170669926397 668.797524 1.495166 1 0 0.000000
1652154171972280554 651.155118 1.535681 2 0 0.000000
1652154172726399887 754.095883 1.326050 1 0 0.000000
1652154174117770306 695.658500 1.437432 2 0 0.000000
1652154174770739331 652.937066 1.531466 1 0 0.000000
1652154175559681202 788.915827 1.267520 1 0 0.000000
1652154177009778735 725.023977 1.379218 2 0 0.000000
1652154177761851188 752.049415 1.329659 1 0 0.000000
1652154179179286565 708.692274 1.410999 2 0 0.000000
1652154179967242189 787.932520 1.269107 1 0 0.000000
1652154181237772974 635.240394 1.574145 2 0 0.000000
1652154181948906866 711.110182 1.406205 1 0 0.000000
1652154183188310584 619.676765 1.613679 2 0 0.000000
1652154183872046761 683.710639 1.462552 1 0 0.000000
1652154185278602156 703.254721 1.421913 2 0 0.000000
1652154185864063895 585.440139 1.708054 1 0 0.000000
1652154187200371382 668.127385 1.496662 2 0 0.000000
1652154187975509020 775.114865 1.290093 1 0 0.000000
1652154189276921693 650.682659 1.536792 2 0 0.000000
1652154190031756074 754.811784 1.324794 1 0 0.000000
1652154190684878034 653.095499 1.531107 1 0 0.000000
1652154192123257170 719.159811 1.390454 2 0 0.000000
1652154192726382764 603.101534 1.658029 1 0 0.000000
1652154194095828476 684.693041 1.460445 2 0 0.000000
1652154194765631510 669.776733 1.492976 1 0 0.000000
1652154196083497700 658.906733 1.517605 2 0 0.000000
1652154196903542731 820.022388 1.219445 1 0 0.000000
1652154198245076509 670.741352 1.490831 2 0 0.000000
1652154198932846990 687.744521 1.453973 1 0 0.000000
1652154199581507129 648.636930 1.541639 1 0 0.000000
1652154200988253286 703.345389 1.421721 2 0 0.000000
1652154201583433718 595.157274 1.680163 1 0 0.000000
1652154202874638195 1291.181914 0.774471 1 0 0.000000
1652154204262269078 693.790521 1.441305 2 0 0.000000
1652154204930243547 667.935839 1.497063 1 0 0.000000
1652154206248457246 659.083545 1.517205 2 0 0.000000
1652154206937754118 689.263289 1.450754 1 0 0.000000
1652154207743275516 805.498772 1.241432 1 0 0.000000
1652154209169077495 712.873725 1.402719 2 0 0.000000
1652154209892432805 723.333119 1.382446 1 0 0.000000
1652154211141927116 624.723436 1.600648 2 0 0.000000
1652154211872757618 730.806681 1.368306 1 0 0.000000
1652154212623100318 750.316851 1.332724 1 0 0.000000
1652154214133903593 755.375952 1.323799 2 0 0.000000
1652154214877385787 743.456344 1.345022 1 0 0.000000
1652154216108715483 615.640492 1.624260 2 0 0.000000
1652154216919883883 811.146053 1.232790 1 0 0.000000
1652154217706191596 786.276164 1.271767 1 0 0.000000
1652154219136143792 714.948468 1.398648 2 0 0.000000
1652154219822558841 686.392676 1.456845 1 0 0.000000
1652154221111483213 644.439801 1.551681 2 0 0.000000
1652154222317198725 0.000000 0.000000 0 0 0.000000
1652154222415343449 1303.837633 10.189043 1 0 0.000000
1652154223923153603 1507.785085 0.663213 1 0 0.000000
1652154225233478192 655.133946 1.526339 2 0 0.000000
1652154225991782398 758.271275 1.318732 1 0 0.000000
1652154226739824873 748.019446 1.336822 1 0 0.000000
1652154227861319383 560.724126 1.783335 2 0 0.000000
1652154228659546061 798.192278 1.252777 1 0 0.000000
1652154229996208701 668.309038 1.496264 2 0 0.000000
1652154231216263004 610.005811 1.639271 2 0 0.000000
1652154231866957112 650.671636 1.536820 1 0 0.000000
1652154233170964892 651.980443 1.533733 2 0 0.000000
1652154233828886261 657.898155 1.519938 1 0 0.000000
1652154235147761191 659.415438 1.516444 2 0 0.000000
1652154235844307363 696.523824 1.435655 1 0 0.000000
1652154237278129390 716.883865 1.394873 2 0 0.000000
1652154238001365721 723.211112 1.382674 1 0 0.000000
1652154238750348580 748.959585 1.335144 1 0 0.000000
1652154240124003988 686.804893 1.455969 2 0 0.000000
1652154240810244546 686.216312 1.457215 1 0 0.000000
1652154241976137107 582.924055 1.715424 2 0 0.000000
1652154242658266764 682.108151 1.465997 1 0 0.000000
1652154244051414029 696.550176 1.435598 2 0 0.000000
1652154244809317559 757.878868 1.319429 1 0 0.000000
1652154246186911244 688.771481 1.451807 2 0 0.000000
1652154246904043305 717.108937 1.394443 1 0 0.000000
1652154248215136086 655.523547 1.525445 2 0 0.000000
1652154249335088067 0.000000 0.000000 0 0 0.000000
1652154249683124873 1467.961033 2.873260 1 0 0.000000
1652154251176226642 746.527681 1.339493 2 0 0.000000
1652154251893950073 717.698789 1.393294 1 0 0.000000
1652154253258035237 1364.063558 0.733092 1 0 0.000000
1652154253984915192 726.850998 1.375743 1 0 0.000000
1652154254602347256 617.407632 1.619611 1 0 0.000000
1652154256144634423 771.116824 1.296775 2 0 0.000000
1652154256869992333 725.332666 1.378630 1 0 0.000000
1652154258123149456 626.555571 1.595969 2 0 0.000000
1652154258989366392 866.192875 1.154445 1 0 0.000000
1652154259673041904 683.651205 1.462682 1 0 0.000000
1652154261240987141 783.945524 1.275555 2 0 0.000000
1652154261789356754 548.344995 1.823588 1 0 0.000000
1652154263234578299 722.588686 1.383871 2 0 0.000000
1652154263900408139 665.806330 1.501885 1 0 0.000000
1652154265297566519 698.556084 1.431477 2 0 0.000000
1652154266051641685 754.052779 1.326128 1 0 0.000000
1652154266705153225 653.482036 1.530195 1 0 0.000000
1652154268047015974 670.908481 1.490465 2 0 0.000000
1652154268800109342 753.070645 1.327857 1 0 0.000000
1652154270241566399 720.702202 1.387485 2 0 0.000000
1652154271051250092 809.656986 1.235050 1 0 0.000000
1652154271855681465 804.408419 1.243114 1 0 0.000000
1652154273212580393 678.423551 1.473949 2 0 0.000000
1652154273763321765 550.715907 1.815734 1 0 0.000000
1652154275201143434 718.888633 1.390993 2 0 0.000000
1652154275766337447 565.167115 1.769304 1 0 0.000000
1652154277145688409 689.653146 1.449957 2 0 0.000000
1652154277950589676 804.877913 1.242388 1 0 0.000000
1652154278708131233 757.511397 1.320060 1 0 0.000000
1652154280134069134 712.942917 1.402586 2 0 0.000000
1652154280753430907 619.332575 1.614565 1 0 0.000000
1652154282181260734 713.889940 1.400727 2 0 0.000000
1652154282868524768 687.240324 1.455045 1 0 0.000000
1652154284116093173 623.741385 1.603119 2 0 0.000000
1652154284836408321 720.292637 1.388281 1 0 0.000000
1652154286231473217 697.506987 1.433625 2 0 0.000000
1652154286871223238 639.727007 1.563111 1 0 0.000000
1652154288086001292 607.365311 1.646391 2 0 0.000000
1652154288789490761 703.467518 1.421485 1 0 0.000000
1652154290021143300 615.803882 1.623835 2 0 0.000000
1652154290639641251 618.473775 1.616820 1 0 0.000000
1652154292270999644 815.656015 1.225972 2 0 0.000000
1652154292943354783 672.332511 1.487309 1 0 0.000000
1652154294281261708 668.931309 1.494872 2 0 0.000000
1652154294968227907 686.943772 1.455676 1 0 0.000000
1652154296171949853 601.838825 1.661513 2 0 0.000000
1652154296755487601 583.516408 1.713685 1 0 0.000000
1652154297510114148 754.604285 1.325159 1 0 0.000000
1652154299157217696 823.528706 1.214253 2 0 0.000000
1652154299808166307 650.925487 1.536220 1 0 0.000000
1652154301148695970 670.241707 1.491948 2 0 0.000000
1652154301926712286 777.993057 1.285320 1 0 0.000000
1652154303236591604 654.914430 1.526858 2 0 0.000000
1652154303957900288 721.285435 1.386369 1 0 0.000000
1652154305289259016 665.656917 1.502225 2 0 0.000000
1652154305875715825 586.435148 1.705155 1 0 0.000000
1652154307175272411 649.754507 1.538986 2 0 0.000000
1652154307755600721 580.306109 1.723163 1 0 0.000000
1652154309202057355 723.201552 1.382689 2 0 0.000000
1652154309816807367 614.727515 1.626677 1 0 0.000000
1652154311249383648 716.264488 1.396086 2 0 0.000000
1652154312061009880 811.603303 1.232094 1 0 0.000000
1652154313359898430 649.420695 1.539778 2 0 0.000000
1652154314024579433 664.656065 1.504481 1 0 0.000000
1652154314712500538 687.897771 1.453655 1 0 0.000000
1652154316116653886 702.054187 1.424346 2 0 0.000000
1652154316794733861 678.057678 1.474752 1 0 0.000000
1652154318077901215 641.561235 1.558643 2 0 0.000000
1652154319179973671 551.010806 1.814763 2 0 0.000000
1652154319817762302 637.767096 1.567918 1 0 0.000000
1652154321170202146 676.194355 1.478809 2 0 0.000000
1652154321874318440 704.094529 1.420220 1 0 0.000000
1652154323121448807 623.539777 1.603682 2 0 0.000000
1652154323944256806 822.784715 1.215350 1 0 0.000000
1652154324653184892 708.903930 1.410580 1 0 0.000000
1652154325991704471 669.233137 1.494188 2 0 0.000000
1652154327347943403 678.093736 1.474666 2 0 0.000000
1652154328035177211 687.211050 1.455109 1 0 0.000000
1652154328793279019 758.071298 1.319084 1 0 0.000000
1652154330210224347 708.449721 1.411487 2 0 0.000000
1652154331037559421 827.312115 1.208700 1 0 0.000000
1652154331761635679 724.054512 1.381070 1 0 0.000000
1652154333063391821 650.855488 1.536386 2 0 0.000000
1652154334193771663 565.166180 1.769317 2 0 0.000000
1652154334916778423 722.984909 1.383113 1 0 0.000000
1652154336373511577 728.343147 1.372935 2 0 0.000000
1652154337138314163 764.780945 1.307527 1 0 0.000000
1652154337850191096 711.853313 1.404737 1 0 0.000000
1652154339178200749 663.981372 1.506013 2 0 0.000000
1652154340343033769 582.392394 1.716984 2 0 0.000000
1652154341049981253 706.922847 1.414532 1 0 0.000000
1652154341816675489 766.671368 1.304301 1 0 0.000000
1652154343391343966 0.000000 0.000000 0 0 0.000000
1652154343934191445 1058.734338 3.684277 2 0 0.000000
1652154344670070833 735.857708 1.358918 1 0 0.000000
1652154346133915878 731.900343 1.366265 2 0 0.000000
1652154346787155893 653.217493 1.530831 1 0 0.000000
1652154348059661100 636.226332 1.571703 2 0 0.000000
1652154348800004672 740.321656 1.350724 1 0 0.000000
1652154350269558016 734.752821 1.360958 2 0 0.000000
1652154350995259017 725.678869 1.377978 1 0 0.000000
1652154351632077456 636.792835 1.570306 1 0 0.000000
1652154353207514772 787.696068 1.269489 2 0 0.000000
1652154353926927641 719.389952 1.390022 1 0 0.000000
1652154355231634736 652.336842 1.532911 2 0 0.000000
1652154355937231952 705.574012 1.417239 1 0 0.000000
1652154357122407318 592.565036 1.687514 2 0 0.000000
1652154357892442288 770.010633 1.298642 1 0 0.000000
1652154359170707206 639.109446 1.564621 2 0 0.000000
1652154359889090027 718.359471 1.392015 1 0 0.000000
1652154361402426592 0.000000 0.000000 0 0 0.000000
1652154362218549295 1164.701783 2.450612 2 0 0.000000
1652154362839281377 620.710055 1.611001 1 0 0.000000
1652154364213327708 687.000569 1.455555 2 0 0.000000
1652154365036307601 822.957430 1.215097 1 0 0.000000
1652154365690782824 654.452660 1.527942 1 0 0.000000
1652154367028691512 668.929556 1.494870 2 0 0.000000
1652154367837532920 808.819993 1.236336 1 0 0.000000
1652154369157039863 659.730653 1.515718 2 0 0.000000
1652154369875362586 718.298331 1.392132 1 0 0.000000
1652154371303810225 714.200734 1.400121 2 0 0.000000
1652154372001514400 697.681734 1.433272 1 0 0.000000
1652154373203410012 600.925328 1.664038 2 0 0.000000
1652154373990852214 787.420627 1.269934 1 0 0.000000
1652154375400825959 704.961366 1.418466 2 0 0.000000
1652154376060089495 659.237521 1.516844 1 0 0.000000
1652154376823067982 762.954897 1.310653 1 0 0.000000
1652154378150395022 663.638914 1.506788 2 0 0.000000
1652154379414009425 631.783786 1.582761 2 0 0.000000
1652154380033055729 619.023992 1.615388 1 0 0.000000
1652154381370593941 668.743211 1.495284 2 0 0.000000
1652154382011458823 640.842244 1.560391 1 0 0.000000
1652154383301987088 645.238417 1.549753 2 0 0.000000
1652154384159150257 857.151631 1.166639 1 0 0.000000
1652154384879258489 720.079996 1.388680 1 0 0.000000
1652154385703161483 823.875672 1.213735 1 0 0.000000
1652154387131702791 714.248946 1.400030 2 0 0.000000
1652154387821470120 689.744957 1.449764 1 0 0.000000
1652154389304315456 741.399001 1.348758 2 0 0.000000
1652154389969167348 664.814725 1.504094 1 0 0.000000
1652154391330388233 680.586156 1.469269 2 0 0.000000
1652154391924640740 594.229824 1.682786 1 0 0.000000
1652154393290613949 682.962462 1.464158 2 0 0.000000
1652154393966132086 675.489971 1.480345 1 0 0.000000
1652154395329133238 681.471937 1.467350 2 0 0.000000
1652154396009937280 680.779174 1.468851 1 0 0.000000
1652154397279802308 634.909809 1.574971 2 0 0.000000
1652154397963133586 683.309364 1.463419 1 0 0.000000
1652154399339648454 688.239858 1.452945 2 0 0.000000
1652154399983571123 643.900367 1.552982 1 0 0.000000
1652154401277244439 646.813439 1.545985 2 0 0.000000
1652154401933278733 656.012599 1.524311 1 0 0.000000
1652154403316619604 691.648205 1.445775 2 0 0.000000
1652154404019709332 703.065882 1.422294 1 0 0.000000
1652154404676419900 656.686121 1.522741 1 0 0.000000
1652154406080254884 701.894942 1.424669 2 0 0.000000
1652154406797678864 717.396396 1.393876 1 0 0.000000
1652154408230060672 716.168374 1.396276 2 0 0.000000
1652154408977288951 747.203957 1.338279 1 0 0.000000
1652154409730004863 752.690253 1.328522 1 0 0.000000
1652154411087313832 678.631679 1.473504 2 0 0.000000
1652154411808068109 720.733103 1.387435 1 0 0.000000
1652154413421172301 806.525985 1.239846 2 0 0.000000
1652154414106154478 684.957806 1.459892 1 0 0.000000
1652154415374784937 634.291777 1.576503 2 0 0.000000
1652154416048710262 673.899545 1.483844 1 0 0.000000
1652154416849365686 800.630366 1.248977 1 0 0.000000
1652154418166774036 658.680801 1.518132 2 0 0.000000
1652154418684711273 517.913627 1.930736 1 0 0.000000
1652154420429613497 872.426584 1.146196 2 0 0.000000
1652154421285696877 856.060328 1.168111 1 0 0.000000
1652154422075966816 790.246500 1.265390 1 0 0.000000
1652154422851394414 775.405772 1.289611 1 0 0.000000
1652154424273260400 710.909879 1.406602 2 0 0.000000
1652154425028667248 755.380091 1.323790 1 0 0.000000
1652154425813043881 784.352296 1.274898 1 0 0.000000
1652154426504227871 691.151189 1.446793 1 0 0.000000
1652154428149865290 1645.612746 0.607667 1 0 0.000000
1652154428871672641 721.780624 1.385411 1 0 0.000000
1652154430273548377 700.913474 1.426660 2 0 0.000000
1652154431082828453 809.255879 1.235666 1 0 0.000000
1652154431873603811 790.745934 1.264582 1 0 0.000000
1652154433079469455 602.909997 1.658560 2 0 0.000000
1652154433739987784 660.494724 1.513963 1 0 0.000000
1652154435138820639 699.386290 1.429763 2 0 0.000000
1652154436447360653 654.246520 1.528421 2 0 0.000000
1652154437063219249 615.836661 1.623749 1 0 0.000000
1652154438299383397 618.059354 1.617908 2 0 0.000000
1652154438811479838 512.073648 1.952757 1 0 0.000000
1652154440217634781 703.055709 1.422318 2 0 0.000000
1652154440868840162 651.176734 1.535614 1 0 0.000000
1652154442263050545 697.078996 1.434504 2 0 0.000000
1652154442910748728 647.675344 1.543929 1 0 0.000000
1652154444342848573 716.026784 1.396551 2 0 0.000000
1652154445036593290 693.721974 1.441452 1 0 0.000000
1652154445673570018 636.951464 1.569916 1 0 0.000000
1652154447188666775 757.525485 1.320048 2 0 0.000000
1652154447766851169 578.162996 1.729552 1 0 0.000000
1652154449147310348 690.207328 1.448793 2 0 0.000000
1652154450394275739 623.460128 1.603894 2 0 0.000000
1652154451168087724 773.786696 1.292304 1 0 0.000000
1652154451908490964 740.377596 1.350615 1 0 0.000000
1652154453240205937 665.835054 1.501823 2 0 0.000000
1652154454021739141 781.509239 1.279536 1 0 0.000000
1652154455360725985 669.468231 1.493667 2 0 0.000000
1652154456098595397 737.847061 1.355253 1 0 0.000000
1652154457318527972 609.942831 1.639435 2 0 0.000000
1652154458042779397 724.228562 1.380736 1 0 0.000000
1652154458846831198 804.026582 1.243701 1 0 0.000000
1652154460051787241 602.458361 1.659812 2 0 0.000000
1652154461299527605 623.845447 1.602898 2 0 0.000000
1652154462001052482 701.502340 1.425466 1 0 0.000000
1652154463430092100 714.497610 1.399541 2 0 0.000000
1652154464044784578 614.669549 1.626830 1 0 0.000000
1652154464866182616 821.376683 1.217437 1 0 0.000000
1652154466307193164 720.479366 1.387915 2 0 0.000000
1652154466995996759 688.777124 1.451793 1 0 0.000000
1652154468401295327 702.623895 1.423185 2 0 0.000000
1652154469228391430 827.067977 1.209049 1 0 0.000000
1652154470017244763 788.830321 1.267663 1 0 0.000000
1652154471460431567 721.565407 1.385822 2 0 0.000000
1652154472195073954 734.619053 1.361207 1 0 0.000000
1652154473419799480 612.334302 1.633019 2 0 0.000000
1652154474151787579 731.962535 1.366142 1 0 0.000000
1652154475381879662 615.021760 1.625894 2 0 0.000000
1652154476066524998 684.621165 1.460610 1 0 0.000000
1652154476753320967 686.769667 1.456037 1 0 0.000000
1652154478155440812 701.040126 1.426412 2 0 0.000000
1652154478869455494 713.987980 1.400531 1 0 0.000000
1652154480342101280 736.298927 1.358100 2 0 0.000000
1652154481045315391 703.191359 1.422042 1 0 0.000000
1652154482353896368 654.265596 1.528373 2 0 0.000000
1652154483073854074 719.933449 1.388971 1 0 0.000000
1652154484309500120 617.799428 1.618586 2 0 0.000000
1652154485014287606 704.763556 1.418867 1 0 0.000000
1652154486282420814 634.040420 1.577121 2 0 0.000000
1652154486862321254 579.878925 1.724434 1 0 0.000000
1652154487597493473 735.150799 1.360226 1 0 0.000000
1652154489075144922 738.801766 1.353499 2 0 0.000000
1652154490341986868 633.398471 1.578729 2 0 0.000000
1652154491135099279 793.090711 1.260855 1 0 0.000000
1652154492469727139 667.290751 1.498545 2 0 0.000000
1652154493244246897 774.497430 1.291123 1 0 0.000000
1652154493947004485 702.735152 1.422966 1 0 0.000000
1652154495355251020 704.099610 1.420206 2 0 0.000000
1652154496074974890 719.702034 1.389422 1 0 0.000000
1652154497310243854 617.612218 1.619081 2 0 0.000000
1652154498036852247 726.586818 1.376257 1 0 0.000000
1652154498719904740 683.029960 1.464016 1 0 0.000000
1652154499884412313 1164.483647 0.858732 1 0 0.000000
1652154501263037078 689.286800 1.450721 2 0 0.000000
1652154502167888626 904.827107 1.105154 1 0 0.000000
1652154502880569572 712.655446 1.403152 1 0 0.000000
1652154504217206315 668.294652 1.496293 2 0 0.000000
1652154505422806457 602.775651 1.658925 2 0 0.000000
1652154506100475339 677.643854 1.475647 1 0 0.000000
1652154507450721077 675.096225 1.481212 2 0 0.000000
1652154508062785506 612.042403 1.633815 1 0 0.000000
1652154509394476954 665.820315 1.501849 2 0 0.000000
1652154510108875557 714.373835 1.399779 1 0 0.000000
1652154511308270148 599.674430 1.667508 2 0 0.000000
1652154512039827946 731.536419 1.366946 1 0 0.000000
1652154513385692818 672.909519 1.486033 2 0 0.000000
1652154514037626449 651.908292 1.533898 1 0 0.000000
1652154514841859980 804.203506 1.243420 1 0 0.000000
1652154516249490849 703.793180 1.420827 2 0 0.000000
1652154516904090883 654.577948 1.527650 1 0 0.000000
1652154518326201626 711.032498 1.406360 2 0 0.000000
1652154519181889099 855.663117 1.168651 1 0 0.000000
1652154520412941171 615.491706 1.624627 2 0 0.000000
1652154521075910818 662.946574 1.508365 1 0 0.000000
1652154521797486567 721.535832 1.385856 1 0 0.000000
1652154523191947683 697.206823 1.434246 2 0 0.000000
1652154524463756347 635.881639 1.572564 2 0 0.000000
1652154525143944213 680.165750 1.470182 1 0 0.000000
1652154526299367077 577.684707 1.730968 2 0 0.000000
1652154527066199515 766.808132 1.304066 1 0 0.000000
1652154528471047512 702.401100 1.423642 2 0 0.000000
1652154529229100385 758.022093 1.319169 1 0 0.000000
1652154530014130459 785.009576 1.273837 1 0 0.000000
1652154531456998849 721.411580 1.386128 2 0 0.000000
1652154532212285970 755.264759 1.324000 1 0 0.000000
1652154532950180799 737.872381 1.355207 1 0 0.000000
1652154533752871256 802.665339 1.245810 1 0 0.000000
1652154535252374163 749.727791 1.333775 2 0 0.000000
1652154535808521326 556.124856 1.798085 1 0 0.000000
1652154537344802502 768.105166 1.301845 2 0 0.000000
1652154538118903569 774.078039 1.291821 1 0 0.000000
1652154539478626756 679.837961 1.470888 2 0 0.000000
1652154540518897629 0.000000 0.000000 0 0 0.000000
1652154541365325697 943.327141 2.362871 2 0 0.000000
1652154541918511964 553.163043 1.807709 1 0 0.000000
1652154543220857450 651.135743 1.535691 2 0 0.000000
1652154543834440125 613.558698 1.629772 1 0 0.000000
1652154545227318023 696.415951 1.435876 2 0 0.000000
1652154545809955031 582.613818 1.716334 1 0 0.000000
1652154547169848812 679.921158 1.470703 2 0 0.000000
1652154547979983398 810.111767 1.234363 1 0 0.000000
1652154549334094656 677.032681 1.476984 2 0 0.000000
1652154550020681948 686.564644 1.456479 1 0 0.000000
1652154551377935334 678.599606 1.473564 2 0 0.000000
1652154552164591903 786.634236 1.271203 1 0 0.000000
1652154553368261710 601.811639 1.661585 2 0 0.000000
1652154554054256344 685.969657 1.457737 1 0 0.000000
1652154555461848076 703.773968 1.420867 2 0 0.000000
1652154556094588812 632.706516 1.580426 1 0 0.000000
1652154556784119386 689.506067 1.450262 1 0 0.000000
1652154558409704652 812.764850 1.230326 2 0 0.000000
1652154559030884754 621.159163 1.609839 1 0 0.000000
1652154560167428605 568.249794 1.759721 2 0 0.000000
1652154560768978555 601.528174 1.662372 1 0 0.000000
1652154562156776962 693.875972 1.441132 2 0 0.000000
1652154563480085201 661.630076 1.511364 2 0 0.000000
1652154564076199539 596.088833 1.677531 1 0 0.000000
1652154565500761878 712.259120 1.403940 2 0 0.000000
1652154566186123608 685.340260 1.459084 1 0 0.000000
1652154566857322465 671.177859 1.489871 1 0 0.000000
1652154568251631578 697.131400 1.434402 2 0 0.000000
1652154569400598323 574.461479 1.740694 2 0 0.000000
1652154569985125411 584.504496 1.710785 1 0 0.000000
1652154570706040230 720.892918 1.387126 1 0 0.000000
1652154572403906647 848.910807 1.177949 2 0 0.000000
1652154572964993390 561.061880 1.782256 1 0 0.000000
1652154574407777154 721.368731 1.386209 2 0 0.000000
1652154575201238005 793.438789 1.260302 1 0 0.000000
1652154576505984176 652.347952 1.532865 2 0 0.000000
1652154577159820739 653.813374 1.529434 1 0 0.000000
1652154578426644642 633.386370 1.578751 2 0 0.000000
1652154579181345767 754.677175 1.325028 1 0 0.000000
1652154580283728766 551.169385 1.814251 2 0 0.000000
1652154581063030861 779.273072 1.283199 1 0 0.000000
1652154581957782636 894.727103 1.117628 1 0 0.000000
1652154583349808361 695.990458 1.436755 2 0 0.000000
1652154583902900106 553.069583 1.808018 1 0 0.000000
1652154584559601914 656.675702 1.522761 1 0 0.000000
1652154586398848768 919.600306 1.087402 2 0 0.000000
1652154587028580497 629.709222 1.587978 1 0 0.000000
1652154587882687699 854.084043 1.170813 1 0 0.000000
1652154589412532144 764.899608 1.307322 2 0 0.000000
1652154590056122814 643.549975 1.553783 1 0 0.000000
1652154591381387787 662.609318 1.509132 2 0 0.000000
1652154591917612957 536.201089 1.864888 1 0 0.000000
1652154593556117470 0.000000 0.000000 0 0 0.000000
1652154594319564816 1200.952663 2.619696 2 0 0.000000
1652154595097799348 778.211753 1.284960 1 0 0.000000
1652154595692537606 594.713636 1.681412 1 0 0.000000
1652154597292070561 799.732272 1.250365 2 0 0.000000
1652154598411213302 559.548512 1.787082 2 0 0.000000
1652154599028656742 617.418488 1.619582 1 0 0.000000
1652154600434784453 703.039506 1.422346 2 0 0.000000
1652154601038959697 604.153213 1.655149 1 0 0.000000
1652154602312025161 636.510999 1.571011 2 0 0.000000
1652154603096125838 784.073419 1.275346 1 0 0.000000
1652154604493971859 698.900363 1.430773 2 0 0.000000
1652154605201922633 707.924799 1.412528 1 0 0.000000
1652154606544817477 671.424730 1.489320 2 0 0.000000
1652154607222785718 677.947062 1.474995 1 0 0.000000
1652154608545210622 661.187268 1.512373 2 0 0.000000
1652154609077543497 532.305522 1.878524 1 0 0.000000
1652154610568716397 0.000000 0.000000 0 0 0.000000
1652154611546254647 1234.332433 2.045956 2 0 0.000000
1652154612265033687 718.756668 1.391248 1 0 0.000000
1652154613086216737 821.158713 1.217755 1 0 0.000000
1652154614467898320 690.808051 1.447511 2 0 0.000000
1652154615220446455 752.523248 1.328819 1 0 0.000000
1652154615945512831 725.043222 1.379184 1 0 0.000000
1652154617298420444 676.431216 1.478298 2 0 0.000000
1652154618017234491 718.791155 1.391180 1 0 0.000000
1652154619282571818 632.644006 1.580606 2 0 0.000000
1652154619959713384 677.118142 1.476796 1 0 0.000000
1652154621366987111 703.610650 1.421188 2 0 0.000000
1652154622156602597 789.594106 1.266439 1 0 0.000000
1652154622945407837 788.783829 1.267740 1 0 0.000000
1652154624272509415 663.528998 1.507044 2 0 0.000000
1652154625030159094 757.627021 1.319871 1 0 0.000000
1652154626534109815 751.953289 1.329831 2 0 0.000000
1652154627209568013 675.435916 1.480477 1 0 0.000000
1652154627862725987 653.129668 1.531023 1 0 0.000000
1652154629375411702 756.318884 1.322152 2 0 0.000000
1652154630094499800 719.064384 1.390650 1 0 0.000000
1652154631555092271 730.273645 1.369307 2 0 0.000000
1652154632310602901 755.488484 1.323608 1 0 0.000000
1652154632998674192 688.048914 1.453338 1 0 0.000000
1652154634409004868 705.143096 1.418107 2 0 0.000000
1652154635096370318 687.344070 1.454830 1 0 0.000000
1652154636505793224 704.689118 1.419021 2 0 0.000000
1652154637277580974 771.766340 1.295693 1 0 0.000000
1652154638032693264 755.088484 1.324306 1 0 0.000000
1652154639389996079 678.628163 1.473511 2 0 0.000000
1652154640042132137 652.113066 1.533422 1 0 0.000000
1652154641585757516 771.789133 1.295651 2 0 0.000000
1652154642206477334 620.678196 1.611033 1 0 0.000000
1652154643513210714 653.344087 1.530534 2 0 0.000000
1652154644223920808 710.688464 1.407043 1 0 0.000000
1652154644944668444 720.725379 1.387448 1 0 0.000000
1652154646423506264 739.395839 1.352413 2 0 0.000000
1652154647036851168 613.322744 1.630404 1 0 0.000000
1652154648476760353 719.930118 1.388976 2 0 0.000000
1652154649196996310 720.205340 1.388434 1 0 0.000000
1652154650409642848 606.299772 1.649285 2 0 0.000000
1652154651022074364 612.410462 1.632836 1 0 0.000000
1652154652432297338 705.084224 1.418215 2 0 0.000000
1652154653205848638 773.528748 1.292739 1 0 0.000000
1652154653956522533 750.648631 1.332136 1 0 0.000000
1652154655364061314 703.736459 1.420920 2 0 0.000000
1652154655995743205 631.658758 1.583075 1 0 0.000000
1652154657545434676 1549.667098 0.645290 1 0 0.000000
1652154658261879376 716.410746 1.395781 1 0 0.000000
1652154659002930500 741.027945 1.349435 1 0 0.000000
1652154660397939103 697.481587 1.433683 2 0 0.000000
1652154661117111349 719.130974 1.390487 1 0 0.000000
1652154662356971347 619.907582 1.613085 2 0 0.000000
1652154663113683984 756.687203 1.321506 1 0 0.000000
1652154663966404961 852.695468 1.172717 1 0 0.000000
1652154665303465447 668.508022 1.495819 2 0 0.000000
1652154666021880778 718.392548 1.391952 1 0 0.000000
1652154667498701013 738.388212 1.354261 2 0 0.000000
1652154668308701882 809.979138 1.234567 1 0 0.000000
1652154669512140198 601.694345 1.661905 2 0 0.000000
1652154670125173030 613.005243 1.631234 1 0 0.000000
1652154670914318772 789.124432 1.267193 1 0 0.000000
1652154672312199184 698.916410 1.430738 2 0 0.000000
1652154673000276893 688.055542 1.453324 1 0 0.000000
1652154674388213473 693.943765 1.440988 2 0 0.000000
1652154675125693689 737.459012 1.355969 1 0 0.000000
1652154675845389464 719.668316 1.389476 1 0 0.000000
1652154676623001275 777.590245 1.285989 1 0 0.000000
1652154678520203809 948.574182 1.054184 2 0 0.000000
1652154679175739107 655.513737 1.525471 1 0 0.000000
1652154679916013017 740.250115 1.350851 1 0 0.000000
1652154681332291451 708.116825 1.412152 2 0 0.000000
1652154682568208620 617.935723 1.618231 2 0 0.000000
1652154683269906119 701.669048 1.425116 1 0 0.000000
1652154683958950904 689.016880 1.451284 1 0 0.000000
1652154685398041639 719.521011 1.389766 2 0 0.000000
1652154686599949355 1201.884733 0.832011 1 0 0.000000
1652154687338861605 738.888264 1.353341 1 0 0.000000
1652154687865039160 526.153961 1.900499 1 0 0.000000
1652154689406022839 770.470697 1.297872 2 0 0.000000
1652154690042999623 636.955905 1.569916 1 0 0.000000
1652154691351954787 654.455448 1.527936 2 0 0.000000
1652154692105246684 753.270903 1.327507 1 0 0.000000
1652154693446599178 670.652532 1.491032 2 0 0.000000
1652154694119528090 672.903107 1.486041 1 0 0.000000
1652154695353852924 617.123702 1.620319 2 0 0.000000
1652154696554387926 600.245226 1.665924 2 0 0.000000
1652154697140510000 586.098611 1.706129 1 0 0.000000
1652154698514259715 686.851950 1.455869 2 0 0.000000
1652154699217557169 703.275367 1.421873 1 0 0.000000
1652154700486247808 634.322028 1.576428 2 0 0.000000
1652154701308420474 822.149627 1.216289 1 0 0.000000
1652154702096335359 787.888428 1.269173 1 0 0.000000
1652154703096182227 999.824586 1.000153 1 0 0.000000
1652154704597656000 750.710746 1.332025 2 0 0.000000
1652154705319198025 721.523455 1.385921 1 0 0.000000
1652154706609014027 644.885471 1.550609 2 0 0.000000
1652154707286910080 677.874353 1.475152 1 0 0.000000
1652154708038972625 752.041115 1.329677 1 0 0.000000
1652154709596295872 778.634317 1.284255 2 0 0.000000
1652154710234911842 638.593779 1.565886 1 0 0.000000
1652154711505320966 635.182456 1.574296 2 0 0.000000
1652154712002347009 497.004378 2.011967 1 0 0.000000
1652154713532597804 765.103611 1.306975 2 0 0.000000
1652154714316613481 783.993420 1.275485 1 0 0.000000
1652154715138305964 821.670266 1.217000 1 0 0.000000
1652154716445076976 653.360022 1.530490 2 0 0.000000
1652154717101903218 656.798388 1.522473 1 0 0.000000
1652154717879049764 777.122546 1.286759 1 0 0.000000
1652154719519559277 820.229744 1.219133 2 0 0.000000
1652154720432473493 912.891408 1.095393 1 0 0.000000
1652154721124079241 691.583160 1.445910 1 0 0.000000
1652154722011589278 887.487631 1.126748 1 0 0.000000
1652154723514167271 751.267952 1.331046 2 0 0.000000
1652154724238892228 724.702916 1.379834 1 0 0.000000
1652154724880017607 641.098270 1.559757 1 0 0.000000
1652154726531785846 825.858703 1.210824 2 0 0.000000
1652154727141489979 609.681761 1.640140 1 0 0.000000
1652154727795433643 653.921928 1.529184 1 0 0.000000
1652154729408683205 806.599249 1.239734 2 0 0.000000
1652154730095468838 686.763822 1.456058 1 0 0.000000
1652154730903147814 807.656889 1.238116 1 0 0.000000
1652154732652488093 0.000000 0.000000 0 0 0.000000
1652154733361822298 1229.312046 2.819546 2 0 0.000000
1652154734599373790 618.752995 1.616094 2 0 0.000000
1652154735363858418 764.462622 1.308071 1 0 0.000000
1652154736192489995 828.604844 1.206809 1 0 0.000000
1652154736926538455 734.026108 1.362308 1 0 0.000000
1652154738256732835 665.074509 1.503540 2 0 0.000000
1652154739073172661 816.417158 1.224830 1 0 0.000000
1652154740448597095 687.688309 1.454097 2 0 0.000000
1652154741100088662 651.468539 1.534939 1 0 0.000000
1652154742569443496 734.654004 1.361142 2 0 0.000000
1652154743660753919 0.000000 0.000000 0 0 0.000000
1652154744238298414 1668.829394 1.731469 1 0 0.000000
1652154745632363884 697.009200 1.434653 2 0 0.000000
1652154746300425934 668.040250 1.496867 1 0 0.000000
1652154747627186621 663.357994 1.507431 2 0 0.000000
1652154748314731072 687.521783 1.454451 1 0 0.000000
1652154749622898863 654.059975 1.528856 2 0 0.000000
1652154750364883740 741.963343 1.347736 1 0 0.000000
1652154751049283663 684.377480 1.461134 1 0 0.000000
1652154752589987770 770.329919 1.298108 2 0 0.000000
1652154753277821825 687.810541 1.453839 1 0 0.000000
1652154754087902968 810.055763 1.234444 1 0 0.000000
1652154755464201345 688.124661 1.453173 2 0 0.000000
1652154756247209317 782.982378 1.277126 1 0 0.000000
1652154757621930255 687.338377 1.454841 2 0 0.000000
1652154758106874017 484.921996 2.062095 1 0 0.000000
1652154759513072797 703.073192 1.422274 2 0 0.000000
1652154760246333755 733.235539 1.363771 1 0 0.000000
1652154761477286140 615.452973 1.624758 2 0 0.000000
1652154762137606931 660.299819 1.514415 1 0 0.000000
1652154763434260465 648.305671 1.542432 2 0 0.000000
1652154764634605689 600.148183 1.666187 2 0 0.000000
1652154765363611145 728.980172 1.371732 1 0 0.000000
1652154766036763839 673.130573 1.485547 1 0 0.000000
1652154767268079525 615.633389 1.624279 2 0 0.000000
1652154768544442014 638.157981 1.566953 2 0 0.000000
1652154769225915698 681.451322 1.467408 1 0 0.000000
1652154770520622430 647.329168 1.544751 2 0 0.000000
1652154771239987648 719.343342 1.390114 1 0 0.000000
1652154771929513637 689.503085 1.450272 1 0 0.000000
1652154773415368990 742.905723 1.346026 2 0 0.000000
1652154774090502613 675.105683 1.481188 1 0 0.000000
1652154775672642893 791.044891 1.264110 2 0 0.000000
1652154776437593743 764.928688 1.307274 1 0 0.000000
1652154777663418926 612.887636 1.631554 2 0 0.000000
1652154778292949974 629.509437 1.588484 1 0 0.000000
1652154779016423409 723.448822 1.382221 1 0 0.000000
1652154780359847510 671.690177 1.488733 2 0 0.000000
1652154781078613381 718.738091 1.391274 1 0 0.000000
1652154782320869182 621.103904 1.609974 2 0 0.000000
1652154783071716268 750.825766 1.331829 1 0 0.000000
1652154784465669665 696.954858 1.434768 2 0 0.000000
1652154785218530931 752.837045 1.328266 1 0 0.000000
1652154786548702543 665.062297 1.503565 2 0 0.000000
1652154787017734196 469.006695 2.132052 1 0 0.000000
1652154788470168888 726.190839 1.376998 2 0 0.000000
1652154789092365920 622.175201 1.607208 1 0 0.000000
1652154790358265754 632.928009 1.579904 2 0 0.000000
1652154791656652622 649.171328 1.540373 2 0 0.000000
1652154792381937658 725.264102 1.378768 1 0 0.000000
1652154793085080472 703.116372 1.422186 1 0 0.000000
1652154794456794387 685.832250 1.458030 2 0 0.000000
1652154795211972614 755.154677 1.324191 1 0 0.000000
1652154796602646791 695.313492 1.438151 2 0 0.000000
1652154797171467081 568.797110 1.758025 1 0 0.000000
1652154798541243446 684.866600 1.460092 2 0 0.000000
1652154799229300116 688.034433 1.453369 1 0 0.000000
1652154800533973789 652.314444 1.532950 2 0 0.000000
1652154801318778733 784.779209 1.274202 1 0 0.000000
1652154802665873322 673.524120 1.484677 2 0 0.000000
1652154803422997783 757.095118 1.320787 1 0 0.000000
1652154804021500533 598.479105 1.670836 1 0 0.000000
1652154805255117517 616.785228 1.621249 2 0 0.000000
1652154806707228583 726.033519 1.377305 2 0 0.000000
1652154807322053669 614.803110 1.626479 1 0 0.000000
1652154808049362234 727.287206 1.374932 1 0 0.000000
1652154809555819544 753.205346 1.327618 2 0 0.000000
1652154810275278396 719.436934 1.389934 1 0 0.000000
1652154811505507993 615.094714 1.625713 2 0 0.000000
1652154812158330185 652.798542 1.531811 1 0 0.000000
1652154813568916878 705.267910 1.417850 2 0 0.000000
1652154814342104542 773.162961 1.293347 1 0 0.000000
1652154815098327928 756.199601 1.322361 1 0 0.000000
1652154816559097572 730.361976 1.369141 2 0 0.000000
1652154817275533348 716.413651 1.395799 1 0 0.000000
1652154817930073086 654.517270 1.527791 1 0 0.000000
1652154819434382271 752.132042 1.329514 2 0 0.000000
1652154820251826998 817.432894 1.223324 1 0 0.000000
1652154821610151804 679.139101 1.472402 2 0 0.000000
1652154822365098752 754.925142 1.324596 1 0 0.000000
1652154823015847142 650.726033 1.536692 1 0 0.000000
1652154824480005595 732.056198 1.365972 2 0 0.000000
1652154825165922972 685.895571 1.457902 1 0 0.000000
1652154826607274197 720.653173 1.387587 2 0 0.000000
1652154827344769930 737.470364 1.355940 1 0 0.000000
1652154828515055016 585.119447 1.708985 2 0 0.000000
1652154829167863824 652.786706 1.531842 1 0 0.000000
1652154829785008274 617.122544 1.620366 1 0 0.000000
1652154831725279440 0.000000 0.000000 0 0 0.000000
1652154832726338587 0.000000 0.000000 0 0 0.000000
1652154833358042847 1786.489261 3.166039 2 0 0.000000
1652154834183387741 825.322151 1.211615 1 0 0.000000
1652154835657964279 737.263033 1.356322 2 0 0.000000
1652154836380698839 722.710869 1.383634 1 0 0.000000
1652154837624325689 621.788975 1.608199 2 0 0.000000
1652154838240401875 616.054310 1.623176 1 0 0.000000
1652154839713950939 736.752011 1.357267 2 0 0.000000
1652154840332114880 618.141539 1.617694 1 0 0.000000
1652154841644772976 656.307357 1.523626 2 0 0.000000
1652154842319772216 674.977594 1.481483 1 0 0.000000
1652154843692008680 686.096534 1.457475 2 0 0.000000
1652154844481450160 789.416483 1.266718 1 0 0.000000
1652154845170518715 689.046608 1.451234 1 0 0.000000
1652154846608480531 718.957518 1.390858 2 0 0.000000
1652154847335532670 727.030580 1.375417 1 0 0.000000
1652154848652037757 658.229075 1.519174 2 0 0.000000
1652154849473488129 821.426953 1.217359 1 0 0.000000
1652154850230495179 756.984607 1.320992 1 0 0.000000
1652154851686382891 727.919680 1.373732 2 0 0.000000
1652154852303707311 617.302691 1.619894 1 0 0.000000
1652154853059740652 756.003932 1.322693 1 0 0.000000
1652154854418255356 679.231312 1.472196 2 0 0.000000
1652154855105221312 686.943964 1.455676 1 0 0.000000
1652154856522468313 708.600041 1.411187 2 0 0.000000
1652154857206939342 684.445970 1.460982 1 0 0.000000
1652154858527219700 660.117211 1.514830 2 0 0.000000
1652154859210918402 683.676655 1.462633 1 0 0.000000
1652154860739003578 764.017785 1.308828 2 0 0.000000
1652154861328613941 589.587264 1.696035 1 0 0.000000
1652154862047558464 718.918178 1.390928 1 0 0.000000
1652154863563011684 1515.427490 0.659869 1 0 0.000000
1652154864183982412 620.945209 1.610382 1 0 0.000000
1652154865657141415 736.553963 1.357627 2 0 0.000000
1652154866362428362 705.263096 1.417863 1 0 0.000000
1652154867661673681 649.600318 1.539355 2 0 0.000000
1652154868213502853 551.806378 1.812155 1 0 0.000000
1652154869666707624 726.580801 1.376269 2 0 0.000000
1652154870352604450 685.874007 1.457945 1 0 0.000000
1652154871633211639 640.277569 1.561759 2 0 0.000000
1652154872491629356 858.387682 1.164934 1 0 0.000000
1652154873208262485 716.611250 1.395414 1 0 0.000000
1652154874654255092 722.972569 1.383133 2 0 0.000000
1652154875201946704 547.669430 1.825845 1 0 0.000000
1652154876579602838 688.806036 1.451741 2 0 0.000000
1652154877230963569 651.338088 1.535248 1 0 0.000000
1652154878410589353 589.790673 1.695453 2 0 0.000000
1652154879715539750 652.449902 1.532625 2 0 0.000000
1652154880266395092 550.831882 1.815359 1 0 0.000000
1652154881525779103 629.667005 1.588078 2 0 0.000000
1652154882307338244 781.538318 1.279494 1 0 0.000000
1652154883198126041 890.765830 1.122602 1 0 0.000000
1652154883876323449 678.152439 1.474497 1 0 0.000000
1652154885383691889 753.660058 1.326816 2 0 0.000000
1652154886134398473 750.683637 1.332078 1 0 0.000000
1652154887646629600 756.092154 1.322549 2 0 0.000000
1652154888433236994 786.581168 1.271282 1 0 0.000000
1652154889674956950 620.837283 1.610669 2 0 0.000000
1652154890531425721 856.446494 1.167585 1 0 0.000000
1652154891316074756 784.624539 1.274455 1 0 0.000000
1652154892725704464 704.791604 1.418812 2 0 0.000000
1652154893342201461 616.476415 1.622068 1 0 0.000000
1652154894567585961 612.672824 1.632141 2 0 0.000000
1652154895121172171 553.564018 1.806403 1 0 0.000000
1652154896627881536 753.331592 1.327396 2 0 0.000000
1652154897375246722 747.342663 1.338034 1 0 0.000000
1652154898093685491 718.418031 1.391907 1 0 0.000000
1652154899499660440 702.957562 1.422500 2 0 0.000000
1652154900256722504 757.031082 1.320896 1 0 0.000000
1652154901624632444 683.931247 1.462085 2 0 0.000000
1652154902322571454 697.909877 1.432790 1 0 0.000000
1652154903135441732 812.845215 1.230209 1 0 0.000000
1652154904680032937 772.272215 1.294841 2 0 0.000000
1652154905252234272 572.179830 1.747637 1 0 0.000000
1652154906557279737 652.501084 1.532514 2 0 0.000000
1652154907241425904 684.124682 1.461676 1 0 0.000000
1652154908517660225 638.094215 1.567110 2 0 0.000000
1652154909732226596 607.260292 1.646678 2 0 0.000000
1652154910423779552 691.530680 1.446021 1 0 0.000000
1652154911113230500 689.428431 1.450430 1 0 0.000000
1652154912590681710 738.702083 1.353683 2 0 0.000000
1652154913199978810 609.274272 1.641235 1 0 0.000000
1652154914020427813 820.425032 1.218845 1 0 0.000000
1652154915736584978 858.050509 1.165394 2 0 0.000000
1652154916457114820 720.506062 1.387868 1 0 0.000000
1652154917173542350 716.399460 1.395815 1 0 0.000000
1652154918627303885 726.858115 1.375741 2 0 0.000000
1652154919212213796 584.878613 1.709665 1 0 0.000000
1652154920517497192 652.619955 1.532234 2 0 0.000000
1652154921338608642 821.087218 1.217861 1 0 0.000000
1652154922781356604 721.352261 1.386244 2 0 0.000000
1652154923553397312 772.008904 1.295268 1 0 0.000000
1652154924157772124 604.353016 1.654602 1 0 0.000000
1652154925773865824 808.024332 1.237552 2 0 0.000000
1652154926445606935 671.719015 1.488669 1 0 0.000000
1652154927788223734 671.285264 1.489628 2 0 0.000000
1652154928507214694 718.968452 1.390838 1 0 0.000000
1652154929126871808 619.633138 1.613796 1 0 0.000000
1652154930640196660 756.639891 1.321593 2 0 0.000000
1652154931461731290 821.511527 1.217234 1 0 0.000000
1652154932766344319 652.281501 1.533022 2 0 0.000000
1652154933487180606 720.811409 1.387277 1 0 0.000000
1652154934721388188 617.078843 1.620473 2 0 0.000000
1652154935478993765 757.584710 1.319948 1 0 0.000000
1652154936164638262 685.621228 1.458482 1 0 0.000000
1652154937657886882 746.601046 1.339362 2 0 0.000000
1652154938378076827 720.154402 1.388523 1 0 0.000000
1652154939754027172 687.952418 1.453541 2 0 0.000000
1652154940438450053 684.400543 1.461085 1 0 0.000000
1652154941157630058 719.156480 1.390472 1 0 0.000000
1652154942553675200 697.999683 1.432618 2 0 0.000000
1652154943186600502 632.903788 1.579965 1 0 0.000000
1652154944699621976 756.488197 1.321858 2 0 0.000000
1652154945385572666 685.928588 1.457831 1 0 0.000000
1652154946583064790 598.723732 1.670157 2 0 0.000000
1652154947292414997 709.329860 1.409741 1 0 0.000000
1652154948781148352 744.342938 1.343424 2 0 0.000000
1652154949433151135 651.975419 1.533736 1 0 0.000000
1652154950123178612 690.004734 1.449218 1 0 0.000000
1652154951465810107 671.293811 1.489612 2 0 0.000000
1652154952186526627 720.692740 1.387508 1 0 0.000000
1652154953422049106 617.738710 1.618748 2 0 0.000000
1652154954129513371 707.441789 1.413499 1 0 0.000000
1652154955792336451 831.388443 1.202774 2 0 0.000000
1652154956548946456 756.588324 1.321685 1 0 0.000000
1652154957202990672 654.022686 1.528949 1 0 0.000000
1652154957921553820 718.540886 1.391666 1 0 0.000000
1652154959600841678 839.618708 1.190981 2 0 0.000000
1652154960740612444 569.862056 1.754739 2 0 0.000000
1652154961449298624 708.663151 1.411062 1 0 0.000000
1652154962206599926 757.277462 1.320478 1 0 0.000000
1652154963683191504 738.273560 1.354471 2 0 0.000000
1652154964285465288 602.251016 1.660374 1 0 0.000000
1652154965040333832 754.846479 1.324734 1 0 0.000000
1652154966593053309 776.337073 1.288063 2 0 0.000000
1652154967347043937 753.969168 1.326276 1 0 0.000000
1652154968607291850 630.098848 1.586989 2 0 0.000000
1652154969394741488 787.425628 1.269922 1 0 0.000000
1652154970159532960 764.768919 1.307546 1 0 0.000000
1652154971512097566 676.258756 1.478672 2 0 0.000000
1652154972131697737 619.577588 1.613944 1 0 0.000000
1652154973760958120 814.607002 1.227551 2 0 0.000000
1652154974517479140 756.497114 1.321840 1 0 0.000000
1652154975270317338 752.815936 1.328307 1 0 0.000000
1652154976687108422 708.370799 1.411641 2 0 0.000000
1652154977447678158 760.546744 1.314804 1 0 0.000000
1652154978204139189 756.437075 1.321945 1 0 0.000000
1652154979765836446 780.825871 1.280658 2 0 0.000000
1652154980519033369 753.174606 1.327674 1 0 0.000000
1652154981175918311 656.863422 1.522337 1 0 0.000000
1652154982682897949 753.467363 1.327158 2 0 0.000000
1652154983404050979 721.131143 1.386668 1 0 0.000000
1652154984642284630 619.094386 1.615204 2 0 0.000000
1652154985384484634 742.178681 1.347346 1 0 0.000000
1652154986139021374 754.508098 1.325317 1 0 0.000000
1652154987547231447 704.083464 1.420243 2 0 0.000000
1652154988719296304 586.011172 1.706390 2 0 0.000000
1652154989334327529 615.007856 1.625934 1 0 0.000000
1652154990089170061 754.821543 1.324780 1 0 0.000000
1652154991566143532 738.464599 1.354120 2 0 0.000000
1652154992805144018 619.475834 1.614204 2 0 0.000000
1652154993661616683 856.450458 1.167580 1 0 0.000000
1652154994315903257 654.255807 1.528382 1 0 0.000000
1652154995588196146 636.119419 1.571965 2 0 0.000000
1652154996137314759 549.096978 1.821100 1 0 0.000000
1652154997680889256 771.764832 1.295694 2 0 0.000000
1652154998333672554 652.759618 1.531902 1 0 0.000000
1652154999684366454 675.324496 1.480720 2 0 0.000000
1652155000420133032 735.744010 1.359127 1 0 0.000000
1652155001801565301 690.693843 1.447773 2 0 0.000000
1652155002401433523 599.846526 1.667033 1 0 0.000000
1652155003655892718 627.204091 1.594313 2 0 0.000000
1652155004342306075 686.388739 1.456848 1 0 0.000000
1652155005785130584 721.390173 1.386170 2 0 0.000000
1652155006442682880 657.516056 1.520792 1 0 0.000000
1652155007656953907 607.110376 1.647079 2 0 0.000000
1652155008209089478 552.111695 1.811149 1 0 0.000000
1652155009732151125 761.505895 1.313144 2 0 0.000000
1652155010452262689 720.088326 1.388674 1 0 0.000000
1652155011787565043 667.628596 1.497788 2 0 0.000000
1652155012438240594 650.653485 1.536864 1 0 0.000000
1652155013189015757 750.753544 1.331957 1 0 0.000000
1652155013879609674 690.571690 1.448029 1 0 0.000000
1652155015836034167 1956.402914 0.511137 1 0 0.000000
1652155016606934718 770.877577 1.297184 1 0 0.000000
1652155017830324543 611.672932 1.634802 2 0 0.000000
1652155018851251316 0.000000 0.000000 0 0 0.000000
1652155019733155077 951.392953 2.267821 2 0 0.000000
1652155020470828211 737.651002 1.355614 1 0 0.000000
1652155021820124010 674.621245 1.482255 2 0 0.000000
1652155022684093375 863.946712 1.157448 1 0 0.000000
1652155023167223204 483.106675 2.069837 1 0 0.000000
1652155024334799592 583.761232 1.712950 2 0 0.000000
1652155025802328517 733.738191 1.362835 2 0 0.000000
1652155026585814929 783.463158 1.276346 1 0 0.000000
1652155027821665534 617.887958 1.618319 2 0 0.000000
1652155028541559169 719.870852 1.389094 1 0 0.000000
1652155029296314882 754.729989 1.324932 1 0 0.000000
1652155030833138374 768.389398 1.301386 2 0 0.000000
1652155031498189409 665.025091 1.503644 1 0 0.000000
1652155032318385999 820.174628 1.219220 1 0 0.000000
1652155033111862053 793.451873 1.260277 1 0 0.000000
1652155034656872663 772.459802 1.294489 2 0 0.000000
1652155035345312692 688.418794 1.452559 1 0 0.000000
1652155036172026357 826.692726 1.209609 1 0 0.000000
1652155037416062433 621.995017 1.607670 2 0 0.000000
1652155038176423661 760.339523 1.315164 1 0 0.000000
1652155039636368178 729.948892 1.369915 2 0 0.000000
1652155040361641246 725.250886 1.378791 1 0 0.000000
1652155041452101103 1090.435280 0.917044 1 0 0.000000
1652155042253498056 801.373524 1.247821 1 0 0.000000
1652155043855996391 801.227182 1.248051 2 0 0.000000
1652155044613593330 757.573304 1.319963 1 0 0.000000
1652155045198835114 585.212606 1.708696 1 0 0.000000
1652155046017821070 818.964226 1.221022 1 0 0.000000
1652155047150439314 1132.595816 0.882910 1 0 0.000000
1652155048610573849 730.043826 1.369737 2 0 0.000000
1652155049328821993 718.223672 1.392276 1 0 0.000000
1652155050757798780 714.463886 1.399603 2 0 0.000000
1652155051546622750 788.801753 1.267710 1 0 0.000000
1652155052824349188 638.840301 1.565280 2 0 0.000000
1652155053538288415 713.916765 1.400679 1 0 0.000000
1652155054293643250 755.326564 1.323881 1 0 0.000000
1652155054979082750 685.415163 1.458918 1 0 0.000000
1652155056353300258 1374.195327 0.727687 1 0 0.000000
1652155057622203253 634.428905 1.576165 2 0 0.000000
1652155058786787542 582.265906 1.717351 2 0 0.000000
1652155059538876231 752.064217 1.329630 1 0 0.000000
1652155060878294325 669.685758 1.493186 2 0 0.000000
1652155061583447706 705.131261 1.418131 1 0 0.000000
1652155062304665158 721.194097 1.386544 1 0 0.000000
1652155063715387152 705.331040 1.417714 2 0 0.000000
1652155064331007443 615.594385 1.624378 1 0 0.000000
1652155064989335564 658.305935 1.518999 1 0 0.000000
1652155066252564593 1263.197655 0.791622 1 0 0.000000
1652155067613647541 680.517360 1.469418 2 0 0.000000
1652155068301968145 688.294733 1.452811 1 0 0.000000
1652155068974851146 672.859636 1.486142 1 0 0.000000
1652155070117446069 1142.572335 0.875201 1 0 0.000000
1652155071580137456 731.319711 1.367342 2 0 0.000000
1652155072370884540 790.720979 1.264627 1 0 0.000000
1652155073746394969 687.733178 1.454006 2 0 0.000000
1652155074536604798 790.188259 1.265487 1 0 0.000000
1652155075253906654 717.278747 1.394113 1 0 0.000000
1652155076696274344 721.160849 1.386609 2 0 0.000000
1652155077846630098 1150.331564 0.869296 1 0 0.000000
1652155078601602612 754.946262 1.324552 1 0 0.000000
1652155079319643511 718.009646 1.392678 1 0 0.000000
1652155080755733324 718.021131 1.392671 2 0 0.000000
1652155081432669830 676.913883 1.477243 1 0 0.000000
1652155082771845068 669.563433 1.493457 2 0 0.000000
1652155083495449133 723.583191 1.381971 1 0 0.000000
1652155084733399591 618.950273 1.615574 2 0 0.000000
1652155085369890425 636.463255 1.571115 1 0 0.000000
1652155086862515791 746.290289 1.339921 2 0 0.000000
1652155087482644100 620.102735 1.612570 1 0 0.000000
1652155088257803879 775.138064 1.290057 1 0 0.000000
1652155089761819225 751.986091 1.329774 2 0 0.000000
1652155090902107490 0.000000 0.000000 0 0 0.000000
1652155091272499403 1510.658217 2.699844 1 0 0.000000
1652155092701521378 714.486596 1.399559 2 0 0.000000
1652155093205846893 504.302220 1.982846 1 0 0.000000
1652155094573017652 683.562955 1.462875 2 0 0.000000
1652155095857207144 642.071362 1.557403 2 0 0.000000
1652155096413538019 556.307881 1.797491 1 0 0.000000
1652155097582916775 584.666620 1.710310 2 0 0.000000
1652155098333509443 750.570882 1.332281 1 0 0.000000
1652155099764442374 715.443690 1.397690 2 0 0.000000
1652155100567006949 802.536625 1.246006 1 0 0.000000
1652155101909387305 0.000000 0.000000 0 0 0.000000
1652155102790656899 844.662325 2.269453 2 0 0.000000
1652155103391450953 600.771752 1.664464 1 0 0.000000
1652155104812979535 710.740092 1.406936 2 0 0.000000
1652155105537493218 724.491471 1.380236 1 0 0.000000
1652155106327860137 790.343900 1.265235 1 0 0.000000
1652155107622460165 647.277831 1.544879 2 0 0.000000
1652155108857346260 617.419495 1.619583 2 0 0.000000
1652155109472051661 614.678438 1.626796 1 0 0.000000
1652155110877459417 702.681275 1.423075 2 0 0.000000
1652155111537426258 659.941807 1.515228 1 0 0.000000
1652155112261486762 724.037626 1.381100 1 0 0.000000
1652155113631141466 684.803249 1.460222 2 0 0.000000
1652155114483972076 852.807716 1.172566 1 0 0.000000
1652155115754721205 635.352384 1.573875 2 0 0.000000
1652155116519701339 764.958789 1.307223 1 0 0.000000
1652155117739051287 609.651391 1.640218 2 0 0.000000
1652155118387536080 648.459540 1.542056 1 0 0.000000
1652155119719542525 665.979380 1.501494 2 0 0.000000
1652155120385626133 666.061112 1.501313 1 0 0.000000
1652155121654240107 634.284394 1.576524 2 0 0.000000
1652155122433009686 778.747598 1.284077 1 0 0.000000
1652155123606180346 586.563396 1.704782 2 0 0.000000
1652155124342353931 736.151313 1.358375 1 0 0.000000
1652155125752571672 705.086716 1.418221 2 0 0.000000
1652155126404987675 652.389943 1.532764 1 0 0.000000
1652155127643049645 619.007573 1.615428 2 0 0.000000
1652155128474062623 830.990295 1.203351 1 0 0.000000
1652155129196877882 722.787760 1.383479 1 0 0.000000
1652155130501023027 652.049845 1.533572 2 0 0.000000
1652155131150326120 649.280015 1.540113 1 0 0.000000
1652155132761573331 805.600792 1.241274 2 0 0.000000
1652155133424628728 663.031686 1.508170 1 0 0.000000
1652155134832275997 703.797410 1.420810 2 0 0.000000
1652155135624383181 792.081008 1.262455 1 0 0.000000
1652155136400066453 775.659988 1.289186 1 0 0.000000
1652155137789489812 694.688007 1.439446 2 0 0.000000
1652155138505368828 715.857726 1.396884 1 0 0.000000
1652155139815682067 655.134210 1.526353 2 0 0.000000
1652155140567079819 751.370580 1.330853 1 0 0.000000
1652155141350826547 783.724216 1.275922 1 0 0.000000
1652155142555578227 602.353045 1.660093 2 0 0.000000
1652155143274486966 718.886462 1.390997 1 0 0.000000
1652155144711321807 718.395001 1.391948 2 0 0.000000
1652155145398065484 686.720042 1.456147 1 0 0.000000
1652155146732436217 667.161943 1.498834 2 0 0.000000
1652155147924702095 596.107435 1.677478 2 0 0.000000
1652155148663814126 739.090631 1.352975 1 0 0.000000
1652155149438781650 774.942084 1.290377 1 0 0.000000
1652155150778609622 669.890392 1.492729 2 0 0.000000
1652155151416028288 637.393643 1.568828 1 0 0.000000
1652155152856651076 720.288654 1.388288 2 0 0.000000
1652155153547179627 690.506720 1.448166 1 0 0.000000
1652155154889283057 671.029271 1.490198 2 0 0.000000
1652155155616887282 727.575028 1.374374 1 0 0.000000
1652155156332649844 715.741212 1.397111 1 0 0.000000
1652155157155075606 822.404363 1.215915 1 0 0.000000
1652155158597531744 721.206030 1.386524 2 0 0.000000
1652155159339452104 741.897922 1.347853 1 0 0.000000
1652155160867044994 763.773722 1.309249 2 0 0.000000
1652155161671118539 804.052015 1.243667 1 0 0.000000
1652155162290823117 619.682020 1.613672 1 0 0.000000
1652155163717029775 713.080033 1.402321 2 0 0.000000
1652155164424296300 707.244153 1.413894 1 0 0.000000
1652155165800111656 687.885704 1.453683 2 0 0.000000
1652155166520167204 720.033386 1.388782 1 0 0.000000
1652155167242749910 722.559983 1.383925 1 0 0.000000
1652155168648643704 702.925009 1.422583 2 0 0.000000
1652155169333603669 684.937568 1.459939 1 0 0.000000
1652155170569682571 618.017237 1.618020 2 0 0.000000
1652155171391754757 822.050767 1.216438 1 0 0.000000
1652155172817301551 712.751677 1.402970 2 0 0.000000
1652155173904301121 1086.977784 0.919964 1 0 0.000000
1652155174446328190 542.002838 1.844926 1 0 0.000000
1652155175202821729 756.472250 1.321888 1 0 0.000000
1652155176732044236 764.589142 1.307854 2 0 0.000000
1652155177425793325 693.726767 1.441443 1 0 0.000000
1652155178881456090 727.808865 1.373945 2 0 0.000000
1652155179601754508 720.271280 1.388313 1 0 0.000000
1652155180938338178 668.264534 1.496352 2 0 0.000000
1652155181539713739 601.352196 1.662854 1 0 0.000000
1652155182257488192 717.749299 1.393195 1 0 0.000000
1652155183690167076 716.316730 1.395986 2 0 0.000000
1652155184349815973 659.625613 1.515958 1 0 0.000000
1652155185707934850 679.037382 1.472625 2 0 0.000000
1652155186305092485 597.134947 1.674600 1 0 0.000000
1652155187740471025 717.666682 1.393361 2 0 0.000000
1652155188479579161 739.083308 1.352982 1 0 0.000000
1652155189957101289 738.738552 1.353618 2 0 0.000000
1652155190965727811 0.000000 0.000000 0 0 0.000000
1652155191775721149 1818.596661 1.234578 1 0 0.000000
1652155192428898202 653.153308 1.530978 1 0 0.000000
1652155193837410842 704.233466 1.419938 2 0 0.000000
1652155194542231525 704.795068 1.418801 1 0 0.000000
1652155195310135953 767.880692 1.302245 1 0 0.000000
1652155196748654327 719.235863 1.390319 2 0 0.000000
1652155197471717351 723.041389 1.383005 1 0 0.000000
1652155198882710307 705.474509 1.417442 2 0 0.000000
1652155199591132352 708.396310 1.411588 1 0 0.000000
1652155200762016703 1170.857749 0.854055 1 0 0.000000
1652155201508752126 746.712209 1.339162 1 0 0.000000
1652155202302949678 794.170143 1.259133 1 0 0.000000
1652155203974571689 0.000000 0.000000 0 0 0.000000
1652155204974742731 0.000000 0.000000 0 0 0.000000
1652155205578431188 516.655941 1.656484 1 0 0.000000
1652155206354959095 776.504843 1.287784 1 0 0.000000
1652155207940751891 792.872381 1.261199 2 0 0.000000
1652155208659847539 719.073476 1.390636 1 0 0.000000
1652155209343627200 683.745363 1.462459 1 0 0.000000
1652155210814481250 735.403986 1.359754 2 0 0.000000
1652155211569379246 754.876024 1.324682 1 0 0.000000
1652155212457433376 888.029843 1.126057 1 0 0.000000
1652155213980907648 0.000000 0.000000 0 0 0.000000
1652155214919419896 905.929336 2.131033 2 0 0.000000
1652155215478794984 559.352219 1.787709 1 0 0.000000
1652155216620416400 570.785740 1.751894 2 0 0.000000
1652155217915052493 647.295712 1.544836 2 0 0.000000
1652155218681658322 766.582033 1.304451 1 0 0.000000
1652155219405561959 723.876669 1.381399 1 0 0.000000
1652155220898284778 746.337070 1.339833 2 0 0.000000
1652155221533123713 634.816472 1.575203 1 0 0.000000
1652155222943675635 705.254324 1.417885 2 0 0.000000
1652155223631622366 687.922374 1.453601 1 0 0.000000
1652155224906369803 637.351399 1.568938 2 0 0.000000
1652155225591146645 684.755292 1.460330 1 0 0.000000
1652155226350409058 759.240828 1.317068 1 0 0.000000
1652155227706404837 677.953930 1.474931 2 0 0.000000
1652155228305141402 598.715135 1.670184 1 0 0.000000
1652155229751416739 723.112545 1.382863 2 0 0.000000
1652155230332009380 580.568731 1.722378 1 0 0.000000
1652155231634617949 651.279581 1.535381 2 0 0.000000
1652155232275184262 640.543725 1.561119 1 0 0.000000
1652155233715136156 719.948629 1.388935 2 0 0.000000
1652155234409212765 694.051526 1.440763 1 0 0.000000
1652155235701582503 646.160888 1.547545 2 0 0.000000
1652155236418760106 717.154063 1.394355 1 0 0.000000
1652155237823707540 702.450543 1.423541 2 0 0.000000
1652155238444627084 620.897147 1.610515 1 0 0.000000
1652155239923124316 739.222533 1.352725 2 0 0.000000
1652155240511160106 588.010887 1.700577 1 0 0.000000
1652155241988600371 738.697941 1.353693 2 0 0.000000
1652155242884008479 895.386237 1.116809 1 0 0.000000
1652155243706358066 822.328202 1.216028 1 0 0.000000
1652155244355405752 648.999504 1.540719 1 0 0.000000
1652155245668196456 656.373216 1.523472 2 0 0.000000
1652155246487246775 819.028327 1.220926 1 0 0.000000
1652155247256062766 768.793429 1.300701 1 0 0.000000
1652155248800531000 772.210501 1.294944 2 0 0.000000
1652155249458911074 658.331686 1.518880 1 0 0.000000
1652155251001704413 771.371779 1.296350 2 0 0.000000
1652155251653679333 651.950999 1.533801 1 0 0.000000
1652155252477199755 823.490923 1.214299 1 0 0.000000
1652155253893700132 708.228127 1.411930 2 0 0.000000
1652155254667789390 774.066164 1.291841 1 0 0.000000
1652155255388178283 720.366401 1.388139 1 0 0.000000
1652155256970271220 791.024721 1.264148 2 0 0.000000
1652155257723876497 753.583130 1.326955 1 0 0.000000
1652155258547148184 823.249246 1.214666 1 0 0.000000
1652155259331679807 784.508053 1.274646 1 0 0.000000
1652155260775460095 721.868479 1.385252 2 0 0.000000
1652155261547694809 772.213114 1.294943 1 0 0.000000
1652155262320412963 772.691823 1.294133 1 0 0.000000
1652155263783373464 731.454691 1.367091 2 0 0.000000
1652155264986805885 601.695084 1.661913 2 0 0.000000
1652155265707127756 720.300167 1.388268 1 0 0.000000
1652155266435543479 728.397730 1.372842 1 0 0.000000
1652155268004115848 784.264279 1.275045 2 0 0.000000
1652155268763391123 759.252978 1.317045 1 0 0.000000
1652155269450301300 686.886236 1.455794 1 0 0.000000
1652155270787303193 668.478442 1.495884 2 0 0.000000
1652155271474204154 686.878669 1.455814 1 0 0.000000
1652155272921965583 723.857955 1.381443 2 0 0.000000
1652155273643931812 721.943030 1.385106 1 0 0.000000
1652155274360642777 716.687926 1.395263 1 0 0.000000
1652155275820740496 730.026751 1.369771 2 0 0.000000
1652155276484020564 663.258658 1.507659 1 0 0.000000
1652155277704308267 610.121820 1.638958 2 0 0.000000
1652155278370914126 666.583778 1.500137 1 0 0.000000
1652155279803422411 716.231214 1.396152 2 0 0.000000
1652155280401866945 598.421876 1.670999 1 0 0.000000
1652155281714747627 656.418237 1.523368 2 0 0.000000
1652155282421051786 706.280775 1.415821 1 0 0.000000
1652155283787803309 683.346827 1.463324 2 0 0.000000
1652155284606647410 818.817464 1.221234 1 0 0.000000
1652155285402185354 795.508447 1.257011 1 0 0.000000
1652155286780300091 689.033779 1.451258 2 0 0.000000
1652155288009216510 614.433001 1.627450 2 0 0.000000
1652155288628858851 619.621533 1.613834 1 0 0.000000
1652155289382790037 753.900490 1.326381 1 0 0.000000
1652155290978567263 797.866233 1.253308 2 0 0.000000
1652155291677007807 698.417560 1.431761 1 0 0.000000
1652155293013573132 668.259334 1.496373 2 0 0.000000
1652155293803684761 790.088966 1.265644 1 0 0.000000
1652155294585860379 782.152164 1.278485 1 0 0.000000
1652155295683817408 1097.933625 0.910782 1 0 0.000000
1652155296239221278 555.376802 1.800492 1 0 0.000000
1652155297617523060 689.128434 1.451061 2 0 0.000000
1652155298296609485 679.064755 1.472567 1 0 0.000000
1652155299935878511 819.611893 1.220056 2 0 0.000000
1652155300723666240 787.761899 1.269377 1 0 0.000000
1652155301398192643 674.502969 1.482522 1 0 0.000000
1652155302993197244 797.477515 1.253915 2 0 0.000000
1652155303670631341 677.409830 1.476158 1 0 0.000000
1652155305042589663 685.955692 1.457770 2 0 0.000000
1652155305696464956 653.853728 1.529344 1 0 0.000000
1652155306777473849 1080.985934 0.925062 1 0 0.000000
1652155307532181032 754.684996 1.325017 1 0 0.000000
1652155308956310842 712.042398 1.404366 2 0 0.000000
1652155309684678448 728.343671 1.372933 1 0 0.000000
1652155310307585038 622.877281 1.605377 1 0 0.000000
1652155311783231287 737.800823 1.355338 2 0 0.000000
1652155312431966114 648.712084 1.541462 1 0 0.000000
1652155313737606855 652.794585 1.531815 2 0 0.000000
1652155315028123807 645.233959 1.549767 2 0 0.000000
1652155315599675639 571.529209 1.749623 1 0 0.000000
1652155316319710923 720.008448 1.388821 1 0 0.000000
1652155317954177602 817.209883 1.223641 2 0 0.000000
1652155318715412969 761.208199 1.313654 1 0 0.000000
1652155319932745036 608.639862 1.642937 2 0 0.000000
1652155320602082475 669.312406 1.494015 1 0 0.000000
1652155321357190963 755.083073 1.324313 1 0 0.000000
1652155322999425574 821.089330 1.217853 2 0 0.000000
1652155323780163236 780.715636 1.280840 1 0 0.000000
1652155324575014937 794.813894 1.258096 1 0 0.000000
1652155325994186967 709.557192 1.409272 2 0 0.000000
1652155326609561251 615.352381 1.625027 1 0 0.000000
1652155327340658608 731.086117 1.367807 1 0 0.000000
1652155328720167606 689.730122 1.449791 2 0 0.000000
1652155329949554729 614.668513 1.626827 2 0 0.000000
1652155330659715987 710.132477 1.408131 1 0 0.000000
1652155332001262618 670.748788 1.490817 2 0 0.000000
1652155332653108081 651.823131 1.534106 1 0 0.000000
1652155333890076695 618.462458 1.616856 2 0 0.000000
1652155334644312217 754.212694 1.325846 1 0 0.000000
1652155335988843546 672.241601 1.487507 2 0 0.000000
1652155336566003142 577.138196 1.732623 1 0 0.000000
1652155338008673952 721.311119 1.386318 2 0 0.000000
1652155338797987383 789.287390 1.266924 1 0 0.000000
1652155339470425621 672.411160 1.487125 1 0 0.000000
1652155340849920978 689.716296 1.449806 2 0 0.000000
1652155341600762520 750.817947 1.331839 1 0 0.000000
1652155343014668704 706.927011 1.414521 2 0 0.000000
1652155343696996311 682.305927 1.465572 1 0 0.000000
1652155344394071310 697.052602 1.434566 1 0 0.000000
1652155345896825162 751.355063 1.330890 2 0 0.000000
1652155347031784844 567.457764 1.762177 2 0 0.000000
1652155347753516011 721.708419 1.385557 1 0 0.000000
1652155348538684590 785.145536 1.273612 1 0 0.000000
1652155349429071120 890.358725 1.123108 1 0 0.000000
1652155350875723714 723.302782 1.382502 2 0 0.000000
1652155352022527657 573.379234 1.743977 2 0 0.000000
1652155352740495611 717.945427 1.392820 1 0 0.000000
1652155353961190432 610.324218 1.638411 2 0 0.000000
1652155354649521453 688.305597 1.452789 1 0 0.000000
1652155355976497409 663.463180 1.507186 2 0 0.000000
1652155356831156528 854.637438 1.170057 1 0 0.000000
1652155357543036089 711.856898 1.404732 1 0 0.000000
1652155358774637354 615.777188 1.623902 2 0 0.000000
1652155359458539604 683.880098 1.462197 1 0 0.000000
1652155360314836337 856.274125 1.167819 1 0 0.000000
1652155361832441746 758.767733 1.317866 2 0 0.000000
1652155362465444181 632.980339 1.579773 1 0 0.000000
1652155364041395365 787.953698 1.269075 2 0 0.000000
1652155364815748357 774.329623 1.291401 1 0 0.000000
1652155366081403334 632.804936 1.580209 2 0 0.000000
1652155366780170205 698.745126 1.431092 1 0 0.000000
1652155367567259434 787.066470 1.270504 1 0 0.000000
1652155368945382952 689.038676 1.451249 2 0 0.000000
1652155369549776131 604.366361 1.654552 1 0 0.000000
1652155370910825134 680.502535 1.469455 2 0 0.000000
1652155371463590866 552.743976 1.809085 1 0 0.000000
1652155372847529170 691.946800 1.445151 2 0 0.000000
1652155373537951998 690.399153 1.448388 1 0 0.000000
1652155374351752442 813.776859 1.228802 1 0 0.000000
1652155375669451988 658.828271 1.517797 2 0 0.000000
1652155377060700467 695.597294 1.437558 2 0 0.000000
1652155377868026397 807.276299 1.238657 1 0 0.000000
1652155378983544445 1115.492989 0.896444 1 0 0.000000
1652155379481393419 497.825143 2.008641 1 0 0.000000
1652155380816381147 667.472350 1.498141 2 0 0.000000
1652155382086746226 635.159451 1.574351 2 0 0.000000
1652155382743051646 656.284326 1.523681 1 0 0.000000
1652155383354785330 611.711316 1.634698 1 0 0.000000
1652155384800719982 722.940694 1.383188 2 0 0.000000
1652155385657279201 856.534481 1.167462 1 0 0.000000
1652155387015710612 679.192180 1.472286 2 0 0.000000
1652155387825164913 809.432520 1.235400 1 0 0.000000
1652155388589931824 764.744509 1.307588 1 0 0.000000
1652155390038270097 724.146091 1.380893 2 0 0.000000
1652155390684578198 646.286075 1.547250 1 0 0.000000
1652155392048652445 682.004287 1.466196 2 0 0.000000
1652155392798904319 750.230404 1.332886 1 0 0.000000
1652155394021651202 611.351185 1.635661 2 0 0.000000
1652155394740298632 718.625629 1.391503 1 0 0.000000
1652155395429894303 689.574607 1.450125 1 0 0.000000
1652155396865722933 717.892149 1.392924 2 0 0.000000
1652155397485348545 619.603761 1.613878 1 0 0.000000
1652155398968909384 741.757809 1.348108 2 0 0.000000
1652155399693981157 725.040627 1.379174 1 0 0.000000
1652155401099789099 702.880656 1.422669 2 0 0.000000
1652155401958047872 858.236260 1.165150 1 0 0.000000
1652155402768627603 810.556763 1.233685 1 0 0.000000
1652155403521883900 753.227300 1.327569 1 0 0.000000
1652155404794363114 636.215466 1.571735 2 0 0.000000
1652155406076234920 640.913132 1.560218 2 0 0.000000
1652155406810925774 734.670000 1.361117 1 0 0.000000
1652155407463174128 652.225446 1.533158 1 0 0.000000
