1652153557817131415 818.961050 1.220807 1 0 0.000000
1652153558348491078 531.310474 1.881964 1 0 0.000000
1652153559888453880 769.955844 1.298733 2 0 0.000000
1652153560793580671 905.095428 1.104818 1 0 0.000000
1652153561895285087 550.826662 1.815369 2 0 0.000000
1652153562466912569 571.604023 1.749391 1 0 0.000000
1652153563784634584 658.836681 1.517771 2 0 0.000000
1652153564495958421 711.300358 1.405829 1 0 0.000000
1652153565668189327 586.089478 1.706148 2 0 0.000000
1652153566931801553 631.781510 1.582764 2 0 0.000000
1652153567587095467 655.270404 1.526033 1 0 0.000000
1652153568960789538 686.819724 1.455928 2 0 0.000000
1652153569552281220 591.467545 1.690641 1 0 0.000000
1652153570956444201 702.052142 1.424336 2 0 0.000000
1652153571609133905 652.666169 1.532122 1 0 0.000000
1652153572915835775 653.323543 1.530571 2 0 0.000000
1652153573734135895 818.249272 1.222046 1 0 0.000000
1652153574420439391 686.278467 1.457081 1 0 0.000000
1652153575888774252 734.142914 1.362087 2 0 0.000000
1652153576472078365 583.273416 1.714372 1 0 0.000000
1652153577814543836 671.207763 1.489796 2 0 0.000000
1652153578431096099 616.526118 1.621923 1 0 0.000000
1652153579748569453 658.710596 1.518057 2 0 0.000000
1652153580485731357 737.136574 1.356554 1 0 0.000000
1652153581812603607 663.405224 1.507304 2 0 0.000000
1652153582530044965 717.416787 1.393842 1 0 0.000000
1652153583909632569 689.760491 1.449709 2 0 0.000000
1652153584584633757 674.964643 1.481479 1 0 0.000000
1652153585922325340 668.804501 1.495113 2 0 0.000000
1652153586663822750 741.472477 1.348622 1 0 0.000000
1652153587453096712 789.247345 1.266987 1 0 0.000000
1652153588807659187 677.254934 1.476492 2 0 0.000000
1652153589551293430 743.611039 1.344747 1 0 0.000000
1652153590999688745 724.173949 1.380838 2 0 0.000000
1652153591736551236 736.839041 1.357105 1 0 0.000000
1652153592410445930 673.870242 1.483911 1 0 0.000000
1652153593716064253 652.783023 1.531841 2 0 0.000000
1652153595024376329 0.000000 0.000000 0 0 0.000000
1652153595447874887 1731.785355 2.361284 1 0 0.000000
1652153596770618021 661.342652 1.512009 2 0 0.000000
1652153597456056065 685.412063 1.458921 1 0 0.000000
1652153598176226533 720.137997 1.388560 1 0 0.000000
1652153599960252208 1783.998557 0.560530 1 0 0.000000
1652153600567055352 606.776041 1.647981 1 0 0.000000
1652153601415304917 848.221935 1.178898 1 0 0.000000
1652153602896053342 740.350419 1.350668 2 0 0.000000
1652153603583306060 687.226131 1.455069 1 0 0.000000
1652153604923843773 670.242723 1.491939 2 0 0.000000
1652153606032369202 0.000000 0.000000 0 0 0.000000
1652153606780011223 1856.142632 1.337539 1 0 0.000000
1652153608032317793 626.127798 1.597053 2 0 0.000000
1652153608652497399 620.153049 1.612436 1 0 0.000000
1652153609836152367 591.804729 1.689682 2 0 0.000000
1652153611035913525 0.000000 0.000000 0 0 0.000000
1652153611868488627 1016.143405 2.402186 2 0 0.000000
1652153612983265702 557.364278 1.794081 2 0 0.000000
1652153613631323344 648.031807 1.543073 1 0 0.000000
1652153614350829678 719.476479 1.389842 1 0 0.000000
1652153615990273214 1054.737043 0.609963 1 0 0.000000
1652153616720359793 730.061025 1.369701 1 0 0.000000
1652153617443792163 723.402921 1.382299 1 0 0.000000
1652153618782304807 669.218657 1.494196 2 0 0.000000
1652153619557540173 775.208594 1.289931 1 0 0.000000
1652153620812930394 627.668138 1.593130 2 0 0.000000
1652153621421409502 608.455022 1.643442 1 0 0.000000
1652153622941923275 760.229939 1.315345 2 0 0.000000
1652153623590748218 648.792061 1.541248 1 0 0.000000
1652153624898800074 653.996825 1.528991 2 0 0.000000
1652153625655865265 757.041059 1.320890 1 0 0.000000
1652153626390547989 734.656359 1.361132 1 0 0.000000
1652153627820199793 714.796118 1.398942 2 0 0.000000
1652153628462667867 642.441577 1.556498 1 0 0.000000
1652153629948094664 742.686195 1.346414 2 0 0.000000
1652153630531171559 583.052759 1.715040 1 0 0.000000
1652153631729379174 599.081609 1.669160 2 0 0.000000
1652153632509161756 779.759914 1.282409 1 0 0.000000
1652153633819537039 655.160436 1.526280 2 0 0.000000
1652153634527737626 708.174902 1.412029 1 0 0.000000
1652153635988649608 730.430744 1.369008 2 0 0.000000
1652153636810853564 822.159222 1.216243 1 0 0.000000
1652153637499966050 689.086716 1.451142 1 0 0.000000
1652153638868006044 683.995475 1.461946 2 0 0.000000
1652153639628546822 760.517363 1.314854 1 0 0.000000
1652153640391718929 763.147520 1.310320 1 0 0.000000
1652153641743058855 675.639698 1.480013 2 0 0.000000
1652153642328287614 585.204738 1.708734 1 0 0.000000
1652153643945761019 808.711354 1.236496 2 0 0.000000
1652153644613348643 667.561503 1.497931 1 0 0.000000
1652153645755255561 570.927975 1.751456 2 0 0.000000
1652153646504704644 749.425748 1.334313 1 0 0.000000
1652153647727671864 611.458085 1.635367 2 0 0.000000
1652153649018775879 645.528386 1.549062 2 0 0.000000
1652153649850929921 832.121997 1.201701 1 0 0.000000
1652153650541693810 690.741231 1.447673 1 0 0.000000
1652153651982710828 720.483636 1.387909 2 0 0.000000
1652153652501742453 519.009263 1.926665 1 0 0.000000
1652153653944421751 721.313814 1.386310 2 0 0.000000
1652153654495302842 550.858373 1.815274 1 0 0.000000
1652153655801744431 653.198398 1.530876 2 0 0.000000
1652153656656815783 855.045662 1.169493 1 0 0.000000
1652153657962642576 652.887557 1.531597 2 0 0.000000
1652153658690845139 728.179484 1.373244 1 0 0.000000
1652153659332753472 641.886918 1.557855 1 0 0.000000
1652153660945575302 806.387368 1.240063 2 0 0.000000
1652153661565702428 620.103952 1.612573 1 0 0.000000
1652153663074803504 0.000000 0.000000 0 0 0.000000
1652153663712350961 1073.294375 3.137021 2 0 0.000000
1652153665001200925 644.399099 1.551771 2 0 0.000000
1652153665788791325 787.567777 1.269696 1 0 0.000000
1652153666584309015 795.492917 1.257043 1 0 0.000000
1652153668028060577 721.850024 1.385280 2 0 0.000000
1652153668714383291 686.299394 1.457041 1 0 0.000000
1652153669418273509 703.865972 1.420676 1 0 0.000000
1652153670772952141 677.315807 1.476365 2 0 0.000000
1652153671595799766 822.823398 1.215292 1 0 0.000000
1652153672940238692 672.185153 1.487609 2 0 0.000000
1652153673624576576 684.308617 1.461266 1 0 0.000000
1652153675061863263 718.619889 1.391511 2 0 0.000000
1652153676082879300 0.000000 0.000000 0 0 0.000000
1652153676734238985 1672.353647 1.535250 1 0 0.000000
1652153677475410126 741.145120 1.349216 1 0 0.000000
1652153678986482480 755.511941 1.323563 2 0 0.000000
1652153679674230063 687.718806 1.454022 1 0 0.000000
1652153680313203228 638.948848 1.565011 1 0 0.000000
1652153681788110896 737.426794 1.356017 2 0 0.000000
1652153682526487913 738.348261 1.354322 1 0 0.000000
1652153684029296936 751.378022 1.330841 2 0 0.000000
1652153684720931122 691.611142 1.445851 1 0 0.000000
1652153685374495747 653.541892 1.530071 1 0 0.000000
1652153686988303020 806.877979 1.239305 2 0 0.000000
1652153688084078279 547.862293 1.825192 2 0 0.000000
1652153688873291220 789.189963 1.267085 1 0 0.000000
1652153689548286003 674.970381 1.481493 1 0 0.000000
1652153690852912097 652.289813 1.533006 2 0 0.000000
1652153692090142021 0.000000 0.000000 0 0 0.000000
1652153692776152633 961.597385 2.915407 2 0 0.000000
1652153693508991687 732.815429 1.364556 1 0 0.000000
1652153694748788084 619.876231 1.613168 2 0 0.000000
1652153695936395858 593.775210 1.684058 2 0 0.000000
1652153696716225808 779.803063 1.282331 1 0 0.000000
1652153698061931538 672.825426 1.486209 2 0 0.000000
1652153698715863727 653.907983 1.529211 1 0 0.000000
1652153699433796751 717.908031 1.392888 1 0 0.000000
1652153700113618512 679.798071 1.470974 1 0 0.000000
1652153701891027181 1777.386462 0.562617 1 0 0.000000
1652153702622630342 731.577116 1.366861 1 0 0.000000
1652153703331753601 709.097889 1.410192 1 0 0.000000
1652153704879542691 773.869295 1.292166 2 0 0.000000
1652153705480547477 600.966487 1.663880 1 0 0.000000
1652153706959693844 739.547028 1.352131 2 0 0.000000
1652153707755983029 796.263230 1.255825 1 0 0.000000
1652153708471345083 715.334735 1.397894 1 0 0.000000
1652153709882583048 705.596568 1.417195 2 0 0.000000
1652153710470639336 588.033009 1.700517 1 0 0.000000
1652153711865507601 697.401930 1.433827 2 0 0.000000
1652153712512900754 647.371122 1.544656 1 0 0.000000
1652153713987834018 737.442315 1.355994 2 0 0.000000
1652153714575665327 587.808492 1.701168 1 0 0.000000
1652153715812022095 618.154872 1.617656 2 0 0.000000
1652153716516768908 704.723589 1.418949 1 0 0.000000
1652153717809185608 646.181765 1.547489 2 0 0.000000
1652153718905413166 548.075676 1.824439 2 0 0.000000
1652153719593507311 688.070079 1.453290 1 0 0.000000
1652153720832066078 619.252117 1.614780 2 0 0.000000
1652153721576653057 744.560166 1.343026 1 0 0.000000
1652153722916455627 669.857533 1.492757 2 0 0.000000
1652153723604313756 687.830951 1.453788 1 0 0.000000
1652153725078358397 736.996563 1.356811 2 0 0.000000
1652153725635397851 557.013754 1.795205 1 0 0.000000
1652153727006341105 685.445571 1.458850 2 0 0.000000
1652153727760923615 754.544174 1.325236 1 0 0.000000
1652153728987082282 613.052338 1.631110 2 0 0.000000
1652153729779215309 792.106993 1.262414 1 0 0.000000
1652153731017700912 619.217300 1.614875 2 0 0.000000
1652153731751633054 733.909965 1.362524 1 0 0.000000
1652153732482203691 730.550115 1.368793 1 0 0.000000
1652153733718967663 618.356126 1.617123 2 0 0.000000
1652153734540168557 821.176261 1.217729 1 0 0.000000
1652153735782529276 621.155664 1.609838 2 0 0.000000
1652153736538138641 755.582744 1.323435 1 0 0.000000
1652153738017305686 1479.122797 0.676056 1 0 0.000000
1652153738707402511 690.070734 1.449072 1 0 0.000000
1652153740047770523 670.157915 1.492128 2 0 0.000000
1652153740733498624 685.705504 1.458304 1 0 0.000000
1652153741488312787 754.791560 1.324829 1 0 0.000000
1652153743034618780 773.130189 1.293405 2 0 0.000000
1652153743824591164 789.940314 1.265867 1 0 0.000000
1652153744443134039 618.518609 1.616703 1 0 0.000000
1652153745857143598 706.979355 1.414418 2 0 0.000000
1652153746479560061 622.394046 1.606641 1 0 0.000000
1652153747986385149 753.387032 1.327294 2 0 0.000000
1652153748731026491 744.613838 1.342928 1 0 0.000000
1652153749586443814 855.386446 1.169020 1 0 0.000000
1652153750242009285 655.540283 1.525401 1 0 0.000000
1652153751916488433 837.211501 1.194401 2 0 0.000000
1652153752571428750 654.918005 1.526857 1 0 0.000000
1652153754116412902 772.466148 1.294512 2 0 0.000000
1652153754869552909 753.114683 1.327774 1 0 0.000000
1652153755655760380 786.183685 1.271929 1 0 0.000000
1652153757015823113 680.007409 1.470520 2 0 0.000000
1652153757758349933 742.500293 1.346753 1 0 0.000000
1652153758495902647 737.527866 1.355835 1 0 0.000000
1652153759688647756 1192.721133 0.838402 1 0 0.000000
1652153760463901661 775.201689 1.289900 1 0 0.000000
1652153761869820877 702.935349 1.422557 2 0 0.000000
1652153763095522590 612.827039 1.631718 2 0 0.000000
1652153763715154716 619.609363 1.613861 1 0 0.000000
1652153764504121752 788.941055 1.267480 1 0 0.000000
1652153765815209979 655.519052 1.525450 2 0 0.000000
1652153767014308040 599.519493 1.667920 2 0 0.000000
1652153767666423370 652.088803 1.533471 1 0 0.000000
1652153768850290823 591.899705 1.689378 2 0 0.000000
1652153769524105246 673.791650 1.484088 1 0 0.000000
1652153770882016588 678.931816 1.472850 2 0 0.000000
1652153771499401841 617.362910 1.619734 1 0 0.000000
1652153772785617813 643.080803 1.554949 2 0 0.000000
1652153773498369626 712.720816 1.403013 1 0 0.000000
1652153775139389886 820.486893 1.218754 2 0 0.000000
1652153775942864598 803.450240 1.244594 1 0 0.000000
1652153776820033889 877.146432 1.140031 1 0 0.000000
1652153777559281863 739.221653 1.352726 1 0 0.000000
1652153778931937220 686.302160 1.457030 2 0 0.000000
1652153779572769028 640.803598 1.560472 1 0 0.000000
1652153780357765922 784.957341 1.273890 1 0 0.000000
1652153782038895683 840.539504 1.189676 2 0 0.000000
1652153782715717341 676.795206 1.477494 1 0 0.000000
1652153783482879508 767.137625 1.303505 1 0 0.000000
1652153784922425284 719.749801 1.389327 2 0 0.000000
1652153785558449663 635.998780 1.572267 1 0 0.000000
1652153786962371922 701.935643 1.424580 2 0 0.000000
1652153787565506332 603.109727 1.658005 1 0 0.000000
1652153789058353281 746.396943 1.339722 2 0 0.000000
1652153789722832932 664.454357 1.504937 1 0 0.000000
1652153790584790041 861.929666 1.160151 1 0 0.000000
1652153791912619500 663.886821 1.506218 2 0 0.000000
1652153792499030522 586.387407 1.705289 1 0 0.000000
1652153793941411038 721.166547 1.386597 2 0 0.000000
1652153794719641250 778.199315 1.284967 1 0 0.000000
1652153795999052452 639.681615 1.563219 2 0 0.000000
1652153796812648431 813.572129 1.229111 1 0 0.000000
1652153797534480320 721.782374 1.385364 1 0 0.000000
1652153799063629487 764.548204 1.307917 2 0 0.000000
1652153799749195960 685.543344 1.458648 1 0 0.000000
1652153801061177843 655.966294 1.524411 2 0 0.000000
1652153801620161173 558.960903 1.788962 1 0 0.000000
1652153802308745730 688.562390 1.452254 1 0 0.000000
1652153804152220842 921.713002 1.084908 2 0 0.000000
1652153804852965021 700.715367 1.427054 1 0 0.000000
1652153805524283405 671.289387 1.489606 1 0 0.000000
1652153806832283684 653.976136 1.529052 2 0 0.000000
1652153807480031770 647.723399 1.543810 1 0 0.000000
1652153808921265311 720.592692 1.387700 2 0 0.000000
1652153809530516506 609.229113 1.641359 1 0 0.000000
1652153811160358892 814.896503 1.227113 2 0 0.000000
1652153811843451215 683.067786 1.463931 1 0 0.000000
1652153813161242680 658.869844 1.517691 2 0 0.000000
1652153813843890953 682.619821 1.464883 1 0 0.000000
1652153814636042698 792.126041 1.262384 1 0 0.000000
1652153815975537869 669.724524 1.493100 2 0 0.000000
1652153817142926544 583.672151 1.713225 2 0 0.000000
1652153817997762325 854.813193 1.169815 1 0 0.000000
1652153818617509701 619.724753 1.613561 1 0 0.000000
1652153819977036388 679.740300 1.471100 2 0 0.000000
1652153820612438237 635.369719 1.573807 1 0 0.000000
1652153822054254524 720.883231 1.387139 2 0 0.000000
1652153822809302390 755.019260 1.324419 1 0 0.000000
1652153824079526883 635.071033 1.574525 2 0 0.000000
1652153824764020891 684.466163 1.460933 1 0 0.000000
1652153825485459650 721.410729 1.386119 1 0 0.000000
1652153826825304331 669.896210 1.492710 2 0 0.000000
1652153827683238605 857.906096 1.165591 1 0 0.000000
1652153829097779592 707.249465 1.413886 2 0 0.000000
1652153829820760036 722.956834 1.383163 1 0 0.000000
1652153831145497263 662.344525 1.509733 2 0 0.000000
1652153831943608819 798.087039 1.252958 1 0 0.000000
1652153832451648001 508.014168 1.968352 1 0 0.000000
1652153833825318332 686.812189 1.455953 2 0 0.000000
1652153834612185062 786.841105 1.270863 1 0 0.000000
1652153835318004440 705.795232 1.416793 1 0 0.000000
1652153837186379003 934.162649 1.070449 2 0 0.000000
1652153837960001834 773.600855 1.292620 1 0 0.000000
1652153839056237234 548.093426 1.824426 2 0 0.000000
1652153839845840847 789.581326 1.266458 1 0 0.000000
1652153840745250259 899.383357 1.111841 1 0 0.000000
1652153841395184789 649.911932 1.538617 1 0 0.000000
1652153842961241074 783.003856 1.277093 2 0 0.000000
1652153843763438765 802.174913 1.246576 1 0 0.000000
1652153845088784784 662.647553 1.509040 2 0 0.000000
1652153845856277859 767.464889 1.302943 1 0 0.000000
1652153846493046899 636.747311 1.570428 1 0 0.000000
1652153847921678694 714.292826 1.399941 2 0 0.000000
1652153848469839777 548.137899 1.824281 1 0 0.000000
1652153849952906348 741.506237 1.348557 2 0 0.000000
1652153850640304477 687.374559 1.454761 1 0 0.000000
1652153852013751426 686.700651 1.456190 2 0 0.000000
1652153852836234463 822.459808 1.215831 1 0 0.000000
1652153854106017163 634.866577 1.575073 2 0 0.000000
1652153854793751242 687.706651 1.454050 1 0 0.000000
1652153856128739868 667.467283 1.498140 2 0 0.000000
1652153856711565063 582.801651 1.715780 1 0 0.000000
1652153858019113541 653.748829 1.529580 2 0 0.000000
1652153858644568475 625.431935 1.598836 1 0 0.000000
1652153859952623489 654.003145 1.528988 2 0 0.000000
1652153861185053881 616.192529 1.622810 2 0 0.000000
1652153861772474120 587.396573 1.702359 1 0 0.000000
1652153863041079842 634.280048 1.576534 2 0 0.000000
1652153863726394249 685.286227 1.459184 1 0 0.000000
1652153865178047711 725.804053 1.377739 2 0 0.000000
1652153865962354487 784.273133 1.275011 1 0 0.000000
1652153866602661285 640.283764 1.561751 1 0 0.000000
1652153868139447772 768.370195 1.301417 2 0 0.000000
1652153868791799657 652.328591 1.532915 1 0 0.000000
1652153869655222880 863.400911 1.158181 1 0 0.000000
1652153870993654018 669.191601 1.494287 2 0 0.000000
1652153872130084108 568.192124 1.759897 2 0 0.000000
1652153872919946105 789.839008 1.266044 1 0 0.000000
1652153873534295162 614.317859 1.627739 1 0 0.000000
1652153875055251617 760.454313 1.314962 2 0 0.000000
1652153875769694660 714.412613 1.399692 1 0 0.000000
1652153877207413336 718.834084 1.391093 2 0 0.000000
1652153877958419545 750.982755 1.331547 1 0 0.000000
1652153878708861261 750.417961 1.332549 1 0 0.000000
1652153880107161917 699.127608 1.430308 2 0 0.000000
1652153880791556348 684.371052 1.461146 1 0 0.000000
1652153882171526621 689.959797 1.449307 2 0 0.000000
1652153882638467900 466.919219 2.141597 1 0 0.000000
1652153884050186108 705.836273 1.416713 2 0 0.000000
1652153884788747438 738.538532 1.353984 1 0 0.000000
1652153886040838873 626.023649 1.597327 2 0 0.000000
1652153887091687931 525.402656 1.903223 2 0 0.000000
1652153887780094138 688.382727 1.452631 1 0 0.000000
1652153889041244683 630.551778 1.585854 2 0 0.000000
1652153889771858710 730.590397 1.368712 1 0 0.000000
1652153891108858712 668.472321 1.495886 2 0 0.000000
1652153891930872772 821.986642 1.216524 1 0 0.000000
1652153892646357041 715.456419 1.397655 1 0 0.000000
1652153894127830364 740.708727 1.350007 2 0 0.000000
1652153894865432920 737.578134 1.355744 1 0 0.000000
1652153895726259087 860.800843 1.161675 1 0 0.000000
1652153896990309723 632.002109 1.582215 2 0 0.000000
1652153897578574996 588.227435 1.699913 1 0 0.000000
1652153899046814810 734.095565 1.362175 2 0 0.000000
1652153899666585805 619.746814 1.613499 1 0 0.000000
1652153900906853013 620.100384 1.612556 2 0 0.000000
1652153902176410916 634.756647 1.575352 2 0 0.000000
1652153902931444429 755.011667 1.324445 1 0 0.000000
1652153904069365371 568.935147 1.757591 2 0 0.000000
1652153904892314130 822.919221 1.215142 1 0 0.000000
1652153905567276736 674.939807 1.481564 1 0 0.000000
1652153907056735770 744.707145 1.342769 2 0 0.000000
1652153907771524211 714.767554 1.399015 1 0 0.000000
1652153909121997631 675.212917 1.480962 2 0 0.000000
1652153909710793821 588.774720 1.698381 1 0 0.000000
1652153911084315661 686.737325 1.456111 2 0 0.000000
1652153911770918494 686.580175 1.456446 1 0 0.000000
1652153913182417984 705.722001 1.416933 2 0 0.000000
1652153913955294763 772.852697 1.293867 1 0 0.000000
1652153914459495757 504.177314 1.983336 1 0 0.000000
1652153915879630755 710.045553 1.408317 2 0 0.000000
1652153916526134468 646.472740 1.546782 1 0 0.000000
1652153917799393827 636.607265 1.570772 2 0 0.000000
1652153919000771171 600.666989 1.664756 2 0 0.000000
1652153919569843826 569.050659 1.757245 1 0 0.000000
1652153921024342187 727.227054 1.375045 2 0 0.000000
1652153921643607540 619.223731 1.614817 1 0 0.000000
1652153922898602633 627.476019 1.593632 2 0 0.000000
1652153923687262795 788.635074 1.267973 1 0 0.000000
1652153925164009428 738.344521 1.354328 2 0 0.000000
1652153925818984206 654.952767 1.526776 1 0 0.000000
1652153927194758595 687.862134 1.453727 2 0 0.000000
1652153927796336531 601.555759 1.662295 1 0 0.000000
1652153929231976862 717.792631 1.393107 2 0 0.000000
1652153929885762553 653.757747 1.529553 1 0 0.000000
1652153931245916196 680.046932 1.470422 2 0 0.000000
1652153932087444648 841.501975 1.188314 1 0 0.000000
1652153932733838799 646.371143 1.547044 1 0 0.000000
1652153934206033459 736.072204 1.358516 2 0 0.000000
1652153934789690287 583.630548 1.713336 1 0 0.000000
1652153935542315348 752.602354 1.328683 1 0 0.000000
1652153936799391564 628.514288 1.590993 2 0 0.000000
1652153938117102291 658.831060 1.517784 2 0 0.000000
1652153938908922127 791.792056 1.262914 1 0 0.000000
1652153940245302929 668.165125 1.496579 2 0 0.000000
1652153940982396396 737.070037 1.356680 1 0 0.000000
1652153941634929299 652.511172 1.532490 1 0 0.000000
1652153943108607348 736.815395 1.357149 2 0 0.000000
1652153943711753227 603.121071 1.657974 1 0 0.000000
1652153945262211450 0.000000 0.000000 0 0 0.000000
1652153946164013633 1226.105400 2.217781 2 0 0.000000
1652153946817467412 653.424993 1.530330 1 0 0.000000
1652153948092405854 637.443062 1.568703 2 0 0.000000
1652153948851476402 759.045454 1.317401 1 0 0.000000
1652153949583664668 732.165202 1.365769 1 0 0.000000
1652153950905156236 660.721395 1.513441 2 0 0.000000
1652153951741486059 836.304925 1.195701 1 0 0.000000
1652153953031666821 645.064905 1.550170 2 0 0.000000
1652153953791886351 760.196666 1.315410 1 0 0.000000
1652153955127852294 667.959093 1.497044 2 0 0.000000
1652153955780782418 652.907391 1.531557 1 0 0.000000
1652153957139391449 679.277435 1.472094 2 0 0.000000
1652153957726619574 587.205287 1.702916 1 0 0.000000
1652153958990919390 632.124422 1.581903 2 0 0.000000
1652153960226601286 617.819074 1.618540 2 0 0.000000
1652153960894126280 667.501836 1.498071 1 0 0.000000
1652153962047531726 576.677563 1.733996 2 0 0.000000
1652153962689911542 642.364100 1.556711 1 0 0.000000
1652153964097079070 703.558021 1.421295 2 0 0.000000
1652153964816922898 719.814770 1.389190 1 0 0.000000
1652153966035014179 609.021249 1.641913 2 0 0.000000
1652153967267845170 616.392599 1.622282 2 0 0.000000
1652153968053097069 785.227051 1.273477 1 0 0.000000
1652153968847638196 794.516004 1.258588 1 0 0.000000
1652153969640443289 792.780746 1.261344 1 0 0.000000
1652153970978060870 668.783324 1.495196 2 0 0.000000
1652153971717047226 738.962355 1.353205 1 0 0.000000
1652153973142222404 712.562920 1.403336 2 0 0.000000
1652153974002246175 859.998617 1.162759 1 0 0.000000
1652153974642260036 639.988827 1.562466 1 0 0.000000
1652153976029388161 693.539706 1.441828 2 0 0.000000
1652153976748318525 718.904934 1.390955 1 0 0.000000
1652153978128243550 689.934676 1.449354 2 0 0.000000
1652153978827403086 699.133305 1.430289 1 0 0.000000
1652153980032284941 602.416391 1.659914 2 0 0.000000
1652153980768022242 735.715099 1.359181 1 0 0.000000
1652153981541812844 773.766375 1.292339 1 0 0.000000
1652153982949129207 703.630943 1.421145 2 0 0.000000
1652153984233722509 642.274448 1.556913 2 0 0.000000
1652153984817375391 583.629453 1.713347 1 0 0.000000
1652153986174958950 678.767356 1.473206 2 0 0.000000
1652153986746379406 571.398279 1.750025 1 0 0.000000
1652153988120104895 686.839393 1.455895 2 0 0.000000
1652153988952921327 832.790928 1.200745 1 0 0.000000
1652153989623296880 670.350710 1.491701 1 0 0.000000
1652153990947974178 662.313212 1.509802 2 0 0.000000
1652153991602233588 654.234704 1.528446 1 0 0.000000
1652153992945805194 671.761050 1.488570 2 0 0.000000
1652153993665243869 719.401919 1.389973 1 0 0.000000
1652153994986819214 660.764760 1.513345 2 0 0.000000
1652153995644943924 658.103261 1.519469 1 0 0.000000
1652153996914167886 634.590333 1.575766 2 0 0.000000
1652153997641604038 727.413374 1.374691 1 0 0.000000
1652153998892970813 625.659752 1.598252 2 0 0.000000
1652154000158683821 632.834626 1.580137 2 0 0.000000
1652154000896333975 737.627376 1.355656 1 0 0.000000
1652154002181211152 642.415184 1.556569 2 0 0.000000
1652154002887515721 706.274729 1.415820 1 0 0.000000
1652154003610893402 723.354452 1.382404 1 0 0.000000
1652154004947782953 668.422310 1.496010 2 0 0.000000
1652154005677168316 729.364080 1.371017 1 0 0.000000
1652154007154859842 738.822574 1.353462 2 0 0.000000
1652154007842385943 687.503193 1.454490 1 0 0.000000
1652154008567314379 724.903492 1.379447 1 0 0.000000
1652154010072191763 752.416333 1.329012 2 0 0.000000
1652154010826510094 754.295141 1.325700 1 0 0.000000
1652154011531936559 705.401007 1.417582 1 0 0.000000
1652154013097063646 782.536433 1.277852 2 0 0.000000
1652154013849617552 752.529159 1.328808 1 0 0.000000
1652154015246501548 698.417240 1.431758 2 0 0.000000
1652154015973177702 726.653912 1.376129 1 0 0.000000
1652154016754229373 781.029710 1.280325 1 0 0.000000
1652154018179926742 712.823335 1.402822 2 0 0.000000
1652154018938045505 758.094478 1.319055 1 0 0.000000
1652154019690009567 751.942327 1.329851 1 0 0.000000
1652154021029217418 669.580283 1.493420 2 0 0.000000
1652154021712450885 683.210684 1.463629 1 0 0.000000
1652154023052589027 670.046053 1.492383 2 0 0.000000
1652154023771016479 718.404027 1.391929 1 0 0.000000
1652154025111455821 670.196780 1.492048 2 0 0.000000
1652154025827014535 715.535334 1.397509 1 0 0.000000
1652154027272277984 722.602419 1.383831 2 0 0.000000
1652154027993487520 721.183992 1.386560 1 0 0.000000
1652154028679937887 686.426502 1.456770 1 0 0.000000
1652154029918163988 619.082093 1.615214 2 0 0.000000
1652154031231080395 656.435248 1.523326 2 0 0.000000
1652154031953154606 722.051348 1.384899 1 0 0.000000
1652154032692644776 739.465065 1.352283 1 0 0.000000
1652154034132707235 720.008586 1.388829 2 0 0.000000
1652154034875113943 742.378327 1.346971 1 0 0.000000
1652154036147941768 636.389924 1.571304 2 0 0.000000
1652154036828743340 680.777656 1.468857 1 0 0.000000
1652154037586700678 757.933984 1.319335 1 0 0.000000
1652154038910551630 661.901581 1.510744 2 0 0.000000
1652154040216286052 652.842979 1.531705 2 0 0.000000
1652154040922244236 705.936429 1.416514 1 0 0.000000
1652154042218597297 648.154398 1.542790 2 0 0.000000
1652154042973800788 755.178658 1.324146 1 0 0.000000
1652154044110464391 568.307843 1.759536 2 0 0.000000
1652154044848921140 738.433811 1.354175 1 0 0.000000
1652154046203762015 677.397157 1.476188 2 0 0.000000
1652154046769317892 565.532086 1.768172 1 0 0.000000
1652154048191906956 711.271753 1.405887 2 0 0.000000
1652154048914585739 722.653976 1.383741 1 0 0.000000
1652154050183963508 634.662460 1.575575 2 0 0.000000
1652154050872100709 688.114768 1.453199 1 0 0.000000
1652154052010060238 568.958226 1.757532 2 0 0.000000
1652154052589767500 579.684143 1.725009 1 0 0.000000
1652154054141064661 775.627146 1.289244 2 0 0.000000
1652154054830009674 688.918882 1.451495 1 0 0.000000
1652154055447636490 617.601687 1.619101 1 0 0.000000
1652154057094405938 823.361731 1.214499 2 0 0.000000
1652154057745985275 651.545734 1.534733 1 0 0.000000
1652154058947877782 600.920932 1.664042 2 0 0.000000
1652154059567859976 619.959160 1.612950 1 0 0.000000
1652154061109783239 770.939803 1.297081 2 0 0.000000
1652154061759515224 649.709417 1.539096 1 0 0.000000
1652154063039017165 639.727461 1.563108 2 0 0.000000
1652154063791767260 752.722826 1.328462 1 0 0.000000
1652154065078125613 643.152627 1.554777 2 0 0.000000
1652154065732839139 654.688858 1.527386 1 0 0.000000
1652154067155958923 711.536187 1.405363 2 0 0.000000
1652154067841027848 685.045335 1.459707 1 0 0.000000
1652154069127499308 643.211468 1.554640 2 0 0.000000
1652154069881436401 753.912316 1.326371 1 0 0.000000
1652154070689415244 807.951439 1.237656 1 0 0.000000
1652154072224412708 767.475981 1.302934 2 0 0.000000
1652154072906115201 681.678507 1.466916 1 0 0.000000
1652154074073717259 583.775697 1.712912 2 0 0.000000
1652154074896637585 822.898254 1.215184 1 0 0.000000
1652154076217379342 660.333320 1.514301 2 0 0.000000
1652154076973929597 756.526825 1.321789 1 0 0.000000
1652154078241398385 633.709260 1.577948 2 0 0.000000
1652154079092441185 851.021105 1.175029 1 0 0.000000
1652154079786028660 693.565078 1.441779 1 0 0.000000
1652154081152699125 683.312821 1.463411 2 0 0.000000
1652154081844790149 692.068933 1.444897 1 0 0.000000
1652154083167939810 661.549927 1.511545 2 0 0.000000
1652154083976302071 808.336767 1.237069 1 0 0.000000
1652154085323287863 673.468319 1.484797 2 0 0.000000
1652154085991418651 668.107420 1.496713 1 0 0.000000
1652154086642973114 651.531634 1.534791 1 0 0.000000
1652154087988945457 672.963328 1.485915 2 0 0.000000
1652154088708281832 719.314008 1.390170 1 0 0.000000
1652154090101866463 696.770159 1.435148 2 0 0.000000
1652154090875343370 773.454781 1.292863 1 0 0.000000
1652154092172631891 648.620913 1.541677 2 0 0.000000
1652154092825309816 652.653634 1.532149 1 0 0.000000
1652154094163113506 668.878919 1.494988 2 0 0.000000
1652154095351907333 0.000000 0.000000 0 0 0.000000
1652154095929173457 1766.034406 1.732304 1 0 0.000000
1652154097269464142 670.120995 1.492214 2 0 0.000000
1652154098090094649 820.604732 1.218575 1 0 0.000000
1652154098814833147 724.714657 1.379808 1 0 0.000000
1652154099536460437 721.606267 1.385757 1 0 0.000000
1652154101013413699 1476.928690 0.677069 1 0 0.000000
1652154101664480831 651.040816 1.535940 1 0 0.000000
1652154103068091697 701.782209 1.424896 2 0 0.000000
1652154103881724928 813.609366 1.229055 1 0 0.000000
1652154104617830939 736.083374 1.358500 1 0 0.000000
1652154106058316737 1440.461883 0.694210 1 0 0.000000
1652154107315404828 628.521966 1.590978 2 0 0.000000
1652154108171261832 855.837078 1.168419 1 0 0.000000
1652154108657663630 486.378884 2.055913 1 0 0.000000
1652154110097616653 719.951037 1.388934 2 0 0.000000
1652154110783124454 685.485549 1.458773 1 0 0.000000
1652154112256461390 736.645821 1.357463 2 0 0.000000
1652154113011297785 754.815377 1.324790 1 0 0.000000
1652154113650228676 638.907922 1.565115 1 0 0.000000
1652154115097907225 723.816595 1.381522 2 0 0.000000
1652154115684790130 586.860858 1.703917 1 0 0.000000
1652154117229422327 772.294248 1.294807 2 0 0.000000
1652154117937427044 707.980385 1.412420 1 0 0.000000
1652154119190239324 626.383795 1.596408 2 0 0.000000
1652154119979335308 789.074770 1.267273 1 0 0.000000
1652154121336988176 678.800513 1.473131 2 0 0.000000
1652154122034299600 697.284200 1.434079 1 0 0.000000
1652154122771200882 736.876033 1.357034 1 0 0.000000
1652154124075917582 652.330027 1.532900 2 0 0.000000
1652154124684212593 608.270685 1.643939 1 0 0.000000
1652154126058970590 687.357287 1.454801 2 0 0.000000
1652154126793368588 734.368565 1.361660 1 0 0.000000
1652154128123133333 664.857098 1.504025 2 0 0.000000
1652154128911561166 788.404253 1.268347 1 0 0.000000
1652154130195466172 641.928750 1.557748 2 0 0.000000
1652154130915295675 719.804911 1.389218 1 0 0.000000
1652154132171271709 627.965246 1.592387 2 0 0.000000
1652154132877463135 706.169510 1.416047 1 0 0.000000
1652154134236308716 679.393410 1.471838 2 0 0.000000
1652154134952529369 716.185140 1.396218 1 0 0.000000
1652154136260613306 654.018202 1.528954 2 0 0.000000
1652154136974966590 714.331357 1.399868 1 0 0.000000
1652154138352864159 688.922435 1.451487 2 0 0.000000
1652154139036872332 683.985215 1.461971 1 0 0.000000
1652154140349305940 656.194515 1.523887 2 0 0.000000
1652154141019402780 670.071697 1.492322 1 0 0.000000
1652154142361057238 670.798592 1.490697 2 0 0.000000
1652154142979685421 618.603250 1.616480 1 0 0.000000
1652154143906609428 926.891953 1.078837 1 0 0.000000
1652154145330500662 711.921448 1.404602 2 0 0.000000
1652154146036967987 706.444647 1.415494 1 0 0.000000
1652154146693768370 656.772828 1.522533 1 0 0.000000
1652154148154694453 730.427682 1.368995 2 0 0.000000
1652154148806213260 651.496144 1.534875 1 0 0.000000
1652154150160100794 676.920831 1.477228 2 0 0.000000
1652154150912565304 752.443140 1.328966 1 0 0.000000
1652154152339841810 713.614791 1.401270 2 0 0.000000
1652154153033415623 693.550164 1.441808 1 0 0.000000
1652154153821855760 788.415920 1.268327 1 0 0.000000
1652154155131430121 654.763314 1.527214 2 0 0.000000
1652154156378973819 623.749130 1.603150 2 0 0.000000
1652154156859791232 480.791031 2.079792 1 0 0.000000
1652154157996114287 1136.296329 0.880031 1 0 0.000000
1652154158651339765 655.194851 1.526192 1 0 0.000000
1652154160093723360 721.167539 1.386594 2 0 0.000000
1652154161302270969 604.245674 1.654879 2 0 0.000000
1652154161916079638 613.787149 1.629172 1 0 0.000000
1652154163289954616 686.913052 1.455737 2 0 0.000000
1652154164368929226 539.464069 1.853612 2 0 0.000000
1652154165054078819 685.127416 1.459535 1 0 0.000000
1652154165738306051 684.205658 1.461503 1 0 0.000000
1652154167186263397 723.955915 1.381256 2 0 0.000000
1652154167924728944 738.443345 1.354159 1 0 0.000000
1652154169309610499 692.416594 1.444167 2 0 0.000000
1652154170097503685 787.863341 1.269208 1 0 0.000000
1652154170713088605 615.561575 1.624471 1 0 0.000000
1652154172009896657 648.380033 1.542248 2 0 0.000000
1652154173363959028 677.006115 1.477037 2 0 0.000000
1652154174014159239 650.171936 1.537988 1 0 0.000000
1652154175321119474 653.457373 1.530268 2 0 0.000000
1652154176058339652 737.195114 1.356447 1 0 0.000000
1652154176696556896 638.193654 1.566865 1 0 0.000000
1652154177921653782 612.524450 1.632524 2 0 0.000000
1652154179108389187 593.342870 1.685296 2 0 0.000000
1652154180406400941 648.982665 1.540818 2 0 0.000000
1652154181228765236 822.339207 1.216006 1 0 0.000000
1652154181840275442 611.485257 1.635296 1 0 0.000000
1652154183189816277 674.747970 1.481986 2 0 0.000000
1652154183907768618 717.930059 1.392850 1 0 0.000000
1652154185277384216 684.783389 1.460264 2 0 0.000000
1652154186001260099 723.851727 1.381452 1 0 0.000000
1652154187406616085 702.652166 1.423127 2 0 0.000000
1652154188061319238 654.678506 1.527410 1 0 0.000000
1652154188865766085 804.419764 1.243090 1 0 0.000000
1652154190201234042 667.716270 1.497602 2 0 0.000000
1652154190786664492 585.407367 1.708145 1 0 0.000000
1652154192259291944 736.290332 1.358117 2 0 0.000000
1652154193014107454 754.791529 1.324827 1 0 0.000000
1652154193808587721 794.457243 1.258685 1 0 0.000000
1652154195110548220 650.956226 1.536145 2 0 0.000000
1652154195807599053 697.028672 1.434616 1 0 0.000000
1652154197045209618 618.780570 1.616017 2 0 0.000000
1652154198276215155 615.478926 1.624688 2 0 0.000000
1652154198965037920 688.798613 1.451752 1 0 0.000000
1652154200238488135 636.696213 1.570536 2 0 0.000000
1652154200857972609 619.458634 1.614245 1 0 0.000000
1652154202300192979 721.087588 1.386751 2 0 0.000000
1652154202976653354 676.434696 1.478283 1 0 0.000000
1652154204297603628 660.437850 1.514062 2 0 0.000000
1652154204999762495 702.135002 1.424179 1 0 0.000000
1652154206353380827 676.786972 1.477521 2 0 0.000000
1652154207056119833 702.717671 1.423003 1 0 0.000000
1652154208260735117 602.279219 1.660281 2 0 0.000000
1652154208947983247 687.223524 1.455079 1 0 0.000000
1652154210400768677 726.369129 1.376666 2 0 0.000000
1652154211119316693 718.516663 1.391695 1 0 0.000000
1652154211898841010 779.499544 1.282834 1 0 0.000000
1652154213269350707 685.228583 1.459311 2 0 0.000000
1652154214027859097 758.484464 1.318377 1 0 0.000000
1652154215409019486 690.555176 1.448058 2 0 0.000000
1652154216168152454 759.111177 1.317292 1 0 0.000000
1652154217021900722 853.725872 1.171305 1 0 0.000000
1652154217808644690 786.720915 1.271062 1 0 0.000000
1652154219307620096 749.456084 1.334245 2 0 0.000000
1652154220013866292 706.221124 1.415937 1 0 0.000000
1652154221352132532 669.111287 1.494471 2 0 0.000000
1652154221970169531 618.015274 1.618026 1 0 0.000000
1652154222694840912 724.645275 1.379936 1 0 0.000000
1652154224194621759 749.864816 1.333528 2 0 0.000000
1652154225440496864 0.000000 0.000000 0 0 0.000000
1652154226227471496 1016.400229 2.541378 2 0 0.000000
1652154227325988559 549.235318 1.820636 2 0 0.000000
1652154228077410268 751.395758 1.330811 1 0 0.000000
1652154229343993461 633.269649 1.579051 2 0 0.000000
1652154230097099458 753.083960 1.327834 1 0 0.000000
1652154230803471601 706.349601 1.415684 1 0 0.000000
1652154232241092546 718.787104 1.391187 2 0 0.000000
1652154232985510299 744.395677 1.343332 1 0 0.000000
1652154234169491817 591.967016 1.689216 2 0 0.000000
1652154234881309725 711.796348 1.404854 1 0 0.000000
1652154236313493368 716.068046 1.396469 2 0 0.000000
1652154236901530273 588.011410 1.700574 1 0 0.000000
1652154238274709691 686.568575 1.456474 2 0 0.000000
1652154239057559402 782.826386 1.277384 1 0 0.000000
1652154240364369005 653.382688 1.530445 2 0 0.000000
1652154240975482158 611.090440 1.636358 1 0 0.000000
1652154242417618332 721.044930 1.386832 2 0 0.000000
1652154243175934394 758.293584 1.318711 1 0 0.000000
1652154244037435791 861.475136 1.160764 1 0 0.000000
1652154245426092651 694.304036 1.440241 2 0 0.000000
1652154246454126220 0.000000 0.000000 0 0 0.000000
1652154246735571094 1309.445386 3.553094 1 0 0.000000
1652154248177242686 720.811350 1.387279 2 0 0.000000
1652154248961359373 784.092591 1.275320 1 0 0.000000
1652154250266687436 652.641542 1.532182 2 0 0.000000
1652154250918784116 652.073962 1.533515 1 0 0.000000
1652154252225493618 653.331813 1.530562 2 0 0.000000
1652154252810401618 584.882350 1.709671 1 0 0.000000
1652154254153599767 671.575328 1.488984 2 0 0.000000
1652154254840797699 687.175575 1.455185 1 0 0.000000
1652154256284613550 721.884403 1.385218 2 0 0.000000
1652154256884959407 600.323204 1.665706 1 0 0.000000
1652154258427955842 1542.974409 0.648090 1 0 0.000000
1652154259010897206 582.917214 1.715438 1 0 0.000000
1652154259668426657 657.501150 1.520844 1 0 0.000000
1652154261245441515 760.483087 0.634109 1 0 0.000000
1652154262463283676 0.000000 0.000000 0 0 0.000000
1652154262923934660 1678.475192 2.170841 1 0 0.000000
1652154264440687227 758.348509 1.318607 2 0 0.000000
1652154265090107988 649.394070 1.539834 1 0 0.000000
1652154266399204980 654.526143 1.527771 2 0 0.000000
1652154267181399323 782.171915 1.278455 1 0 0.000000
1652154267840103468 658.681743 1.518132 1 0 0.000000
1652154269246526082 703.187961 1.422048 2 0 0.000000
1652154269934859908 688.311293 1.452783 1 0 0.000000
1652154270688380602 753.493315 1.327104 1 0 0.000000
1652154271887879717 1199.473335 0.833681 1 0 0.000000
1652154273216967873 664.521112 1.504791 2 0 0.000000
1652154273870662140 653.668172 1.529767 1 0 0.000000
1652154275283463589 706.377558 1.415627 2 0 0.000000
1652154276070317497 786.830534 1.270884 1 0 0.000000
1652154276730491840 660.149606 1.514751 1 0 0.000000
1652154278258347377 763.900362 1.309024 2 0 0.000000
1652154278930044401 671.669359 1.488766 1 0 0.000000
1652154280457765936 763.835126 1.309139 2 0 0.000000
1652154281151346203 693.557980 1.441794 1 0 0.000000
1652154281953836609 802.450694 1.246121 1 0 0.000000
1652154283329809530 687.963370 1.453517 2 0 0.000000
1652154284151533356 821.701453 1.216954 1 0 0.000000
1652154284871111415 719.554615 1.389703 1 0 0.000000
1652154286201306090 665.073339 1.503539 2 0 0.000000
1652154286986251182 784.918084 1.273974 1 0 0.000000
1652154288393442875 703.572157 1.421270 2 0 0.000000
1652154288992734589 599.269332 1.668636 1 0 0.000000
1652154290397051284 702.135382 1.424180 2 0 0.000000
1652154290986891636 589.815901 1.695374 1 0 0.000000
1652154292325422519 669.237288 1.494175 2 0 0.000000
1652154293462146481 568.338076 1.759442 2 0 0.000000
1652154294211549292 749.379818 1.334396 1 0 0.000000
1652154294832020689 620.448874 1.611678 1 0 0.000000
1652154296172200691 670.065494 1.492337 2 0 0.000000
1652154297486594407 0.000000 0.000000 0 0 0.000000
1652154298231887530 1029.820496 2.683508 2 0 0.000000
1652154298985431609 753.521010 1.327062 1 0 0.000000
1652154299773140332 787.686757 1.269505 1 0 0.000000
1652154301101792725 664.303271 1.505285 2 0 0.000000
1652154302481592567 689.873630 1.449486 2 0 0.000000
1652154303167036652 685.419758 1.458908 1 0 0.000000
1652154304014533885 847.473227 1.179945 1 0 0.000000
1652154305399373418 692.396410 1.444211 2 0 0.000000
1652154306180460638 781.065569 1.280267 1 0 0.000000
1652154306931213506 750.730194 1.331996 1 0 0.000000
1652154308310787053 689.766087 1.449723 2 0 0.000000
1652154309028092258 717.276814 1.394107 1 0 0.000000
1652154310335594526 653.728707 1.529634 2 0 0.000000
1652154311007105718 671.488589 1.489178 1 0 0.000000
1652154312445707588 719.279478 1.390239 2 0 0.000000
1652154313148720496 702.993881 1.422449 1 0 0.000000
1652154314469155920 660.195183 1.514652 2 0 0.000000
1652154315211341162 742.158185 1.347373 1 0 0.000000
1652154315943777008 732.413508 1.365307 1 0 0.000000
1652154317187204163 621.690925 1.608458 2 0 0.000000
1652154317871941923 684.714817 1.460413 1 0 0.000000
1652154319384148208 756.074115 1.322571 2 0 0.000000
1652154319937209277 553.036982 1.808119 1 0 0.000000
1652154321238714229 650.724591 1.536683 2 0 0.000000
1652154321923930622 685.194162 1.459393 1 0 0.000000
1652154323316718016 696.368985 1.435969 2 0 0.000000
1652154323978511082 661.768535 1.511046 1 0 0.000000
1652154325408967530 715.204451 1.398155 2 0 0.000000
1652154326129245431 720.249651 1.388353 1 0 0.000000
1652154327487817669 679.259497 1.472134 2 0 0.000000
1652154328138650668 650.808632 1.536492 1 0 0.000000
1652154328724028476 585.354814 1.708298 1 0 0.000000
1652154329830942313 1106.891506 0.903413 1 0 0.000000
1652154330581365815 750.399671 1.332581 1 0 0.000000
1652154332000581976 1419.193112 0.704614 1 0 0.000000
1652154332653694222 653.088525 1.531130 1 0 0.000000
1652154334126840850 1473.120818 0.678819 1 0 0.000000
1652154335485580098 679.346174 1.471953 2 0 0.000000
1652154336134970987 649.370326 1.539905 1 0 0.000000
1652154336786551029 651.553465 1.534731 1 0 0.000000
1652154338284721914 749.063005 1.334961 2 0 0.000000
1652154338854482146 569.737535 1.755124 1 0 0.000000
1652154340308324998 726.898044 1.375664 2 0 0.000000
1652154340926970242 618.621834 1.616435 1 0 0.000000
1652154342367262962 720.122816 1.388607 2 0 0.000000
1652154342995928717 628.643729 1.590670 1 0 0.000000
1652154343762531111 766.579972 1.304457 1 0 0.000000
1652154345254532454 745.977109 1.340481 2 0 0.000000
1652154345963675278 709.121189 1.410153 1 0 0.000000
1652154347269102100 652.688260 1.532066 2 0 0.000000
1652154347922121608 652.996499 1.531348 1 0 0.000000
1652154349181523235 629.678451 1.588056 2 0 0.000000
1652154349923129435 741.584279 1.348425 1 0 0.000000
1652154351215630512 646.228615 1.547387 2 0 0.000000
1652154351872608030 656.954795 1.522122 1 0 0.000000
1652154353137459718 632.401738 1.581213 2 0 0.000000
1652154354447530860 655.012179 1.526635 2 0 0.000000
1652154355196697629 749.140658 1.334816 1 0 0.000000
1652154355852070399 655.349014 1.525849 1 0 0.000000
1652154357323539699 735.712601 1.359186 2 0 0.000000
1652154357904626208 581.062458 1.720914 1 0 0.000000
1652154359273153516 684.238994 1.461425 2 0 0.000000
1652154359961710739 688.533648 1.452312 1 0 0.000000
1652154361267586156 652.909924 1.531540 2 0 0.000000
1652154362115291293 847.681532 1.179655 1 0 0.000000
1652154362836874123 721.561395 1.385842 1 0 0.000000
1652154364248834450 705.958032 1.416470 2 0 0.000000
1652154364865056960 616.197452 1.622790 1 0 0.000000
1652154366172758634 1307.676385 0.764700 1 0 0.000000
1652154367409017770 618.100177 1.617784 2 0 0.000000
1652154368528709048 0.000000 0.000000 0 0 0.000000
1652154369121396754 1065.576558 1.687229 1 0 0.000000
1652154370394880249 636.714892 1.570495 2 0 0.000000
1652154371140445253 745.542903 1.341265 1 0 0.000000
1652154372472883750 666.197003 1.501007 2 0 0.000000
1652154373192601672 719.683146 1.389433 1 0 0.000000
1652154374093449155 900.822033 1.110066 1 0 0.000000
1652154375383532051 645.016801 1.550288 2 0 0.000000
1652154376119305853 735.750753 1.359113 1 0 0.000000
1652154377409890772 645.269376 1.549685 2 0 0.000000
1652154378117787449 707.874430 1.412636 1 0 0.000000
1652154379519233476 700.697795 1.427097 2 0 0.000000
1652154380169535795 650.279762 1.537746 1 0 0.000000
1652154380880294573 710.737258 1.406947 1 0 0.000000
1652154382284692943 702.173470 1.424097 2 0 0.000000
1652154382833406243 548.683746 1.822445 1 0 0.000000
1652154384398221587 782.383872 1.278106 2 0 0.000000
1652154385534087001 567.909985 1.760772 2 0 0.000000
1652154386155494503 621.380800 1.609250 1 0 0.000000
1652154387423916095 634.187397 1.576763 2 0 0.000000
1652154388279178300 855.232235 1.169232 1 0 0.000000
1652154389004268806 725.064204 1.379138 1 0 0.000000
1652154390277357653 636.521460 1.570982 2 0 0.000000
1652154390994294791 716.914841 1.394822 1 0 0.000000
1652154392223486543 1229.167637 0.813543 1 0 0.000000
1652154392974343178 750.832754 1.331812 1 0 0.000000
1652154394278291324 651.949842 1.533803 2 0 0.000000
1652154395097126408 818.811970 1.221247 1 0 0.000000
1652154396433676421 668.251522 1.496390 2 0 0.000000
1652154397106242616 672.541240 1.486843 1 0 0.000000
1652154398308212759 600.961662 1.663935 2 0 0.000000
1652154398859658533 551.423282 1.813415 1 0 0.000000
1652154400363271784 751.784701 1.330129 2 0 0.000000
1652154401087607252 724.312900 1.380576 1 0 0.000000
1652154402380159702 646.245659 1.547326 2 0 0.000000
1652154403100250147 720.053549 1.388715 1 0 0.000000
1652154404535692389 717.698657 1.393299 2 0 0.000000
1652154405261259724 725.545048 1.378232 1 0 0.000000
1652154406512062842 625.378434 1.598973 2 0 0.000000
1652154407198304965 686.220442 1.457212 1 0 0.000000
1652154407862416244 664.088892 1.505772 1 0 0.000000
1652154409339283850 738.410552 1.354218 2 0 0.000000
1652154410024787836 685.480801 1.458781 1 0 0.000000
1652154411261222721 618.194835 1.617554 2 0 0.000000
1652154411881893924 620.649061 1.611159 1 0 0.000000
1652154413317789378 717.925477 1.392859 2 0 0.000000
1652154413971541923 653.729937 1.529631 1 0 0.000000
1652154415337729782 683.071663 1.463928 2 0 0.000000
1652154415946045155 608.293923 1.643884 1 0 0.000000
1652154417424110145 739.009747 1.353120 2 0 0.000000
1652154418006539170 582.407730 1.716947 1 0 0.000000
1652154419399880423 696.645199 1.435398 2 0 0.000000
1652154420127548350 727.642739 1.374253 1 0 0.000000
1652154420908518185 780.946676 1.280459 1 0 0.000000
1652154422316931533 704.184512 1.420038 2 0 0.000000
1652154422899224146 582.270722 1.717350 1 0 0.000000
1652154424338861065 719.791597 1.389239 2 0 0.000000
1652154424959460925 620.576807 1.611344 1 0 0.000000
1652154426244167024 642.327290 1.556776 2 0 0.000000
1652154427085454425 841.266336 1.188654 1 0 0.000000
1652154428304952554 609.725402 1.640019 2 0 0.000000
1652154429459110891 577.056160 1.732864 2 0 0.000000
1652154430239262211 780.129368 1.281803 1 0 0.000000
1652154431551447533 656.069622 1.524175 2 0 0.000000
1652154432250805814 699.336501 1.429882 1 0 0.000000
1652154432929949038 679.120145 1.472443 1 0 0.000000
1652154434366733896 718.361465 1.391997 2 0 0.000000
1652154434967155999 600.399746 1.665495 1 0 0.000000
1652154436326933974 679.866501 1.470828 2 0 0.000000
1652154436959634387 632.677255 1.580527 1 0 0.000000
1652154438366895211 703.602893 1.421201 2 0 0.000000
1652154439057688750 690.771187 1.447611 1 0 0.000000
1652154440388064268 665.165137 1.503335 2 0 0.000000
1652154441186946091 798.859953 1.251750 1 0 0.000000
1652154442568811217 690.905487 1.447319 2 0 0.000000
1652154443173007392 604.173041 1.655092 1 0 0.000000
1652154443836749148 663.719639 1.506610 1 0 0.000000
1652154445321974891 742.590324 1.346597 2 0 0.000000
1652154445982597497 660.600635 1.513724 1 0 0.000000
1652154447375926389 696.642394 1.435411 2 0 0.000000
1652154448094790294 718.842211 1.391084 1 0 0.000000
1652154449567376740 736.271115 1.358155 2 0 0.000000
1652154450050683613 483.279715 2.069079 1 0 0.000000
1652154450839179501 788.469247 1.268237 1 0 0.000000
1652154452245967079 703.367273 1.421679 2 0 0.000000
1652154452897018978 651.029342 1.535976 1 0 0.000000
1652154454264036462 683.485331 1.463039 2 0 0.000000
1652154455016430640 752.368584 1.329091 1 0 0.000000
1652154456337993272 660.757651 1.513360 2 0 0.000000
1652154457009092619 671.076037 1.490092 1 0 0.000000
1652154458332602920 661.730050 1.511133 2 0 0.000000
1652154458882831152 550.201670 1.817428 1 0 0.000000
1652154460326624961 721.873011 1.385239 2 0 0.000000
1652154461144086241 817.430544 1.223300 1 0 0.000000
1652154461932568254 788.454774 1.268260 1 0 0.000000
1652154463361485346 714.432651 1.399661 2 0 0.000000
1652154464214513920 853.005139 1.172294 1 0 0.000000
1652154464906445835 691.907428 1.445229 1 0 0.000000
1652154466374955643 734.230364 1.361925 2 0 0.000000
1652154467195202736 820.221404 1.219145 1 0 0.000000
1652154468578331445 691.542534 1.445997 2 0 0.000000
1652154469296321778 717.963074 1.392776 1 0 0.000000
1652154470138233043 841.886763 1.187774 1 0 0.000000
1652154471563843629 712.782825 1.402908 2 0 0.000000
1652154472251623871 687.759238 1.453953 1 0 0.000000
1652154473041437199 789.787117 1.266122 1 0 0.000000
1652154474493211893 725.863667 1.377624 2 0 0.000000
1652154475067832541 574.595651 1.740279 1 0 0.000000
1652154476492495647 712.306056 1.403841 2 0 0.000000
1652154477166561823 674.043428 1.483534 1 0 0.000000
1652154477949592063 783.000641 1.277090 1 0 0.000000
1652154478662330514 712.709484 1.403039 1 0 0.000000
1652154480566644200 1219.246971 0.525124 1 0 0.000000
1652154481319350506 752.682962 1.328539 1 0 0.000000
1652154482042977753 723.604910 1.381927 1 0 0.000000
1652154483313152448 635.064855 1.574587 2 0 0.000000
1652154484015026068 701.849850 1.424758 1 0 0.000000
1652154485469523127 727.221839 1.375046 2 0 0.000000
1652154486178454026 708.907775 1.410575 1 0 0.000000
1652154487568068978 694.780205 1.439248 2 0 0.000000
1652154488591859181 1023.767811 0.976763 1 0 0.000000
1652154489314634420 722.753373 1.383556 1 0 0.000000
1652154489933407691 618.751595 1.616101 1 0 0.000000
1652154491204336394 635.440571 1.573652 2 0 0.000000
1652154491988372045 784.012261 1.275452 1 0 0.000000
1652154493363629251 687.606106 1.454273 2 0 0.000000
1652154494085813466 722.158500 1.384688 1 0 0.000000
1652154495508874276 711.505480 1.405421 2 0 0.000000
1652154496130638095 621.741277 1.608328 1 0 0.000000
1652154497451580693 660.448842 1.514070 2 0 0.000000
1652154498067492593 615.887263 1.623609 1 0 0.000000
1652154499545537557 738.999414 1.353139 2 0 0.000000
1652154500193622892 648.063128 1.543007 1 0 0.000000
1652154501600430200 703.381455 1.421659 2 0 0.000000
1652154502360152503 759.699255 1.316270 1 0 0.000000
1652154503115031976 754.855201 1.324715 1 0 0.000000
1652154504556125380 720.520466 1.387835 2 0 0.000000
1652154505280771089 724.623552 1.379985 1 0 0.000000
1652154506556437884 637.810469 1.567808 2 0 0.000000
1652154507140319429 583.860135 1.712676 1 0 0.000000
1652154508397682948 628.657130 1.590630 2 0 0.000000
1652154509153522062 755.816887 1.323033 1 0 0.000000
1652154510005538577 851.989357 1.173686 1 0 0.000000
1652154511389036174 691.725522 1.445611 2 0 0.000000
1652154511973996491 584.937853 1.709518 1 0 0.000000
1652154513624697809 825.327894 1.211606 2 0 0.000000
1652154514310263321 685.542344 1.458650 1 0 0.000000
1652154515149042232 838.757365 1.192209 1 0 0.000000
1652154516421137117 636.025564 1.572210 2 0 0.000000
1652154517175690766 754.529532 1.325287 1 0 0.000000
1652154517757401446 581.689331 1.719068 1 0 0.000000
1652154519313263964 777.905720 1.285461 2 0 0.000000
1652154519944074749 630.782845 1.585261 1 0 0.000000
1652154520737532352 793.434575 1.260307 1 0 0.000000
1652154522038281108 1300.726363 0.768788 1 0 0.000000
1652154523534606103 748.138539 1.336608 2 0 0.000000
1652154524175165581 640.533148 1.561135 1 0 0.000000
1652154524835118181 659.928854 1.515260 1 0 0.000000
1652154526331183473 748.007201 1.336840 2 0 0.000000
1652154527549583675 609.183555 1.641497 2 0 0.000000
1652154528300246088 750.635360 1.332157 1 0 0.000000
1652154528916773305 616.505487 1.621988 1 0 0.000000
1652154530287612874 685.392687 1.458960 2 0 0.000000
1652154531113555126 825.919334 1.210738 1 0 0.000000
1652154532384759387 635.579894 1.573311 2 0 0.000000
1652154533141406404 756.619949 1.321620 1 0 0.000000
1652154534567445803 712.997141 1.402486 2 0 0.000000
1652154535115411366 547.942465 1.824932 1 0 0.000000
1652154536506574097 695.557660 1.437646 2 0 0.000000
1652154537087650255 581.053872 1.720945 1 0 0.000000
1652154538469078876 690.692479 1.447777 2 0 0.000000
1652154539211162961 742.059347 1.347556 1 0 0.000000
1652154540608331174 698.560627 1.431467 2 0 0.000000
1652154541228819108 620.466163 1.611635 1 0 0.000000
1652154542497758606 634.446242 1.576119 2 0 0.000000
1652154543186169853 688.389170 1.452620 1 0 0.000000
1652154544520074960 666.929979 1.499357 2 0 0.000000
1652154545240313790 720.216292 1.388428 1 0 0.000000
1652154546600799773 680.221018 1.470063 2 0 0.000000
1652154547649257103 0.000000 0.000000 0 0 0.000000
1652154548277976968 838.560958 3.181068 2 0 0.000000
1652154548924068391 646.069237 1.547769 1 0 0.000000
1652154550395891724 735.888886 1.358859 2 0 0.000000
1652154550931730346 535.807419 1.866233 1 0 0.000000
1652154552439688328 753.951595 1.326297 2 0 0.000000
1652154553024478498 584.767623 1.710015 1 0 0.000000
1652154554329977526 652.726089 1.531981 2 0 0.000000
1652154555013199077 683.199835 1.463654 1 0 0.000000
1652154556335465146 661.108072 1.512555 2 0 0.000000
1652154557074103554 738.612869 1.353842 1 0 0.000000
1652154558379891538 652.868598 1.531642 2 0 0.000000
1652154558995887573 615.972981 1.623387 1 0 0.000000
1652154560339321089 671.695017 1.488723 2 0 0.000000
1652154561540318691 600.476073 1.665282 2 0 0.000000
1652154562291976755 751.633988 1.330392 1 0 0.000000
1652154563137284405 845.285428 1.183001 1 0 0.000000
1652154563868788158 731.477262 1.367047 1 0 0.000000
1652154565429441148 780.302138 1.281515 2 0 0.000000
1652154566173018979 743.556873 1.344849 1 0 0.000000
1652154566965782854 792.737503 1.261410 1 0 0.000000
1652154568282040847 658.106144 1.519459 2 0 0.000000
1652154569113113392 831.049807 1.203264 1 0 0.000000
1652154570428992249 657.916398 1.519897 2 0 0.000000
1652154571525189919 548.077181 1.824488 2 0 0.000000
1652154572206059815 680.848250 1.468709 1 0 0.000000
1652154573621358943 707.627244 1.413129 2 0 0.000000
1652154574667226944 0.000000 0.000000 0 0 0.000000
1652154575439349118 908.968916 2.590264 2 0 0.000000
1652154576332909656 893.538316 1.119118 1 0 0.000000
1652154576951457785 618.524945 1.616689 1 0 0.000000
1652154578463321294 755.909578 1.322871 2 0 0.000000
1652154579046572355 583.231049 1.714527 1 0 0.000000
1652154580454474261 703.927469 1.420554 2 0 0.000000
1652154581375495196 920.998794 1.085752 1 0 0.000000
1652154582060991877 685.473542 1.458796 1 0 0.000000
1652154583560871930 749.918153 1.333440 2 0 0.000000
1652154584144073384 583.176235 1.714673 1 0 0.000000
1652154585550636605 703.259281 1.421906 2 0 0.000000
1652154586302681337 752.022239 1.329708 1 0 0.000000
1652154586996106724 693.403651 1.442116 1 0 0.000000
1652154588398929370 701.386711 1.425697 2 0 0.000000
1652154589020249526 621.295423 1.609476 1 0 0.000000
1652154590385268246 682.486236 1.465181 2 0 0.000000
1652154591004365282 619.074544 1.615256 1 0 0.000000
1652154592336614464 666.101698 1.501221 2 0 0.000000
1652154593133794823 797.158668 1.254421 1 0 0.000000
1652154594629044936 747.600849 1.337569 2 0 0.000000
1652154595507710903 878.639009 1.138089 1 0 0.000000
1652154596301212261 793.478755 1.260237 1 0 0.000000
1652154596913309018 612.074281 1.633729 1 0 0.000000
1652154598399122261 742.884777 1.346064 2 0 0.000000
1652154599098951888 699.809570 1.428919 1 0 0.000000
1652154600493051650 697.027081 1.434618 2 0 0.000000
1652154601244625345 751.548085 1.330542 1 0 0.000000
1652154602684320328 719.823729 1.389183 2 0 0.000000
1652154603361605499 677.262939 1.476483 1 0 0.000000
1652154604049794971 688.166734 1.453088 1 0 0.000000
1652154605441158438 695.657541 1.437439 2 0 0.000000
1652154606266400368 825.219728 1.211766 1 0 0.000000
1652154607617069891 675.312495 1.480747 2 0 0.000000
1652154608322111639 705.017061 1.418356 1 0 0.000000
1652154609043349717 721.212909 1.386505 1 0 0.000000
1652154610551916925 754.260636 1.325761 2 0 0.000000
1652154611372014219 820.073313 1.219368 1 0 0.000000
1652154612163969028 791.932973 1.262698 1 0 0.000000
1652154613415294467 625.640550 1.598305 2 0 0.000000
1652154614030842831 615.526238 1.624568 1 0 0.000000
1652154615498360830 733.733217 1.362845 2 0 0.000000
1652154616149274068 650.887177 1.536303 1 0 0.000000
1652154617503844293 677.259708 1.476483 2 0 0.000000
1652154618276256523 772.387352 1.294645 1 0 0.000000
1652154619040983017 764.703441 1.307657 1 0 0.000000
1652154620473639197 716.303758 1.396008 2 0 0.000000
1652154621093327835 619.666486 1.613714 1 0 0.000000
1652154622569524112 738.066247 1.354833 2 0 0.000000
1652154623462425390 892.878906 1.119945 1 0 0.000000
1652154624116236678 653.787602 1.529493 1 0 0.000000
1652154625542006891 712.860903 1.402751 2 0 0.000000
1652154626126593337 584.564886 1.710611 1 0 0.000000
1652154627363099647 618.231354 1.617460 2 0 0.000000
1652154628034488437 671.366859 1.489450 1 0 0.000000
1652154629359043093 662.255088 1.509941 2 0 0.000000
1652154630618489056 629.699592 1.588000 2 0 0.000000
1652154631317640823 699.130167 1.430305 1 0 0.000000
1652154632056615136 738.953053 1.353227 1 0 0.000000
1652154633440947314 692.143476 1.444740 2 0 0.000000
1652154634683729660 621.368919 1.609292 2 0 0.000000
1652154635507584410 823.833741 1.213806 1 0 0.000000
1652154636226053336 718.446348 1.391849 1 0 0.000000
1652154636935919979 709.843885 1.408715 1 0 0.000000
1652154638430207620 747.121804 1.338430 2 0 0.000000
1652154639186528633 756.298391 1.322190 1 0 0.000000
1652154640041327415 854.774951 1.169866 1 0 0.000000
1652154641483114142 720.870678 1.387168 2 0 0.000000
1652154642101379875 618.243733 1.617427 1 0 0.000000
1652154643437994850 668.284033 1.496317 2 0 0.000000
1652154644005056615 567.019933 1.763476 1 0 0.000000
1652154645309357502 652.128903 1.533388 2 0 0.000000
1652154646129669562 820.286746 1.219048 1 0 0.000000
1652154647483339823 676.812791 1.477465 2 0 0.000000
1652154648237826038 754.464108 1.325405 1 0 0.000000
1652154648924302869 686.452680 1.456713 1 0 0.000000
1652154650376519077 726.084452 1.377205 2 0 0.000000
1652154651639922817 631.677972 1.583025 2 0 0.000000
1652154652224763037 584.818273 1.709869 1 0 0.000000
1652154653632791903 703.990194 1.420425 2 0 0.000000
1652154654349643751 716.823748 1.394988 1 0 0.000000
1652154655615454544 632.880323 1.580015 2 0 0.000000
1652154656357981422 742.504717 1.346753 1 0 0.000000
1652154657132986585 774.981683 1.290314 1 0 0.000000
1652154658405007136 635.984749 1.572302 2 0 0.000000
1652154659056998269 651.959103 1.533763 1 0 0.000000
1652154660468159673 705.556065 1.417272 2 0 0.000000
1652154661115373924 647.191333 1.545083 1 0 0.000000
1652154662395498999 640.040601 1.562347 2 0 0.000000
1652154663215732636 820.211405 1.219165 1 0 0.000000
1652154664414322754 599.271133 1.668627 2 0 0.000000
1652154665701855076 643.744468 1.553359 2 0 0.000000
1652154666401955377 700.078610 1.428367 1 0 0.000000
1652154667704081748 651.039982 1.535949 2 0 0.000000
1652154668448202689 744.089658 1.343868 1 0 0.000000
1652154669031684327 583.457899 1.713850 1 0 0.000000
1652154670550629664 759.448527 1.316703 2 0 0.000000
1652154671225168035 674.515369 1.482495 1 0 0.000000
1652154672621739515 698.263448 1.432079 2 0 0.000000
1652154673378760268 756.997759 1.320968 1 0 0.000000
1652154674059588784 680.804901 1.468799 1 0 0.000000
1652154675470850415 705.608221 1.417172 2 0 0.000000
1652154676189978676 719.105723 1.390573 1 0 0.000000
1652154677651704238 730.835701 1.368246 2 0 0.000000
1652154678348096728 696.370489 1.435972 1 0 0.000000
1652154679720123028 685.988135 1.457698 2 0 0.000000
1652154680510883830 790.738360 1.264605 1 0 0.000000
1652154681675166451 582.120535 1.717796 2 0 0.000000
1652154682404396367 729.205719 1.371310 1 0 0.000000
1652154683650239419 622.886264 1.605339 2 0 0.000000
1652154684370210144 719.940464 1.388945 1 0 0.000000
1652154685123529206 753.293066 1.327459 1 0 0.000000
1652154686377704449 627.064608 1.594673 2 0 0.000000
1652154687626305836 624.279654 1.601792 2 0 0.000000
1652154688277113955 650.784604 1.536551 1 0 0.000000
1652154689474593251 598.711413 1.670175 2 0 0.000000
1652154690248907323 774.290136 1.291466 1 0 0.000000
1652154691072593774 823.663617 1.214054 1 0 0.000000
1652154692450746536 689.051436 1.451218 2 0 0.000000
1652154693189019152 738.248049 1.354513 1 0 0.000000
1652154694716707039 763.820143 1.309168 2 0 0.000000
1652154695434212463 717.474016 1.393718 1 0 0.000000
1652154696622875825 594.307227 1.682562 2 0 0.000000
1652154697343658691 720.760796 1.387380 1 0 0.000000
1652154698501495250 578.895020 1.727360 2 0 0.000000
1652154699150127927 648.609443 1.541705 1 0 0.000000
1652154700520007016 684.912863 1.459983 2 0 0.000000
1652154701105084023 585.054986 1.709177 1 0 0.000000
1652154702403953239 649.412672 1.539801 2 0 0.000000
1652154703717996658 656.997097 1.522020 2 0 0.000000
1652154704529124362 811.105237 1.232851 1 0 0.000000
1652154705250711710 721.563994 1.385834 1 0 0.000000
1652154706680971488 715.105791 1.398347 2 0 0.000000
1652154707332734635 651.737984 1.534300 1 0 0.000000
1652154708673591266 670.405929 1.491584 2 0 0.000000
1652154709527568155 853.954436 1.170992 1 0 0.000000
1652154710266037568 738.446484 1.354152 1 0 0.000000
1652154710991936840 725.871342 1.377601 1 0 0.000000
1652154712361095330 684.552819 1.460751 2 0 0.000000
1652154713197004081 835.884144 1.196303 1 0 0.000000
1652154714626649719 714.799270 1.398948 2 0 0.000000
1652154715353243545 726.567935 1.376285 1 0 0.000000
1652154715995538697 642.272835 1.556917 1 0 0.000000
1652154717397220476 700.817169 1.426857 2 0 0.000000
1652154718081389455 684.144973 1.461627 1 0 0.000000
1652154719587708638 753.136608 1.327740 2 0 0.000000
1652154720307017716 719.287468 1.390223 1 0 0.000000
1652154721668560166 680.749197 1.468922 2 0 0.000000
1652154722457009017 788.424349 1.268313 1 0 0.000000
1652154723144049499 687.018757 1.455518 1 0 0.000000
1652154724509045987 682.473020 1.465205 2 0 0.000000
1652154725215564212 706.495351 1.415392 1 0 0.000000
1652154726593103773 688.748030 1.451864 2 0 0.000000
1652154727189158332 596.031230 1.677699 1 0 0.000000
1652154727925132310 735.951851 1.358744 1 0 0.000000
1652154729536213439 805.515751 1.241402 2 0 0.000000
1652154730200193335 663.957809 1.506070 1 0 0.000000
1652154731638685437 719.224401 1.390345 2 0 0.000000
1652154732347138867 708.431328 1.411525 1 0 0.000000
1652154733703402057 678.107139 1.474640 2 0 0.000000
1652154734507916041 804.491401 1.242986 1 0 0.000000
1652154735111822139 603.882817 1.655887 1 0 0.000000
1652154736535590322 711.862897 1.404723 2 0 0.000000
1652154737200733102 665.121316 1.503437 1 0 0.000000
1652154738698102988 748.658130 1.335675 2 0 0.000000
1652154739319056005 620.932054 1.610428 1 0 0.000000
1652154740714303466 697.602163 1.433437 2 0 0.000000
1652154741442515555 728.175769 1.373226 1 0 0.000000
1652154742706786621 632.114030 1.581939 2 0 0.000000
1652154743447525796 740.715941 1.350003 1 0 0.000000
1652154744238304594 790.754832 1.264576 1 0 0.000000
1652154745442657165 602.155400 1.660643 2 0 0.000000
1652154746160659932 717.981913 1.392752 1 0 0.000000
1652154747489554687 664.414221 1.505010 2 0 0.000000
1652154748142410064 652.821678 1.531733 1 0 0.000000
1652154749518791660 688.166679 1.453085 2 0 0.000000
1652154750239642041 720.828771 1.387250 1 0 0.000000
1652154751734313755 747.312355 1.338086 2 0 0.000000
1652154752405915427 671.578408 1.488978 1 0 0.000000
1652154753123567534 717.626372 1.393433 1 0 0.000000
1652154754295645744 586.016570 1.706371 2 0 0.000000
1652154754975076880 679.402531 1.471820 1 0 0.000000
1652154756489232174 757.056044 1.320868 2 0 0.000000
1652154757661627932 586.176013 1.705909 2 0 0.000000
1652154758349150683 687.500400 1.454497 1 0 0.000000
1652154759081871253 732.698368 1.364777 1 0 0.000000
1652154760544443221 731.264079 1.367454 2 0 0.000000
1652154761096500402 552.031280 1.811407 1 0 0.000000
1652154762438384095 670.917244 1.490442 2 0 0.000000
1652154763784062925 672.815615 1.486239 2 0 0.000000
1652154764459860791 675.775960 1.479732 1 0 0.000000
1652154765260946315 801.059453 1.248306 1 0 0.000000
1652154766582953758 660.982379 1.512851 2 0 0.000000
1652154767320790555 737.812721 1.355313 1 0 0.000000
1652154768622405800 650.784290 1.536552 2 0 0.000000
1652154769196661468 574.231690 1.741385 1 0 0.000000
1652154770571518298 687.405527 1.454697 2 0 0.000000
1652154771209396163 637.855738 1.567698 1 0 0.000000
1652154772663408823 726.984752 1.375504 2 0 0.000000
1652154773483433520 820.000812 1.219475 1 0 0.000000
1652154774274753645 791.285664 1.263711 1 0 0.000000
1652154775615324929 670.263338 1.491901 2 0 0.000000
1652154776200745352 585.396246 1.708174 1 0 0.000000
1652154777606139773 702.672503 1.423088 2 0 0.000000
1652154778227523425 621.361220 1.609312 1 0 0.000000
1652154779638546768 705.485792 1.417411 2 0 0.000000
1652154780323056270 684.481858 1.460900 1 0 0.000000
1652154781700487859 688.693737 1.451978 2 0 0.000000
1652154782388075275 687.565830 1.454361 1 0 0.000000
1652154783794452506 703.165688 1.422094 2 0 0.000000
1652154784512095089 717.620969 1.393451 1 0 0.000000
1652154785118054421 605.937060 1.650276 1 0 0.000000
1652154786603351276 742.626747 1.346532 2 0 0.000000
1652154787389299456 785.924234 1.272349 1 0 0.000000
1652154788782955274 696.805675 1.435075 2 0 0.000000
1652154789368938165 585.961020 1.706534 1 0 0.000000
1652154790219435625 850.475348 1.175782 1 0 0.000000
1652154791695816778 738.168753 1.354664 2 0 0.000000
1652154792300237261 604.399113 1.654477 1 0 0.000000
1652154793672249894 685.983912 1.457713 2 0 0.000000
1652154794817286006 0.000000 0.000000 0 0 0.000000
1652154795752969062 2080.695188 1.068738 1 0 0.000000
1652154796207796012 454.804417 2.198638 1 0 0.000000
1652154797681531520 736.845740 1.357096 2 0 0.000000
1652154798268588052 587.029378 1.703413 1 0 0.000000
1652154799820496993 0.000000 0.000000 0 0 0.000000
1652154800667743231 1472.442977 1.180295 1 0 0.000000
1652154801464075291 796.302586 1.255758 1 0 0.000000
1652154802804873130 670.376672 1.491649 2 0 0.000000
1652154803659898190 855.001545 1.169556 1 0 0.000000
1652154804414635929 754.708295 1.324964 1 0 0.000000
1652154805232972408 818.312619 1.221991 1 0 0.000000
1652154806532412159 649.694972 1.539125 2 0 0.000000
1652154807390622381 858.188637 1.165216 1 0 0.000000
1652154807977984479 587.337376 1.702527 1 0 0.000000
1652154809562729073 792.348750 1.262033 2 0 0.000000
1652154810173794485 611.042760 1.636486 1 0 0.000000
1652154811574921863 700.541008 1.427422 2 0 0.000000
1652154812332450893 757.508806 1.320081 1 0 0.000000
1652154813739889240 703.696105 1.421021 2 0 0.000000
1652154814392959943 653.048958 1.531228 1 0 0.000000
1652154815599895691 603.444633 1.657089 2 0 0.000000
1652154816261837617 661.919776 1.510707 1 0 0.000000
1652154817753019261 745.568981 1.341218 2 0 0.000000
1652154818341381904 588.338708 1.699632 1 0 0.000000
1652154819739029012 698.794018 1.430976 2 0 0.000000
1652154820304360805 565.308879 1.768873 1 0 0.000000
1652154821678204615 686.898819 1.455770 2 0 0.000000
1652154822569597458 891.367970 1.121840 1 0 0.000000
1652154823084034173 514.414990 1.943874 1 0 0.000000
1652154824751101706 833.512612 1.199711 2 0 0.000000
1652154825438857966 687.734445 1.454003 1 0 0.000000
1652154826364573684 925.693697 1.080245 1 0 0.000000
1652154827830925822 733.153557 1.363929 2 0 0.000000
1652154828586124436 755.175917 1.324155 1 0 0.000000
1652154829170169167 584.022940 1.712198 1 0 0.000000
1652154830680093816 754.939259 1.324569 2 0 0.000000
1652154831434745689 754.627015 1.325114 1 0 0.000000
1652154832213692021 778.924386 1.283785 1 0 0.000000
1652154833731992837 759.128285 1.317262 2 0 0.000000
1652154834248885794 516.869579 1.934636 1 0 0.000000
1652154835692263632 721.667705 1.385639 2 0 0.000000
1652154836309000322 616.714799 1.621438 1 0 0.000000
1652154837816877745 753.916800 1.326368 2 0 0.000000
1652154838533931951 717.031187 1.394595 1 0 0.000000
1652154839787348443 626.685360 1.595639 2 0 0.000000
1652154840612833626 825.463282 1.211409 1 0 0.000000
1652154841262883787 650.027961 1.538343 1 0 0.000000
1652154842626546727 681.809661 1.466638 2 0 0.000000
1652154843280324899 653.756171 1.529571 1 0 0.000000
1652154844656487155 688.059051 1.453317 2 0 0.000000
1652154845410614441 754.105526 1.326036 1 0 0.000000
1652154846848312919 718.826603 1.391112 2 0 0.000000
1652154847498896827 650.562553 1.537081 1 0 0.000000
1652154848174820958 675.900160 1.479456 1 0 0.000000
1652154849665779077 745.455906 1.341419 2 0 0.000000
1652154850295997603 630.196239 1.586751 1 0 0.000000
1652154851667775556 685.864527 1.457962 2 0 0.000000
1652154852405642675 737.844672 1.355258 1 0 0.000000
1652154853607726709 601.020018 1.663777 2 0 0.000000
1652154854329552838 721.804088 1.385375 1 0 0.000000
1652154855527494893 598.949733 1.669530 2 0 0.000000
1652154856267859405 740.343017 1.350686 1 0 0.000000
1652154857635258779 683.671551 1.462631 2 0 0.000000
1652154858254960420 619.678553 1.613680 1 0 0.000000
1652154859792193295 768.590901 1.301039 2 0 0.000000
1652154860534377113 742.158259 1.347375 1 0 0.000000
1652154861288974497 754.571324 1.325210 1 0 0.000000
1652154862603085886 657.031340 1.521941 2 0 0.000000
1652154863390543824 787.435215 1.269909 1 0 0.000000
1652154864700754580 655.080759 1.526472 2 0 0.000000
1652154865281430765 580.652089 1.722130 1 0 0.000000
1652154866756367575 737.444682 1.355990 2 0 0.000000
1652154867371435428 615.044303 1.625837 1 0 0.000000
1652154868712601837 670.561379 1.491239 2 0 0.000000
1652154869468627517 756.003308 1.322706 1 0 0.000000
1652154870200824000 732.172032 1.365754 1 0 0.000000
1652154871528082202 663.606330 1.506866 2 0 0.000000
1652154872266923926 738.817217 1.353470 1 0 0.000000
1652154873678368989 705.697268 1.416987 2 0 0.000000
1652154874206864471 528.471200 1.892164 1 0 0.000000
1652154875480339395 636.715408 1.570506 2 0 0.000000
1652154876338798322 858.437632 1.164878 1 0 0.000000
1652154877756076096 708.616270 1.411156 2 0 0.000000
1652154878479092058 722.993830 1.383095 1 0 0.000000
1652154879195911291 716.797080 1.395052 1 0 0.000000
1652154880640720638 722.380827 1.384266 2 0 0.000000
1652154881877861792 0.000000 0.000000 0 0 0.000000
1652154882511256284 1870.510377 1.578795 1 0 0.000000
1652154883388687215 877.406796 1.139691 1 0 0.000000
1652154884829296966 720.281643 1.388301 2 0 0.000000
1652154885516473931 687.154678 1.455229 1 0 0.000000
1652154886240625237 724.129736 1.380927 1 0 0.000000
1652154887714927429 737.128521 1.356574 2 0 0.000000
1652154888501081658 786.131811 1.272015 1 0 0.000000
1652154889777531485 638.202559 1.566846 2 0 0.000000
1652154890768271533 990.718969 1.009347 1 0 0.000000
1652154891526483057 758.185959 1.318893 1 0 0.000000
1652154892213087281 686.577646 1.456443 1 0 0.000000
1652154893652959979 719.909059 1.389012 2 0 0.000000
1652154894461023415 808.040708 1.237527 1 0 0.000000
1652154895186926961 725.880162 1.377593 1 0 0.000000
1652154896661611210 737.320217 1.356223 2 0 0.000000
1652154897443555707 781.921388 1.278863 1 0 0.000000
1652154898868895621 712.647637 1.403174 2 0 0.000000
1652154899537041904 668.124507 1.496678 1 0 0.000000
1652154900174621699 637.552116 1.568431 1 0 0.000000
1652154901682369819 753.850495 1.326482 2 0 0.000000
1652154902377040647 694.645980 1.439531 1 0 0.000000
1652154903776205613 699.559399 1.429424 2 0 0.000000
1652154904598973462 822.742485 1.215410 1 0 0.000000
1652154905287959479 688.963610 1.451408 1 0 0.000000
1652154906814392270 763.192886 1.310244 2 0 0.000000
1652154907367629265 553.214512 1.807544 1 0 0.000000
1652154908189348930 821.694532 1.216960 1 0 0.000000
1652154909633175670 721.889547 1.385208 2 0 0.000000
1652154910871319373 619.050178 1.615321 2 0 0.000000
1652154911625173216 753.829421 1.326517 1 0 0.000000
1652154912380797421 755.600640 1.323409 1 0 0.000000
1652154913716927141 668.040223 1.496861 2 0 0.000000
1652154914368555084 651.602138 1.534618 1 0 0.000000
1652154915769290110 700.345482 1.427822 2 0 0.000000
1652154916399116446 629.804756 1.587739 1 0 0.000000
1652154917789075148 694.957107 1.438892 2 0 0.000000
1652154918524357111 735.260262 1.360022 1 0 0.000000
1652154919832311976 653.954792 1.529105 2 0 0.000000
1652154920626961310 794.623791 1.258417 1 0 0.000000
1652154921237121076 610.136933 1.638915 1 0 0.000000
1652154922904590307 0.000000 0.000000 0 0 0.000000
1652154923863392110 1313.110665 2.085937 2 0 0.000000
1652154924588897543 725.484239 1.378349 1 0 0.000000
1652154925327380761 738.460104 1.354127 1 0 0.000000
1652154926651118920 661.845886 1.510873 2 0 0.000000
1652154927305161394 654.019891 1.528953 1 0 0.000000
1652154928745053130 719.922035 1.388993 2 0 0.000000
1652154929365707037 620.632182 1.611204 1 0 0.000000
1652154930808921706 721.584085 1.385795 2 0 0.000000
1652154931493850937 684.906904 1.460005 1 0 0.000000
1652154932868066331 687.086042 1.455376 2 0 0.000000
1652154933555029993 686.942063 1.455681 1 0 0.000000
1652154934222099525 667.044719 1.499094 1 0 0.000000
1652154935718117555 747.987042 1.336882 2 0 0.000000
1652154936338351602 620.208151 1.612295 1 0 0.000000
1652154937675330356 668.467629 1.495910 2 0 0.000000
1652154938322830471 647.472665 1.544401 1 0 0.000000
1652154939649567999 663.341714 1.507457 2 0 0.000000
1652154940357201806 707.610878 1.413160 1 0 0.000000
1652154941680464739 661.609355 1.511415 2 0 0.000000
1652154942329190817 648.704102 1.541483 1 0 0.000000
1652154943686413628 678.588567 1.473597 2 0 0.000000
1652154944237187512 550.748795 1.815627 1 0 0.000000
1652154945832797760 797.782641 1.253439 2 0 0.000000
1652154946572408954 739.580277 1.352062 1 0 0.000000
1652154947822596782 625.070625 1.599760 2 0 0.000000
1652154948542167602 719.546373 1.389717 1 0 0.000000
1652154949813190998 635.485096 1.573535 2 0 0.000000
1652154950501658182 688.445092 1.452502 1 0 0.000000
1652154951924814222 0.000000 0.000000 0 0 0.000000
1652154952254424961 1752.744918 3.033882 1 0 0.000000
1652154953661270831 703.398839 1.421620 2 0 0.000000
1652154954458108138 796.813241 1.254961 1 0 0.000000
1652154955260223105 802.093071 1.246704 1 0 0.000000
1652154956718554701 729.143729 1.371430 2 0 0.000000
1652154957442375014 723.797249 1.381558 1 0 0.000000
1652154958913651502 735.614491 1.359364 2 0 0.000000
1652154959668860033 755.185728 1.324138 1 0 0.000000
1652154960355095430 686.212715 1.457226 1 0 0.000000
1652154961761873271 703.365852 1.421689 2 0 0.000000
1652154962481208473 719.312775 1.390172 1 0 0.000000
1652154963235982462 754.751222 1.324900 1 0 0.000000
1652154964610782815 687.376774 1.454757 2 0 0.000000
1652154965250386244 639.581543 1.563469 1 0 0.000000
1652154966805826742 777.697758 1.285809 2 0 0.000000
1652154967593406718 787.557894 1.269712 1 0 0.000000
1652154968367046410 773.615421 1.292591 1 0 0.000000
1652154969653931438 643.417654 1.554140 2 0 0.000000
1652154970304038045 650.084105 1.538209 1 0 0.000000
1652154971663460626 679.688202 1.471213 2 0 0.000000
1652154972366645263 703.159193 1.422102 1 0 0.000000
1652154973211914002 845.246798 1.183056 1 0 0.000000
1652154974791012644 789.527125 1.266545 2 0 0.000000
1652154975313359491 522.323152 1.914437 1 0 0.000000
1652154976859631895 773.112214 1.293433 2 0 0.000000
1652154977584130038 724.476047 1.380266 1 0 0.000000
1652154978892322627 654.073654 1.528827 2 0 0.000000
1652154979944796656 0.000000 0.000000 0 0 0.000000
1652154980761828010 1093.768884 1.223943 1 0 0.000000
1652154981607000273 845.149064 1.183191 1 0 0.000000
1652154982356928793 749.905015 1.333460 1 0 0.000000
1652154983853700191 748.362693 1.336209 2 0 0.000000
1652154984536997629 683.275196 1.463492 1 0 0.000000
1652154985394969748 857.949852 1.165539 1 0 0.000000
1652154986892463104 748.724238 1.335565 2 0 0.000000
1652154987679780248 787.294366 1.270136 1 0 0.000000
1652154988304581419 624.779064 1.600509 1 0 0.000000
1652154989745868500 720.619971 1.387649 2 0 0.000000
1652154990741038616 995.147929 1.004853 1 0 0.000000
1652154991428350084 687.288209 1.454944 1 0 0.000000
1652154992940026883 755.816562 1.323034 2 0 0.000000
1652154993491189786 551.139187 1.814346 1 0 0.000000
1652154994931883086 720.322732 1.388221 2 0 0.000000
1652154995551461224 619.556302 1.614001 1 0 0.000000
1652154996841333006 644.914010 1.550542 2 0 0.000000
1652154997585710349 744.351994 1.343405 1 0 0.000000
1652154998412123888 826.390069 1.210048 1 0 0.000000
1652154999909113397 748.469303 1.336015 2 0 0.000000
1652155000590582060 681.446652 1.467419 1 0 0.000000
1652155001220075705 629.469314 1.588578 1 0 0.000000
1652155002537494264 658.686336 1.518120 2 0 0.000000
1652155003395975246 858.440818 1.164848 1 0 0.000000
1652155004754544490 679.259178 1.472137 2 0 0.000000
1652155005576486334 821.918295 1.216631 1 0 0.000000
1652155006953531358 688.501005 1.452385 2 0 0.000000
1652155007620564232 667.010938 1.499176 1 0 0.000000
1652155008431768356 811.182082 1.232735 1 0 0.000000
1652155009184408507 752.617177 1.328656 1 0 0.000000
1652155010584835137 700.180792 1.428136 2 0 0.000000
1652155011923422296 669.267323 1.494113 2 0 0.000000
1652155012712494073 789.049751 1.267312 1 0 0.000000
1652155013918913169 603.186790 1.657799 2 0 0.000000
1652155014671928877 752.985408 1.327994 1 0 0.000000
1652155015268781305 596.828993 1.675456 1 0 0.000000
1652155016606606310 668.890843 1.494964 2 0 0.000000
1652155017297481702 690.850699 1.447439 1 0 0.000000
1652155018725201681 713.838054 1.400835 2 0 0.000000
1652155019474729102 749.498594 1.334174 1 0 0.000000
1652155020176201866 701.451149 1.425572 1 0 0.000000
1652155021619389955 721.571647 1.385821 2 0 0.000000
1652155022239422951 620.012183 1.612817 1 0 0.000000
1652155023643379696 701.955573 1.424545 2 0 0.000000
1652155024501287328 857.880539 1.165627 1 0 0.000000
1652155025293955251 792.642107 1.261562 1 0 0.000000
1652155026894974961 800.486712 1.249204 2 0 0.000000
1652155027684082492 789.083876 1.267254 1 0 0.000000
1652155028406328198 722.222760 1.384570 1 0 0.000000
1652155029715469046 654.537529 1.527720 2 0 0.000000
1652155030979322105 0.000000 0.000000 0 0 0.000000
1652155031960167106 1122.323671 2.039058 2 0 0.000000
1652155032634270810 674.081502 1.483451 1 0 0.000000
1652155033385475199 751.181641 1.331196 1 0 0.000000
1652155034797568944 706.023742 1.416337 2 0 0.000000
1652155035516784228 719.193658 1.390404 1 0 0.000000
1652155036962642683 722.907359 1.383261 2 0 0.000000
1652155037808722094 846.056338 1.181922 1 0 0.000000
1652155038415344204 606.594400 1.648473 1 0 0.000000
1652155039947755293 766.183629 1.305133 2 0 0.000000
1652155040611415716 663.638232 1.506795 1 0 0.000000
1652155041969678359 679.109762 1.472469 2 0 0.000000
1652155042759048992 789.346181 1.266832 1 0 0.000000
1652155043496023080 736.951996 1.356900 1 0 0.000000
1652155044886706521 695.313553 1.438142 2 0 0.000000
1652155045642996119 756.265857 1.322245 1 0 0.000000
1652155046427584523 784.565727 1.274554 1 0 0.000000
1652155047663586110 617.978274 1.618121 2 0 0.000000
1652155048370572336 706.964300 1.414455 1 0 0.000000
1652155049840508500 734.945236 1.360603 2 0 0.000000
1652155050992256492 0.000000 0.000000 0 0 0.000000
1652155051993105774 0.000000 0.000000 0 0 0.000000
1652155052993752590 0.000000 0.000000 0 0 0.000000
1652155053994560113 0.000000 0.000000 0 0 0.000000
1652155054995669139 0.000000 0.000000 0 0 0.000000
1652155055742125972 948.595204 2.679325 2 0 0.000000
1652155056473642581 731.494067 1.367023 1 0 0.000000
1652155057895312521 710.812686 1.406796 2 0 0.000000
1652155058649760645 754.426338 1.325472 1 0 0.000000
1652155059422540519 772.757247 1.294030 1 0 0.000000
1652155060758097291 667.756829 1.497503 2 0 0.000000
1652155061413563792 655.444886 1.525631 1 0 0.000000
1652155062921992351 754.192166 1.325883 2 0 0.000000
1652155063558401202 636.387586 1.571317 1 0 0.000000
1652155064751938057 596.747047 1.675692 2 0 0.000000
1652155065544180262 792.219963 1.262240 1 0 0.000000
1652155067000590326 728.181327 1.373240 2 0 0.000000
1652155067785133439 784.521899 1.274627 1 0 0.000000
1652155068593879720 808.718060 1.236482 1 0 0.000000
1652155069945652873 675.863758 1.479538 2 0 0.000000
1652155070755764563 810.088306 1.234398 1 0 0.000000
1652155071446140136 690.349121 1.448487 1 0 0.000000
1652155072820781942 687.298782 1.454924 2 0 0.000000
1652155073507345643 686.542361 1.456529 1 0 0.000000
1652155074222326042 714.952283 1.398640 1 0 0.000000
1652155075690028925 733.827854 1.362674 2 0 0.000000
1652155077004375019 657.149335 1.521669 2 0 0.000000
1652155077677140037 672.741775 1.486403 1 0 0.000000
1652155078948896025 635.855337 1.572629 2 0 0.000000
1652155079796718709 847.798753 1.179492 1 0 0.000000
1652155080561026638 764.279989 1.308373 1 0 0.000000
1652155081305732378 744.683528 1.342812 1 0 0.000000
1652155082770154369 732.187819 1.365727 2 0 0.000000
1652155083389602327 619.420334 1.614341 1 0 0.000000
1652155084835514794 722.933907 1.383210 2 0 0.000000
1652155085695728732 860.192629 1.162502 1 0 0.000000
1652155086483691835 787.940319 1.269095 1 0 0.000000
1652155087773841591 645.052823 1.550208 2 0 0.000000
1652155088496758168 722.895522 1.383285 1 0 0.000000
1652155089831454753 1334.675060 0.749234 1 0 0.000000
1652155090719871400 888.392802 1.125598 1 0 0.000000
1652155091483631626 763.736691 1.309311 1 0 0.000000
1652155093012926363 764.625468 1.307792 2 0 0.000000
1652155093651051305 638.101347 1.567091 1 0 0.000000
1652155094451039279 799.966323 1.250019 1 0 0.000000
1652155095862523051 705.719886 1.416949 2 0 0.000000
1652155096584361820 721.815721 1.385351 1 0 0.000000
1652155097204943744 620.559142 1.611391 1 0 0.000000
1652155098748904052 771.956318 1.295370 2 0 0.000000
1652155099438010000 689.084138 1.451156 1 0 0.000000
1652155100361567884 923.536018 1.082769 1 0 0.000000
1652155101576196207 607.291584 1.646594 2 0 0.000000
1652155102374564244 798.346241 1.252555 1 0 0.000000
1652155103953893416 1579.307522 0.633180 1 0 0.000000
1652155104592366467 638.450218 1.566237 1 0 0.000000
1652155105880757442 644.173833 1.552324 2 0 0.000000
1652155107030031103 0.000000 0.000000 0 0 0.000000
1652155107553922755 1051.037011 1.908792 1 0 0.000000
1652155108987062538 716.546628 1.395537 2 0 0.000000
1652155109609208200 622.123475 1.607341 1 0 0.000000
1652155111012864831 701.805973 1.424850 2 0 0.000000
1652155111676714674 663.827410 1.506365 1 0 0.000000
1652155112432174613 755.439535 1.323697 1 0 0.000000
1652155113835503978 701.641161 1.425182 2 0 0.000000
1652155114555827312 720.300290 1.388265 1 0 0.000000
1652155115855712410 649.916899 1.538598 2 0 0.000000
1652155116714200954 858.466835 1.164838 1 0 0.000000
1652155118012347143 649.051225 1.540659 2 0 0.000000
1652155118632179003 619.807939 1.613341 1 0 0.000000
1652155119421425043 789.223208 1.267032 1 0 0.000000
1652155120865325468 721.927007 1.385137 2 0 0.000000
1652155121452957317 587.609376 1.701746 1 0 0.000000
1652155122923933439 735.464389 1.359641 2 0 0.000000
1652155123599099967 675.141631 1.481116 1 0 0.000000
1652155125007481392 704.166824 1.420070 2 0 0.000000
1652155126045156048 0.000000 0.000000 0 0 0.000000
1652155126575569618 1568.066056 1.885322 1 0 0.000000
1652155127968456224 696.419545 1.435867 2 0 0.000000
1652155128714012680 745.534856 1.341280 1 0 0.000000
1652155129937845063 611.894000 1.634211 2 0 0.000000
1652155130704815313 766.946270 1.303832 1 0 0.000000
1652155131938527646 616.833192 1.621123 2 0 0.000000
1652155132578594753 640.043413 1.562336 1 0 0.000000
1652155133941559202 681.445311 1.467390 2 0 0.000000
1652155134490460846 548.874982 1.821820 1 0 0.000000
1652155135817597696 663.546176 1.507004 2 0 0.000000
1652155136451203360 633.584274 1.578269 1 0 0.000000
1652155137785315738 667.034153 1.499124 2 0 0.000000
1652155138406990879 621.654574 1.608557 1 0 0.000000
1652155139986482803 789.722863 1.266230 2 0 0.000000
1652155140775712243 789.206923 1.267059 1 0 0.000000
1652155141284921997 509.187211 1.963827 1 0 0.000000
1652155142827573527 771.304355 1.296469 2 0 0.000000
1652155143573759506 746.163923 1.340148 1 0 0.000000
1652155144952533088 689.364301 1.450564 2 0 0.000000
1652155145704031728 751.475933 1.330674 1 0 0.000000
1652155146458071359 754.016983 1.326190 1 0 0.000000
1652155147922618652 732.251302 1.365610 2 0 0.000000
1652155148437099505 514.458797 1.943707 1 0 0.000000
1652155149849248080 706.048583 1.416282 2 0 0.000000
1652155150502591326 653.321380 1.530589 1 0 0.000000
1652155151945731761 721.546683 1.385867 2 0 0.000000
1652155152702080016 756.326123 1.322142 1 0 0.000000
1652155153477804921 775.703391 1.289117 1 0 0.000000
1652155154839752729 680.950931 1.468485 2 0 0.000000
1652155155460251143 620.438635 1.611608 1 0 0.000000
1652155156913982558 726.842405 1.375770 2 0 0.000000
1652155157674194405 760.191079 1.315423 1 0 0.000000
1652155159041696025 683.728914 1.462521 2 0 0.000000
1652155159682508561 640.791111 1.560519 1 0 0.000000
1652155160883758135 600.599756 1.664933 2 0 0.000000
1652155161609285817 725.503631 1.378307 1 0 0.000000
1652155162359855536 750.549011 1.332321 1 0 0.000000
1652155163904607499 772.349686 1.294706 2 0 0.000000
1652155164541109811 636.480525 1.571086 1 0 0.000000
1652155166000908499 729.876650 1.370052 2 0 0.000000
1652155166691143682 690.213403 1.448782 1 0 0.000000
1652155167467939519 776.772267 1.287340 1 0 0.000000
1652155168198641164 730.679745 1.368548 1 0 0.000000
1652155169918497436 859.903944 1.162888 2 0 0.000000
1652155170725648092 807.128324 1.238926 1 0 0.000000
1652155171425598676 699.928052 1.428672 1 0 0.000000
1652155172852082876 713.218565 1.402048 2 0 0.000000
1652155173487025805 634.921704 1.574945 1 0 0.000000
1652155174964335736 738.636720 1.353812 2 0 0.000000
1652155175807794783 843.435818 1.185594 1 0 0.000000
1652155176563532060 755.715261 1.323211 1 0 0.000000
1652155177817599187 627.011407 1.594811 2 0 0.000000
1652155178502081274 684.456703 1.460959 1 0 0.000000
1652155179267490778 765.385568 1.306490 1 0 0.000000
1652155180853929536 793.191562 1.260685 2 0 0.000000
1652155181708732076 854.776384 1.169861 1 0 0.000000
1652155182397769798 689.007973 1.451299 1 0 0.000000
1652155183870785210 736.485805 1.357759 2 0 0.000000
1652155184588700185 717.893265 1.392923 1 0 0.000000
1652155185968757871 690.003579 1.449215 2 0 0.000000
1652155186615243240 646.464340 1.546825 1 0 0.000000
1652155187361360443 746.096039 1.340272 1 0 0.000000
1652155188819085006 728.839969 1.372001 2 0 0.000000
1652155189476343933 657.236785 1.521470 1 0 0.000000
1652155190949650181 736.635047 1.357491 2 0 0.000000
1652155191538014682 588.340375 1.699627 1 0 0.000000
1652155192391157797 853.120342 1.172136 1 0 0.000000
1652155193833874354 721.335752 1.386274 2 0 0.000000
1652155195037674433 601.878206 1.661405 2 0 0.000000
1652155195823749000 786.052044 1.272144 1 0 0.000000
1652155196522247050 698.475317 1.431643 1 0 0.000000
1652155198088543274 783.126282 1.276898 2 0 0.000000
1652155198714633643 626.067280 1.597214 1 0 0.000000
1652155199533449955 818.794521 1.221275 1 0 0.000000
1652155200871684006 669.095646 1.494507 2 0 0.000000
1652155201576533749 704.822349 1.418742 1 0 0.000000
1652155202305000200 728.441714 1.372747 1 0 0.000000
1652155204097550200 0.000000 0.000000 0 0 0.000000
1652155205097676544 0.000000 0.000000 0 0 0.000000
1652155206098442370 0.000000 0.000000 0 0 0.000000
1652155207098938115 0.000000 0.000000 0 0 0.000000
1652155208008384988 2131.289227 2.199139 2 0 0.000000
1652155209000700770 992.291662 1.007744 1 0 0.000000
1652155209583604671 582.879529 1.715549 1 0 0.000000
1652155211018928784 717.639369 1.393414 2 0 0.000000
1652155211801939228 782.986674 1.277122 1 0 0.000000
1652155212798533526 996.572848 1.003417 1 0 0.000000
1652155214038214497 619.818561 1.613318 2 0 0.000000
1652155214847288334 809.052127 1.235981 1 0 0.000000
1652155215536891170 689.577704 1.450110 1 0 0.000000
1652155216345718539 808.804195 1.236358 1 0 0.000000
1652155217986738756 1640.996361 0.609377 1 0 0.000000
1652155218512376541 525.614436 1.902451 1 0 0.000000
1652155219819465258 653.517662 1.530118 2 0 0.000000
1652155221013828122 597.155190 1.674533 2 0 0.000000
1652155221673452133 659.602326 1.516015 1 0 0.000000
1652155223001021605 663.763402 1.506513 2 0 0.000000
1652155223723633493 722.588854 1.383869 1 0 0.000000
1652155225080548953 678.434689 1.473931 2 0 0.000000
1652155225798868373 718.297389 1.392138 1 0 0.000000
1652155226481852580 682.961234 1.464163 1 0 0.000000
1652155227857755325 687.910991 1.453591 2 0 0.000000
1652155229040866033 591.530950 1.690459 2 0 0.000000
1652155229939055190 898.168243 1.113351 1 0 0.000000
1652155230745811246 806.733979 1.239532 1 0 0.000000
1652155232052051374 653.097339 1.531112 2 0 0.000000
1652155232696060578 643.987107 1.552773 1 0 0.000000
1652155233473561337 777.479870 1.286172 1 0 0.000000
1652155235051046242 788.718710 1.267841 2 0 0.000000
1652155235712397660 661.323208 1.512055 1 0 0.000000
1652155236816437920 551.995337 1.811528 2 0 0.000000
1652155237548117424 731.657979 1.366719 1 0 0.000000
1652155239012179279 732.003874 1.366063 2 0 0.000000
1652155239567810969 555.607338 1.799753 1 0 0.000000
1652155240926068578 679.106373 1.472475 2 0 0.000000
1652155241499692696 573.602647 1.743302 1 0 0.000000
1652155243054196220 777.228478 1.286584 2 0 0.000000
1652155243740492921 686.271358 1.457096 1 0 0.000000
1652155245011079912 635.269657 1.574076 2 0 0.000000
1652155245759471819 748.371199 1.336198 1 0 0.000000
1652155247006812147 623.642881 1.603412 2 0 0.000000
1652155247598874182 592.039958 1.689012 1 0 0.000000
1652155248936884075 668.982514 1.494757 2 0 0.000000
1652155249581308343 644.401751 1.551773 1 0 0.000000
1652155251069610636 744.125683 1.343813 2 0 0.000000
1652155251790607307 720.971397 1.386969 1 0 0.000000
1652155253128772941 669.056855 1.494583 2 0 0.000000
1652155253946236707 817.442326 1.223296 1 0 0.000000
1652155254735793525 789.534125 1.266533 1 0 0.000000
1652155255493701094 757.885462 1.319422 1 0 0.000000
1652155256800360115 653.307206 1.530621 2 0 0.000000
1652155257619538838 819.154687 1.220735 1 0 0.000000
1652155258410248884 790.684988 1.264686 1 0 0.000000
1652155260119439389 854.569635 1.170145 2 0 0.000000
1652155260774676491 655.214595 1.526165 1 0 0.000000
1652155261528308034 753.610028 1.326908 1 0 0.000000
1652155262956689818 714.167160 1.400186 2 0 0.000000
1652155263613515355 656.802719 1.522474 1 0 0.000000
1652155264874049543 630.245692 1.586629 2 0 0.000000
1652155265557511866 683.440951 1.463138 1 0 0.000000
1652155266366813245 809.279514 1.235634 1 0 0.000000
1652155267831867975 732.511054 1.365137 2 0 0.000000
1652155268553828528 721.939083 1.385117 1 0 0.000000
1652155269829588097 637.858304 1.567694 2 0 0.000000
1652155270513280471 683.667155 1.462646 1 0 0.000000
1652155271886042123 686.359612 1.456917 2 0 0.000000
1652155272952181252 533.043191 1.875928 2 0 0.000000
1652155274141035372 594.404542 1.682292 2 0 0.000000
1652155274804141104 663.082994 1.508055 1 0 0.000000
1652155276134205841 665.008423 1.503686 2 0 0.000000
1652155276986495900 852.259517 1.173309 1 0 0.000000
1652155277647310012 660.790071 1.513285 1 0 0.000000
1652155278472900788 825.569486 1.211254 1 0 0.000000
1652155280088051660 807.548190 1.238274 2 0 0.000000
1652155280646340710 558.265675 1.791187 1 0 0.000000
1652155282021415978 687.511278 1.454466 2 0 0.000000
1652155282729845288 708.405997 1.411573 1 0 0.000000
1652155284030914689 650.509148 1.537197 2 0 0.000000
1652155284505678044 474.738813 2.106313 1 0 0.000000
1652155286130566723 812.420081 1.230854 2 0 0.000000
1652155286781105868 650.516422 1.537187 1 0 0.000000
1652155288144343313 681.597029 1.467095 2 0 0.000000
1652155288936848819 792.477045 1.261822 1 0 0.000000
1652155289713625884 776.752823 1.287371 1 0 0.000000
1652155291058787674 672.556794 1.486810 2 0 0.000000
1652155291647548254 588.737893 1.698483 1 0 0.000000
1652155293106014156 729.208036 1.371304 2 0 0.000000
1652155293743927065 637.892046 1.567612 1 0 0.000000
1652155295137623120 696.826230 1.435033 2 0 0.000000
1652155295769087080 631.441753 1.583622 1 0 0.000000
1652155297025866871 628.368568 1.591369 2 0 0.000000
1652155298158631662 0.000000 0.000000 0 0 0.000000
1652155298950761834 1924.872140 1.262419 1 0 0.000000
1652155299710812511 760.023234 1.315702 1 0 0.000000
1652155300502130756 791.294700 1.263714 1 0 0.000000
1652155301997584639 747.704580 1.337387 2 0 0.000000
1652155302746154936 748.547639 1.335880 1 0 0.000000
1652155303532787376 786.607252 1.271242 1 0 0.000000
1652155304962378446 714.769815 1.399001 2 0 0.000000
1652155305656331072 693.931577 1.441021 1 0 0.000000
1652155307138132415 740.878397 1.349709 2 0 0.000000
1652155307859915882 721.754257 1.385457 1 0 0.000000
1652155308545190480 685.251209 1.459269 1 0 0.000000
1652155309961068917 707.916195 1.412551 2 0 0.000000
1652155311133329431 586.107243 1.706105 2 0 0.000000
1652155311780136441 646.784102 1.546056 1 0 0.000000
1652155312468482171 688.317920 1.452758 1 0 0.000000
1652155313858005120 694.737605 1.439343 2 0 0.000000
1652155314610824784 752.797603 1.328339 1 0 0.000000
1652155315303068098 692.220441 1.444579 1 0 0.000000
1652155316936524158 892.520926 0.612199 1 0 0.000000
1652155317510903053 574.355210 1.741011 1 0 0.000000
1652155318849093143 669.072731 1.494556 2 0 0.000000
1652155319604525422 755.408634 1.323745 1 0 0.000000
1652155321155523460 775.476399 1.289492 2 0 0.000000
1652155321938512286 782.966148 1.277157 1 0 0.000000
1652155322622148608 683.614000 1.462766 1 0 0.000000
1652155324165472457 771.634849 1.295904 2 0 0.000000
1652155324918526385 753.030433 1.327926 1 0 0.000000
1652155325510955367 592.407201 1.687966 1 0 0.000000
1652155327040116025 764.556711 1.307907 2 0 0.000000
1652155327858199799 818.062525 1.222369 1 0 0.000000
1652155328598293409 740.064542 1.351180 1 0 0.000000
1652155330033478334 717.570802 1.393549 2 0 0.000000
1652155330690986597 657.485876 1.520893 1 0 0.000000
1652155332086201368 697.585093 1.433471 2 0 0.000000
1652155332804030521 717.807984 1.393089 1 0 0.000000
1652155333548703080 744.648754 1.342872 1 0 0.000000
1652155334855963332 653.598498 1.529917 2 0 0.000000
1652155335536227355 680.232610 1.470018 1 0 0.000000
1652155336962909258 713.318507 1.401854 2 0 0.000000
1652155337701012444 738.080784 1.354824 1 0 0.000000
1652155338487358873 786.323160 1.271704 1 0 0.000000
1652155339913733681 713.164921 1.402156 2 0 0.000000
1652155340472164009 558.408337 1.790734 1 0 0.000000
1652155341878656835 703.223039 1.421977 2 0 0.000000
1652155342531236821 652.557865 1.532379 1 0 0.000000
1652155343908830924 688.774629 1.451806 2 0 0.000000
1652155344658483702 749.628977 1.333951 1 0 0.000000
1652155346101783519 721.627927 1.385713 2 0 0.000000
1652155346909918981 808.113305 1.237416 1 0 0.000000
1652155348161256221 625.646902 1.598290 2 0 0.000000
1652155348879884952 718.606154 1.391539 1 0 0.000000
1652155349600257790 720.351478 1.388170 1 0 0.000000
1652155351193389471 0.000000 0.000000 0 0 0.000000
1652155352194438646 0.000000 0.000000 0 0 0.000000
1652155352536235107 2935.953867 2.925718 1 0 0.000000
1652155354196498362 0.000000 0.000000 0 0 0.000000
1652155354788366664 1126.037673 3.379131 2 0 0.000000
1652155355561410519 773.022436 1.293588 1 0 0.000000
1652155356924650949 681.598376 1.467093 2 0 0.000000
1652155357637257690 712.561476 1.403299 1 0 0.000000
1652155359147034052 754.865153 1.324700 2 0 0.000000
1652155359904557551 757.501043 1.320091 1 0 0.000000
1652155361176479100 635.938312 1.572424 2 0 0.000000
1652155361864734248 688.231473 1.452950 1 0 0.000000
1652155362567279198 702.511261 1.423396 1 0 0.000000
1652155363820391686 626.530246 1.596026 2 0 0.000000
1652155365193893877 686.729006 1.456132 2 0 0.000000
1652155366046834306 852.918102 1.172415 1 0 0.000000
1652155366742730441 695.873898 1.436996 1 0 0.000000
1652155368033521597 645.373345 1.549437 2 0 0.000000
1652155368702733810 669.190327 1.494294 1 0 0.000000
1652155370135667792 716.444867 1.395738 2 0 0.000000
1652155370825327348 689.637609 1.449991 1 0 0.000000
1652155372170041563 672.335327 1.487305 2 0 0.000000
1652155373017732107 847.669124 1.179676 1 0 0.000000
1652155373781144846 763.391344 1.309907 1 0 0.000000
1652155375025315172 622.059233 1.607497 2 0 0.000000
1652155375726059232 700.721372 1.427055 1 0 0.000000
1652155377180594093 727.243104 1.375010 2 0 0.000000
1652155377699674069 519.057899 1.926485 1 0 0.000000
1652155379017325051 658.803034 1.517853 2 0 0.000000
1652155379583716454 566.368906 1.765564 1 0 0.000000
1652155380865686549 640.958268 1.560099 2 0 0.000000
1652155382121299397 627.784551 1.592848 2 0 0.000000
1652155382769233642 647.911562 1.543366 1 0 0.000000
1652155384047156775 638.940189 1.565039 2 0 0.000000
1652155384826600805 779.415609 1.282966 1 0 0.000000
1652155386173049238 673.199073 1.485389 2 0 0.000000
1652155386841828164 668.757325 1.495262 1 0 0.000000
1652155387529769211 687.915312 1.453613 1 0 0.000000
1652155388804159838 637.164900 1.569378 2 0 0.000000
1652155389516452673 712.271856 1.403917 1 0 0.000000
1652155391094436682 788.970677 1.267440 2 0 0.000000
1652155391908544518 814.085609 1.228339 1 0 0.000000
1652155392489377118 580.810519 1.721666 1 0 0.000000
1652155393917652854 714.115538 1.400290 2 0 0.000000
1652155394704465683 786.789805 1.270950 1 0 0.000000
1652155396217278141 756.384373 1.322041 2 0 0.000000
1652155396966880154 749.581039 1.334041 1 0 0.000000
1652155398179593912 606.323088 1.649194 2 0 0.000000
1652155398887231695 707.615782 1.413152 1 0 0.000000
1652155400171343471 642.033275 1.557497 2 0 0.000000
1652155400899566196 728.198007 1.373206 1 0 0.000000
1652155401490235829 590.646204 1.692994 1 0 0.000000
1652155402939207349 724.463481 1.380289 2 0 0.000000
1652155403665900051 726.671317 1.376097 1 0 0.000000
1652155405160038366 747.044427 1.338564 2 0 0.000000
1652155406014009045 853.948292 1.171000 1 0 0.000000
1652155406569921576 555.889107 1.798844 1 0 0.000000
1652155408012236936 721.134037 1.386659 2 0 0.000000
