1652153552856839238 635.746568 1.571977 1 0 0.000000
1652153553981050739 562.080658 1.779025 2 0 0.000000
1652153555104373670 561.636091 1.780432 2 0 0.000000
1652153556014550019 455.065000 2.197376 2 0 0.000000
1652153556992539421 488.971242 2.045012 2 0 0.000000
1652153558142402237 574.907240 1.739338 2 0 0.000000
1652153558698174663 555.742998 1.799298 1 0 0.000000
1652153560024126536 662.949473 1.508350 2 0 0.000000
1652153560725212318 701.058378 1.426359 1 0 0.000000
1652153561985780191 1260.542328 0.793293 1 0 0.000000
1652153562734879543 749.064205 1.334936 1 0 0.000000
1652153564195611462 730.336369 1.369177 2 0 0.000000
1652153564950919788 755.279694 1.323963 1 0 0.000000
1652153565696418515 745.472481 1.341384 1 0 0.000000
1652153567068798654 686.161947 1.457322 2 0 0.000000
1652153567862022389 793.193038 1.260678 1 0 0.000000
1652153568623247094 761.197351 1.313673 1 0 0.000000
1652153570000687953 688.693529 1.451968 2 0 0.000000
1652153570741106306 740.393244 1.350588 1 0 0.000000
1652153572183365965 721.102597 1.386713 2 0 0.000000
1652153572901147708 717.754198 1.393181 1 0 0.000000
1652153573590703256 689.530254 1.450209 1 0 0.000000
1652153574905250374 657.247980 1.521437 2 0 0.000000
1652153575491956680 586.680967 1.704430 1 0 0.000000
1652153577105637744 806.815062 1.239402 2 0 0.000000
1652153577915575464 809.910191 1.234663 1 0 0.000000
1652153578615831285 700.226303 1.428049 1 0 0.000000
1652153579954541048 669.325963 1.493976 2 0 0.000000
1652153580679965639 725.394817 1.378503 1 0 0.000000
1652153582051200652 685.592259 1.458539 2 0 0.000000
1652153582738769804 687.517593 1.454399 1 0 0.000000
1652153584135120689 698.147788 1.432305 2 0 0.000000
1652153584755872950 620.724140 1.610949 1 0 0.000000
1652153586016268452 630.167714 1.586804 2 0 0.000000
1652153587194644323 589.158595 1.697251 2 0 0.000000
1652153587950828142 756.156971 1.322430 1 0 0.000000
1652153588621331223 670.476048 1.491417 1 0 0.000000
1652153589863581692 621.098459 1.609981 2 0 0.000000
1652153590541949083 678.340072 1.474127 1 0 0.000000
1652153591795080952 626.539698 1.596001 2 0 0.000000
1652153592961979472 583.419822 1.713945 2 0 0.000000
1652153593753351680 791.342920 1.263628 1 0 0.000000
1652153594960499972 603.548156 1.656797 2 0 0.000000
1652153595704424067 743.899713 1.344223 1 0 0.000000
1652153597077008810 686.264396 1.457105 2 0 0.000000
1652153597832373973 755.339383 1.323863 1 0 0.000000
1652153599042812728 605.191334 1.652293 2 0 0.000000
1652153599793221485 750.379388 1.332607 1 0 0.000000
1652153601238810977 722.767650 1.383519 2 0 0.000000
1652153601864336570 625.496992 1.598656 1 0 0.000000
1652153603168341276 651.977179 1.533737 2 0 0.000000
1652153603892891550 724.523171 1.380166 1 0 0.000000
1652153604751742154 858.824137 1.164347 1 0 0.000000
1652153606059618526 653.907430 1.529197 2 0 0.000000
1652153606867020074 807.375371 1.238541 1 0 0.000000
1652153607653065916 786.016289 1.272190 1 0 0.000000
1652153608975833983 661.350320 1.511981 2 0 0.000000
1652153609748572541 772.691022 1.294099 1 0 0.000000
1652153611110286216 680.830371 1.468738 2 0 0.000000
1652153611782419548 672.102169 1.487800 1 0 0.000000
1652153613223077389 720.302299 1.388255 2 0 0.000000
1652153613940155193 717.049674 1.394549 1 0 0.000000
1652153614592450978 652.269404 1.533047 1 0 0.000000
1652153615883175662 645.334010 1.549517 2 0 0.000000
1652153616566479776 683.271985 1.463477 1 0 0.000000
1652153617938212741 685.839450 1.458010 2 0 0.000000
1652153618561916800 623.679576 1.603324 1 0 0.000000
1652153620056002933 747.015856 1.338611 2 0 0.000000
1652153620700468790 644.437045 1.551673 1 0 0.000000
1652153621950663170 625.071553 1.599751 2 0 0.000000
1652153622658125810 707.431212 1.413502 1 0 0.000000
1652153624104668453 723.244516 1.382607 2 0 0.000000
1652153624723440441 618.745807 1.616104 1 0 0.000000
1652153626000519785 638.508164 1.566073 2 0 0.000000
1652153626629213759 628.669953 1.590599 1 0 0.000000
1652153627807395959 589.065337 1.697530 2 0 0.000000
1652153629224586801 708.567007 1.411243 2 0 0.000000
1652153629794955051 570.338129 1.753253 1 0 0.000000
1652153631113113759 659.054213 1.517268 2 0 0.000000
1652153631834187877 721.049066 1.386820 1 0 0.000000
1652153633101043169 633.401008 1.578712 2 0 0.000000
1652153633822302428 721.234852 1.386464 1 0 0.000000
1652153634977389928 577.516401 1.731471 2 0 0.000000
1652153635666300943 688.884102 1.451566 1 0 0.000000
1652153637051562587 692.604985 1.443771 2 0 0.000000
1652153637622735922 571.142027 1.750782 1 0 0.000000
1652153638960578341 668.895439 1.494944 2 0 0.000000
1652153639731776841 771.172996 1.296683 1 0 0.000000
1652153641074771463 671.471012 1.489209 2 0 0.000000
1652153641811442158 736.646183 1.357459 1 0 0.000000
1652153643194641787 691.575393 1.445923 2 0 0.000000
1652153644014233268 819.566032 1.220120 1 0 0.000000
1652153644654795948 640.536149 1.561127 1 0 0.000000
1652153645962880610 654.018187 1.528953 2 0 0.000000
1652153646780077414 817.171550 1.223695 1 0 0.000000
1652153648024778829 622.324807 1.606811 2 0 0.000000
1652153648780641999 755.837565 1.322991 1 0 0.000000
1652153650023707338 621.505020 1.608926 2 0 0.000000
1652153650701702184 677.964305 1.474938 1 0 0.000000
1652153652050943159 674.593818 1.482315 2 0 0.000000
1652153652672679203 621.707918 1.608400 1 0 0.000000
1652153654022720884 674.994181 1.481436 2 0 0.000000
1652153654603900156 581.151769 1.720639 1 0 0.000000
1652153656028102092 712.062660 1.404295 2 0 0.000000
1652153656665428487 637.302224 1.569055 1 0 0.000000
1652153657989378052 661.948977 1.510632 2 0 0.000000
1652153658828620541 839.216309 1.191551 1 0 0.000000
1652153660088844040 630.087017 1.587020 2 0 0.000000
1652153660865032314 776.163551 1.288347 1 0 0.000000
1652153661477988027 612.927046 1.631439 1 0 0.000000
1652153662858574174 690.264249 1.448660 2 0 0.000000
1652153663681879291 823.279467 1.214617 1 0 0.000000
1652153665121907875 719.987709 1.388861 2 0 0.000000
1652153665913177609 791.235565 1.263792 1 0 0.000000
1652153667240887036 663.825275 1.506354 2 0 0.000000
1652153667994675237 753.759744 1.326633 1 0 0.000000
1652153669163022808 584.144029 1.711819 2 0 0.000000
1652153669812197195 649.146582 1.540418 1 0 0.000000
1652153671154387892 671.056847 1.490101 2 0 0.000000
1652153671702118484 547.706726 1.825715 1 0 0.000000
1652153673013092926 655.459078 1.525583 2 0 0.000000
1652153673566633778 553.510196 1.806551 1 0 0.000000
1652153675027169345 730.243725 1.369361 2 0 0.000000
1652153675878118584 850.919410 1.175158 1 0 0.000000
1652153677201661390 661.747112 1.511096 2 0 0.000000
1652153678304250659 0.000000 0.000000 0 0 0.000000
1652153679228427160 1013.355110 2.164089 2 0 0.000000
1652153679890674207 662.221261 1.510011 1 0 0.000000
1652153680626265879 735.559823 1.359450 1 0 0.000000
1652153681856847930 1230.555250 0.812624 1 0 0.000000
1652153682595838813 738.959771 1.353197 1 0 0.000000
1652153684134309653 769.211213 1.299992 2 0 0.000000
1652153684843039055 708.704935 1.410976 1 0 0.000000
1652153685498288692 655.215091 1.526136 1 0 0.000000
1652153686986660895 1488.347933 0.671875 1 0 0.000000
1652153687742115865 755.426814 1.323706 1 0 0.000000
1652153689184464769 721.150369 1.386627 2 0 0.000000
1652153689852576368 668.086635 1.496756 1 0 0.000000
1652153691309825852 728.599336 1.372449 2 0 0.000000
1652153691987589856 677.740393 1.475440 1 0 0.000000
1652153693221082676 616.719525 1.621412 2 0 0.000000
1652153694010075509 788.968592 1.267439 1 0 0.000000
1652153694801880817 791.779813 1.262937 1 0 0.000000
1652153696198010183 698.037926 1.432532 2 0 0.000000
1652153696923522377 725.484229 1.378337 1 0 0.000000
1652153698300437110 688.432240 1.452523 2 0 0.000000
1652153698980319002 679.852845 1.470844 1 0 0.000000
1652153700113376295 566.503144 1.765136 2 0 0.000000
1652153700910524596 797.121414 1.254472 1 0 0.000000
1652153702177867424 633.646270 1.578105 2 0 0.000000
1652153702898098447 720.204726 1.388443 1 0 0.000000
1652153704190855428 646.353703 1.547081 2 0 0.000000
1652153704945351883 754.473181 1.325387 1 0 0.000000
1652153705598273550 652.898773 1.531577 1 0 0.000000
1652153707035947449 718.812891 1.391136 2 0 0.000000
1652153707741541172 705.569386 1.417246 1 0 0.000000
1652153709026447969 642.428405 1.556533 2 0 0.000000
1652153710262931188 618.217966 1.617491 2 0 0.000000
1652153710867677534 604.723643 1.653586 1 0 0.000000
1652153712111427141 621.843400 1.608041 2 0 0.000000
1652153712732850110 621.398061 1.609210 1 0 0.000000
1652153714090500705 678.801720 1.473133 2 0 0.000000
1652153714711137308 620.613259 1.611249 1 0 0.000000
1652153716018042840 653.429474 1.530332 2 0 0.000000
1652153716705804695 687.738166 1.453992 1 0 0.000000
1652153718027208139 660.675645 1.513542 2 0 0.000000
1652153718736731064 709.497099 1.409398 1 0 0.000000
1652153720167454710 715.330861 1.397894 2 0 0.000000
1652153720900380017 732.896745 1.364396 1 0 0.000000
1652153722260593548 680.082810 1.470357 2 0 0.000000
1652153723016958489 756.339763 1.322113 1 0 0.000000
1652153723701870660 684.886161 1.460041 1 0 0.000000
1652153725184600912 741.339401 1.348863 2 0 0.000000
1652153725875100420 690.473186 1.448227 1 0 0.000000
1652153727150270445 637.560684 1.568418 2 0 0.000000
1652153727867243962 716.949557 1.394752 1 0 0.000000
1652153729157723299 645.213450 1.549812 2 0 0.000000
1652153729916168504 758.417455 1.318487 1 0 0.000000
1652153731155163898 1238.969288 0.807106 1 0 0.000000
1652153732278269613 561.526864 1.780776 2 0 0.000000
1652153732929884958 651.587917 1.534648 1 0 0.000000
1652153733580842798 650.932280 1.536198 1 0 0.000000
1652153735025226900 722.167123 1.384673 2 0 0.000000
1652153736328933826 651.828057 1.534087 2 0 0.000000
1652153736986638102 657.680179 1.520440 1 0 0.000000
1652153737640617433 653.945121 1.529100 1 0 0.000000
1652153738998555071 1357.911327 0.736411 1 0 0.000000
1652153739665609661 667.028910 1.499128 1 0 0.000000
1652153740939283166 636.816331 1.570261 2 0 0.000000
1652153741660449079 721.139406 1.386643 1 0 0.000000
1652153743001244189 670.371537 1.491652 2 0 0.000000
1652153743793325276 792.054430 1.262497 1 0 0.000000
1652153745202342418 704.485134 1.419429 2 0 0.000000
1652153745924610368 722.244121 1.384528 1 0 0.000000
1652153746644997293 720.360463 1.388143 1 0 0.000000
1652153747945942297 650.447729 1.537344 2 0 0.000000
1652153748764093353 818.127867 1.222268 1 0 0.000000
1652153749385103938 620.984480 1.610279 1 0 0.000000
1652153751133853397 874.350977 1.143674 2 0 0.000000
1652153751903960671 770.083538 1.298520 1 0 0.000000
1652153753157992783 626.990230 1.594855 2 0 0.000000
1652153753915564194 757.539783 1.320008 1 0 0.000000
1652153755137737417 611.058732 1.636429 2 0 0.000000
1652153755844888296 707.128909 1.414125 1 0 0.000000
1652153757108849271 631.954148 1.582327 2 0 0.000000
1652153757899338102 790.463121 1.265040 1 0 0.000000
1652153759221576054 661.093748 1.512587 2 0 0.000000
1652153759779300022 557.697692 1.793002 1 0 0.000000
1652153761318490684 769.572096 1.299384 2 0 0.000000
1652153762103214542 784.697121 1.274334 1 0 0.000000
1652153762826717029 723.478035 1.382165 1 0 0.000000
1652153764027006690 600.121335 1.666264 2 0 0.000000
1652153765265294358 619.119862 1.615134 2 0 0.000000
1652153766020035451 754.716095 1.324958 1 0 0.000000
1652153766670235156 650.174361 1.537989 1 0 0.000000
1652153768214247102 771.982368 1.295327 2 0 0.000000
1652153768850491099 636.219646 1.571724 1 0 0.000000
1652153770173951002 661.692260 1.511190 2 0 0.000000
1652153770748399181 574.419708 1.740801 1 0 0.000000
1652153772129497942 690.524435 1.448122 2 0 0.000000
1652153773222849466 546.652491 1.829238 2 0 0.000000
1652153773767275760 544.402885 1.836796 1 0 0.000000
1652153775003049596 617.863221 1.618419 2 0 0.000000
1652153775882505743 879.433138 1.137066 1 0 0.000000
1652153777216690598 667.063132 1.499043 2 0 0.000000
1652153777906133580 689.417818 1.450446 1 0 0.000000
1652153778654454651 748.296463 1.336325 1 0 0.000000
1652153780093992460 719.743133 1.389335 2 0 0.000000
1652153780698345356 604.327277 1.654662 1 0 0.000000
1652153782034752522 668.177774 1.496550 2 0 0.000000
1652153782844802770 810.025081 1.234491 1 0 0.000000
1652153784171207650 663.174170 1.507835 2 0 0.000000
1652153784774807417 603.568525 1.656727 1 0 0.000000
1652153786085557474 655.351726 1.525844 2 0 0.000000
1652153786703194750 617.613069 1.619073 1 0 0.000000
1652153788373015679 0.000000 0.000000 0 0 0.000000
1652153789241355005 1269.042486 2.303247 2 0 0.000000
1652153789965121464 723.742077 1.381661 1 0 0.000000
1652153790789589724 824.444396 1.212903 1 0 0.000000
1652153792254536923 732.449636 1.365237 2 0 0.000000
1652153792808502931 553.940957 1.805165 1 0 0.000000
1652153794247541006 719.494225 1.389817 2 0 0.000000
1652153794830901263 583.336543 1.714207 1 0 0.000000
1652153796194874457 681.962345 1.466304 2 0 0.000000
1652153797329178354 567.129846 1.763196 2 0 0.000000
1652153798012938120 683.737319 1.462502 1 0 0.000000
1652153799270311588 628.662575 1.590617 2 0 0.000000
1652153799989387700 719.047225 1.390673 1 0 0.000000
1652153801095770393 553.166859 1.807693 2 0 0.000000
1652153801784343329 688.550032 1.452279 1 0 0.000000
1652153803225676758 720.642869 1.387604 2 0 0.000000
1652153803878520978 652.817658 1.531759 1 0 0.000000
1652153805235670314 678.545140 1.473677 2 0 0.000000
1652153805937711464 702.017620 1.424418 1 0 0.000000
1652153806709815302 772.079842 1.295163 1 0 0.000000
1652153808165762989 727.948523 1.373676 2 0 0.000000
1652153808887576971 721.790191 1.385398 1 0 0.000000
1652153810336594650 724.481785 1.380245 2 0 0.000000
1652153811001257042 664.637128 1.504523 1 0 0.000000
1652153812339400934 669.047329 1.494608 2 0 0.000000
1652153813092102240 752.678719 1.328548 1 0 0.000000
1652153813746997027 654.867323 1.526963 1 0 0.000000
1652153815045331335 649.141785 1.540435 2 0 0.000000
1652153815702862456 657.506930 1.520841 1 0 0.000000
1652153817139937859 718.511986 1.391715 2 0 0.000000
1652153817929699690 789.735565 1.266205 1 0 0.000000
1652153819324353903 697.297738 1.434047 2 0 0.000000
1652153819940350013 615.971472 1.623387 1 0 0.000000
1652153821330148048 694.870437 1.439058 2 0 0.000000
1652153821986282808 656.111346 1.524077 1 0 0.000000
1652153822741380724 755.073293 1.324332 1 0 0.000000
1652153824065468472 662.016573 1.510474 2 0 0.000000
1652153824832512486 767.016304 1.303706 1 0 0.000000
1652153826067283721 617.358594 1.619733 2 0 0.000000
1652153827339438472 636.052423 1.572136 2 0 0.000000
1652153827993455085 653.992127 1.529013 1 0 0.000000
1652153829353551369 680.024512 1.470484 2 0 0.000000
1652153829993585607 640.010132 1.562416 1 0 0.000000
1652153830816606687 822.998322 1.215036 1 0 0.000000
1652153832300705459 742.024428 1.347619 2 0 0.000000
1652153833003072544 702.340768 1.423757 1 0 0.000000
1652153834273607324 635.244241 1.574140 2 0 0.000000
1652153835340831193 1067.200189 0.937011 1 0 0.000000
1652153835891107032 550.252025 1.817270 1 0 0.000000
1652153837184607008 646.725183 1.546193 2 0 0.000000
1652153838319642317 567.492914 1.762060 2 0 0.000000
1652153839367675210 1048.009980 0.954169 1 0 0.000000
1652153839950694281 582.994670 1.715210 1 0 0.000000
1652153841240331307 644.793322 1.550824 2 0 0.000000
1652153841899904517 659.531192 1.516132 1 0 0.000000
1652153843317405880 708.726816 1.410933 2 0 0.000000
1652153844092851000 775.421565 1.289582 1 0 0.000000
1652153844778843193 685.966107 1.457743 1 0 0.000000
1652153846026953885 624.030301 1.602422 2 0 0.000000
1652153847400786335 686.892783 1.455782 2 0 0.000000
1652153848086312559 685.497877 1.458733 1 0 0.000000
1652153849394460418 654.049575 1.528879 2 0 0.000000
1652153850055862473 661.376546 1.511940 1 0 0.000000
1652153850776850854 720.965974 1.386985 1 0 0.000000
1652153852048510151 635.805758 1.572748 2 0 0.000000
1652153852904783525 856.249213 1.167851 1 0 0.000000
1652153854206508311 650.839537 1.536423 2 0 0.000000
1652153854963456268 756.923480 1.321095 1 0 0.000000
1652153856367439519 701.965893 1.424518 2 0 0.000000
1652153857093241785 725.778065 1.377786 1 0 0.000000
1652153857847482908 754.216446 1.325836 1 0 0.000000
1652153859332330636 742.396821 1.346939 2 0 0.000000
1652153859953491185 621.136588 1.609890 1 0 0.000000
1652153861322445333 684.452975 1.460969 2 0 0.000000
1652153861875855746 553.385399 1.806977 1 0 0.000000
1652153863277808048 700.950058 1.426582 2 0 0.000000
1652153863803378884 525.547041 1.902693 1 0 0.000000
1652153865004897289 600.733355 1.664560 2 0 0.000000
1652153866304511423 649.783422 1.538918 2 0 0.000000
1652153866905523126 600.988309 1.663861 1 0 0.000000
1652153867627215218 721.668090 1.385632 1 0 0.000000
1652153869072033610 722.385829 1.384257 2 0 0.000000
1652153869928485572 856.427429 1.167608 1 0 0.000000
1652153871336615162 704.039761 1.420324 2 0 0.000000
1652153872094985858 758.343137 1.318616 1 0 0.000000
1652153872679137219 584.124969 1.711885 1 0 0.000000
1652153873918004120 619.408741 1.614378 2 0 0.000000
1652153875192687625 637.317779 1.569017 2 0 0.000000
1652153875768539824 575.829175 1.736557 1 0 0.000000
1652153877167524268 699.464189 1.429608 2 0 0.000000
1652153877857605286 690.057498 1.449105 1 0 0.000000
1652153879058119575 600.232806 1.665953 2 0 0.000000
1652153880214458256 578.147219 1.729597 2 0 0.000000
1652153880893835393 679.354410 1.471936 1 0 0.000000
1652153882155926820 631.022432 1.584671 2 0 0.000000
1652153882948177636 792.227908 1.262227 1 0 0.000000
1652153884266241378 659.007917 1.517377 2 0 0.000000
1652153885368353852 551.028630 1.814697 2 0 0.000000
1652153886091861377 723.484862 1.382156 1 0 0.000000
1652153886747791138 655.906401 1.524553 1 0 0.000000
1652153888401419338 826.789844 1.209462 2 0 0.000000
1652153889006823107 605.380087 1.651790 1 0 0.000000
1652153889870434598 863.591995 1.157928 1 0 0.000000
1652153891195597233 662.556316 1.509249 2 0 0.000000
1652153892064576686 868.956158 1.150775 1 0 0.000000
1652153892749499760 684.898532 1.460018 1 0 0.000000
1652153894189764538 720.108521 1.388634 2 0 0.000000
1652153894844335018 654.538250 1.527719 1 0 0.000000
1652153896342739049 749.178300 1.334753 2 0 0.000000
1652153897263507385 920.744280 1.086050 1 0 0.000000
1652153897943038438 679.508275 1.471603 1 0 0.000000
1652153899252062611 654.487983 1.527856 2 0 0.000000
1652153899838734484 586.648102 1.704530 1 0 0.000000
1652153901265865344 713.541188 1.401413 2 0 0.000000
1652153901904907698 639.019878 1.564842 1 0 0.000000
1652153903171521546 633.283131 1.579013 2 0 0.000000
1652153904412615700 620.516701 1.611481 2 0 0.000000
1652153905101158132 688.497363 1.452343 1 0 0.000000
1652153905844577485 743.381260 1.345136 1 0 0.000000
1652153907398415935 776.892991 1.287135 2 0 0.000000
1652153908151090261 752.650946 1.328596 1 0 0.000000
1652153908801848294 650.735005 1.536669 1 0 0.000000
1652153910326065735 762.084507 1.312149 2 0 0.000000
1652153910911321019 585.229469 1.708656 1 0 0.000000
1652153912239172254 663.902856 1.506193 2 0 0.000000
1652153913417417540 589.096779 1.697439 2 0 0.000000
1652153914160987760 743.547617 1.344863 1 0 0.000000
1652153914744353479 583.340396 1.714191 1 0 0.000000
1652153916152852589 704.214749 1.419951 2 0 0.000000
1652153916803136589 650.258320 1.537790 1 0 0.000000
1652153918143773009 670.294455 1.491829 2 0 0.000000
1652153918747722688 603.926054 1.655767 1 0 0.000000
1652153920086141779 669.184653 1.494300 2 0 0.000000
1652153920787882840 701.717150 1.425027 1 0 0.000000
1652153922292155813 752.111153 1.329546 2 0 0.000000
1652153922884498187 592.318277 1.688213 1 0 0.000000
1652153924259275323 687.364890 1.454781 2 0 0.000000
1652153925409520153 575.100030 1.738760 2 0 0.000000
1652153926091287508 681.742014 1.466776 1 0 0.000000
1652153926799498587 708.185900 1.412008 1 0 0.000000
1652153928085534963 642.994949 1.555166 2 0 0.000000
1652153929437305233 675.861302 1.479541 2 0 0.000000
1652153930146468313 709.138704 1.410113 1 0 0.000000
1652153930847699142 701.206893 1.426064 1 0 0.000000
1652153932278062015 715.158551 1.398247 2 0 0.000000
1652153932871266191 593.179915 1.685760 1 0 0.000000
1652153934274499737 701.592983 1.425279 2 0 0.000000
1652153934895740058 621.216841 1.609683 1 0 0.000000
1652153936367316753 735.760423 1.359086 2 0 0.000000
1652153937087974628 720.635132 1.387621 1 0 0.000000
1652153938424637332 668.306700 1.496264 2 0 0.000000
1652153939048757284 624.091235 1.602256 1 0 0.000000
1652153939800919836 752.138641 1.329500 1 0 0.000000
1652153941185666085 692.349154 1.444308 2 0 0.000000
1652153942420677370 617.481488 1.619418 2 0 0.000000
1652153943245179251 824.478362 1.212854 1 0 0.000000
1652153943862775969 617.572095 1.619180 1 0 0.000000
1652153944773234973 910.435409 1.098347 1 0 0.000000
1652153946095451292 661.085449 1.512612 2 0 0.000000
1652153946817536106 722.057535 1.384879 1 0 0.000000
1652153948322124258 752.268305 1.329267 2 0 0.000000
1652153948999015607 676.867615 1.477342 1 0 0.000000
1652153950473279598 737.105761 1.356609 2 0 0.000000
1652153951223881470 750.577996 1.332264 1 0 0.000000
1652153951899183399 675.275888 1.480819 1 0 0.000000
1652153952652175324 752.962225 1.328035 1 0 0.000000
1652153954409950371 878.859749 1.137802 2 0 0.000000
1652153955197475474 787.496713 1.269801 1 0 0.000000
1652153955849692003 652.193014 1.533233 1 0 0.000000
1652153957225545948 687.901776 1.453643 2 0 0.000000
1652153957961662929 736.090990 1.358480 1 0 0.000000
1652153959265675784 651.982186 1.533727 2 0 0.000000
1652153959948202132 682.493096 1.465145 1 0 0.000000
1652153961424755111 738.240243 1.354506 2 0 0.000000
1652153962062224918 637.447530 1.568702 1 0 0.000000
1652153962713634940 651.384718 1.535131 1 0 0.000000
1652153964473932513 880.122773 1.136172 2 0 0.000000
1652153965109778024 635.812048 1.572709 1 0 0.000000
1652153966416613188 653.394007 1.530415 2 0 0.000000
1652153967027889607 611.253346 1.635921 1 0 0.000000
1652153968300552316 636.307096 1.571508 2 0 0.000000
1652153968883935340 583.354137 1.714140 1 0 0.000000
1652153970255594524 685.805250 1.458088 2 0 0.000000
1652153971457197623 600.778179 1.664443 2 0 0.000000
1652153972048702295 591.470488 1.690604 1 0 0.000000
1652153973418855988 685.048665 1.459690 2 0 0.000000
1652153974173411966 754.529286 1.325283 1 0 0.000000
1652153975413947125 620.243636 1.612207 2 0 0.000000
1652153976167100462 753.128008 1.327751 1 0 0.000000
1652153976927772173 760.644648 1.314628 1 0 0.000000
1652153978371181701 721.679578 1.385608 2 0 0.000000
1652153979200604045 829.394569 1.205658 1 0 0.000000
1652153980389182315 594.265636 1.682683 2 0 0.000000
1652153981062915101 673.709623 1.484268 1 0 0.000000
1652153982464988023 701.013545 1.426459 2 0 0.000000
1652153983172498935 707.484646 1.413406 1 0 0.000000
1652153983870663007 698.138769 1.432328 1 0 0.000000
1652153985219271619 674.279190 1.483010 2 0 0.000000
1652153985971294710 751.996139 1.329746 1 0 0.000000
1652153987263451378 646.053735 1.547800 2 0 0.000000
1652153987910206276 646.729012 1.546181 1 0 0.000000
1652153989339089634 714.417700 1.399694 2 0 0.000000
1652153990104581329 765.469513 1.306350 1 0 0.000000
1652153991428851914 662.110487 1.510265 2 0 0.000000
1652153992047862939 618.987795 1.615480 1 0 0.000000
1652153992821303386 773.415674 1.292924 1 0 0.000000
1652153994148673886 663.660821 1.506738 2 0 0.000000
1652153994898718094 750.020247 1.333255 1 0 0.000000
1652153996190520735 645.875761 1.548224 2 0 0.000000
1652153997521167078 0.000000 0.000000 0 0 0.000000
1652153998446808625 1128.117393 2.160664 2 0 0.000000
1652153999126995674 680.160557 1.470184 1 0 0.000000
1652153999842966740 715.947406 1.396704 1 0 0.000000
1652154001263241396 710.110183 1.408178 2 0 0.000000
1652154001982067582 718.801077 1.391157 1 0 0.000000
1652154003470575889 744.229097 1.343627 2 0 0.000000
1652154004156999776 686.399275 1.456826 1 0 0.000000
1652154005447837302 645.394008 1.549382 2 0 0.000000
1652154006027947416 580.083442 1.723811 1 0 0.000000
1652154006714714403 686.742114 1.456098 1 0 0.000000
1652154008021150012 653.194230 1.530883 2 0 0.000000
1652154009523285704 751.044441 1.331438 2 0 0.000000
1652154010110972288 587.653446 1.701587 1 0 0.000000
1652154011276543468 582.760770 1.715897 2 0 0.000000
1652154012506627598 615.016552 1.625905 2 0 0.000000
1652154013165627161 658.978851 1.517452 1 0 0.000000
1652154013869681665 704.030859 1.420345 1 0 0.000000
1652154015386787510 758.527331 1.318300 2 0 0.000000
1652154015954471353 567.659370 1.761544 1 0 0.000000
1652154017337662679 691.571725 1.445932 2 0 0.000000
1652154017955313688 617.627545 1.619037 1 0 0.000000
1652154019244902747 644.771007 1.550882 2 0 0.000000
1652154019830138765 585.214258 1.708712 1 0 0.000000
1652154021300282032 735.046442 1.360412 2 0 0.000000
1652154022091641535 791.336481 1.263648 1 0 0.000000
1652154023359537332 633.924810 1.577417 2 0 0.000000
1652154023980173123 620.612817 1.611251 1 0 0.000000
1652154025348436787 684.108874 1.461707 2 0 0.000000
1652154026171428244 822.969106 1.215079 1 0 0.000000
1652154027514916919 671.718425 1.488662 2 0 0.000000
1652154028200458289 685.513926 1.458701 1 0 0.000000
1652154028956843332 756.361533 1.322078 1 0 0.000000
1652154030198306955 620.705974 1.611002 2 0 0.000000
1652154030955244470 756.914606 1.321113 1 0 0.000000
1652154032419350303 1464.080881 0.683011 1 0 0.000000
1652154033103279805 683.899983 1.462139 1 0 0.000000
1652154034377655673 637.163245 1.569396 2 0 0.000000
1652154035162725963 785.045251 1.273771 1 0 0.000000
1652154036541861351 689.544151 1.450184 2 0 0.000000
1652154037173166539 631.281658 1.584020 1 0 0.000000
1652154037961600071 788.408423 1.268338 1 0 0.000000
1652154039284812534 661.581644 1.511473 2 0 0.000000
1652154040142096822 857.253938 1.166474 1 0 0.000000
1652154041496254314 677.055514 1.476933 2 0 0.000000
1652154042194705770 698.422789 1.431739 1 0 0.000000
1652154043384950880 595.098882 1.680326 2 0 0.000000
1652154044091277695 706.302949 1.415775 1 0 0.000000
1652154045496476480 702.572670 1.423286 2 0 0.000000
1652154046077227811 580.723712 1.721907 1 0 0.000000
1652154047468992862 695.857876 1.437024 2 0 0.000000
1652154048191229763 722.202811 1.384587 1 0 0.000000
1652154049495215028 651.968243 1.533760 2 0 0.000000
1652154050185911199 690.672837 1.447815 1 0 0.000000
1652154051491356357 652.699067 1.532044 2 0 0.000000
1652154052182069894 690.688619 1.447778 1 0 0.000000
1652154053455151421 636.515254 1.570991 2 0 0.000000
1652154054126278400 671.103715 1.490031 1 0 0.000000
1652154054863927879 737.624205 1.355657 1 0 0.000000
1652154055657365541 793.413716 1.260338 1 0 0.000000
1652154057096104961 823.210801 0.695053 1 0 0.000000
1652154057813112330 716.981774 1.394686 1 0 0.000000
1652154059326925148 756.882090 1.321167 2 0 0.000000
1652154060017689173 690.737057 1.447672 1 0 0.000000
1652154060854210692 836.497418 1.195427 1 0 0.000000
1652154062275284895 710.512690 1.407386 2 0 0.000000
1652154063003263242 727.955049 1.373667 1 0 0.000000
1652154064495555651 746.121125 1.340220 2 0 0.000000
1652154065031272744 535.692500 1.866657 1 0 0.000000
1652154066371699990 670.180999 1.492062 2 0 0.000000
1652154066850033986 478.311479 2.090589 1 0 0.000000
1652154068204170232 677.043947 1.476956 2 0 0.000000
1652154068922717929 718.524593 1.391696 1 0 0.000000
1652154069643049720 720.306768 1.388249 1 0 0.000000
1652154071538919490 947.910198 1.054925 2 0 0.000000
1652154072188037392 649.094467 1.540552 1 0 0.000000
1652154072780490490 592.426366 1.687897 1 0 0.000000
1652154074125799856 1345.285811 0.743323 1 0 0.000000
1652154075432750734 653.449131 1.530279 2 0 0.000000
1652154076219995661 787.215320 1.270253 1 0 0.000000
1652154076938632756 718.612247 1.391523 1 0 0.000000
1652154078514221474 787.768887 1.269367 2 0 0.000000
1652154079117949845 603.704791 1.656374 1 0 0.000000
1652154080256660066 569.331160 1.756373 2 0 0.000000
1652154080810211843 553.528307 1.806516 1 0 0.000000
1652154082220842548 705.288410 1.417806 2 0 0.000000
1652154083517282971 648.196196 1.542686 2 0 0.000000
1652154084136212001 618.905260 1.615694 1 0 0.000000
1652154085490859785 677.287317 1.476399 2 0 0.000000
1652154086199329459 708.446760 1.411493 1 0 0.000000
1652154087329981205 565.302253 1.768891 2 0 0.000000
1652154087953080401 623.076875 1.604881 1 0 0.000000
1652154089221058423 633.965756 1.577314 2 0 0.000000
1652154090479674363 629.282974 1.589047 2 0 0.000000
1652154091286219226 806.521874 1.239857 1 0 0.000000
1652154091969540485 683.294623 1.463441 1 0 0.000000
1652154093479533754 754.973112 1.324509 2 0 0.000000
1652154094129548195 649.991122 1.538427 1 0 0.000000
1652154095554686562 712.545017 1.403372 2 0 0.000000
1652154096273737643 719.017918 1.390722 1 0 0.000000
1652154097562289118 644.250894 1.552130 2 0 0.000000
1652154098166761696 604.446427 1.654335 1 0 0.000000
1652154099429146153 631.164494 1.584303 2 0 0.000000
1652154100529973687 550.391009 1.816815 2 0 0.000000
1652154101218612600 688.615994 1.452140 1 0 0.000000
1652154101968870906 750.233989 1.332874 1 0 0.000000
1652154103275403134 653.238983 1.530770 2 0 0.000000
1652154103950164810 674.739580 1.482005 1 0 0.000000
1652154105374470428 712.126957 1.404193 2 0 0.000000
1652154105993440270 618.939954 1.615588 1 0 0.000000
1652154107315914453 661.212298 1.512317 2 0 0.000000
1652154108103081561 787.143322 1.270378 1 0 0.000000
1652154109378448718 637.658435 1.568176 2 0 0.000000
1652154110029663430 651.191052 1.535592 1 0 0.000000
1652154111500113094 735.200237 1.360128 2 0 0.000000
1652154112018751376 518.611615 1.928126 1 0 0.000000
1652154113375568441 678.385060 1.474038 2 0 0.000000
1652154114110034195 734.442746 1.361534 1 0 0.000000
1652154115513207413 701.556429 1.425341 2 0 0.000000
1652154116199706349 686.476133 1.456667 1 0 0.000000
1652154117601574107 0.000000 0.000000 0 0 0.000000
1652154118368810793 1084.528828 2.606758 2 0 0.000000
1652154119055367172 686.526043 1.456545 1 0 0.000000
1652154120344071480 644.324470 1.551946 2 0 0.000000
1652154121017264379 673.170708 1.485458 1 0 0.000000
1652154122259194471 620.942912 1.610397 2 0 0.000000
1652154123533345011 637.037550 1.569673 2 0 0.000000
1652154124179543973 646.171308 1.547511 1 0 0.000000
1652154124925196103 745.627684 1.341108 1 0 0.000000
1652154126381901492 728.328916 1.372961 2 0 0.000000
1652154127077350557 695.424668 1.437920 1 0 0.000000
1652154128425369630 673.985681 1.483659 2 0 0.000000
1652154129133372544 707.980557 1.412424 1 0 0.000000
1652154130438576071 652.578076 1.532328 2 0 0.000000
1652154131088174345 649.574894 1.539413 1 0 0.000000
1652154132529447917 720.610508 1.387662 2 0 0.000000
1652154133187534608 658.062871 1.519557 1 0 0.000000
1652154133902307829 714.745862 1.399045 1 0 0.000000
1652154135268826856 683.231307 1.463573 2 0 0.000000
1652154136569951694 650.539290 1.537132 2 0 0.000000
1652154137257304911 687.330824 1.454856 1 0 0.000000
1652154138425675817 584.162763 1.711785 2 0 0.000000
1652154139080136068 654.426679 1.527977 1 0 0.000000
1652154140349847959 634.832481 1.575160 2 0 0.000000
1652154140895166334 545.294816 1.833791 1 0 0.000000
1652154142404907598 754.844985 1.324730 2 0 0.000000
1652154143014209061 609.278689 1.641224 1 0 0.000000
1652154144457659268 721.700369 1.385569 2 0 0.000000
1652154145142709182 685.026494 1.459748 1 0 0.000000
1652154146451013015 654.128127 1.528697 2 0 0.000000
1652154147177109647 726.073012 1.377227 1 0 0.000000
1652154148478547982 650.694318 1.536761 2 0 0.000000
1652154149164712716 686.142147 1.457376 1 0 0.000000
1652154150605351362 720.295690 1.388273 2 0 0.000000
1652154151190289082 584.912301 1.709584 1 0 0.000000
1652154152515595531 1325.280870 0.754542 1 0 0.000000
1652154153231000420 715.379665 1.397810 1 0 0.000000
1652154154060367319 829.342744 1.205739 1 0 0.000000
1652154155624308715 781.944329 1.278820 2 0 0.000000
1652154156448998508 824.665396 1.212577 1 0 0.000000
1652154157135976928 686.934568 1.455650 1 0 0.000000
1652154157857736425 721.735350 1.385503 1 0 0.000000
1652154159471032236 806.621707 1.239698 2 0 0.000000
1652154160189765080 718.705856 1.391338 1 0 0.000000
1652154160850422796 660.633610 1.513643 1 0 0.000000
1652154162529529661 839.525568 1.191109 2 0 0.000000
1652154163238951812 709.393219 1.409598 1 0 0.000000
1652154164059838068 820.861835 1.218196 1 0 0.000000
1652154165499177831 719.639699 1.389526 2 0 0.000000
1652154166257473603 758.269010 1.318747 1 0 0.000000
1652154167513564597 628.016208 1.592241 2 0 0.000000
1652154168145746048 632.157545 1.581824 1 0 0.000000
1652154169516095694 685.151684 1.459482 2 0 0.000000
1652154170272258210 756.139723 1.322467 1 0 0.000000
1652154171597202907 662.448646 1.509497 2 0 0.000000
1652154172267015578 669.785102 1.492955 1 0 0.000000
1652154172952147830 685.108015 1.459572 1 0 0.000000
1652154174325712363 686.758709 1.456066 2 0 0.000000
1652154175641677882 0.000000 0.000000 0 0 0.000000
1652154176502339196 1284.383638 1.161897 1 0 0.000000
1652154177158335357 655.970877 1.524399 1 0 0.000000
1652154178551411554 696.516395 1.435672 2 0 0.000000
1652154179338673683 787.233899 1.270225 1 0 0.000000
1652154180623732232 642.503995 1.556349 2 0 0.000000
1652154181305866843 682.111121 1.465986 1 0 0.000000
1652154182638694436 666.391021 1.500569 2 0 0.000000
1652154183353167987 714.447336 1.399632 1 0 0.000000
1652154184085067219 731.872549 1.366308 1 0 0.000000
1652154185550885066 732.883873 1.364426 2 0 0.000000
1652154186275621703 724.713809 1.379812 1 0 0.000000
1652154187579775220 652.052244 1.533562 2 0 0.000000
1652154188319239038 739.439121 1.352331 1 0 0.000000
1652154189079509781 760.238638 1.315321 1 0 0.000000
1652154190407059769 663.746771 1.506535 2 0 0.000000
1652154191160904277 753.820602 1.326534 1 0 0.000000
1652154192551882525 695.464955 1.437837 2 0 0.000000
1652154193151630953 599.725454 1.667366 1 0 0.000000
1652154194539240902 693.780043 1.441327 2 0 0.000000
1652154195295061653 755.798855 1.323065 1 0 0.000000
1652154196634290398 669.589382 1.493397 2 0 0.000000
1652154197319737986 685.424444 1.458901 1 0 0.000000
1652154198038869631 719.099927 1.390566 1 0 0.000000
1652154199346186586 653.634792 1.529851 2 0 0.000000
1652154199996688559 650.469527 1.537274 1 0 0.000000
1652154201163410625 583.334564 1.714204 2 0 0.000000
1652154201992181130 828.746243 1.206607 1 0 0.000000
1652154203404652457 706.208726 1.415958 2 0 0.000000
1652154204143319946 738.642947 1.353789 1 0 0.000000
1652154205546752504 701.692857 1.425077 2 0 0.000000
1652154206248473439 701.696548 1.425068 1 0 0.000000
1652154207488673234 620.075940 1.612643 2 0 0.000000
1652154208090958897 602.259487 1.660342 1 0 0.000000
1652154209446995024 677.993559 1.474887 2 0 0.000000
1652154210134570738 687.552260 1.454385 1 0 0.000000
1652154211564210316 714.794650 1.398954 2 0 0.000000
1652154212247466832 683.202360 1.463579 1 0 0.000000
1652154213612619295 682.552140 1.465038 2 0 0.000000
1652154214359921289 747.278178 1.338147 1 0 0.000000
1652154215595865139 617.947977 1.618196 2 0 0.000000
1652154216215279957 619.392270 1.614427 1 0 0.000000
1652154217088290306 872.985747 1.145462 1 0 0.000000
1652154218496018334 703.839672 1.420729 2 0 0.000000
1652154219034780405 538.738210 1.856107 1 0 0.000000
1652154220573590027 769.381208 1.299706 2 0 0.000000
1652154221264669726 691.057544 1.447011 1 0 0.000000
1652154222006582555 741.889684 1.347867 1 0 0.000000
1652154223398419130 695.895913 1.436950 2 0 0.000000
1652154224647005588 624.269802 1.601811 2 0 0.000000
1652154225199693218 552.664221 1.809340 1 0 0.000000
1652154226433875222 617.064405 1.620507 2 0 0.000000
1652154227122084548 688.186914 1.453046 1 0 0.000000
1652154228488961613 683.414898 1.463189 2 0 0.000000
1652154229207749153 718.760859 1.391232 1 0 0.000000
1652154230028636772 820.863517 1.218194 1 0 0.000000
1652154231509050459 740.182825 1.350974 2 0 0.000000
1652154232128075986 619.002057 1.615442 1 0 0.000000
1652154233615666372 743.771295 1.344456 2 0 0.000000
1652154234407329914 791.635276 1.263163 1 0 0.000000
1652154235155580413 748.227445 1.336451 1 0 0.000000
1652154236485331682 664.845985 1.504041 2 0 0.000000
1652154237174274570 688.917665 1.451499 1 0 0.000000
1652154237960874290 786.573087 1.271295 1 0 0.000000
1652154239398233780 718.654744 1.391440 2 0 0.000000
1652154240091583723 693.327305 1.442273 1 0 0.000000
1652154241487600419 697.979854 1.432648 2 0 0.000000
1652154242278069681 790.446303 1.265071 1 0 0.000000
1652154243518046074 619.965636 1.612934 2 0 0.000000
1652154244268892852 750.823461 1.331830 1 0 0.000000
1652154244997924707 729.009040 1.371682 1 0 0.000000
1652154246494877578 748.451324 1.336047 2 0 0.000000
1652154247181731227 686.828729 1.455914 1 0 0.000000
1652154248482296108 650.253090 1.537793 2 0 0.000000
1652154249295713060 813.391432 1.229382 1 0 0.000000
1652154250011345203 715.608538 1.397366 1 0 0.000000
1652154251467195650 727.903299 1.373767 2 0 0.000000
1652154252088341496 621.116758 1.609928 1 0 0.000000
1652154253413384837 662.497276 1.509385 2 0 0.000000
1652154254048472420 635.060139 1.574586 1 0 0.000000
1652154255632129026 791.801670 1.262900 2 0 0.000000
1652154256333112761 700.952723 1.426567 1 0 0.000000
1652154257572556666 619.698343 1.613627 2 0 0.000000
1652154258359662480 787.082996 1.270477 1 0 0.000000
1652154259600401421 620.338884 1.611943 2 0 0.000000
1652154260590111011 989.676026 1.010397 1 0 0.000000
1652154261275839240 685.702650 1.458304 1 0 0.000000
1652154262580264929 652.188292 1.533242 2 0 0.000000
1652154263186133977 605.838186 1.650522 1 0 0.000000
1652154264434345201 624.071333 1.602293 2 0 0.000000
1652154265125137832 690.770103 1.447612 1 0 0.000000
1652154266461963290 668.390256 1.496082 2 0 0.000000
1652154267149944466 687.958102 1.453528 1 0 0.000000
1652154268477010249 663.509337 1.507084 2 0 0.000000
1652154269023392633 546.355646 1.830220 1 0 0.000000
1652154270379454933 678.006124 1.474858 2 0 0.000000
1652154271167895226 788.417751 1.268327 1 0 0.000000
1652154272532698902 682.373848 1.465412 2 0 0.000000
1652154273280931706 748.202398 1.336482 1 0 0.000000
1652154274556492295 637.753465 1.567938 2 0 0.000000
1652154275269005201 712.485732 1.403483 1 0 0.000000
1652154276654516145 692.730925 1.443511 2 0 0.000000
1652154277381992552 727.452217 1.374615 1 0 0.000000
1652154278087916078 705.897214 1.416584 1 0 0.000000
1652154279533884124 722.959313 1.383156 2 0 0.000000
1652154280338454035 804.545334 1.242900 1 0 0.000000
1652154281049251776 710.774778 1.406870 1 0 0.000000
1652154282522971264 736.835027 1.357110 2 0 0.000000
1652154283192641549 669.645733 1.493272 1 0 0.000000
1652154284666267686 736.787431 1.357196 2 0 0.000000
1652154285353017460 686.726740 1.456134 1 0 0.000000
1652154286136875053 783.835325 1.275742 1 0 0.000000
1652154286917095223 780.194292 1.281689 1 0 0.000000
1652154288445507980 1528.387613 0.654274 1 0 0.000000
1652154289162136661 716.602576 1.395423 1 0 0.000000
1652154290470740312 654.278311 1.528347 2 0 0.000000
1652154291427216194 956.452823 1.045505 1 0 0.000000
1652154292221250305 794.003751 1.259392 1 0 0.000000
1652154293594851536 686.771590 1.456027 2 0 0.000000
1652154294246318575 651.443955 1.534997 1 0 0.000000
1652154295172810903 926.469389 1.079340 1 0 0.000000
1652154296586211513 706.675673 1.415027 2 0 0.000000
1652154297169406391 583.171137 1.714693 1 0 0.000000
1652154298610100853 720.324849 1.388219 2 0 0.000000
1652154299431918612 821.777455 1.216815 1 0 0.000000
1652154300118178375 686.233293 1.457174 1 0 0.000000
1652154301725942220 0.000000 0.000000 0 0 0.000000
1652154302004163722 1108.601720 3.594259 1 0 0.000000
1652154303502376447 749.081241 1.334924 2 0 0.000000
1652154304189656397 687.253638 1.455011 1 0 0.000000
1652154305126648075 936.965904 1.067245 1 0 0.000000
1652154306491083207 682.192503 1.465808 2 0 0.000000
1652154307176310436 685.208291 1.459370 1 0 0.000000
1652154308513263788 668.452067 1.495938 2 0 0.000000
1652154309666190133 576.437833 1.734716 2 0 0.000000
1652154310198900398 532.685193 1.877193 1 0 0.000000
1652154311486586368 643.819444 1.553174 2 0 0.000000
1652154312008156892 521.547671 1.917286 1 0 0.000000
1652154313403697615 697.747574 1.433136 2 0 0.000000
1652154314060544034 656.823006 1.522426 1 0 0.000000
1652154315382818288 661.113732 1.512546 2 0 0.000000
1652154316692454936 654.795744 1.527141 2 0 0.000000
1652154317493307442 800.829482 1.248669 1 0 0.000000
1652154318251541253 758.208472 1.318854 1 0 0.000000
1652154319591168434 669.789991 1.492953 2 0 0.000000
1652154320243028163 651.836019 1.534072 1 0 0.000000
1652154321717837293 737.379872 1.356108 2 0 0.000000
1652154322491608387 773.747359 1.292372 1 0 0.000000
1652154323696768082 602.554933 1.659531 2 0 0.000000
1652154324347405420 650.610365 1.536955 1 0 0.000000
1652154325102655393 755.225752 1.324065 1 0 0.000000
1652154326472239622 684.766816 1.460297 2 0 0.000000
1652154327007559049 535.295467 1.868044 1 0 0.000000
1652154328516027871 754.210430 1.325848 2 0 0.000000
1652154329103839170 587.786061 1.701226 1 0 0.000000
1652154330381245042 638.678795 1.565673 2 0 0.000000
1652154331691019256 654.847066 1.526981 2 0 0.000000
1652154332274764808 583.720964 1.713075 1 0 0.000000
1652154333185418498 910.630331 1.098112 1 0 0.000000
1652154334505895283 660.212883 1.514604 2 0 0.000000
1652154335292987820 787.063489 1.270499 1 0 0.000000
1652154336044698537 751.687312 1.330299 1 0 0.000000
1652154337470772996 713.002544 1.402451 2 0 0.000000
1652154338101038066 630.241134 1.586634 1 0 0.000000
1652154339608860403 753.884649 1.326416 2 0 0.000000
1652154340343010946 734.126001 1.362118 1 0 0.000000
1652154341099370694 756.326376 1.322122 1 0 0.000000
1652154342405058584 652.819305 1.531760 2 0 0.000000
1652154343064523224 659.441687 1.516382 1 0 0.000000
1652154344497417641 716.423108 1.395776 2 0 0.000000
1652154345756825534 0.000000 0.000000 0 0 0.000000
1652154346750249499 1126.382281 2.013239 2 0 0.000000
1652154347475001650 724.730322 1.379782 1 0 0.000000
1652154348698510889 611.730270 1.634642 2 0 0.000000
1652154349455517815 756.984890 1.320992 1 0 0.000000
1652154350100901262 645.360019 1.549466 1 0 0.000000
1652154351559251246 729.152043 1.371413 2 0 0.000000
1652154352177775552 618.499217 1.616751 1 0 0.000000
1652154353617978017 720.074768 1.388694 2 0 0.000000
1652154354320459695 702.454886 1.423525 1 0 0.000000
1652154355642165008 660.828102 1.513197 2 0 0.000000
1652154356363494878 721.304100 1.386328 1 0 0.000000
1652154357148752476 785.234584 1.273467 1 0 0.000000
1652154358620322005 735.760250 1.359093 2 0 0.000000
1652154359204378595 584.030765 1.712163 1 0 0.000000
1652154360545179387 670.372541 1.491646 2 0 0.000000
1652154361260748343 715.544609 1.397489 1 0 0.000000
1652154362533068253 636.133481 1.571932 2 0 0.000000
1652154363255829667 722.736948 1.383582 1 0 0.000000
1652154364558929094 651.520006 1.534802 2 0 0.000000
1652154365310319801 751.366882 1.330866 1 0 0.000000
1652154366753354175 721.492483 1.385968 2 0 0.000000
1652154367374808392 621.429991 1.609129 1 0 0.000000
1652154368159032943 784.201943 1.275145 1 0 0.000000
1652154369602934368 721.925875 1.385136 2 0 0.000000
1652154370424961052 821.999510 1.216506 1 0 0.000000
1652154371030314808 605.327700 1.651927 1 0 0.000000
1652154372344879792 657.257569 1.521416 2 0 0.000000
1652154373749630737 702.352775 1.423740 2 0 0.000000
1652154374442366299 692.713258 1.443552 1 0 0.000000
1652154375190877448 748.498169 1.335985 1 0 0.000000
1652154376539488559 674.282442 1.483007 2 0 0.000000
1652154377253646472 714.134869 1.400251 1 0 0.000000
1652154378632435969 689.372094 1.450548 2 0 0.000000
1652154379352852968 720.391208 1.388085 1 0 0.000000
1652154380711547095 679.322455 1.472002 2 0 0.000000
1652154381397872768 686.301356 1.457034 1 0 0.000000
1652154382079574784 681.679048 1.466917 1 0 0.000000
1652154382870244898 790.643678 1.264750 1 0 0.000000
1652154384643790639 1773.520798 0.563842 1 0 0.000000
1652154385400682450 756.863445 1.321193 1 0 0.000000
1652154386770184378 684.727254 1.460385 2 0 0.000000
1652154387385691500 615.483562 1.624676 1 0 0.000000
1652154388693877071 654.067722 1.528835 2 0 0.000000
1652154389789765327 0.000000 0.000000 0 0 0.000000
1652154390410779464 1140.445663 1.610270 1 0 0.000000
1652154391756730502 672.950256 1.485938 2 0 0.000000
1652154392310123303 553.369326 1.807035 1 0 0.000000
1652154393051034894 740.885862 1.349689 1 0 0.000000
1652154394482467741 715.692650 1.397201 2 0 0.000000
1652154395235530338 753.038873 1.327911 1 0 0.000000
1652154396659495506 711.953050 1.404529 2 0 0.000000
1652154397380033390 720.512907 1.387852 1 0 0.000000
1652154398065323384 685.266214 1.459236 1 0 0.000000
1652154399527317801 730.973148 1.367994 2 0 0.000000
1652154400225885504 698.543181 1.431500 1 0 0.000000
1652154401590654066 682.360025 1.465450 2 0 0.000000
1652154402493055482 902.379375 1.108154 1 0 0.000000
1652154403777993614 642.445608 1.556495 2 0 0.000000
1652154404503635915 725.619197 1.378089 1 0 0.000000
1652154405156296693 652.638752 1.532190 1 0 0.000000
1652154406558582057 701.120014 1.426243 2 0 0.000000
1652154407177077330 618.472672 1.616827 1 0 0.000000
1652154408538401791 680.638693 1.469157 2 0 0.000000
1652154409738641090 600.096069 1.666334 2 0 0.000000
1652154410400661114 661.998118 1.510528 1 0 0.000000
1652154411223014493 822.329330 1.216022 1 0 0.000000
1652154412631686406 704.316080 1.419777 2 0 0.000000
1652154413248512961 616.804814 1.621201 1 0 0.000000
1652154414621216566 686.328177 1.456979 2 0 0.000000
1652154415239422283 618.181380 1.617585 1 0 0.000000
1652154416321198414 540.865275 1.848811 2 0 0.000000
1652154417709056420 693.906729 1.441070 2 0 0.000000
1652154418283929155 574.849987 1.739515 1 0 0.000000
1652154419454390625 585.201871 1.708728 2 0 0.000000
1652154420154056937 699.643849 1.429253 1 0 0.000000
1652154421354968570 600.432910 1.665401 2 0 0.000000
1652154422043275750 688.284537 1.452840 1 0 0.000000
1652154423653725619 805.202391 1.241889 2 0 0.000000
1652154424407566660 753.812845 1.326540 1 0 0.000000
1652154425783885424 688.133779 1.453152 2 0 0.000000
1652154426538394185 754.485287 1.325366 1 0 0.000000
1652154427294314554 755.896228 1.322891 1 0 0.000000
1652154428286410630 992.067455 1.007967 1 0 0.000000
1652154429641874245 677.705604 1.475510 2 0 0.000000
1652154430348023909 706.120301 1.416130 1 0 0.000000
1652154431220174261 872.129233 1.146591 1 0 0.000000
1652154432632194323 705.984428 1.416410 2 0 0.000000
1652154433370102579 737.886170 1.355182 1 0 0.000000
1652154434793661453 711.752995 1.404930 2 0 0.000000
1652154435587266142 793.580648 1.260073 1 0 0.000000
1652154436373510165 786.218184 1.271870 1 0 0.000000
1652154437198049147 824.513547 1.212799 1 0 0.000000
1652154438576326260 689.113257 1.451087 2 0 0.000000
1652154439295366601 719.016525 1.390743 1 0 0.000000
1652154440705835128 705.211408 1.417969 2 0 0.000000
1652154441298845017 592.986956 1.686313 1 0 0.000000
1652154442020304581 721.436340 1.386079 1 0 0.000000
1652154443562206829 770.926747 1.297098 2 0 0.000000
1652154444437707008 875.469107 1.142205 1 0 0.000000
1652154445778069083 670.154857 1.492134 2 0 0.000000
1652154446444681327 666.589723 1.500123 1 0 0.000000
1652154447306913450 862.213710 1.159780 1 0 0.000000
1652154448508343721 600.686463 1.664683 2 0 0.000000
1652154449112844625 604.476993 1.654257 1 0 0.000000
1652154450496943294 692.024970 1.444984 2 0 0.000000
1652154451734517096 618.756200 1.616065 2 0 0.000000
1652154452288210307 553.669600 1.806054 1 0 0.000000
1652154453797417850 754.565452 1.325199 2 0 0.000000
1652154454436621445 639.174021 1.564447 1 0 0.000000
1652154455704902832 634.117637 1.576937 2 0 0.000000
1652154456775041657 535.040836 1.868916 2 0 0.000000
1652154457520154906 745.086672 1.342078 1 0 0.000000
1652154458778190695 628.992926 1.589780 2 0 0.000000
1652154459366015297 587.799333 1.701188 1 0 0.000000
1652154460048038351 681.995034 1.466226 1 0 0.000000
1652154461608119103 780.009120 1.281985 2 0 0.000000
1652154462540646143 932.503425 1.072355 1 0 0.000000
1652154463313530121 772.857557 1.293855 1 0 0.000000
1652154464831067867 758.743291 1.317924 2 0 0.000000
1652154465383225673 552.133254 1.811076 1 0 0.000000
1652154466844393758 730.559575 1.368768 2 0 0.000000
1652154467440812660 596.393758 1.676674 1 0 0.000000
1652154468579248970 1138.412991 0.878398 1 0 0.000000
1652154469247664111 668.386715 1.496076 1 0 0.000000
1652154470464298110 608.292134 1.643880 2 0 0.000000
1652154471235401854 771.079899 1.296842 1 0 0.000000
1652154472660569558 712.558798 1.403344 2 0 0.000000
1652154473383316582 722.723760 1.383610 1 0 0.000000
1652154474768358292 692.496543 1.444000 2 0 0.000000
1652154475480308549 711.927379 1.404593 1 0 0.000000
1652154476378297138 897.962479 1.113600 1 0 0.000000
1652154477836336075 728.984773 1.371705 2 0 0.000000
1652154478458198027 621.838272 1.608074 1 0 0.000000
1652154479690449485 616.102843 1.623045 2 0 0.000000
1652154480429008792 738.534549 1.353987 1 0 0.000000
1652154481700837613 635.890801 1.572539 2 0 0.000000
1652154482316143183 615.280306 1.625209 1 0 0.000000
1652154483809761079 746.786222 1.339031 2 0 0.000000
1652154484578735292 768.951491 1.300434 1 0 0.000000
1652154485230150876 651.393176 1.535118 1 0 0.000000
1652154486780198510 774.993539 1.290283 2 0 0.000000
1652154487500353540 720.106593 1.388590 1 0 0.000000
1652154488354467056 854.090529 1.170805 1 0 0.000000
1652154489761893022 703.683248 1.421034 2 0 0.000000
1652154490513268946 751.351758 1.330892 1 0 0.000000
1652154491301851211 788.553383 1.268099 1 0 0.000000
1652154492607189128 652.646409 1.532170 2 0 0.000000
1652154493280835040 673.619275 1.484459 1 0 0.000000
1652154494772033286 745.573476 1.341203 2 0 0.000000
1652154495577317236 805.258550 1.241798 1 0 0.000000
1652154496282179857 704.837142 1.418716 1 0 0.000000
1652154497659733257 688.751659 1.451849 2 0 0.000000
1652154498273713257 613.956706 1.628718 1 0 0.000000
1652154499747940059 737.087874 1.356643 2 0 0.000000
1652154500387704613 639.739466 1.563075 1 0 0.000000
1652154501689670696 650.958572 1.536138 2 0 0.000000
1652154502428650842 738.958114 1.353216 1 0 0.000000
1652154503614042400 592.671034 1.687206 2 0 0.000000
1652154504232895680 618.829585 1.615892 1 0 0.000000
1652154505655735756 711.395563 1.405639 2 0 0.000000
1652154506306145435 650.386961 1.537492 1 0 0.000000
1652154507687708290 690.755251 1.447636 2 0 0.000000
1652154508372238461 684.507904 1.460856 1 0 0.000000
1652154509635152827 631.433398 1.583639 2 0 0.000000
1652154510359854544 724.678533 1.379878 1 0 0.000000
1652154511753094523 696.591901 1.435503 2 0 0.000000
1652154512458575973 705.456557 1.417472 1 0 0.000000
1652154513814323409 677.849309 1.475201 2 0 0.000000
1652154514379555714 565.210329 1.769184 1 0 0.000000
1652154515735498235 677.947736 1.474989 2 0 0.000000
1652154516508802533 773.282257 1.293152 1 0 0.000000
1652154517175636923 666.811306 1.499623 1 0 0.000000
1652154518693923061 759.119062 1.317275 2 0 0.000000
1652154519244010454 550.062715 1.817893 1 0 0.000000
1652154520633023102 694.483503 1.439872 2 0 0.000000
1652154521357389460 724.343254 1.380517 1 0 0.000000
1652154522538461065 590.512067 1.693377 2 0 0.000000
1652154523845245745 653.366636 1.530474 2 0 0.000000
1652154524528056024 682.787250 1.464536 1 0 0.000000
1652154525313378073 785.297172 1.273363 1 0 0.000000
1652154526669295796 677.934286 1.475016 2 0 0.000000
1652154527475127593 805.807300 1.240954 1 0 0.000000
1652154528402832659 927.659615 1.077929 1 0 0.000000
1652154529403825334 500.473306 1.998017 2 0 0.000000
1652154530068444502 664.598244 1.504621 1 0 0.000000
1652154531662420171 796.964907 1.254724 2 0 0.000000
1652154532382427285 719.984336 1.388875 1 0 0.000000
1652154533683908023 650.717467 1.536711 2 0 0.000000
1652154534235285898 551.354771 1.813638 1 0 0.000000
1652154535562462033 663.565154 1.506959 2 0 0.000000
1652154536326615315 764.129000 1.308638 1 0 0.000000
1652154537652844636 663.091126 1.508035 2 0 0.000000
1652154538360667678 707.797382 1.412782 1 0 0.000000
1652154539788244795 713.680365 1.400975 2 0 0.000000
1652154540506612283 718.343346 1.392045 1 0 0.000000
1652154541866283510 679.812327 1.470944 2 0 0.000000
1652154542496611021 630.304963 1.586477 1 0 0.000000
1652154543254544665 757.910305 1.319377 1 0 0.000000
1652154544757295340 751.351229 1.330893 2 0 0.000000
1652154545549026338 791.707469 1.263055 1 0 0.000000
1652154546827714804 639.320968 1.564103 2 0 0.000000
1652154547599765739 772.027304 1.295251 1 0 0.000000
1652154548246612082 646.822301 1.545962 1 0 0.000000
1652154549607953026 680.648484 1.469140 2 0 0.000000
1652154550346460369 738.485367 1.354083 1 0 0.000000
1652154551636091713 644.792406 1.550831 2 0 0.000000
1652154552336752103 700.637105 1.427225 1 0 0.000000
1652154553661808938 662.505367 1.509369 2 0 0.000000
1652154554395580789 733.749228 1.362821 1 0 0.000000
1652154555633771630 619.072605 1.615260 2 0 0.000000
1652154556334878366 701.083301 1.426316 1 0 0.000000
1652154557694488501 679.780606 1.471010 2 0 0.000000
1652154558380607378 686.092180 1.457473 1 0 0.000000
1652154559478020915 1097.389927 0.911234 1 0 0.000000
1652154560715079165 618.504388 1.616739 2 0 0.000000
1652154561398987480 683.884074 1.462184 1 0 0.000000
1652154562723920390 662.440289 1.509510 2 0 0.000000
1652154563423521203 699.571916 1.429387 1 0 0.000000
1652154564882806739 729.619842 1.370534 2 0 0.000000
1652154565591584885 708.754766 1.410879 1 0 0.000000
1652154566212350105 620.741520 1.610915 1 0 0.000000
1652154567683754668 735.673851 1.359245 2 0 0.000000
1652154568385274617 701.469071 1.425476 1 0 0.000000
1652154569814765266 714.720707 1.399100 2 0 0.000000
1652154570909298582 0.000000 0.000000 0 0 0.000000
1652154571862217883 2047.430411 1.049407 1 0 0.000000
1652154572587507680 725.262323 1.378759 1 0 0.000000
1652154573239254920 651.721610 1.534337 1 0 0.000000
1652154574685760037 723.227087 1.382643 2 0 0.000000
1652154575407723323 721.937491 1.385112 1 0 0.000000
1652154576847175587 719.700061 1.389417 2 0 0.000000
1652154577706349274 859.149676 1.163909 1 0 0.000000
1652154578324476198 618.101575 1.617791 1 0 0.000000
1652154579900919261 788.199042 1.268679 2 0 0.000000
1652154580550674042 649.729598 1.539042 1 0 0.000000
1652154581307532826 756.836998 1.321250 1 0 0.000000
1652154582604483312 648.452340 1.542079 2 0 0.000000
1652154583797807952 596.639159 1.675990 2 0 0.000000
1652154584457219420 659.388945 1.516504 1 0 0.000000
1652154585721146943 631.941184 1.582369 2 0 0.000000
1652154586345664604 624.494568 1.601236 1 0 0.000000
1652154587611949562 633.114687 1.579423 2 0 0.000000
1652154588367252440 755.279386 1.323972 1 0 0.000000
1652154589859430238 746.069148 1.340323 2 0 0.000000
1652154590921335934 0.000000 0.000000 0 0 0.000000
1652154591553309234 1693.854264 1.582346 1 0 0.000000
1652154592881390267 664.015666 1.505932 2 0 0.000000
1652154593548377217 666.964323 1.499280 1 0 0.000000
1652154594186107704 637.708054 1.568061 1 0 0.000000
1652154595439578398 1253.447936 0.797785 1 0 0.000000
1652154596918597051 739.483681 1.352248 2 0 0.000000
1652154597770827343 852.203395 1.173392 1 0 0.000000
1652154598430234263 659.380894 1.516514 1 0 0.000000
1652154599863171998 716.441336 1.395734 2 0 0.000000
1652154600505166620 641.968711 1.557645 1 0 0.000000
1652154601862767874 678.777747 1.473187 2 0 0.000000
1652154602606591772 743.800418 1.344404 1 0 0.000000
1652154603156407262 549.789404 1.818792 1 0 0.000000
1652154604720569981 782.057667 1.278639 2 0 0.000000
1652154605405111273 684.517927 1.460832 1 0 0.000000
1652154606899771643 747.305593 1.338097 2 0 0.000000
1652154607585207623 685.411192 1.458925 1 0 0.000000
1652154608323577396 738.346338 1.354335 1 0 0.000000
1652154609731845510 704.110758 1.420184 2 0 0.000000
1652154610400385955 668.515778 1.495796 1 0 0.000000
1652154611616496959 608.032887 1.644587 2 0 0.000000
1652154612269481852 652.963011 1.531429 1 0 0.000000
1652154613678079826 704.271342 1.419852 2 0 0.000000
1652154614324759770 646.668273 1.546360 1 0 0.000000
1652154615669832224 672.513268 1.486909 2 0 0.000000
1652154616442903543 773.048832 1.293542 1 0 0.000000
1652154617809196154 683.123441 1.463815 2 0 0.000000
1652154618942654388 0.000000 0.000000 0 0 0.000000
1652154619943140483 0.000000 0.000000 0 0 0.000000
1652154620680929830 1435.841902 2.710801 2 0 0.000000
1652154621367117843 686.164017 1.457327 1 0 0.000000
1652154622607267062 620.051192 1.612709 2 0 0.000000
1652154623496871424 889.581348 1.124095 1 0 0.000000
1652154624306868465 809.974058 1.234572 1 0 0.000000
1652154625848165161 770.625169 1.297609 2 0 0.000000
1652154626503454476 655.264758 1.526044 1 0 0.000000
1652154627863896574 680.194490 1.470110 2 0 0.000000
1652154628686012029 822.091093 1.216374 1 0 0.000000
1652154629791478428 552.697363 1.809191 2 0 0.000000
1652154630343412006 551.911105 1.811812 1 0 0.000000
1652154631761374449 708.958654 1.410475 2 0 0.000000
1652154632379827398 618.431599 1.616938 1 0 0.000000
1652154633755587336 687.856256 1.453742 2 0 0.000000
1652154634374863411 619.254165 1.614789 1 0 0.000000
1652154635782000518 703.544742 1.421326 2 0 0.000000
1652154636953662651 0.000000 0.000000 0 0 0.000000
1652154637954182004 0.000000 0.000000 0 0 0.000000
1652154638752745001 1157.766975 2.504499 2 0 0.000000
1652154639324669081 571.898095 1.748484 1 0 0.000000
1652154640771006634 723.145740 1.382803 2 0 0.000000
1652154641379258087 608.225378 1.644057 1 0 0.000000
1652154642585199908 602.954886 1.658455 2 0 0.000000
1652154643958607343 0.000000 0.000000 0 0 0.000000
1652154644519125694 1933.903734 1.784063 1 0 0.000000
1652154645959680913 0.000000 0.000000 0 0 0.000000
1652154646954845233 2435.692957 1.004859 1 0 0.000000
1652154647606922862 652.051377 1.533560 1 0 0.000000
1652154648821751993 607.388355 1.646322 2 0 0.000000
1652154649561744347 739.969716 1.351365 1 0 0.000000
1652154650915744311 676.976570 1.477105 2 0 0.000000
1652154651509018390 593.248499 1.685562 1 0 0.000000
1652154652809395897 650.164401 1.538015 2 0 0.000000
1652154653561939495 752.513698 1.328827 1 0 0.000000
1652154654281277914 719.314810 1.390166 1 0 0.000000
1652154655672158598 695.416920 1.437938 2 0 0.000000
1652154656345771724 673.589065 1.484532 1 0 0.000000
1652154657886725687 770.453858 1.297897 2 0 0.000000
1652154658489070866 602.321244 1.660178 1 0 0.000000
1652154659658383405 584.548428 1.710407 2 0 0.000000
1652154660466200102 807.794495 1.237905 1 0 0.000000
1652154661806920236 670.335402 1.491736 2 0 0.000000
1652154662562573176 755.627361 1.323359 1 0 0.000000
1652154663898215382 667.796840 1.497407 2 0 0.000000
1652154664518302010 620.064076 1.612678 1 0 0.000000
1652154665953543974 717.597843 1.393493 2 0 0.000000
1652154666629384730 675.816520 1.479638 1 0 0.000000
1652154667295856805 666.449988 1.500438 1 0 0.000000
1652154668565954647 635.025632 1.574682 2 0 0.000000
1652154669305824970 739.846207 1.351588 1 0 0.000000
1652154670778063956 736.096910 1.358475 2 0 0.000000
1652154671449777828 671.682288 1.488729 1 0 0.000000
1652154672793904368 672.039858 1.487955 2 0 0.000000
1652154673542579010 748.650972 1.335694 1 0 0.000000
1652154674251021862 708.417854 1.411546 1 0 0.000000
1652154675709534084 729.228269 1.371260 2 0 0.000000
1652154676554744626 845.187905 1.183137 1 0 0.000000
1652154677893646708 669.426384 1.493761 2 0 0.000000
1652154678520906185 627.234219 1.594237 1 0 0.000000
1652154679743125659 611.086648 1.636367 2 0 0.000000
1652154680956780900 606.804975 1.647914 2 0 0.000000
1652154681729987025 773.183492 1.293316 1 0 0.000000
1652154682401303473 671.293104 1.489610 1 0 0.000000
1652154683755814605 677.230141 1.476547 2 0 0.000000
1652154684408364663 652.520975 1.532449 1 0 0.000000
1652154685829245518 710.415921 1.407578 2 0 0.000000
1652154686628730829 799.461877 1.250805 1 0 0.000000
1652154687382205837 753.451885 1.327184 1 0 0.000000
1652154688207477923 825.248781 1.211722 1 0 0.000000
1652154689666823876 729.648284 1.370477 2 0 0.000000
1652154690556584760 889.735815 1.123897 1 0 0.000000
1652154691968714018 706.040812 1.416301 2 0 0.000000
1652154692824616241 855.879074 1.168358 1 0 0.000000
1652154693477159238 652.519617 1.532466 1 0 0.000000
1652154694991025259 756.905990 1.321121 2 0 0.000000
1652154695800895831 809.848394 1.234765 1 0 0.000000
1652154696655641681 854.718141 1.169938 1 0 0.000000
1652154697480475333 824.808809 1.212366 1 0 0.000000
1652154698189132613 708.632016 1.411119 1 0 0.000000
1652154699081330532 892.172019 1.120828 1 0 0.000000
1652154700695080841 806.850879 1.239349 2 0 0.000000
1652154701410844310 715.739192 1.397110 1 0 0.000000
1652154702645486815 617.298434 1.619902 2 0 0.000000
1652154703500005930 854.493325 1.170249 1 0 0.000000
1652154704945742814 722.840663 1.383378 2 0 0.000000
1652154705654526991 708.759815 1.410867 1 0 0.000000
1652154706338275338 683.723990 1.462526 1 0 0.000000
1652154707833813554 747.746595 1.337311 2 0 0.000000
1652154708398264658 564.427073 1.771633 1 0 0.000000
1652154709684149747 642.918629 1.555349 2 0 0.000000
1652154710437731934 753.559274 1.326995 1 0 0.000000
1652154711812617136 687.419930 1.454667 2 0 0.000000
1652154712583895241 771.255172 1.296549 1 0 0.000000
1652154713242396348 658.478163 1.518600 1 0 0.000000
1652154714740994772 749.276060 1.334580 2 0 0.000000
1652154715928980488 593.968670 1.683522 2 0 0.000000
1652154716387128964 458.123888 2.182698 1 0 0.000000
1652154717765932437 689.380590 1.450533 2 0 0.000000
1652154718424498966 658.545234 1.518449 1 0 0.000000
1652154719760708778 668.081050 1.496771 2 0 0.000000
1652154720310735043 549.997834 1.818095 1 0 0.000000
1652154721737016221 713.117992 1.402248 2 0 0.000000
1652154722389053377 652.014638 1.533655 1 0 0.000000
1652154723859356815 1470.281346 0.680132 1 0 0.000000
1652154725016132245 0.000000 0.000000 0 0 0.000000
1652154725505984866 1646.601098 2.041431 1 0 0.000000
1652154726830707596 662.337231 1.509750 2 0 0.000000
1652154727449800575 619.070682 1.615266 1 0 0.000000
1652154728869755470 709.953765 1.408495 2 0 0.000000
1652154729511008489 641.227975 1.559447 1 0 0.000000
1652154730937321239 713.128866 1.402217 2 0 0.000000
1652154731741187747 803.843810 1.243988 1 0 0.000000
1652154732485664189 744.450412 1.343226 1 0 0.000000
1652154733927192994 720.739375 1.387416 2 0 0.000000
1652154734595108983 667.891877 1.497194 1 0 0.000000
1652154735432089061 836.953651 1.194772 1 0 0.000000
1652154736775338001 671.599005 1.488927 2 0 0.000000
1652154737942611060 583.606600 1.713395 2 0 0.000000
1652154738799552194 856.912818 1.166941 1 0 0.000000
1652154739560023964 760.435732 1.314973 1 0 0.000000
1652154740756859781 598.394168 1.671073 2 0 0.000000
1652154741403281111 646.397434 1.546979 1 0 0.000000
1652154742832589528 714.629553 1.399278 2 0 0.000000
1652154743413469544 580.854792 1.721526 1 0 0.000000
1652154744821192746 703.837686 1.420734 2 0 0.000000
1652154745545098909 723.883184 1.381395 1 0 0.000000
1652154746958489048 706.669425 1.415037 2 0 0.000000
1652154747724122305 765.609521 1.306108 1 0 0.000000
1652154748345099876 620.953917 1.610364 1 0 0.000000
1652154749796481702 725.665965 1.377997 2 0 0.000000
1652154751020304225 611.884203 1.634224 2 0 0.000000
1652154751700912773 680.584376 1.469273 1 0 0.000000
1652154752508393200 807.456170 1.238420 1 0 0.000000
1652154753895405185 693.481764 1.441949 2 0 0.000000
1652154754601044893 705.616368 1.417154 1 0 0.000000
1652154755938930895 668.918219 1.494896 2 0 0.000000
1652154756666890189 727.935277 1.373703 1 0 0.000000
1652154757282474041 615.559977 1.624474 1 0 0.000000
1652154758684873185 701.173496 1.426127 2 0 0.000000
1652154760010772625 662.924166 1.508410 2 0 0.000000
1652154760665471744 654.676702 1.527419 1 0 0.000000
1652154761473014714 807.519575 1.238324 1 0 0.000000
1652154762835092417 681.015973 1.468345 2 0 0.000000
1652154763511381895 676.263722 1.478657 1 0 0.000000
1652154764195694892 684.290023 1.461320 1 0 0.000000
1652154765671823609 738.040964 1.354895 2 0 0.000000
1652154766960861969 644.492560 1.551544 2 0 0.000000
1652154767666031124 705.144262 1.418099 1 0 0.000000
1652154768474830224 808.772819 1.236401 1 0 0.000000
1652154769912803517 718.963046 1.390846 2 0 0.000000
1652154770640204648 727.378007 1.374757 1 0 0.000000
1652154771344711577 704.453203 1.419432 1 0 0.000000
1652154772755714411 705.476310 1.417432 2 0 0.000000
1652154773441577638 685.835253 1.458017 1 0 0.000000
1652154774826663434 692.519995 1.443954 2 0 0.000000
1652154775962862963 568.077137 1.760254 2 0 0.000000
1652154776605638921 642.753029 1.555752 1 0 0.000000
1652154777265790960 660.126555 1.514803 1 0 0.000000
1652154778806500998 770.330161 1.298103 2 0 0.000000
1652154779460505658 653.980228 1.529041 1 0 0.000000
1652154780288716550 828.187332 1.207422 1 0 0.000000
1652154781934530176 822.880662 1.215204 2 0 0.000000
1652154782594923895 660.370229 1.514248 1 0 0.000000
1652154783999772786 702.401635 1.423641 2 0 0.000000
1652154784841442319 841.643718 1.188115 1 0 0.000000
1652154786057787410 0.000000 0.000000 0 0 0.000000
1652154786801214037 979.862705 2.690246 2 0 0.000000
1652154787526657683 725.420738 1.378467 1 0 0.000000
1652154788817324967 645.310769 1.549586 2 0 0.000000
1652154790051084957 616.844628 1.621061 2 0 0.000000
1652154790733872586 682.763542 1.464584 1 0 0.000000
1652154791488029145 754.129281 1.325985 1 0 0.000000
1652154792742675399 627.299958 1.594075 2 0 0.000000
1652154793908398990 582.838743 1.715673 2 0 0.000000
1652154795062930112 0.000000 0.000000 0 0 0.000000
1652154796063016141 0.000000 0.000000 0 0 0.000000
1652154797063939709 0.000000 0.000000 0 0 0.000000
1652154797819020638 1616.250941 2.648723 2 0 0.000000
1652154798471429365 652.384506 1.532781 1 0 0.000000
1652154799918424696 723.470204 1.382174 2 0 0.000000
1652154800673970988 755.523829 1.323546 1 0 0.000000
1652154801882523421 604.253063 1.654872 2 0 0.000000
1652154802631317159 748.765221 1.335481 1 0 0.000000
1652154803218897627 587.557048 1.701895 1 0 0.000000
1652154804780936917 780.996363 1.280378 2 0 0.000000
1652154805494358374 713.395297 1.401696 1 0 0.000000
1652154806807450158 656.524422 1.523123 2 0 0.000000
1652154807529328960 721.856550 1.385274 1 0 0.000000
1652154808958715168 714.669392 1.399202 2 0 0.000000
1652154809477177392 518.439100 1.928781 1 0 0.000000
1652154810758444467 640.611248 1.560955 2 0 0.000000
1652154811411692369 653.219085 1.530812 1 0 0.000000
1652154812882252264 735.256167 1.360026 2 0 0.000000
1652154813566271235 683.995380 1.461948 1 0 0.000000
1652154815015058844 724.370017 1.380465 2 0 0.000000
1652154815626332282 611.250279 1.635929 1 0 0.000000
1652154816829421176 601.520471 1.662388 2 0 0.000000
1652154817417917964 588.472752 1.699245 1 0 0.000000
1652154818677986696 630.009751 1.587215 2 0 0.000000
1652154819993036303 657.501444 1.520855 2 0 0.000000
1652154820683340615 690.281228 1.448636 1 0 0.000000
1652154822042579540 679.596046 1.471412 2 0 0.000000
1652154822844069580 801.465898 1.247676 1 0 0.000000
1652154823348703763 504.611787 1.981633 1 0 0.000000
1652154824958351080 804.798921 1.242508 2 0 0.000000
1652154825646152775 687.778546 1.453907 1 0 0.000000
1652154827054232702 704.015727 1.420374 2 0 0.000000
1652154827625739777 571.485003 1.749759 1 0 0.000000
1652154828441884810 816.110863 1.225273 1 0 0.000000
1652154829882693079 720.381807 1.388110 2 0 0.000000
1652154830541842517 659.127036 1.517107 1 0 0.000000
1652154831948720316 703.415835 1.421588 2 0 0.000000
1652154832608606797 659.863286 1.515412 1 0 0.000000
1652154834007948632 699.645401 1.429243 2 0 0.000000
1652154834648587695 640.617418 1.560941 1 0 0.000000
1652154835866647863 609.006824 1.641955 2 0 0.000000
1652154836685894189 819.224079 1.220634 1 0 0.000000
1652154837328404310 642.487283 1.556396 1 0 0.000000
1652154838842191852 756.869587 1.321189 2 0 0.000000
1652154839356501167 514.285660 1.944355 1 0 0.000000
1652154840863517567 753.484799 1.327126 2 0 0.000000
1652154841570446551 706.902066 1.414569 1 0 0.000000
1652154842999393061 714.446836 1.399633 2 0 0.000000
1652154843658253291 658.837618 1.517773 1 0 0.000000
1652154844996020552 668.858988 1.495028 2 0 0.000000
1652154845717602519 721.555976 1.385844 1 0 0.000000
1652154847060775448 671.562296 1.489012 2 0 0.000000
1652154847636352299 575.552409 1.737387 1 0 0.000000
1652154848882637481 623.117403 1.604769 2 0 0.000000
1652154849444212921 561.549185 1.780705 1 0 0.000000
1652154850947049771 751.384882 1.330816 2 0 0.000000
1652154851633783924 686.708854 1.456168 1 0 0.000000
1652154853026198975 696.184039 1.436353 2 0 0.000000
1652154853847420639 821.198280 1.217698 1 0 0.000000
1652154854574425891 726.981526 1.375506 1 0 0.000000
1652154855324494084 750.043010 1.333212 1 0 0.000000
1652154856130696367 806.180241 1.240383 1 0 0.000000
1652154857980129418 924.692252 1.081412 2 0 0.000000
1652154858632045757 651.892679 1.533939 1 0 0.000000
1652154859970621142 669.264744 1.494126 2 0 0.000000
1652154860704996223 734.353631 1.361702 1 0 0.000000
1652154862049511086 672.233980 1.487525 2 0 0.000000
1652154862703211700 653.667031 1.529752 1 0 0.000000
1652154864078584683 687.664528 1.454151 2 0 0.000000
1652154864733850170 655.243221 1.526099 1 0 0.000000
1652154865379928776 646.055883 1.547799 1 0 0.000000
1652154866878510285 749.266436 1.334595 2 0 0.000000
1652154867585451777 706.918955 1.414544 1 0 0.000000
1652154869108414684 761.455984 1.313230 2 0 0.000000
1652154869760038241 651.599681 1.534628 1 0 0.000000
1652154871044283142 642.098294 1.557335 2 0 0.000000
1652154871799291296 754.983787 1.324489 1 0 0.000000
1652154872935104834 567.881548 1.760852 2 0 0.000000
1652154873602573986 667.446193 1.498197 1 0 0.000000
1652154874399937680 797.338791 1.254133 1 0 0.000000
1652154875877897040 738.954932 1.353217 2 0 0.000000
1652154876595128821 717.207574 1.394249 1 0 0.000000
1652154877448486092 853.335140 1.171842 1 0 0.000000
1652154879027992610 789.725781 1.266218 2 0 0.000000
1652154879954053182 926.035784 1.079843 1 0 0.000000
1652154880845312232 891.233149 1.122008 1 0 0.000000
1652154881500602524 655.266818 1.526041 1 0 0.000000
1652154883114849891 807.097712 1.238967 2 0 0.000000
1652154883771130953 656.244854 1.523737 1 0 0.000000
1652154884588283227 817.133035 1.223762 1 0 0.000000
1652154885931540594 671.601317 1.488918 2 0 0.000000
1652154886823697204 892.133686 1.120879 1 0 0.000000
1652154887889567964 1065.847596 0.938200 1 0 0.000000
1652154888711835608 822.243543 1.216149 1 0 0.000000
1652154890119538340 703.821384 1.420755 2 0 0.000000
1652154890873329759 753.767799 1.326627 1 0 0.000000
1652154891977699782 552.160280 1.810987 2 0 0.000000
1652154892691161717 713.438585 1.401616 1 0 0.000000
1652154894035446402 672.118001 1.487780 2 0 0.000000
1652154894632361046 596.892899 1.675281 1 0 0.000000
1652154896013170567 690.381997 1.448426 2 0 0.000000
1652154896701832380 688.638183 1.452092 1 0 0.000000
1652154897382248906 680.392942 1.469688 1 0 0.000000
1652154898885166497 751.434210 1.330745 2 0 0.000000
1652154899601818300 716.620500 1.395378 1 0 0.000000
1652154900862913994 630.523502 1.585922 2 0 0.000000
1652154902130551472 633.795229 1.577738 2 0 0.000000
1652154902686791954 556.214170 1.797784 1 0 0.000000
1652154904015266856 664.214124 1.505486 2 0 0.000000
1652154904748521647 733.230055 1.363782 1 0 0.000000
1652154906112962920 682.193736 1.465801 2 0 0.000000
1652154906882721644 769.736041 1.299108 1 0 0.000000
1652154908125319238 621.280615 1.609532 2 0 0.000000
1652154908911540975 786.198087 1.271906 1 0 0.000000
1652154910137700590 0.000000 0.000000 0 0 0.000000
1652154910492348658 1077.911493 2.819697 1 0 0.000000
1652154911920312496 713.954318 1.400596 2 0 0.000000
1652154913131828922 605.731947 1.650824 2 0 0.000000
1652154913816519218 684.666856 1.460514 1 0 0.000000
1652154915058158126 620.794902 1.610774 2 0 0.000000
1652154915632613622 574.432582 1.740779 1 0 0.000000
1652154917070657656 718.999564 1.390778 2 0 0.000000
1652154918143453167 0.000000 0.000000 0 0 0.000000
1652154918527616753 1456.934802 2.603058 1 0 0.000000
1652154919966244737 719.289658 1.390213 2 0 0.000000
1652154921113319108 573.514338 1.743566 2 0 0.000000
1652154921755141804 641.800604 1.558063 1 0 0.000000
1652154922504044021 748.879419 1.335288 1 0 0.000000
1652154923901851086 698.880840 1.430813 2 0 0.000000
1652154925087012081 592.557205 1.687534 2 0 0.000000
1652154925792276714 705.241721 1.417907 1 0 0.000000
1652154926491345745 699.040218 1.430474 1 0 0.000000
1652154928127385753 1636.017345 0.611232 1 0 0.000000
1652154928744909133 617.497234 1.619372 1 0 0.000000
1652154930016124659 635.584503 1.573297 2 0 0.000000
1652154930569796693 553.650218 1.806123 1 0 0.000000
1652154931601862378 1032.042287 0.968931 1 0 0.000000
1652154932950557323 674.324423 1.482915 2 0 0.000000
1652154933588835094 638.256486 1.566716 1 0 0.000000
1652154934962189774 686.654646 1.456288 2 0 0.000000
1652154935719730230 757.518860 1.320062 1 0 0.000000
1652154937059299093 669.760153 1.493018 2 0 0.000000
1652154937691240831 631.909414 1.582424 1 0 0.000000
1652154938977357334 643.032259 1.555069 2 0 0.000000
1652154939617010138 639.625104 1.563348 1 0 0.000000
1652154940888425321 635.683629 1.573050 2 0 0.000000
1652154941639790146 751.342147 1.330911 1 0 0.000000
1652154943082634620 721.399096 1.386151 2 0 0.000000
1652154943800960262 718.302558 1.392126 1 0 0.000000
1652154944461461767 660.476793 1.514001 1 0 0.000000
1652154946069166980 803.828634 1.244009 2 0 0.000000
1652154946722705385 653.515708 1.530132 1 0 0.000000
1652154948025018323 651.131322 1.535729 2 0 0.000000
1652154948678783287 653.740081 1.529602 1 0 0.000000
1652154950018831576 670.000074 1.492484 2 0 0.000000
1652154950636416729 617.573920 1.619210 1 0 0.000000
1652154951999012349 681.274698 1.467787 2 0 0.000000
1652154952614582197 615.546915 1.624511 1 0 0.000000
1652154954091878909 738.624763 1.353824 2 0 0.000000
1652154954749893634 657.991010 1.519723 1 0 0.000000
1652154956136160061 693.110846 1.442724 2 0 0.000000
1652154956789805136 653.623675 1.529882 1 0 0.000000
1652154958161557370 685.850129 1.457989 2 0 0.000000
1652154958779821408 618.240388 1.617432 1 0 0.000000
1652154960048072582 634.101533 1.576975 2 0 0.000000
1652154960499167595 451.072080 2.216828 1 0 0.000000
1652154961831708077 666.246608 1.500892 2 0 0.000000
1652154963118584891 643.414602 1.554150 2 0 0.000000
1652154963750070523 631.460583 1.583567 1 0 0.000000
1652154964503025543 752.931346 1.328101 1 0 0.000000
1652154965249409071 746.359567 1.339794 1 0 0.000000
1652154967045767331 1796.335216 0.556682 1 0 0.000000
1652154967555359447 509.567705 1.962354 1 0 0.000000
1652154969119398630 781.994626 1.278740 2 0 0.000000
1652154969736830181 617.408833 1.619613 1 0 0.000000
1652154970817482217 540.303490 1.850734 2 0 0.000000
1652154972130488375 656.477561 1.523222 2 0 0.000000
1652154972768642307 638.130979 1.567020 1 0 0.000000
1652154974138789567 685.050829 1.459697 2 0 0.000000
1652154974692264761 553.451143 1.806766 1 0 0.000000
1652154975914083761 610.875373 1.636904 2 0 0.000000
1652154976570094782 655.985362 1.524365 1 0 0.000000
1652154978080840844 755.344793 1.323849 2 0 0.000000
1652154978822731976 741.867991 1.347907 1 0 0.000000
1652154979539613708 716.868803 1.394930 1 0 0.000000
1652154980211720618 672.083851 1.487859 1 0 0.000000
1652154981858206485 1646.463119 0.607354 1 0 0.000000
1652154983164473236 653.108656 1.531081 2 0 0.000000
1652154983784331093 619.835640 1.613273 1 0 0.000000
1652154984585391565 801.038215 1.248345 1 0 0.000000
1652154985984866874 699.712866 1.429107 2 0 0.000000
1652154986681864995 696.975067 1.434724 1 0 0.000000
1652154988029986375 674.038493 1.483546 2 0 0.000000
1652154988751448780 721.439687 1.386074 1 0 0.000000
1652154990160658283 704.581117 1.419235 2 0 0.000000
1652154990839249484 678.567239 1.473641 1 0 0.000000
1652154991668482152 829.210682 1.205934 1 0 0.000000
1652154993008529702 669.999070 1.492484 2 0 0.000000
1652154993592858041 584.305585 1.711367 1 0 0.000000
1652154995137062902 772.079264 1.295165 2 0 0.000000
1652154995828121276 691.035766 1.447056 1 0 0.000000
1652154996933763041 552.790727 1.808904 2 0 0.000000
1652154997746762231 812.977069 1.230014 1 0 0.000000
1652154999091407870 672.299590 1.487381 2 0 0.000000
1652154999713794937 622.363664 1.606717 1 0 0.000000
1652155001193637097 739.895122 1.351495 2 0 0.000000
1652155001903551923 709.891807 1.408620 1 0 0.000000
1652155002641415855 737.840442 1.355263 1 0 0.000000
1652155004071840750 715.185550 1.398186 2 0 0.000000
1652155004719013027 647.149960 1.545184 1 0 0.000000
1652155006075101404 678.021123 1.474830 2 0 0.000000
1652155006681307356 606.179861 1.649604 1 0 0.000000
1652155008152293688 735.469196 1.359632 2 0 0.000000
1652155008910507731 758.190550 1.318889 1 0 0.000000
1652155009625183620 714.650007 1.399236 1 0 0.000000
1652155010862720098 618.745027 1.616114 2 0 0.000000
1652155011650290208 787.547683 1.269728 1 0 0.000000
1652155013020422065 685.043299 1.459714 2 0 0.000000
1652155013850918287 830.473836 1.204099 1 0 0.000000
1652155015082037974 615.532226 1.624537 2 0 0.000000
1652155015879520137 797.459065 1.253947 1 0 0.000000
1652155016571290092 691.747133 1.445567 1 0 0.000000
1652155018002167823 715.415408 1.397743 2 0 0.000000
1652155018669554599 667.364188 1.498382 1 0 0.000000
1652155020196949615 763.672582 1.309419 2 0 0.000000
1652155021066514880 869.540783 1.150000 1 0 0.000000
1652155021548643376 482.106144 2.074136 1 0 0.000000
1652155023161604093 806.458279 1.239956 2 0 0.000000
1652155023883291044 721.661876 1.385642 1 0 0.000000
1652155025159521533 638.090103 1.567115 2 0 0.000000
1652155025776106992 616.559099 1.621835 1 0 0.000000
1652155027137087741 680.466970 1.469528 2 0 0.000000
1652155027867048541 729.936504 1.369937 1 0 0.000000
1652155028510284914 643.212878 1.554638 1 0 0.000000
1652155029813457398 651.563894 1.534716 2 0 0.000000
1652155031106927394 646.711476 1.546228 2 0 0.000000
1652155031739832553 632.880506 1.580015 1 0 0.000000
1652155033179842065 719.979297 1.388880 2 0 0.000000
1652155033767309768 587.443321 1.702221 1 0 0.000000
1652155034588726891 821.391027 1.217408 1 0 0.000000
1652155035274982043 686.230801 1.457184 1 0 0.000000
1652155037033786658 879.377113 1.137136 2 0 0.000000
1652155037719782822 685.969883 1.457734 1 0 0.000000
1652155039157976993 719.071170 1.390633 2 0 0.000000
1652155039921641221 763.641956 1.309476 1 0 0.000000
1652155040568265649 646.600698 1.546493 1 0 0.000000
1652155042004294237 717.986454 1.392730 2 0 0.000000
1652155042758931099 754.614099 1.325141 1 0 0.000000
1652155044134062041 687.543955 1.454407 2 0 0.000000
1652155044952208128 818.122577 1.222276 1 0 0.000000
1652155045660477656 708.217683 1.411892 1 0 0.000000
1652155046634970193 974.467673 1.026175 1 0 0.000000
1652155048098347705 731.665098 1.366701 2 0 0.000000
1652155048649572033 551.201590 1.814143 1 0 0.000000
1652155050014725924 682.553050 1.465036 2 0 0.000000
1652155050772435055 757.686493 1.319768 1 0 0.000000
1652155052002595458 615.054569 1.625804 2 0 0.000000
1652155052920384066 917.766366 1.089576 1 0 0.000000
1652155053647994335 727.585491 1.374362 1 0 0.000000
1652155054850391185 601.173778 1.663344 2 0 0.000000
1652155056036618058 593.091934 1.686018 2 0 0.000000
1652155056799273725 762.633049 1.311208 1 0 0.000000
1652155057591005911 791.709463 1.263053 1 0 0.000000
1652155058991170556 700.058767 1.428403 2 0 0.000000
1652155060192617724 600.697391 1.664659 2 0 0.000000
1652155060948554388 755.913315 1.322862 1 0 0.000000
1652155061584539498 635.961100 1.572364 1 0 0.000000
1652155062789699803 602.552932 1.659530 2 0 0.000000
1652155064211372955 710.811839 1.406793 2 0 0.000000
1652155065196781639 985.385309 1.014807 1 0 0.000000
1652155065819249586 622.443620 1.606508 1 0 0.000000
1652155067068646523 624.674023 1.600772 2 0 0.000000
1652155067708238878 639.569787 1.563496 1 0 0.000000
1652155069177447128 734.580350 1.361277 2 0 0.000000
1652155069743951596 566.480563 1.765211 1 0 0.000000
1652155070998880571 627.441229 1.593716 2 0 0.000000
1652155071688122417 689.219418 1.450870 1 0 0.000000
1652155073128876375 720.354419 1.388162 2 0 0.000000
1652155074229416596 550.247425 1.817289 2 0 0.000000
1652155075041240683 811.802326 1.231794 1 0 0.000000
1652155075563596742 522.331517 1.914403 1 0 0.000000
1652155076891489335 663.921075 1.506146 2 0 0.000000
1652155077612401203 720.887679 1.387132 1 0 0.000000
1652155079151640944 769.601482 1.299343 2 0 0.000000
1652155079942839014 791.174845 1.263906 1 0 0.000000
1652155081203508484 630.309882 1.586459 2 0 0.000000
1652155081743771915 540.239906 1.850949 1 0 0.000000
1652155082944700735 600.440113 1.665378 2 0 0.000000
1652155083563590912 618.865489 1.615796 1 0 0.000000
1652155085026062752 731.210978 1.367548 2 0 0.000000
1652155085762838212 736.752477 1.357266 1 0 0.000000
1652155087173754248 705.423921 1.417519 2 0 0.000000
1652155087893188219 719.387282 1.389982 1 0 0.000000
1652155089203167385 654.966929 1.526742 2 0 0.000000
1652155089831892555 628.702497 1.590520 1 0 0.000000
1652155090651731910 819.816106 1.219751 1 0 0.000000
1652155092133799474 741.009804 1.349466 2 0 0.000000
1652155092805779298 671.957632 1.488140 1 0 0.000000
1652155094127408971 660.793597 1.513283 2 0 0.000000
1652155094828163448 700.730902 1.427033 1 0 0.000000
1652155096034897865 603.340850 1.657366 2 0 0.000000
1652155097236466943 600.757829 1.664490 2 0 0.000000
1652155097858723034 622.233052 1.607055 1 0 0.000000
1652155099163275168 652.253852 1.533093 2 0 0.000000
1652155099818031562 654.733334 1.527286 1 0 0.000000
1652155100385508954 567.455816 1.762185 1 0 0.000000
1652155102267505310 0.000000 0.000000 0 0 0.000000
1652155102684338159 891.349008 2.399043 1 0 0.000000
1652155104111833381 713.720664 1.401056 2 0 0.000000
1652155104761646085 649.782624 1.538905 1 0 0.000000
1652155106087247037 662.776746 1.508750 2 0 0.000000
1652155106762034991 674.765868 1.481947 1 0 0.000000
1652155107919135535 578.525619 1.728458 2 0 0.000000
1652155108686921367 767.763400 1.302447 1 0 0.000000
1652155110084894186 698.962814 1.430643 2 0 0.000000
1652155110631098300 546.180059 1.830817 1 0 0.000000
1652155112189997421 779.427602 1.282957 2 0 0.000000
1652155112739046553 549.026665 1.821331 1 0 0.000000
1652155114180178804 720.540109 1.387798 2 0 0.000000
1652155114727193638 546.991194 1.828104 1 0 0.000000
1652155116121882294 697.314951 1.434012 2 0 0.000000
1652155116675553596 553.649150 1.806126 1 0 0.000000
1652155118114990138 719.695578 1.389433 2 0 0.000000
1652155118770423697 655.409678 1.525708 1 0 0.000000
1652155120073843603 651.683556 1.534425 2 0 0.000000
1652155120865312939 791.446091 1.263473 1 0 0.000000
1652155122090615475 612.628342 1.632250 2 0 0.000000
1652155123259411958 584.375354 1.711162 2 0 0.000000
1652155123942722901 683.287263 1.463463 1 0 0.000000
1652155124701589715 758.843590 1.317754 1 0 0.000000
1652155126194845906 746.605551 1.339355 2 0 0.000000
1652155126832502388 637.634205 1.568243 1 0 0.000000
1652155127588290617 755.765877 1.323122 1 0 0.000000
1652155129029308760 720.485173 1.387908 2 0 0.000000
1652155129711608383 682.277542 1.465632 1 0 0.000000
1652155130466886521 755.256392 1.324016 1 0 0.000000
1652155132075295082 804.181873 1.243465 2 0 0.000000
1652155132739709397 664.389457 1.505085 1 0 0.000000
1652155134045813615 653.029752 1.531271 2 0 0.000000
1652155134765545870 719.706595 1.389406 1 0 0.000000
1652155136172829415 703.616007 1.421178 2 0 0.000000
1652155136692356816 519.503596 1.924826 1 0 0.000000
1652155138015428321 661.512807 1.511634 2 0 0.000000
1652155138681428769 665.977544 1.501500 1 0 0.000000
1652155140090159284 704.334584 1.419718 2 0 0.000000
1652155140762887249 672.705913 1.486485 1 0 0.000000
1652155142140653642 688.860774 1.451625 2 0 0.000000
1652155142849367048 708.689987 1.411008 1 0 0.000000
1652155143608306697 758.916460 1.317628 1 0 0.000000
1652155145156312163 773.977750 1.291985 2 0 0.000000
1652155145840371025 684.036710 1.461863 1 0 0.000000
1652155147282090899 720.836302 1.387232 2 0 0.000000
1652155147990763541 708.646601 1.411089 1 0 0.000000
1652155148710814124 720.010229 1.388791 1 0 0.000000
1652155150024833542 656.985350 1.522048 2 0 0.000000
1652155150676847816 651.991030 1.533709 1 0 0.000000
1652155152012691428 667.896928 1.497181 2 0 0.000000
1652155152822121347 809.406891 1.235437 1 0 0.000000
1652155154199664121 688.748589 1.451861 2 0 0.000000
1652155154923576146 723.889979 1.381383 1 0 0.000000
1652155155681066933 757.467568 1.320148 1 0 0.000000
1652155157089302643 704.094744 1.420217 2 0 0.000000
1652155157810364662 721.040083 1.386843 1 0 0.000000
1652155159235759275 712.671920 1.403120 2 0 0.000000
1652155160092479686 856.691414 1.167242 1 0 0.000000
1652155160874749684 782.238841 1.278331 1 0 0.000000
1652155162255648400 690.425540 1.448332 2 0 0.000000
1652155162880303271 624.630204 1.600884 1 0 0.000000
1652155164287228491 703.439817 1.421540 2 0 0.000000
1652155164849852558 562.600317 1.777386 1 0 0.000000
1652155166296598841 723.350315 1.382412 2 0 0.000000
1652155167000484977 703.862311 1.420684 1 0 0.000000
1652155167725213708 724.706656 1.379827 1 0 0.000000
1652155169198727222 736.735196 1.357300 2 0 0.000000
1652155169917846122 719.093350 1.390591 1 0 0.000000
1652155171016643501 549.373519 1.820172 2 0 0.000000
1652155171633607167 616.940954 1.620841 1 0 0.000000
1652155173111024466 738.683554 1.353714 2 0 0.000000
1652155173819526517 708.476446 1.411429 1 0 0.000000
1652155175313030503 746.729113 1.339133 2 0 0.000000
1652155176101429258 788.376128 1.268394 1 0 0.000000
1652155176839867277 738.413687 1.354210 1 0 0.000000
1652155178130231327 645.159264 1.549950 2 0 0.000000
1652155179166733222 518.225338 1.929567 2 0 0.000000
1652155179783936065 617.180025 1.620213 1 0 0.000000
1652155181230261526 723.139602 1.382815 2 0 0.000000
1652155181783368557 553.084465 1.807968 1 0 0.000000
1652155182633627088 850.242915 1.176113 1 0 0.000000
1652155183970644182 668.485721 1.495867 2 0 0.000000
1652155184782696636 812.029371 1.231448 1 0 0.000000
1652155186139766473 678.510303 1.473764 2 0 0.000000
1652155186717600091 577.810795 1.730602 1 0 0.000000
1652155188049926402 666.139899 1.501134 2 0 0.000000
1652155188683934341 633.985241 1.577267 1 0 0.000000
1652155190164272079 740.146171 1.351043 2 0 0.000000
1652155190811814576 647.518431 1.544300 1 0 0.000000
1652155192056769582 622.454644 1.606484 2 0 0.000000
1652155192703656749 646.868361 1.545865 1 0 0.000000
1652155194107570800 701.934012 1.424589 2 0 0.000000
1652155194832307709 724.715947 1.379811 1 0 0.000000
1652155196004365411 586.006616 1.706401 2 0 0.000000
1652155196753544193 749.155759 1.334795 1 0 0.000000
1652155198130977569 688.699037 1.451976 2 0 0.000000
1652155198748987003 617.986410 1.618098 1 0 0.000000
1652155200218959814 734.959238 1.360569 2 0 0.000000
1652155200992519435 773.533254 1.292725 1 0 0.000000
1652155201654099738 661.556793 1.511532 1 0 0.000000
1652155203095776666 720.813947 1.387273 2 0 0.000000
1652155203842351406 746.551581 1.339451 1 0 0.000000
1652155204578062863 735.683928 1.359229 1 0 0.000000
1652155205976612493 699.252019 1.430053 2 0 0.000000
1652155206719308396 742.668348 1.346446 1 0 0.000000
1652155208145278056 712.962543 1.402554 2 0 0.000000
1652155209069271059 923.970155 1.082259 1 0 0.000000
1652155209651349068 582.055827 1.717983 1 0 0.000000
1652155211219545278 784.069684 1.275351 2 0 0.000000
1652155211739739224 520.170292 1.922360 1 0 0.000000
1652155212727528783 987.763989 1.012361 1 0 0.000000
1652155214177264715 724.845689 1.379562 2 0 0.000000
1652155214984061899 806.772606 1.239469 1 0 0.000000
1652155215588103480 604.018232 1.655515 1 0 0.000000
1652155217155304283 783.576434 1.276161 2 0 0.000000
1652155217923962341 768.635249 1.300969 1 0 0.000000
1652155219233338030 654.665166 1.527445 2 0 0.000000
1652155219850128240 616.764450 1.621297 1 0 0.000000
1652155221292133199 720.975918 1.386958 2 0 0.000000
1652155222048985118 756.823744 1.321262 1 0 0.000000
1652155222786651354 737.641418 1.355627 1 0 0.000000
1652155224322256424 767.779206 1.302418 2 0 0.000000
1652155225113836993 791.555199 1.263295 1 0 0.000000
1652155225867117160 753.255670 1.327527 1 0 0.000000
1652155227138779525 635.807267 1.572745 2 0 0.000000
1652155227755711971 616.905048 1.620923 1 0 0.000000
1652155229247100929 745.669263 1.341032 2 0 0.000000
1652155230019783024 772.658269 1.294193 1 0 0.000000
1652155231262097585 621.123947 1.609898 2 0 0.000000
1652155232042176785 780.048684 1.281921 1 0 0.000000
1652155232715620313 673.419968 1.484905 1 0 0.000000
1652155234135843684 710.085219 1.408229 2 0 0.000000
1652155234788717505 652.850787 1.531689 1 0 0.000000
1652155235664943949 876.200244 1.141258 1 0 0.000000
1652155237159696386 747.352295 1.338014 2 0 0.000000
1652155237966300191 806.580676 1.239766 1 0 0.000000
1652155239256240537 644.943794 1.550459 2 0 0.000000
1652155239991197614 734.933032 1.360624 1 0 0.000000
1652155241345503697 677.126415 1.476771 2 0 0.000000
1652155242020271785 674.745600 1.481991 1 0 0.000000
1652155242814890771 794.593371 1.258465 1 0 0.000000
1652155244188867306 686.962491 1.455629 2 0 0.000000
1652155244938929405 750.039761 1.333223 1 0 0.000000
1652155246334036249 697.529313 1.433582 2 0 0.000000
1652155247107657251 773.598439 1.292623 1 0 0.000000
1652155247770593921 662.906806 1.508440 1 0 0.000000
1652155248804392287 516.872977 1.934613 2 0 0.000000
1652155250277445794 736.504321 1.357724 2 0 0.000000
1652155250848727498 571.258790 1.750450 1 0 0.000000
1652155252165063675 658.143273 1.519369 2 0 0.000000
1652155253236920028 535.904033 1.865922 2 0 0.000000
1652155254015269227 778.325162 1.284770 1 0 0.000000
1652155255285844748 635.264297 1.574090 2 0 0.000000
1652155255905840115 619.972889 1.612915 1 0 0.000000
1652155257344404471 719.258774 1.390275 2 0 0.000000
1652155258000241033 655.814014 1.524770 1 0 0.000000
1652155259302653886 651.178817 1.535611 2 0 0.000000
1652155260056080266 753.394290 1.327270 1 0 0.000000
1652155260741038580 684.933777 1.459943 1 0 0.000000
1652155261979785050 619.349352 1.614535 2 0 0.000000
1652155263350324941 685.246015 1.459279 2 0 0.000000
1652155263823660197 473.311747 2.112667 1 0 0.000000
1652155265253583627 714.939644 1.398676 2 0 0.000000
1652155266058090165 804.484807 1.242998 1 0 0.000000
1652155267330596238 636.230322 1.571702 2 0 0.000000
1652155268005492192 674.872990 1.481710 1 0 0.000000
1652155269381093047 687.776392 1.453910 2 0 0.000000
1652155270001615336 620.497557 1.611546 1 0 0.000000
1652155270650089263 648.445801 1.542082 1 0 0.000000
1652155272047836404 698.849978 1.430874 2 0 0.000000
1652155273334159073 643.139161 1.554820 2 0 0.000000
1652155273898648897 564.464565 1.771511 1 0 0.000000
1652155275320447136 710.872335 1.406669 2 0 0.000000
1652155276102917723 782.444721 1.278003 1 0 0.000000
1652155276893064547 790.122727 1.265588 1 0 0.000000
1652155278185747349 646.303899 1.547170 2 0 0.000000
1652155278679585371 493.814052 2.024955 1 0 0.000000
1652155280281670130 801.015940 1.248373 2 0 0.000000
1652155280949737636 668.041240 1.496855 1 0 0.000000
1652155282364136279 707.171542 1.414028 2 0 0.000000
1652155283118571685 754.410132 1.325495 1 0 0.000000
1652155283816444411 697.848690 1.432926 1 0 0.000000
1652155285105442261 644.474385 1.551593 2 0 0.000000
1652155285811961868 706.496388 1.415389 1 0 0.000000
1652155287108337977 648.161330 1.542762 2 0 0.000000
1652155287733947448 625.587109 1.598441 1 0 0.000000
1652155289210634983 738.320193 1.354383 2 0 0.000000
1652155289929636919 718.978265 1.390817 1 0 0.000000
1652155291165062955 617.686955 1.618875 2 0 0.000000
1652155292396689679 615.790950 1.623869 2 0 0.000000
1652155293081706856 684.991753 1.459817 1 0 0.000000
1652155293871683800 789.953965 1.265860 1 0 0.000000
1652155295176343726 652.303338 1.532967 2 0 0.000000
1652155295757520956 581.154577 1.720646 1 0 0.000000
1652155297338807247 790.618681 1.264793 2 0 0.000000
1652155298045004248 706.174218 1.416036 1 0 0.000000
1652155298814266634 769.236897 1.299947 1 0 0.000000
1652155300295088011 740.387518 1.350602 2 0 0.000000
1652155301051522799 756.412019 1.321991 1 0 0.000000
1652155301750965547 699.418987 1.429710 1 0 0.000000
1652155303246769881 747.879487 1.337073 2 0 0.000000
1652155304015000123 768.208586 1.301693 1 0 0.000000
1652155305383293416 684.122198 1.461675 2 0 0.000000
1652155306092271359 708.950479 1.410481 1 0 0.000000
1652155307326605514 617.143663 1.620307 2 0 0.000000
1652155308114953652 788.325730 1.268475 1 0 0.000000
1652155308761209278 646.233114 1.547375 1 0 0.000000
1652155310139292877 689.017267 1.451291 2 0 0.000000
1652155310786380181 647.060993 1.545387 1 0 0.000000
1652155312024728450 619.134768 1.615055 2 0 0.000000
1652155313312459482 643.841054 1.553119 2 0 0.000000
1652155314096418179 783.934944 1.275577 1 0 0.000000
1652155314889063678 792.620531 1.261598 1 0 0.000000
1652155316351689515 731.286554 1.367404 2 0 0.000000
1652155316905773798 554.059601 1.804780 1 0 0.000000
1652155318233978762 664.078792 1.505792 2 0 0.000000
1652155318888495694 654.489117 1.527844 1 0 0.000000
1652155320120643954 616.048194 1.623181 2 0 0.000000
1652155320839347071 718.685225 1.391395 1 0 0.000000
1652155322085855403 623.231119 1.604482 2 0 0.000000
1652155323420979469 0.000000 0.000000 0 0 0.000000
1652155324404095003 1159.092253 2.034349 2 0 0.000000
1652155325026064841 621.945509 1.607795 1 0 0.000000
1652155325646768326 620.687860 1.611075 1 0 0.000000
1652155327032532667 692.860832 1.443247 2 0 0.000000
1652155328276620573 622.020489 1.607603 2 0 0.000000
1652155329088286886 811.637482 1.232033 1 0 0.000000
1652155329869861568 781.550720 1.279468 1 0 0.000000
1652155331109385816 619.739176 1.613522 2 0 0.000000
1652155331742492510 633.083735 1.579513 1 0 0.000000
1652155333202247213 729.853719 1.370093 2 0 0.000000
1652155333820470065 618.200451 1.617540 1 0 0.000000
1652155335195039712 687.263329 1.455001 2 0 0.000000
1652155335980883032 785.817094 1.272518 1 0 0.000000
1652155337325346610 672.207979 1.487582 2 0 0.000000
1652155338111951689 786.581399 1.271286 1 0 0.000000
1652155338831343560 719.367520 1.390063 1 0 0.000000
1652155339990407618 579.507878 1.725530 2 0 0.000000
1652155340663090524 672.652667 1.486585 1 0 0.000000
1652155342118006981 727.432391 1.374649 2 0 0.000000
1652155342770176809 652.141887 1.533343 1 0 0.000000
1652155344083521268 656.649479 1.522830 2 0 0.000000
1652155344861580532 778.033108 1.285249 1 0 0.000000
1652155346136187426 637.279298 1.569111 2 0 0.000000
1652155346826118971 689.906662 1.449419 1 0 0.000000
1652155348233018879 703.426454 1.421565 2 0 0.000000
1652155348984932797 751.891535 1.329939 1 0 0.000000
1652155349634617703 649.662373 1.539208 1 0 0.000000
1652155351184327025 966.496345 0.645282 1 0 0.000000
1652155351746820698 562.463137 1.777798 1 0 0.000000
1652155353207712927 730.412816 1.369026 2 0 0.000000
1652155354129900698 922.161109 1.084378 1 0 0.000000
1652155355438249930 654.151453 1.528644 2 0 0.000000
1652155356128447380 690.175083 1.448861 1 0 0.000000
1652155356715079867 586.609834 1.704645 1 0 0.000000
1652155358154124670 719.490632 1.389811 2 0 0.000000
1652155358774480836 620.333298 1.611977 1 0 0.000000
1652155359943214959 584.343023 1.711253 2 0 0.000000
1652155361237754818 647.247104 1.544950 2 0 0.000000
1652155362037563733 799.770761 1.250299 1 0 0.000000
1652155362793472193 755.885096 1.322912 1 0 0.000000
1652155364164511417 685.496788 1.458747 2 0 0.000000
1652155364849734504 685.200965 1.459379 1 0 0.000000
1652155366077647090 613.932791 1.628780 2 0 0.000000
1652155367429893515 676.099876 1.479020 2 0 0.000000
1652155368188770173 758.854296 1.317737 1 0 0.000000
1652155368958668458 769.873071 1.298873 1 0 0.000000
1652155370375314771 708.299591 1.411785 2 0 0.000000
1652155371064505632 689.168275 1.450977 1 0 0.000000
1652155371771031247 706.501293 1.415377 1 0 0.000000
1652155373094373217 661.647493 1.511325 2 0 0.000000
1652155374385389076 645.484984 1.549168 2 0 0.000000
1652155375185761669 800.350186 1.249418 1 0 0.000000
1652155375940788416 755.002397 1.324456 1 0 0.000000
1652155377399107546 729.136470 1.371442 2 0 0.000000
1652155378126495866 727.365492 1.374781 1 0 0.000000
1652155378740794482 614.275657 1.627873 1 0 0.000000
1652155380441835969 850.497261 1.175750 2 0 0.000000
1652155381174249446 732.389397 1.365349 1 0 0.000000
1652155382055851990 881.572589 1.134298 1 0 0.000000
1652155383462588727 703.345205 1.421730 2 0 0.000000
1652155384109343175 646.722418 1.546182 1 0 0.000000
1652155384766455950 657.087932 1.521809 1 0 0.000000
1652155386101395603 667.446452 1.498195 2 0 0.000000
1652155387323497890 611.026038 1.636524 2 0 0.000000
1652155388284401773 960.880889 1.040687 1 0 0.000000
1652155388935634650 651.207728 1.535549 1 0 0.000000
1652155390339218886 701.766944 1.424923 2 0 0.000000
1652155391129212234 789.970008 1.265833 1 0 0.000000
1652155391909724107 780.488042 1.281210 1 0 0.000000
1652155393165694115 627.961795 1.592395 2 0 0.000000
1652155394465951943 650.106004 1.538156 2 0 0.000000
1652155395153098625 687.120166 1.455293 1 0 0.000000
1652155395907896401 754.774371 1.324858 1 0 0.000000
1652155397108164938 600.111681 1.666294 2 0 0.000000
1652155398281013120 586.401699 1.705251 2 0 0.000000
1652155398902489061 621.452336 1.609073 1 0 0.000000
1652155400292097106 694.780949 1.439255 2 0 0.000000
1652155401133987104 841.868007 1.187804 1 0 0.000000
1652155402425902606 645.933131 1.548089 2 0 0.000000
1652155403076329246 650.399296 1.537452 1 0 0.000000
1652155403829880775 753.528972 1.327049 1 0 0.000000
1652155405230674098 700.372187 1.427762 2 0 0.000000
1652155405971691419 740.994126 1.349496 1 0 0.000000
1652155407294336533 661.299423 1.512121 2 0 0.000000
1652155407883525320 589.165934 1.697249 1 0 0.000000
