1652153557522363408 676.031334 1.478788 1 0 0.000000
1652153558515646678 993.243697 1.006762 1 0 0.000000
1652153559211758413 696.085624 1.436551 1 0 0.000000
1652153560646509006 717.348630 1.393970 2 0 0.000000
1652153561293862944 647.331435 1.544750 1 0 0.000000
1652153562517455156 611.772446 1.634531 2 0 0.000000
1652153563741888882 612.189971 1.633408 2 0 0.000000
1652153564347861343 605.946566 1.650240 1 0 0.000000
1652153565834783162 743.425236 1.345061 2 0 0.000000
1652153566506695289 671.861560 1.488290 1 0 0.000000
1652153567842863954 668.057530 1.496817 2 0 0.000000
1652153568554644659 711.754141 1.404927 1 0 0.000000
1652153569796267818 620.782144 1.610795 2 0 0.000000
1652153570478560399 682.258647 1.465647 1 0 0.000000
1652153571851652043 686.520688 1.456567 2 0 0.000000
1652153572439101351 587.421149 1.702275 1 0 0.000000
1652153573218013057 778.887679 1.283843 1 0 0.000000
1652153574586157799 684.047001 1.461834 2 0 0.000000
1652153575317141592 730.957301 1.368019 1 0 0.000000
1652153576692237654 687.523322 1.454444 2 0 0.000000
1652153577274587311 582.326794 1.717181 1 0 0.000000
1652153578614098035 669.730522 1.493082 2 0 0.000000
1652153579271505682 657.383110 1.521126 1 0 0.000000
1652153580850705804 1579.173229 0.633232 1 0 0.000000
1652153581621537443 770.804250 1.297300 1 0 0.000000
1652153582292680138 671.116610 1.489996 1 0 0.000000
1652153583636503100 671.870585 1.488291 2 0 0.000000
1652153584357463264 720.936660 1.387039 1 0 0.000000
1652153585773777419 708.132165 1.412116 2 0 0.000000
1652153586493368039 719.564369 1.389679 1 0 0.000000
1652153587160875082 667.481058 1.498112 1 0 0.000000
1652153588669655104 754.352193 1.325574 2 0 0.000000
1652153589340699802 671.014874 1.490214 1 0 0.000000
1652153590165135458 824.410036 1.212951 1 0 0.000000
1652153591446711184 640.762160 1.560579 2 0 0.000000
1652153592719277450 636.256947 1.571627 2 0 0.000000
1652153593476914685 757.613008 1.319893 1 0 0.000000
1652153594092879914 615.937574 1.623468 1 0 0.000000
1652153595510825901 708.948777 1.410491 2 0 0.000000
1652153596153142188 642.292426 1.556865 1 0 0.000000
1652153597661931338 754.367038 1.325566 2 0 0.000000
1652153598385069089 723.112427 1.382862 1 0 0.000000
1652153599595204265 605.028951 1.652708 2 0 0.000000
1652153600373598242 778.363882 1.284696 1 0 0.000000
1652153601863127581 744.735652 1.342706 2 0 0.000000
1652153602585695431 722.527986 1.383953 1 0 0.000000
1652153603874653301 0.000000 0.000000 0 0 0.000000
1652153604653269525 1033.761057 2.568660 2 0 0.000000
1652153605404005445 750.708355 1.332026 1 0 0.000000
1652153606779544181 687.743894 1.453976 2 0 0.000000
1652153607516362303 736.792076 1.357187 1 0 0.000000
1652153608210607057 694.219475 1.440414 1 0 0.000000
1652153609816726007 803.030560 1.245238 2 0 0.000000
1652153610558676983 741.923322 1.347798 1 0 0.000000
1652153611433656365 874.952811 1.142884 1 0 0.000000
1652153612876251053 721.266046 1.386391 2 0 0.000000
1652153613685003722 808.725856 1.236472 1 0 0.000000
1652153614307551733 622.518983 1.606302 1 0 0.000000
1652153615656611413 674.502794 1.482514 2 0 0.000000
1652153616308412370 651.774044 1.534211 1 0 0.000000
1652153617732500463 712.016026 1.404408 2 0 0.000000
1652153618370995483 638.467771 1.566183 1 0 0.000000
1652153619678074807 653.515095 1.530129 2 0 0.000000
1652153620470177490 792.076708 1.262463 1 0 0.000000
1652153621158176318 687.973504 1.453491 1 0 0.000000
1652153622802658093 822.215846 1.216189 2 0 0.000000
1652153623453499831 650.817157 1.536472 1 0 0.000000
1652153624767178610 656.813832 1.522442 2 0 0.000000
1652153625450858024 683.647024 1.462674 1 0 0.000000
1652153626801246434 675.166661 1.481055 2 0 0.000000
1652153627594106437 792.833862 1.261257 1 0 0.000000
1652153628246682165 652.547056 1.532389 1 0 0.000000
1652153629740171416 746.715891 1.339146 2 0 0.000000
1652153630309696518 569.500379 1.755849 1 0 0.000000
1652153631620989425 655.620902 1.525212 2 0 0.000000
1652153632858193799 618.576588 1.616548 2 0 0.000000
1652153633477720009 619.498770 1.614137 1 0 0.000000
1652153634334765677 857.020746 1.166799 1 0 0.000000
1652153635782648112 723.911165 1.381328 2 0 0.000000
1652153636574469547 791.793861 1.262911 1 0 0.000000
1652153637294031226 719.532150 1.389735 1 0 0.000000
1652153638628033862 666.977220 1.499247 2 0 0.000000
1652153639424312202 796.246335 1.255842 1 0 0.000000
1652153640697298709 636.467578 1.571109 2 0 0.000000
1652153641417535116 720.204202 1.388433 1 0 0.000000
1652153642860857971 721.622833 1.385691 2 0 0.000000
1652153643467792702 606.908439 1.647624 1 0 0.000000
1652153644620157501 576.157885 1.735562 2 0 0.000000
1652153645888038704 633.915571 1.577435 2 0 0.000000
1652153646607696654 719.630000 1.389549 1 0 0.000000
1652153647715678224 553.964620 1.805084 2 0 0.000000
1652153648335974578 620.269456 1.612133 1 0 0.000000
1652153649658722554 661.347118 1.512004 2 0 0.000000
1652153650280068381 621.319310 1.609410 1 0 0.000000
1652153651556318515 638.101178 1.567091 2 0 0.000000
1652153652221284800 664.943138 1.503836 1 0 0.000000
1652153653690494975 734.577867 1.361276 2 0 0.000000
1652153654388764900 698.243122 1.432111 1 0 0.000000
1652153655804526460 707.850181 1.412667 2 0 0.000000
1652153656322288523 517.736608 1.931389 1 0 0.000000
1652153657585403532 631.534722 1.583387 2 0 0.000000
1652153658205269098 619.842593 1.613253 1 0 0.000000
1652153659666243799 730.464510 1.368949 2 0 0.000000
1652153660896513310 615.109284 1.625660 2 0 0.000000
1652153661478580097 582.042055 1.718016 1 0 0.000000
1652153662684114357 602.741443 1.659015 2 0 0.000000
1652153663295454778 611.312987 1.635750 1 0 0.000000
1652153664692704251 698.595939 1.431384 2 0 0.000000
1652153665379915232 687.183668 1.455157 1 0 0.000000
1652153666619542372 619.785910 1.613388 2 0 0.000000
1652153667308975908 689.392721 1.450466 1 0 0.000000
1652153668714195678 702.585238 1.423265 2 0 0.000000
1652153669370475133 656.249946 1.523741 1 0 0.000000
1652153670804766874 717.122181 1.394416 2 0 0.000000
1652153671493742635 688.950687 1.451430 1 0 0.000000
1652153672527647400 1033.879040 0.967207 1 0 0.000000
1652153673737526941 604.913841 1.653057 2 0 0.000000
1652153674509241973 771.686761 1.295815 1 0 0.000000
1652153675576484218 533.597608 1.873989 2 0 0.000000
1652153676845058187 634.261514 1.576573 2 0 0.000000
1652153677649537708 804.456021 1.243040 1 0 0.000000
1652153678335095940 685.529219 1.458665 1 0 0.000000
1652153679667429583 666.139310 1.501125 2 0 0.000000
1652153680416240964 748.787361 1.335450 1 0 0.000000
1652153681685683491 634.696654 1.575495 2 0 0.000000
1652153682379335338 693.615327 1.441645 1 0 0.000000
1652153683654502557 637.559694 1.568422 2 0 0.000000
1652153684342859267 688.331496 1.452735 1 0 0.000000
1652153685752544694 704.816059 1.418756 2 0 0.000000
1652153686267376278 514.798016 1.942383 1 0 0.000000
1652153687810514026 771.543566 1.296061 2 0 0.000000
1652153688393880424 583.334956 1.714189 1 0 0.000000
1652153689887844778 746.955598 1.338720 2 0 0.000000
1652153690615208165 727.339186 1.374829 1 0 0.000000
1652153691378128520 762.898183 1.310753 1 0 0.000000
1652153692586615234 604.217908 1.654962 2 0 0.000000
1652153693201630921 614.992767 1.625975 1 0 0.000000
1652153694712380671 755.350596 1.323846 2 0 0.000000
1652153695453903950 741.498692 1.348575 1 0 0.000000
1652153696887559772 716.790090 1.395035 2 0 0.000000
1652153697509823554 622.233101 1.607036 1 0 0.000000
1652153698232240778 722.392501 1.384242 1 0 0.000000
1652153699672979100 720.344060 1.388177 2 0 0.000000
1652153700911003764 618.987918 1.615477 2 0 0.000000
1652153701627473181 716.446754 1.395733 1 0 0.000000
1652153702346557271 719.061248 1.390658 1 0 0.000000
1652153703675071713 664.231386 1.505441 2 0 0.000000
1652153704394720980 719.620205 1.389566 1 0 0.000000
1652153705890550624 747.890721 1.337051 2 0 0.000000
1652153706523030542 632.449864 1.581078 1 0 0.000000
1652153707175086714 652.030552 1.533610 1 0 0.000000
1652153708919870144 872.368697 1.146274 2 0 0.000000
1652153709583103374 663.209762 1.507765 1 0 0.000000
1652153710330857640 747.730615 1.337338 1 0 0.000000
1652153711658327910 663.711859 1.506625 2 0 0.000000
1652153712184845735 526.493849 1.899271 1 0 0.000000
1652153713648746416 731.919852 1.366213 2 0 0.000000
1652153714885525631 618.363036 1.617104 2 0 0.000000
1652153715568245224 682.696338 1.464730 1 0 0.000000
1652153716326005658 757.732328 1.319678 1 0 0.000000
1652153717603267448 638.605777 1.565850 2 0 0.000000
1652153718943673430 670.175529 1.492085 2 0 0.000000
1652153719733240698 789.538312 1.266517 1 0 0.000000
1652153720424851031 691.583590 1.445901 1 0 0.000000
1652153721781280640 678.188854 1.474459 2 0 0.000000
1652153722431795201 650.490535 1.537245 1 0 0.000000
1652153723838145148 703.151278 1.422121 2 0 0.000000
1652153724565431312 727.254435 1.374975 1 0 0.000000
1652153725291400102 725.942070 1.377470 1 0 0.000000
1652153726659519254 684.033504 1.461861 2 0 0.000000
1652153727387246711 727.701967 1.374141 1 0 0.000000
1652153728759767294 686.234887 1.457173 2 0 0.000000
1652153729432707387 672.918352 1.486016 1 0 0.000000
1652153730861665947 714.447507 1.399621 2 0 0.000000
1652153731511079499 649.388192 1.539851 1 0 0.000000
1652153732278971565 767.869232 1.302266 1 0 0.000000
1652153733788994170 754.986174 1.324483 2 0 0.000000
1652153734389533154 600.515469 1.665171 1 0 0.000000
1652153735780519993 695.470303 1.437828 2 0 0.000000
1652153736432231422 651.685113 1.534421 1 0 0.000000
1652153737950090127 758.906191 1.317646 2 0 0.000000
1652153738673113619 722.998930 1.383081 1 0 0.000000
1652153739409162671 736.025873 1.358605 1 0 0.000000
1652153740935582960 763.186395 1.310255 2 0 0.000000
1652153741693285536 757.674751 1.319779 1 0 0.000000
1652153742246596080 553.284558 1.807303 1 0 0.000000
1652153743691200780 722.274468 1.384462 2 0 0.000000
1652153744343066558 651.834380 1.534058 1 0 0.000000
1652153745684261804 670.570901 1.491207 2 0 0.000000
1652153746823989309 569.836980 1.754805 2 0 0.000000
1652153747565330958 741.320399 1.348906 1 0 0.000000
1652153748898929958 666.774327 1.499701 2 0 0.000000
1652153749585525864 686.574206 1.456461 1 0 0.000000
1652153750927673153 671.049608 1.490149 2 0 0.000000
1652153751646095595 718.393063 1.391939 1 0 0.000000
1652153752365438060 719.319286 1.390158 1 0 0.000000
1652153753675139916 654.827409 1.527065 2 0 0.000000
1652153754434166506 759.002665 1.317477 1 0 0.000000
1652153755927824426 746.804044 1.338995 2 0 0.000000
1652153756645641586 717.791568 1.393112 1 0 0.000000
1652153757963925578 659.120517 1.517124 2 0 0.000000
1652153758844499884 880.551348 1.135623 1 0 0.000000
1652153759469571914 625.047347 1.599816 1 0 0.000000
1652153760977303065 0.000000 0.000000 0 0 0.000000
1652153761799683614 1165.029502 2.431964 2 0 0.000000
1652153762476034371 676.321083 1.478523 1 0 0.000000
1652153763188475624 712.417362 1.403624 1 0 0.000000
1652153764645527514 728.498902 1.372635 2 0 0.000000
1652153765429317174 783.765860 1.275853 1 0 0.000000
1652153766740933986 655.783719 1.524836 2 0 0.000000
1652153767393684216 652.727187 1.531980 1 0 0.000000
1652153768843700797 724.984793 1.379295 2 0 0.000000
1652153769626718505 782.993947 1.277110 1 0 0.000000
1652153770963862117 668.546619 1.495726 2 0 0.000000
1652153771684609870 720.719647 1.387448 1 0 0.000000
1652153772336067574 651.431864 1.535019 1 0 0.000000
1652153773814849722 739.367001 1.352464 2 0 0.000000
1652153774456229130 641.351042 1.559140 1 0 0.000000
1652153775860780737 702.251858 1.423942 2 0 0.000000
1652153776581450415 720.644974 1.387598 1 0 0.000000
1652153777248056813 666.575466 1.500136 1 0 0.000000
1652153778692793533 722.344041 1.384335 2 0 0.000000
1652153779464304805 771.488915 1.296157 1 0 0.000000
1652153780870541102 703.090484 1.422236 2 0 0.000000
1652153781826895157 956.323469 1.045638 1 0 0.000000
1652153782643317281 816.394505 1.224857 1 0 0.000000
1652153783314973751 671.629638 1.488856 1 0 0.000000
1652153784786654372 735.814861 1.358990 2 0 0.000000
1652153785575962644 789.275030 1.266932 1 0 0.000000
1652153786876409671 650.188083 1.537933 2 0 0.000000
1652153787595379790 718.942234 1.390878 1 0 0.000000
1652153788349941607 754.538544 1.325272 1 0 0.000000
1652153789585722452 617.865389 1.618410 2 0 0.000000
1652153790686950434 550.591599 1.816154 2 0 0.000000
1652153791468113218 781.139469 1.280143 1 0 0.000000
1652153792944789498 738.314430 1.354393 2 0 0.000000
1652153793459648278 514.833541 1.942280 1 0 0.000000
1652153794890862680 715.582067 1.397415 2 0 0.000000
1652153795516278349 625.390052 1.598937 1 0 0.000000
1652153796826116391 654.894640 1.526906 2 0 0.000000
1652153797635955068 809.815644 1.234814 1 0 0.000000
1652153798972421651 668.207852 1.496483 2 0 0.000000
1652153799613356654 640.911323 1.560221 1 0 0.000000
1652153800280997318 667.617415 1.497812 1 0 0.000000
1652153801883101525 801.028180 1.248358 2 0 0.000000
1652153802588487229 705.364790 1.417664 1 0 0.000000
1652153803877968739 644.711316 1.551011 2 0 0.000000
1652153804700934598 822.942670 1.215117 1 0 0.000000
1652153806007782115 0.000000 0.000000 0 0 0.000000
1652153806449461164 1748.503297 2.264088 1 0 0.000000
1652153807721017798 635.749832 1.572875 2 0 0.000000
1652153808391462057 670.410405 1.491548 1 0 0.000000
1652153809983167037 795.827033 1.256514 2 0 0.000000
1652153810627345926 644.155980 1.552364 1 0 0.000000
1652153811365699713 738.330984 1.354364 1 0 0.000000
1652153812806231313 720.240095 1.388376 2 0 0.000000
1652153813502318204 696.061627 1.436602 1 0 0.000000
1652153814726860187 612.246374 1.633264 2 0 0.000000
1652153815387656226 660.771617 1.513326 1 0 0.000000
1652153816761854046 687.075709 1.455395 2 0 0.000000
1652153817585929931 824.052079 1.213480 1 0 0.000000
1652153818237886975 651.928342 1.533843 1 0 0.000000
1652153819749232537 755.648602 1.323324 2 0 0.000000
1652153820452682283 703.425865 1.421566 1 0 0.000000
1652153821918172102 732.726707 1.364731 2 0 0.000000
1652153822676178183 757.983995 1.319251 1 0 0.000000
1652153824012190133 667.979911 1.496993 2 0 0.000000
1652153824732261037 720.041415 1.388752 1 0 0.000000
1652153826002702841 635.192398 1.574256 2 0 0.000000
1652153826686308191 683.580261 1.462832 1 0 0.000000
1652153827992905747 653.276160 1.530693 2 0 0.000000
1652153828647683420 654.753717 1.527236 1 0 0.000000
1652153829925874382 639.072850 1.564711 2 0 0.000000
1652153830573655178 647.755856 1.543732 1 0 0.000000
1652153831971177792 698.739943 1.431104 2 0 0.000000
1652153832726969646 755.766375 1.323116 1 0 0.000000
1652153833228490861 501.498341 1.993934 1 0 0.000000
1652153834837102553 804.277735 1.243308 2 0 0.000000
1652153835474884089 637.745236 1.567935 1 0 0.000000
1652153836957736956 741.401749 1.348751 2 0 0.000000
1652153837563377795 605.584086 1.651144 1 0 0.000000
1652153838922312897 679.441259 1.471741 2 0 0.000000
1652153839571697275 649.358994 1.539920 1 0 0.000000
1652153840806672757 617.462483 1.619465 2 0 0.000000
1652153841430161582 623.466303 1.603878 1 0 0.000000
1652153842890408969 730.096280 1.369631 2 0 0.000000
1652153843526937372 636.505910 1.571022 1 0 0.000000
1652153844892757102 682.877372 1.464322 2 0 0.000000
1652153845512208344 619.428594 1.614332 1 0 0.000000
1652153846987087422 737.414736 1.356043 2 0 0.000000
1652153847608984836 621.873653 1.607982 1 0 0.000000
1652153848394769341 785.752179 1.272613 1 0 0.000000
1652153849887995989 746.588250 1.339381 2 0 0.000000
1652153850572119519 684.099964 1.461724 1 0 0.000000
1652153851926492594 677.165446 1.476698 2 0 0.000000
1652153852613413977 686.899152 1.455771 1 0 0.000000
1652153853347607952 734.168336 1.362038 1 0 0.000000
1652153854688070600 670.208343 1.492022 2 0 0.000000
1652153855475996546 787.903570 1.269155 1 0 0.000000
1652153856919308479 721.633471 1.385702 2 0 0.000000
1652153857607642251 688.303176 1.452784 1 0 0.000000
1652153858684004882 538.156842 1.858110 2 0 0.000000
1652153859919453162 617.703236 1.618846 2 0 0.000000
1652153860540894544 621.418183 1.609162 1 0 0.000000
1652153861219770987 678.854637 1.473022 1 0 0.000000
1652153862796265357 788.223525 1.268638 2 0 0.000000
1652153863453094393 656.805937 1.522466 1 0 0.000000
1652153864728021846 637.438874 1.568717 2 0 0.000000
1652153865583745487 855.700437 1.168602 1 0 0.000000
1652153866963969085 690.089875 1.449041 2 0 0.000000
1652153867651481484 687.490102 1.454519 1 0 0.000000
1652153868791924818 570.199132 1.753704 2 0 0.000000
1652153869549873375 757.925900 1.319351 1 0 0.000000
1652153870857962569 654.021456 1.528948 2 0 0.000000
1652153871927008380 534.500936 1.870827 2 0 0.000000
1652153872603568745 676.542201 1.478065 1 0 0.000000
1652153873913282232 654.832527 1.527052 2 0 0.000000
1652153874632550712 719.241103 1.390301 1 0 0.000000
1652153875973952178 670.668643 1.490978 2 0 0.000000
1652153876786921524 812.947149 1.230059 1 0 0.000000
1652153877509115828 722.168702 1.384669 1 0 0.000000
1652153878881648000 686.241882 1.457161 2 0 0.000000
1652153879465058863 583.388671 1.714058 1 0 0.000000
1652153880830106724 682.500290 1.465150 2 0 0.000000
1652153881478672766 648.545769 1.541863 1 0 0.000000
1652153882841955185 681.616284 1.467047 2 0 0.000000
1652153883601321210 759.341412 1.316888 1 0 0.000000
1652153884958172010 678.401777 1.474001 2 0 0.000000
1652153885577461385 619.240571 1.614754 1 0 0.000000
1652153886988911317 705.702673 1.416983 2 0 0.000000
1652153887727667298 738.732436 1.353627 1 0 0.000000
1652153888396983532 669.292774 1.494062 1 0 0.000000
1652153889904568461 753.769424 1.326625 2 0 0.000000
1652153890660688943 756.097022 1.322541 1 0 0.000000
1652153891520998650 860.286072 1.162372 1 0 0.000000
1652153892885879426 682.417936 1.465329 2 0 0.000000
1652153893675855243 789.951314 1.265862 1 0 0.000000
1652153895015457970 669.770419 1.492980 2 0 0.000000
1652153895556229858 540.746644 1.849209 1 0 0.000000
1652153896338729463 782.475785 1.277956 1 0 0.000000
1652153897879010284 770.117401 1.298465 2 0 0.000000
1652153899049955470 585.447815 1.708022 2 0 0.000000
1652153900071181039 0.000000 0.000000 0 0 0.000000
1652153900576313962 942.369983 1.979677 1 0 0.000000
1652153901849166339 636.402982 1.571274 2 0 0.000000
1652153902438115817 588.923893 1.697939 1 0 0.000000
1652153903858871536 710.354690 1.407702 2 0 0.000000
1652153904551546720 692.643596 1.443678 1 0 0.000000
1652153905823228432 635.818507 1.572721 2 0 0.000000
1652153906542131389 718.876185 1.391008 1 0 0.000000
1652153907908610654 683.215859 1.463615 2 0 0.000000
1652153908573082777 664.446624 1.504954 1 0 0.000000
1652153909699893078 563.377767 1.774922 2 0 0.000000
1652153910398216570 698.301280 1.432001 1 0 0.000000
1652153911805629855 703.681311 1.421047 2 0 0.000000
1652153912479597477 673.945175 1.483751 1 0 0.000000
1652153913198016221 718.396187 1.391946 1 0 0.000000
1652153914846676540 1648.638473 0.606553 1 0 0.000000
1652153915536178554 689.477427 1.450322 1 0 0.000000
1652153916871260625 667.506912 1.498035 2 0 0.000000
1652153917590875802 719.593531 1.389632 1 0 0.000000
1652153918305954494 715.050692 1.398447 1 0 0.000000
1652153919894039997 825.132767 0.629689 1 0 0.000000
1652153920544841335 650.778981 1.536567 1 0 0.000000
1652153921983120780 719.116113 1.390550 2 0 0.000000
1652153922847696436 864.541713 1.156637 1 0 0.000000
1652153923431130736 583.411141 1.713989 1 0 0.000000
1652153924685947758 627.385041 1.593858 2 0 0.000000
1652153925509671678 823.701468 1.213999 1 0 0.000000
1652153926813591188 651.935346 1.533837 2 0 0.000000
1652153927434013731 620.384153 1.611805 1 0 0.000000
1652153928788444321 677.191712 1.476635 2 0 0.000000
1652153930061074688 636.285272 1.571548 2 0 0.000000
1652153930748456707 687.360674 1.454795 1 0 0.000000
1652153932000909255 626.202328 1.596867 2 0 0.000000
1652153932835617010 834.685708 1.198024 1 0 0.000000
1652153933487031565 651.391187 1.535121 1 0 0.000000
1652153934756569022 634.745845 1.575377 2 0 0.000000
1652153936077497593 660.440312 1.514086 2 0 0.000000
1652153936729356005 651.835635 1.534075 1 0 0.000000
1652153937485265607 755.887010 1.322910 1 0 0.000000
1652153938877069710 695.876780 1.436984 2 0 0.000000
1652153939667190394 790.098061 1.265629 1 0 0.000000
1652153940352720010 685.507360 1.458726 1 0 0.000000
1652153941731895780 689.564237 1.450141 2 0 0.000000
1652153942384918474 653.000689 1.531340 1 0 0.000000
1652153943795172505 705.103225 1.418184 2 0 0.000000
1652153944411116200 615.921975 1.623525 1 0 0.000000
1652153945872625253 730.731601 1.368449 2 0 0.000000
1652153946472850147 600.202802 1.666042 1 0 0.000000
1652153947947286751 737.195483 1.356450 2 0 0.000000
1652153948644740178 697.429397 1.433788 1 0 0.000000
1652153950026794334 691.003310 1.447121 2 0 0.000000
1652153950664300825 637.454765 1.568611 1 0 0.000000
1652153951937714101 636.682861 1.570582 2 0 0.000000
1652153952754594981 816.857476 1.224169 1 0 0.000000
1652153953601876844 847.259707 1.180245 1 0 0.000000
1652153954787470593 592.768002 1.686918 2 0 0.000000
1652153955986170166 599.326197 1.668475 2 0 0.000000
1652153956623564677 637.368190 1.568887 1 0 0.000000
1652153957864856320 620.623006 1.611225 2 0 0.000000
1652153959092602118 613.848976 1.629002 2 0 0.000000
1652153959797008993 704.372841 1.419634 1 0 0.000000
1652153960985003212 593.968040 1.683510 2 0 0.000000
1652153961684753374 699.728070 1.429081 1 0 0.000000
1652153963011493567 663.347744 1.507454 2 0 0.000000
1652153963617674994 606.154996 1.649671 1 0 0.000000
1652153964418032906 800.334403 1.249441 1 0 0.000000
1652153965760321620 671.117933 1.489992 2 0 0.000000
1652153967096839540 668.235901 1.496426 2 0 0.000000
1652153967985104763 888.237578 1.125790 1 0 0.000000
1652153968705027563 719.896695 1.389038 1 0 0.000000
1652153970085201917 690.062524 1.449092 2 0 0.000000
1652153970702059547 616.832291 1.621120 1 0 0.000000
1652153971418556751 716.475032 1.395679 1 0 0.000000
1652153972870368238 725.874692 1.377589 2 0 0.000000
1652153973453471352 583.076747 1.714963 1 0 0.000000
1652153974900231312 723.351512 1.382399 2 0 0.000000
1652153975619455837 719.199077 1.390386 1 0 0.000000
1652153977119636534 0.000000 0.000000 0 0 0.000000
1652153977781843025 1081.173140 3.020206 2 0 0.000000
1652153978537879509 756.012208 1.322687 1 0 0.000000
1652153979824621778 643.344973 1.554313 2 0 0.000000
1652153980682050336 857.406952 1.166278 1 0 0.000000
1652153981404851577 722.778433 1.383506 1 0 0.000000
1652153982946197827 770.646649 1.297567 2 0 0.000000
1652153983562351776 616.130876 1.622971 1 0 0.000000
1652153985023946330 730.770269 1.368369 2 0 0.000000
1652153985732408923 708.440466 1.411507 1 0 0.000000
1652153987124371665 695.960652 1.436820 2 0 0.000000
1652153987926853557 802.458508 1.246134 1 0 0.000000
1652153988632523142 705.641786 1.417094 1 0 0.000000
1652153989913979970 640.704516 1.560724 2 0 0.000000
1652153990563304323 649.301765 1.540062 1 0 0.000000
1652153991908783873 672.717208 1.486459 2 0 0.000000
1652153992635835394 727.028492 1.375418 1 0 0.000000
1652153993938451865 651.285866 1.535371 2 0 0.000000
1652153994712572706 774.098830 1.291788 1 0 0.000000
1652153995995515015 641.446881 1.558917 2 0 0.000000
1652153996605167780 609.628820 1.640278 1 0 0.000000
1652153998002189137 698.486563 1.431617 2 0 0.000000
1652153998747481169 745.269591 1.341756 1 0 0.000000
1652153999511078177 763.572937 1.309591 1 0 0.000000
1652154001000094185 744.482352 1.343169 2 0 0.000000
1652154001675949319 675.833234 1.479607 1 0 0.000000
1652154002977731404 650.867348 1.536355 2 0 0.000000
1652154004135958120 0.000000 0.000000 0 0 0.000000
1652154004947893206 985.055306 2.463251 2 0 0.000000
1652154005613378491 665.463259 1.502663 1 0 0.000000
1652154006920077436 653.326482 1.530574 2 0 0.000000
1652154007606488274 686.388530 1.456853 1 0 0.000000
1652154009041910033 717.688039 1.393319 2 0 0.000000
1652154009624354436 582.419250 1.716902 1 0 0.000000
1652154011031186961 703.393787 1.421633 2 0 0.000000
1652154011635137544 603.929443 1.655765 1 0 0.000000
1652154013116402037 740.603553 1.350198 2 0 0.000000
1652154013815367415 698.942444 1.430686 1 0 0.000000
1652154014526613103 711.224196 1.405984 1 0 0.000000
1652154015868829344 671.081875 1.490073 2 0 0.000000
1652154016686557523 817.706062 1.222900 1 0 0.000000
1652154018077510409 695.453750 1.437863 2 0 0.000000
1652154018675567117 598.033128 1.672082 1 0 0.000000
1652154020097047722 710.714175 1.406984 2 0 0.000000
1652154021071415276 974.354519 1.026307 1 0 0.000000
1652154021712833640 641.395837 1.559045 1 0 0.000000
1652154022453890721 741.034443 1.349424 1 0 0.000000
1652154023942341518 744.201263 1.343679 2 0 0.000000
1652154024799597556 857.231014 1.166513 1 0 0.000000
1652154026105367373 652.861298 1.531664 2 0 0.000000
1652154027151712486 0.000000 0.000000 0 0 0.000000
1652154027549978276 1444.588592 2.510886 1 0 0.000000
1652154028990550365 720.259590 1.388337 2 0 0.000000
1652154029509389039 518.806354 1.927381 1 0 0.000000
1652154030852954987 671.758237 1.488576 2 0 0.000000
1652154032127205502 637.104047 1.569550 2 0 0.000000
1652154032776745642 649.517221 1.539551 1 0 0.000000
1652154034136928558 680.069970 1.470390 2 0 0.000000
1652154034961090448 824.139179 1.213354 1 0 0.000000
1652154035751666145 790.551180 1.264901 1 0 0.000000
1652154037081690324 664.988251 1.503732 2 0 0.000000
1652154037760941210 679.227652 1.472210 1 0 0.000000
1652154038461839184 700.873532 1.426741 1 0 0.000000
1652154039750880817 644.496372 1.551540 2 0 0.000000
1652154041028214354 638.642337 1.565762 2 0 0.000000
1652154041686298863 658.062092 1.519562 1 0 0.000000
1652154043160875180 737.264193 1.356322 2 0 0.000000
1652154043830085624 669.187310 1.494298 1 0 0.000000
1652154044570598751 740.490559 1.350415 1 0 0.000000
1652154045976644026 702.997141 1.422429 2 0 0.000000
1652154046614534277 637.868094 1.567668 1 0 0.000000
1652154047914998337 650.209364 1.537913 2 0 0.000000
1652154048672583312 757.563169 1.319984 1 0 0.000000
1652154049912657104 620.019293 1.612807 2 0 0.000000
1652154050599211761 686.529844 1.456548 1 0 0.000000
1652154051969646513 685.190606 1.459391 2 0 0.000000
1652154052870628219 900.955655 1.109900 1 0 0.000000
1652154053557912390 687.260882 1.455002 1 0 0.000000
1652154054828980815 635.505786 1.573479 2 0 0.000000
1652154055513979448 684.976462 1.459857 1 0 0.000000
1652154056338714870 824.712829 1.212510 1 0 0.000000
1652154058020452353 1681.713101 0.594623 1 0 0.000000
1652154058841536548 821.059748 1.217902 1 0 0.000000
1652154060047795508 603.103763 1.658019 2 0 0.000000
1652154060751812260 703.993646 1.420421 1 0 0.000000
1652154061561507956 809.672396 1.235032 1 0 0.000000
1652154062952234284 695.340066 1.438097 2 0 0.000000
1652154063757866565 805.608395 1.241261 1 0 0.000000
1652154065078089258 660.086526 1.514896 2 0 0.000000
1652154065715825933 637.709486 1.568045 1 0 0.000000
1652154066883027292 583.577445 1.713500 2 0 0.000000
1652154067499146273 616.096493 1.623063 1 0 0.000000
1652154069024874295 762.831726 1.310850 2 0 0.000000
1652154069643196602 618.299314 1.617280 1 0 0.000000
1652154070978664701 667.709931 1.497602 2 0 0.000000
1652154071709147787 730.460117 1.368957 1 0 0.000000
1652154073108254054 699.529030 1.429484 2 0 0.000000
1652154073764068625 655.790520 1.524821 1 0 0.000000
1652154075101552419 668.716179 1.495345 2 0 0.000000
1652154075910409907 808.833642 1.236312 1 0 0.000000
1652154076974381131 531.957269 1.879750 2 0 0.000000
1652154078001814044 1027.407890 0.973300 1 0 0.000000
1652154078650128555 648.290008 1.542461 1 0 0.000000
1652154079923741991 636.780704 1.570335 2 0 0.000000
1652154080659435733 735.671004 1.359261 1 0 0.000000
1652154081994082432 667.299341 1.498524 2 0 0.000000
1652154082720179445 726.071378 1.377226 1 0 0.000000
1652154084101504033 690.637033 1.447886 2 0 0.000000
1652154085191017904 0.000000 0.000000 0 0 0.000000
1652154085662363098 1560.835174 2.121587 1 0 0.000000
1652154087125759238 731.673254 1.366684 2 0 0.000000
1652154087814693686 688.912617 1.451517 1 0 0.000000
1652154089118085764 651.672961 1.534458 2 0 0.000000
1652154089825004019 706.895692 1.414591 1 0 0.000000
1652154091145222998 660.083617 1.514900 2 0 0.000000
1652154091796201109 650.959893 1.536150 1 0 0.000000
1652154093170763717 687.258791 1.455008 2 0 0.000000
1652154093772979543 602.193349 1.660534 1 0 0.000000
1652154094539853520 766.848047 1.303995 1 0 0.000000
1652154095828224187 644.161861 1.552348 2 0 0.000000
1652154096532920889 704.673413 1.419050 1 0 0.000000
1652154098022087847 744.565494 1.343033 2 0 0.000000
1652154098746858879 724.748098 1.379746 1 0 0.000000
1652154099468419093 721.536114 1.385886 1 0 0.000000
1652154100926781684 729.157550 1.371401 2 0 0.000000
1652154101664610316 737.806435 1.355328 1 0 0.000000
1652154103039249183 687.294358 1.454928 2 0 0.000000
1652154104171190123 565.947910 1.766877 2 0 0.000000
1652154104842541755 671.328974 1.489532 1 0 0.000000
1652154105581861830 739.296261 1.352594 1 0 0.000000
1652154107005388991 711.741020 1.404961 2 0 0.000000
1652154107659263112 653.851733 1.529346 1 0 0.000000
1652154109165105768 752.896287 1.328160 2 0 0.000000
1652154109826681459 661.554001 1.511543 1 0 0.000000
1652154110545079651 718.374727 1.391986 1 0 0.000000
1652154112021442354 738.156404 1.354681 2 0 0.000000
1652154112771639641 750.174499 1.332983 1 0 0.000000
1652154114040730476 634.521861 1.575931 2 0 0.000000
1652154114757288559 716.536482 1.395560 1 0 0.000000
1652154115545894363 788.583753 1.268061 1 0 0.000000
1652154116787222970 620.639077 1.611177 2 0 0.000000
1652154117857762262 535.245399 1.868217 2 0 0.000000
1652154118606749166 748.964542 1.335137 1 0 0.000000
1652154120015129636 704.162463 1.420071 2 0 0.000000
1652154120753195096 738.039690 1.354893 1 0 0.000000
1652154122147819535 697.282559 1.434078 2 0 0.000000
1652154122773524045 625.675953 1.598198 1 0 0.000000
1652154124215313449 720.871752 1.387165 2 0 0.000000
1652154124888403157 673.061788 1.485686 1 0 0.000000
1652154125579870383 691.443521 1.446200 1 0 0.000000
1652154126837822410 628.951241 1.589886 2 0 0.000000
1652154128137899410 650.014866 1.538370 2 0 0.000000
1652154128893429322 755.492305 1.323574 1 0 0.000000
1652154130180504242 643.513786 1.553911 2 0 0.000000
1652154130884028838 703.499261 1.421414 1 0 0.000000
1652154131602143743 718.091605 1.392535 1 0 0.000000
1652154132843745209 620.777795 1.610823 2 0 0.000000
1652154134216786271 686.494381 1.456621 2 0 0.000000
1652154134958224407 741.415292 1.348730 1 0 0.000000
1652154135648769130 690.520061 1.448132 1 0 0.000000
1652154136945613077 648.397179 1.542206 2 0 0.000000
1652154137648587923 702.949603 1.422526 1 0 0.000000
1652154139108749161 730.057226 1.369712 2 0 0.000000
1652154139694619901 585.848478 1.706861 1 0 0.000000
1652154141193084035 749.208317 1.334700 2 0 0.000000
1652154141890226288 697.117902 1.434427 1 0 0.000000
1652154143152993262 631.165487 1.583823 2 0 0.000000
1652154143802095558 649.079668 1.540589 1 0 0.000000
1652154145145814702 671.825828 1.488406 2 0 0.000000
1652154145830163777 684.326945 1.461243 1 0 0.000000
1652154146938441676 554.116381 1.804602 2 0 0.000000
1652154147710566307 772.100164 1.295128 1 0 0.000000
1652154149080452355 684.918717 1.459975 2 0 0.000000
1652154149647038193 566.562134 1.764958 1 0 0.000000
1652154151015912410 684.414323 1.461055 2 0 0.000000
1652154152203321118 593.677492 1.684340 2 0 0.000000
1652154152756482724 553.136563 1.807790 1 0 0.000000
1652154153488589004 732.081282 1.365922 1 0 0.000000
1652154154919518609 715.439258 1.397693 2 0 0.000000
1652154155730315613 810.770492 1.233354 1 0 0.000000
1652154156962882503 616.261357 1.622630 2 0 0.000000
1652154158236137598 636.602063 1.570777 2 0 0.000000
1652154158856651939 620.487784 1.611566 1 0 0.000000
1652154159998830399 571.063102 1.751040 2 0 0.000000
1652154161240505406 0.000000 0.000000 0 0 0.000000
1652154161758194477 1759.336756 1.931662 1 0 0.000000
1652154162947376160 594.566433 1.681829 2 0 0.000000
1652154163703519465 756.120958 1.322501 1 0 0.000000
1652154165080956662 688.692768 1.451972 2 0 0.000000
1652154165738346520 657.366349 1.521167 1 0 0.000000
1652154166944896737 603.252438 1.657619 2 0 0.000000
1652154167665587649 720.666905 1.387557 1 0 0.000000
1652154169070886937 702.622519 1.423184 2 0 0.000000
1652154169789487707 718.575687 1.391593 1 0 0.000000
1652154171083203520 646.832683 1.545935 2 0 0.000000
1652154171800086405 716.836111 1.394928 1 0 0.000000
1652154173123064240 661.465009 1.511741 2 0 0.000000
1652154173807053670 683.966261 1.462011 1 0 0.000000
1652154175182493427 687.695521 1.454080 2 0 0.000000
1652154175851178932 668.662066 1.495471 1 0 0.000000
1652154176608194855 756.994207 1.320976 1 0 0.000000
1652154178082442370 737.101064 1.356624 2 0 0.000000
1652154178834618001 752.151575 1.329477 1 0 0.000000
1652154179555088200 720.442515 1.387982 1 0 0.000000
1652154180892755597 668.806159 1.495140 2 0 0.000000
1652154181673871876 781.085302 1.280219 1 0 0.000000
1652154183081507894 703.795249 1.420822 2 0 0.000000
1652154184256277943 0.000000 0.000000 0 0 0.000000
1652154184659211614 1056.815125 2.481799 1 0 0.000000
1652154186070553859 705.635886 1.417091 2 0 0.000000
1652154186787605753 717.019013 1.394599 1 0 0.000000
1652154188113803649 663.075205 1.508071 2 0 0.000000
1652154188734581685 620.749043 1.610882 1 0 0.000000
1652154190134566778 699.965811 1.428587 2 0 0.000000
1652154190808140558 673.548441 1.484618 1 0 0.000000
1652154192225175872 708.493345 1.411397 2 0 0.000000
1652154192964863757 739.662682 1.351922 1 0 0.000000
1652154193716359651 751.471026 1.330679 1 0 0.000000
1652154195007262653 645.425698 1.549303 2 0 0.000000
1652154195773478046 766.188326 1.305116 1 0 0.000000
1652154197217657086 722.065705 1.384870 2 0 0.000000
1652154197899239392 681.559278 1.467174 1 0 0.000000
1652154198658519535 759.254137 1.317037 1 0 0.000000
1652154200236947104 789.188192 1.267084 2 0 0.000000
1652154200957723674 720.748675 1.387392 1 0 0.000000
1652154201643007320 685.259536 1.459250 1 0 0.000000
1652154202959429554 658.185951 1.519269 2 0 0.000000
1652154204227581678 634.049816 1.577098 2 0 0.000000
1652154204931805794 704.199418 1.420002 1 0 0.000000
1652154205548922201 617.088577 1.620440 1 0 0.000000
1652154207006825300 728.927851 1.371833 2 0 0.000000
1652154208193498119 593.308989 1.685385 2 0 0.000000
1652154208930506761 736.985228 1.356836 1 0 0.000000
1652154209686744620 756.212083 1.322335 1 0 0.000000
1652154211086828982 700.020060 1.428485 2 0 0.000000
1652154211659709615 572.855780 1.745564 1 0 0.000000
1652154212948540949 644.393149 1.551793 2 0 0.000000
1652154213650136039 701.571826 1.425324 1 0 0.000000
1652154215046397007 698.106561 1.432397 2 0 0.000000
1652154215731332439 684.912338 1.459992 1 0 0.000000
1652154217090710417 679.665567 1.471261 2 0 0.000000
1652154217809087925 718.354529 1.392026 1 0 0.000000
1652154218518162575 709.050193 1.410289 1 0 0.000000
1652154220116158799 798.970781 1.251567 2 0 0.000000
1652154220736410278 620.224781 1.612249 1 0 0.000000
1652154222209732801 736.637697 1.357476 2 0 0.000000
1652154222898951474 689.190547 1.450918 1 0 0.000000
1652154224269586018 685.292239 1.459178 2 0 0.000000
1652154225080864260 811.255068 1.232623 1 0 0.000000
1652154225900657105 819.770188 1.219820 1 0 0.000000
1652154226671257173 770.577575 1.297690 1 0 0.000000
1652154228177596820 753.145733 1.327722 2 0 0.000000
1652154228933068546 755.448483 1.323676 1 0 0.000000
1652154230270798120 668.840466 1.495070 2 0 0.000000
1652154230975754650 704.909741 1.418527 1 0 0.000000
1652154231612091846 636.313014 1.571494 1 0 0.000000
1652154232986507080 687.183266 1.455164 2 0 0.000000
1652154233670786927 684.257164 1.461390 1 0 0.000000
1652154235052472183 690.811027 1.447508 2 0 0.000000
1652154235742247764 689.749415 1.449747 1 0 0.000000
1652154237141001756 699.350563 1.429844 2 0 0.000000
1652154237847604475 706.572574 1.415222 1 0 0.000000
1652154239264046881 708.198480 1.411988 2 0 0.000000
1652154239934501822 670.432814 1.491525 1 0 0.000000
1652154241292334370 678.893914 1.472936 2 0 0.000000
1652154242006656020 714.298942 1.399930 1 0 0.000000
1652154242761889297 755.210464 1.324094 1 0 0.000000
1652154243896337023 567.198118 1.762972 2 0 0.000000
1652154244620253982 723.903652 1.381374 1 0 0.000000
1652154246015803192 697.751972 1.433128 2 0 0.000000
1652154246770685587 754.857913 1.324710 1 0 0.000000
1652154248143330096 686.298799 1.457041 2 0 0.000000
1652154248727459343 584.106870 1.711950 1 0 0.000000
1652154250060072570 666.284018 1.500811 2 0 0.000000
1652154250678016842 617.920587 1.618269 1 0 0.000000
1652154252170535355 746.229594 1.340017 2 0 0.000000
1652154252842466675 671.908708 1.488247 1 0 0.000000
1652154253982424827 569.945049 1.754450 2 0 0.000000
1652154254546700669 564.252277 1.772183 1 0 0.000000
1652154256110347961 781.795809 1.279061 2 0 0.000000
1652154256764862285 654.490664 1.527850 1 0 0.000000
1652154258066103101 650.595831 1.536995 2 0 0.000000
1652154258786329915 720.203324 1.388451 1 0 0.000000
1652154260150918450 682.271297 1.465643 2 0 0.000000
1652154260829857646 678.917090 1.472886 1 0 0.000000
1652154261618113029 788.233138 1.268624 1 0 0.000000
1652154263166325983 774.087763 1.291812 2 0 0.000000
1652154263816326986 649.977369 1.538459 1 0 0.000000
1652154265118514288 651.070254 1.535877 2 0 0.000000
1652154265708418745 589.882992 1.695190 1 0 0.000000
1652154266982609873 637.071220 1.569623 2 0 0.000000
1652154267668421449 685.789651 1.458126 1 0 0.000000
1652154269075023809 703.272749 1.421866 2 0 0.000000
1652154269747267268 672.220560 1.487556 1 0 0.000000
1652154271067434081 660.058900 1.514960 2 0 0.000000
1652154271842626624 775.170221 1.290002 1 0 0.000000
1652154273113735359 635.529967 1.573430 2 0 0.000000
1652154273806205944 692.441502 1.444105 1 0 0.000000
1652154275314027660 0.000000 0.000000 0 0 0.000000
1652154276242601551 1218.162517 2.153841 2 0 0.000000
1652154276937059950 694.433541 1.439971 1 0 0.000000
1652154277723841637 786.758673 1.271001 1 0 0.000000
1652154279191557318 733.834148 1.362662 2 0 0.000000
1652154280242563488 525.480683 1.902938 2 0 0.000000
1652154280926652928 684.067992 1.461797 1 0 0.000000
1652154282147808245 610.556101 1.637793 2 0 0.000000
1652154282796519997 648.689716 1.541517 1 0 0.000000
1652154284086579287 645.002885 1.550316 2 0 0.000000
1652154284688044900 601.439978 1.662605 1 0 0.000000
1652154286068609454 690.259040 1.448683 2 0 0.000000
1652154286779248907 710.616891 1.407183 1 0 0.000000
1652154288169232963 694.969733 1.438865 2 0 0.000000
1652154288875612737 706.355988 1.415669 1 0 0.000000
1652154290296564637 710.454262 1.407507 2 0 0.000000
1652154291014757878 718.170829 1.392383 1 0 0.000000
1652154292284033927 634.615994 1.575701 2 0 0.000000
1652154292874958747 590.896109 1.692263 1 0 0.000000
1652154294180348807 652.672382 1.532109 2 0 0.000000
1652154294763516723 583.145248 1.714772 1 0 0.000000
1652154296238209023 737.314223 1.356215 2 0 0.000000
1652154297329273218 0.000000 0.000000 0 0 0.000000
1652154297823174214 1584.941365 2.024698 1 0 0.000000
1652154299057656414 617.217384 1.620112 2 0 0.000000
1652154299810510355 752.829589 1.328279 1 0 0.000000
1652154300563867203 753.329454 1.327392 1 0 0.000000
1652154302030230472 733.158962 1.363919 2 0 0.000000
1652154303194560774 582.139556 1.717726 2 0 0.000000
1652154303741745841 547.160931 1.827535 1 0 0.000000
1652154305262717075 760.462092 1.314949 2 0 0.000000
1652154306336129532 0.000000 0.000000 0 0 0.000000
1652154306759292550 1496.551700 2.363156 1 0 0.000000
1652154308052908576 646.784703 1.546054 2 0 0.000000
1652154308825749169 772.816391 1.293928 1 0 0.000000
1652154310161674843 667.938773 1.497089 2 0 0.000000
1652154310904593222 742.895170 1.346043 1 0 0.000000
1652154312277768616 686.564273 1.456478 2 0 0.000000
1652154312950470385 672.678179 1.486543 1 0 0.000000
1652154313676259481 725.765050 1.377811 1 0 0.000000
1652154315017556060 670.625552 1.491095 2 0 0.000000
1652154315772718984 755.140291 1.324218 1 0 0.000000
1652154317183520615 705.377634 1.417634 2 0 0.000000
1652154317910262957 726.719163 1.376003 1 0 0.000000
1652154318593284425 682.998800 1.464083 1 0 0.000000
1652154320035026196 720.844486 1.387211 2 0 0.000000
1652154320724352827 689.298892 1.450691 1 0 0.000000
1652154322113261263 694.430961 1.439980 2 0 0.000000
1652154322836592612 723.309518 1.382492 1 0 0.000000
1652154324159616126 661.490145 1.511689 2 0 0.000000
1652154324893714574 734.075820 1.362215 1 0 0.000000
1652154326231879391 669.056656 1.494584 2 0 0.000000
1652154326984479888 752.577374 1.328726 1 0 0.000000
1652154327591206296 606.702597 1.648189 1 0 0.000000
1652154329034174259 721.454894 1.386032 2 0 0.000000
1652154329776795793 742.599698 1.346581 1 0 0.000000
1652154331229126385 726.140757 1.377097 2 0 0.000000
1652154331966551001 737.400209 1.356071 1 0 0.000000
1652154333301282412 667.343208 1.498429 2 0 0.000000
1652154333922401804 621.093678 1.609996 1 0 0.000000
1652154334608898231 686.467609 1.456672 1 0 0.000000
1652154336066984253 729.016370 1.371661 2 0 0.000000
1652154336789784080 722.777364 1.383509 1 0 0.000000
1652154338202130922 706.149924 1.416083 2 0 0.000000
1652154338971520906 769.366619 1.299731 1 0 0.000000
1652154339677931344 706.388177 1.415608 1 0 0.000000
1652154341168577145 745.298307 1.341700 2 0 0.000000
1652154341989313348 820.711345 1.218418 1 0 0.000000
1652154343264112912 637.376415 1.568874 2 0 0.000000
1652154343948540553 684.369459 1.461075 1 0 0.000000
1652154345261935418 656.669036 1.522771 2 0 0.000000
1652154345959109151 697.147125 1.434363 1 0 0.000000
1652154347270425699 655.634771 1.525185 2 0 0.000000
1652154347891172544 620.724824 1.610963 1 0 0.000000
1652154349215805344 662.292970 1.509852 2 0 0.000000
1652154349891154425 675.326995 1.480716 1 0 0.000000
1652154351098833085 603.816568 1.656070 2 0 0.000000
1652154351803344567 704.483597 1.419423 1 0 0.000000
1652154353276025676 736.315880 1.358067 2 0 0.000000
1652154353965113864 689.065716 1.451193 1 0 0.000000
1652154355300567976 667.703206 1.497618 2 0 0.000000
1652154356076358568 775.765262 1.289008 1 0 0.000000
1652154356732284030 655.902163 1.524563 1 0 0.000000
1652154358104532857 686.099999 1.457462 2 0 0.000000
1652154358695239954 590.685457 1.692886 1 0 0.000000
1652154360063186347 683.947745 1.462046 2 0 0.000000
1652154360784909212 721.697100 1.385573 1 0 0.000000
1652154362015768297 1230.836493 0.812441 1 0 0.000000
1652154363359074186 671.625067 1.488864 2 0 0.000000
1652154364074328225 715.223097 1.398105 1 0 0.000000
1652154365280531120 603.078542 1.658096 2 0 0.000000
1652154365997219742 716.666150 1.395306 1 0 0.000000
1652154366719690795 722.443965 1.384138 1 0 0.000000
1652154368214917668 747.586236 1.337590 2 0 0.000000
1652154368815096504 600.153908 1.666170 1 0 0.000000
1652154370120359030 652.605163 1.532259 2 0 0.000000
1652154370873918765 753.532912 1.327035 1 0 0.000000
1652154372103890174 614.956825 1.626054 2 0 0.000000
1652154372781587215 677.674409 1.475586 1 0 0.000000
1652154374298574520 758.465274 1.318403 2 0 0.000000
1652154375019747220 721.149481 1.386630 1 0 0.000000
1652154376258351369 619.279482 1.614721 2 0 0.000000
1652154376959237514 700.863819 1.426765 1 0 0.000000
1652154378350729053 695.721636 1.437307 2 0 0.000000
1652154379000931327 650.178520 1.537983 1 0 0.000000
1652154380263856061 631.438271 1.583626 2 0 0.000000
1652154381017885725 754.005318 1.326208 1 0 0.000000
1652154381838098873 820.187653 1.219195 1 0 0.000000
1652154382766438425 928.316258 1.077192 1 0 0.000000
1652154384180982287 707.246898 1.413883 2 0 0.000000
1652154384918802858 737.793643 1.355343 1 0 0.000000
1652154385771764954 852.915186 1.172385 1 0 0.000000
1652154387385121187 806.655957 1.239652 2 0 0.000000
1652154387960192136 575.047359 1.738916 1 0 0.000000
1652154388723618004 763.403170 1.309885 1 0 0.000000
1652154390307523676 791.930374 1.262701 2 0 0.000000
1652154390926041231 618.488247 1.616769 1 0 0.000000
1652154392295367331 684.640325 1.460572 2 0 0.000000
1652154392946933788 651.537044 1.534763 1 0 0.000000
1652154394314718448 683.866583 1.462218 2 0 0.000000
1652154395063338406 748.597871 1.335791 1 0 0.000000
1652154395955335580 891.969169 1.121080 1 0 0.000000
1652154397309615379 677.115859 1.476800 2 0 0.000000
1652154398030504350 720.866324 1.387176 1 0 0.000000
1652154398821325097 790.795088 1.264509 1 0 0.000000
1652154400283301859 730.963247 1.368011 2 0 0.000000
1652154400882562768 599.238231 1.668722 1 0 0.000000
1652154402390913263 754.149678 1.325952 2 0 0.000000
1652154403168755607 777.814870 1.285608 1 0 0.000000
1652154403888231075 719.453016 1.389901 1 0 0.000000
1652154404604334848 716.081285 1.396446 1 0 0.000000
1652154406101172185 748.396219 1.336151 2 0 0.000000
1652154406854297665 753.103514 1.327800 1 0 0.000000
1652154408160913678 653.285496 1.530672 2 0 0.000000
1652154408909139093 748.201395 1.336496 1 0 0.000000
1652154410365973400 728.394055 1.372840 2 0 0.000000
1652154411142374162 776.378395 1.287995 1 0 0.000000
1652154411672325774 529.927962 1.886965 1 0 0.000000
1652154413246915779 787.271192 1.270172 2 0 0.000000
1652154413936947858 690.009416 1.449208 1 0 0.000000
1652154415394029102 728.518107 1.372607 2 0 0.000000
1652154416116923898 722.869623 1.383327 1 0 0.000000
1652154416849905243 732.959073 1.364291 1 0 0.000000
1652154418248734685 699.393020 1.429767 2 0 0.000000
1652154418901953636 653.193402 1.530880 1 0 0.000000
1652154420333397102 715.698571 1.397191 2 0 0.000000
1652154421012030081 678.608849 1.473551 1 0 0.000000
1652154421939331160 927.277318 1.078398 1 0 0.000000
1652154422829228104 889.873915 1.123726 1 0 0.000000
1652154424103327433 637.026157 1.569736 2 0 0.000000
1652154424924099694 820.747578 1.218365 1 0 0.000000
1652154426299261564 687.553924 1.454374 2 0 0.000000
1652154427089178312 789.885692 1.265956 1 0 0.000000
1652154428321087655 615.927023 1.623496 2 0 0.000000
1652154428975489338 654.379586 1.528113 1 0 0.000000
1652154430108597480 566.531574 1.765057 2 0 0.000000
1652154431211680443 551.521232 1.813100 2 0 0.000000
1652154431999861219 788.156605 1.268744 1 0 0.000000
1652154433349770604 674.931740 1.481581 2 0 0.000000
1652154433832429756 482.635617 2.071855 1 0 0.000000
1652154434523309300 690.858655 1.447430 1 0 0.000000
1652154436066828583 771.737078 1.295740 2 0 0.000000
1652154436774902684 708.050116 1.412282 1 0 0.000000
1652154438127039425 676.046640 1.479140 2 0 0.000000
1652154438954266545 827.205035 1.208858 1 0 0.000000
1652154440285550294 665.619169 1.502309 2 0 0.000000
1652154441011153756 725.579211 1.378163 1 0 0.000000
1652154442261273105 625.033714 1.599847 2 0 0.000000
1652154442966208359 704.911454 1.418570 1 0 0.000000
1652154444335376165 684.560350 1.460741 2 0 0.000000
1652154444955584767 620.186726 1.612361 1 0 0.000000
1652154446406956090 725.657097 1.378007 2 0 0.000000
1652154447069237950 662.258195 1.509931 1 0 0.000000
1652154448302878697 616.797032 1.621218 2 0 0.000000
1652154448983818870 680.916914 1.468558 1 0 0.000000
1652154450222180877 619.157823 1.615037 2 0 0.000000
1652154450876317768 654.111888 1.528732 1 0 0.000000
1652154452270686636 697.159964 1.434341 2 0 0.000000
1652154452802429342 531.720374 1.880609 1 0 0.000000
1652154454105088560 651.305132 1.535321 2 0 0.000000
1652154455428794738 661.828815 1.510909 2 0 0.000000
1652154456180942470 752.124603 1.329526 1 0 0.000000
1652154456869732515 688.768089 1.451821 1 0 0.000000
1652154458215597177 672.902178 1.486034 2 0 0.000000
1652154459051923916 836.303931 1.195705 1 0 0.000000
1652154460429226717 688.627376 1.452114 2 0 0.000000
1652154461093176680 663.922088 1.506138 1 0 0.000000
1652154461830450883 737.249667 1.356347 1 0 0.000000
1652154463279350617 724.426939 1.380358 2 0 0.000000
1652154464180715933 901.341767 1.109428 1 0 0.000000
1652154464830585502 649.846475 1.538770 1 0 0.000000
1652154466137620086 653.493524 1.530181 2 0 0.000000
1652154467444476414 0.000000 0.000000 0 0 0.000000
1652154468420525996 1141.429085 2.049076 2 0 0.000000
1652154468989572934 569.023523 1.757324 1 0 0.000000
1652154470291361170 650.872795 1.536348 2 0 0.000000
1652154470997917576 706.534706 1.415315 1 0 0.000000
1652154472244514048 623.271847 1.604368 2 0 0.000000
1652154472880816591 636.279314 1.571579 1 0 0.000000
1652154474272790207 695.963153 1.436809 2 0 0.000000
1652154474975972912 703.160342 1.422106 1 0 0.000000
1652154475718201514 742.205689 1.347294 1 0 0.000000
1652154476959451239 620.599879 1.611279 2 0 0.000000
1652154478216505931 628.505054 1.591021 2 0 0.000000
1652154479347645754 565.546490 1.768128 2 0 0.000000
1652154479895813241 548.143332 1.824260 1 0 0.000000
1652154481217789685 660.964506 1.512886 2 0 0.000000
1652154481938987770 721.175718 1.386582 1 0 0.000000
1652154483436195600 748.577689 1.335820 2 0 0.000000
1652154484237172575 800.953029 1.248475 1 0 0.000000
1652154484854880981 617.672765 1.618887 1 0 0.000000
1652154485643505639 788.600396 1.268030 1 0 0.000000
1652154487106503934 731.470007 1.367056 2 0 0.000000
1652154487944779694 838.239710 1.192925 1 0 0.000000
1652154489261779758 658.477357 1.518603 2 0 0.000000
1652154489966700916 704.895733 1.418598 1 0 0.000000
1652154491367839398 700.546762 1.427411 2 0 0.000000
1652154492014370564 646.504624 1.546716 1 0 0.000000
1652154493400910613 693.244001 1.442439 2 0 0.000000
1652154493984184526 583.250774 1.714460 1 0 0.000000
1652154495289217976 652.493246 1.532528 2 0 0.000000
1652154495970711135 681.470932 1.467366 1 0 0.000000
1652154497262551947 645.896571 1.548178 2 0 0.000000
1652154498019350752 756.772193 1.321355 1 0 0.000000
1652154499269824670 625.213687 1.599394 2 0 0.000000
1652154500057638877 787.791971 1.269335 1 0 0.000000
1652154501368045427 655.175741 1.526244 2 0 0.000000
1652154502254352065 886.284206 1.128278 1 0 0.000000
1652154502948866769 694.491946 1.439854 1 0 0.000000
1652154504421968947 736.527947 1.357679 2 0 0.000000
1652154505244503990 822.503209 1.215754 1 0 0.000000
1652154505865953714 621.428019 1.609141 1 0 0.000000
1652154507276157535 705.079786 1.418235 2 0 0.000000
1652154507945741348 669.550470 1.493465 1 0 0.000000
1652154509390511689 722.360506 1.384303 2 0 0.000000
1652154509874099536 483.564277 2.067877 1 0 0.000000
1652154511217757300 671.805151 1.488474 2 0 0.000000
1652154511911681403 693.901040 1.441080 1 0 0.000000
1652154513185740089 637.006397 1.569786 2 0 0.000000
1652154513916709366 730.945523 1.368047 1 0 0.000000
1652154515252243171 667.743536 1.497529 2 0 0.000000
1652154515976072455 723.807042 1.381541 1 0 0.000000
1652154517178906373 601.394772 1.662740 2 0 0.000000
1652154517813040329 634.112215 1.576954 1 0 0.000000
1652154519288981173 737.948259 1.355068 2 0 0.000000
1652154519930206909 641.202803 1.559513 1 0 0.000000
1652154521082950412 576.348548 1.734991 2 0 0.000000
1652154521797756759 714.784517 1.398980 1 0 0.000000
1652154523335130314 768.651197 1.300920 2 0 0.000000
1652154524119482790 784.328780 1.274937 1 0 0.000000
1652154524724878518 605.372694 1.651812 1 0 0.000000
1652154526156283154 715.678066 1.397229 2 0 0.000000
1652154527410384643 627.028651 1.594767 2 0 0.000000
1652154527958631317 548.206219 1.823996 1 0 0.000000
1652154528710329211 751.670139 1.330322 1 0 0.000000
1652154530082727107 686.174527 1.457303 2 0 0.000000
1652154531354336801 635.782427 1.572810 2 0 0.000000
1652154531930036231 575.667916 1.737018 1 0 0.000000
1652154532793484992 863.425417 1.158146 1 0 0.000000
1652154534193034092 699.751258 1.429032 2 0 0.000000
1652154535081263676 888.205778 1.125835 1 0 0.000000
1652154535825709955 744.424088 1.343280 1 0 0.000000
1652154537276533006 725.388858 1.378528 2 0 0.000000
1652154537996585997 720.030869 1.388787 1 0 0.000000
1652154539444141072 723.748631 1.381640 2 0 0.000000
1652154540164395307 720.231040 1.388399 1 0 0.000000
1652154540919238465 754.816786 1.324779 1 0 0.000000
1652154542212977006 646.845632 1.545907 2 0 0.000000
1652154542943481482 730.482720 1.368917 1 0 0.000000
1652154544452352930 754.412936 1.325494 2 0 0.000000
1652154545343131702 890.756585 1.122613 1 0 0.000000
1652154545948643019 605.489210 1.651497 1 0 0.000000
1652154546725029986 776.363643 1.288017 1 0 0.000000
1652154548499230549 0.000000 0.000000 0 0 0.000000
1652154549266937220 901.687048 2.605162 2 0 0.000000
1652154549936442929 669.481923 1.493639 1 0 0.000000
1652154551411981545 737.744924 1.355437 2 0 0.000000
1652154552148116214 736.112738 1.358447 1 0 0.000000
1652154553401738895 626.788041 1.595376 2 0 0.000000
1652154554503312222 0.000000 0.000000 0 0 0.000000
1652154555273555852 935.883904 2.596581 2 0 0.000000
1652154556505392616 0.000000 0.000000 0 0 0.000000
1652154557285158071 1005.774305 2.564874 2 0 0.000000
1652154557935412686 650.230940 1.537859 1 0 0.000000
1652154559428909591 746.724862 1.339139 2 0 0.000000
1652154560202157567 773.224928 1.293246 1 0 0.000000
1652154560818214254 616.031518 1.623227 1 0 0.000000
1652154562188633957 685.186432 1.459407 2 0 0.000000
1652154562932940930 744.280501 1.343532 1 0 0.000000
1652154564335369978 701.191519 1.426097 2 0 0.000000
1652154564956580479 621.185768 1.609760 1 0 0.000000
1652154566393457081 718.413722 1.391908 2 0 0.000000
1652154567063837779 670.358892 1.491690 1 0 0.000000
1652154568388979014 662.546316 1.509273 2 0 0.000000
1652154568915252667 526.247588 1.900152 1 0 0.000000
1652154570365208912 724.952638 1.379352 2 0 0.000000
1652154570966760394 601.521923 1.662368 1 0 0.000000
1652154572414625734 723.909586 1.381344 2 0 0.000000
1652154573004466153 589.816328 1.695374 1 0 0.000000
1652154574415110088 705.300722 1.417792 2 0 0.000000
1652154575183522945 768.388164 1.301384 1 0 0.000000
1652154575788093178 604.548682 1.654068 1 0 0.000000
1652154577398326649 805.093137 1.242056 2 0 0.000000
1652154578085626865 687.274231 1.454968 1 0 0.000000
1652154579494905442 704.613606 1.419166 2 0 0.000000
1652154580071233351 576.303251 1.735123 1 0 0.000000
1652154581071441853 500.082004 1.999583 2 0 0.000000
1652154581889668967 818.199540 1.222155 1 0 0.000000
1652154583187060871 648.674058 1.541554 2 0 0.000000
1652154584491635999 652.264212 1.533066 2 0 0.000000
1652154585242506824 750.849084 1.331787 1 0 0.000000
1652154585896113616 653.584976 1.529972 1 0 0.000000
1652154587403481031 753.660130 1.326817 2 0 0.000000
1652154588091864976 688.360871 1.452678 1 0 0.000000
1652154589209153374 558.620812 1.790048 2 0 0.000000
1652154589895971205 686.790382 1.455990 1 0 0.000000
1652154591345496709 724.740059 1.379762 2 0 0.000000
1652154591961529231 616.009694 1.623291 1 0 0.000000
1652154592674422556 712.870797 1.402734 1 0 0.000000
1652154594184174654 754.852078 1.324721 2 0 0.000000
1652154594937257887 753.060926 1.327874 1 0 0.000000
1652154596341966687 702.332056 1.423783 2 0 0.000000
1652154597056106616 714.117225 1.400286 1 0 0.000000
1652154598362315702 653.076085 1.531148 2 0 0.000000
1652154598960063336 597.723338 1.672947 1 0 0.000000
1652154600367890575 703.891485 1.420629 2 0 0.000000
1652154600971486760 603.573908 1.656737 1 0 0.000000
1652154602382674289 705.571322 1.417246 2 0 0.000000
1652154602983765310 601.065576 1.663642 1 0 0.000000
1652154604292514803 654.351694 1.528176 2 0 0.000000
1652154605199459145 906.921428 1.102603 1 0 0.000000
1652154605954381902 754.900445 1.324639 1 0 0.000000
1652154607310294944 677.933783 1.475021 2 0 0.000000
1652154607825741393 515.424394 1.940066 1 0 0.000000
1652154609284053982 729.131953 1.371448 2 0 0.000000
1652154610481192909 598.543551 1.670650 2 0 0.000000
1652154611170502540 689.286863 1.450727 1 0 0.000000
1652154612505080761 667.265621 1.498601 2 0 0.000000
1652154613189280628 684.171360 1.461561 1 0 0.000000
1652154614365592731 588.132957 1.700229 2 0 0.000000
1652154615186476012 820.861707 1.218200 1 0 0.000000
1652154615890504578 704.005006 1.420397 1 0 0.000000
1652154617126179931 617.813179 1.618548 2 0 0.000000
1652154618392598241 633.187500 1.579257 2 0 0.000000
1652154619181221814 788.599672 1.268032 1 0 0.000000
1652154619923650037 742.406693 1.346932 1 0 0.000000
1652154621161809662 619.057362 1.615301 2 0 0.000000
1652154621848603750 686.770974 1.456040 1 0 0.000000
1652154623345394386 748.371019 1.336192 2 0 0.000000
1652154624547989510 0.000000 0.000000 0 0 0.000000
1652154624957855826 1612.438677 2.439820 1 0 0.000000
1652154626465528786 753.813384 1.326548 2 0 0.000000
1652154626949483766 483.932362 2.066308 1 0 0.000000
1652154627808461119 858.955943 1.164175 1 0 0.000000
1652154629268919361 730.206621 1.369433 2 0 0.000000
1652154629993443113 724.500087 1.380217 1 0 0.000000
1652154631405355488 705.932284 1.416519 2 0 0.000000
1652154632035284835 629.905005 1.587480 1 0 0.000000
1652154633407132890 1371.825678 0.728944 1 0 0.000000
1652154634547030224 1139.874041 0.877272 1 0 0.000000
1652154635234990334 687.930089 1.453573 1 0 0.000000
1652154636506301881 635.623739 1.573178 2 0 0.000000
1652154637057119372 550.794147 1.815483 1 0 0.000000
1652154638513983209 728.410481 1.372812 2 0 0.000000
1652154639557257484 0.000000 0.000000 0 0 0.000000
1652154640557630998 0.000000 0.000000 0 0 0.000000
1652154641517390927 875.162818 2.083855 2 0 0.000000
1652154642202792659 685.339878 1.458998 1 0 0.000000
1652154643407692272 602.417085 1.659889 2 0 0.000000
1652154644113936774 706.220356 1.415940 1 0 0.000000
1652154644827553465 713.593753 1.401313 1 0 0.000000
1652154646232444082 702.421132 1.423598 2 0 0.000000
1652154646867690032 635.223197 1.574193 1 0 0.000000
1652154648408566546 770.414917 1.297963 2 0 0.000000
1652154649060562239 651.971837 1.533752 1 0 0.000000
1652154650297651543 618.522565 1.616698 2 0 0.000000
1652154650918544340 620.869929 1.610584 1 0 0.000000
1652154652221081901 651.245468 1.535464 2 0 0.000000
1652154653562697024 670.785412 1.490740 2 0 0.000000
1652154654264558433 701.839097 1.424783 1 0 0.000000
1652154655535559829 635.477459 1.573562 2 0 0.000000
1652154656098449169 562.866526 1.776548 1 0 0.000000
1652154657456948337 679.227310 1.472213 2 0 0.000000
1652154658364016344 907.036715 1.102453 1 0 0.000000
1652154658990009887 625.966079 1.597461 1 0 0.000000
1652154660297863749 653.903015 1.529223 2 0 0.000000
1652154661570570541 0.000000 0.000000 0 0 0.000000
1652154661978540587 1064.518362 2.451161 1 0 0.000000
1652154663349671309 685.538495 1.458650 2 0 0.000000
1652154663930666425 580.967151 1.721185 1 0 0.000000
1652154665341602128 705.444081 1.417499 2 0 0.000000
1652154666023528106 681.903906 1.466435 1 0 0.000000
1652154667294275977 635.350706 1.573876 2 0 0.000000
1652154668118667982 824.370073 1.213015 1 0 0.000000
1652154669475529488 678.407496 1.473990 2 0 0.000000
1652154670143607024 668.053616 1.496832 1 0 0.000000
1652154671390380522 623.363923 1.604141 2 0 0.000000
1652154672137554481 747.152063 1.338376 1 0 0.000000
1652154672962260231 824.682792 1.212554 1 0 0.000000
1652154674420787690 729.235303 1.371246 2 0 0.000000
1652154675055349022 634.531572 1.575892 1 0 0.000000
1652154676399181840 671.893078 1.488280 2 0 0.000000
1652154677020096996 620.892297 1.610526 1 0 0.000000
1652154678477529666 728.690858 1.372276 2 0 0.000000
1652154679139948739 662.395088 1.509618 1 0 0.000000
1652154680575217302 717.609902 1.393467 2 0 0.000000
1652154681181171255 605.930693 1.650290 1 0 0.000000
1652154681901166281 719.971247 1.388898 1 0 0.000000
1652154683306899365 702.843528 1.422745 2 0 0.000000
1652154684027210843 720.286475 1.388288 1 0 0.000000
1652154685435669879 704.206486 1.419992 2 0 0.000000
1652154686050000998 614.300933 1.627787 1 0 0.000000
1652154687283806139 616.879017 1.621002 2 0 0.000000
1652154687867018916 583.184166 1.714640 1 0 0.000000
1652154689393676314 763.292993 1.310052 2 0 0.000000
1652154690181117079 787.419220 1.269937 1 0 0.000000
1652154691004809810 823.666195 1.214045 1 0 0.000000
1652154692378609294 686.876822 1.455817 2 0 0.000000
1652154693033397292 654.765019 1.527212 1 0 0.000000
1652154694495666732 731.109230 1.367737 2 0 0.000000
1652154695229791957 734.097717 1.362165 1 0 0.000000
1652154695968516704 738.702535 1.353684 1 0 0.000000
1652154697412314471 721.874978 1.385236 2 0 0.000000
1652154698292709095 880.371465 1.135854 1 0 0.000000
1652154699046678430 753.939666 1.326314 1 0 0.000000
1652154700451444632 702.359250 1.423724 2 0 0.000000
1652154701205219469 753.753092 1.326656 1 0 0.000000
1652154702508828718 651.783948 1.534202 2 0 0.000000
1652154703297778183 788.927213 1.267508 1 0 0.000000
1652154703912380066 614.579681 1.627070 1 0 0.000000
1652154705413349650 750.460641 1.332472 2 0 0.000000
1652154705921931280 508.558215 1.966253 1 0 0.000000
1652154707331847568 704.936061 1.418524 2 0 0.000000
1652154707850968280 519.096855 1.926334 1 0 0.000000
1652154709225477919 687.232054 1.455064 2 0 0.000000
1652154709889729536 664.229290 1.505454 1 0 0.000000
1652154711210656883 1320.905802 0.757044 1 0 0.000000
1652154711829599060 618.913014 1.615660 1 0 0.000000
1652154713359236569 764.796536 1.307499 2 0 0.000000
1652154714459295724 550.003264 1.818084 2 0 0.000000
1652154715071816972 612.495282 1.632596 1 0 0.000000
1652154716419208671 673.673530 1.484349 2 0 0.000000
1652154717065253768 646.023020 1.547880 1 0 0.000000
1652154718390332613 662.515585 1.509344 2 0 0.000000
1652154719143913364 753.558579 1.326998 1 0 0.000000
1652154719883586425 739.651065 1.351949 1 0 0.000000
1652154721190074359 1306.465732 0.765411 1 0 0.000000
1652154721943923510 753.827255 1.326525 1 0 0.000000
1652154723582621499 819.326998 1.220481 2 0 0.000000
1652154724302083761 719.439324 1.389927 1 0 0.000000
1652154724989677095 687.566120 1.454348 1 0 0.000000
1652154726463718849 736.997856 1.356814 2 0 0.000000
1652154727252238237 788.496966 1.268200 1 0 0.000000
1652154728617374608 682.544163 1.465055 2 0 0.000000
1652154729307338983 689.934515 1.449350 1 0 0.000000
1652154729958144717 650.784079 1.536557 1 0 0.000000
1652154731534924557 788.362694 1.268408 2 0 0.000000
1652154732275107320 740.153184 1.351018 1 0 0.000000
1652154732972409519 697.276995 1.434098 1 0 0.000000
1652154734373118866 700.331382 1.427848 2 0 0.000000
1652154735145211884 772.071062 1.295181 1 0 0.000000
1652154736481663201 668.207953 1.496500 2 0 0.000000
1652154737016936172 535.249582 1.868206 1 0 0.000000
1652154738389884631 686.446247 1.456719 2 0 0.000000
1652154739422064659 1032.156769 0.968823 1 0 0.000000
1652154740042750073 620.662164 1.611122 1 0 0.000000
1652154741334026717 645.615497 1.548855 2 0 0.000000
1652154742604001092 634.959006 1.574835 2 0 0.000000
1652154743425968849 821.945129 1.216593 1 0 0.000000
1652154744068165419 642.173311 1.557156 1 0 0.000000
1652154745427056220 679.422234 1.471789 2 0 0.000000
1652154746027490083 600.411732 1.665462 1 0 0.000000
1652154747416007898 694.234670 1.440385 2 0 0.000000
1652154748072640883 656.611276 1.522921 1 0 0.000000
1652154749227394808 577.353665 1.731971 2 0 0.000000
1652154749865406822 637.988700 1.567369 1 0 0.000000
1652154751290082384 712.315437 1.403828 2 0 0.000000
1652154752099394026 809.289296 1.235618 1 0 0.000000
1652154753520352568 710.447823 1.407501 2 0 0.000000
1652154754306076958 785.700946 1.272711 1 0 0.000000
1652154754946741445 640.642045 1.560879 1 0 0.000000
1652154756355979179 704.595430 1.419207 2 0 0.000000
1652154757105994086 749.991537 1.333307 1 0 0.000000
1652154758551549645 722.748863 1.383551 2 0 0.000000
1652154759276285697 724.712406 1.379813 1 0 0.000000
1652154759979330290 703.020873 1.422385 1 0 0.000000
1652154761519053506 769.838156 1.298935 2 0 0.000000
1652154762266028729 746.953633 1.338732 1 0 0.000000
1652154763571602822 652.763918 1.531893 2 0 0.000000
1652154764264828454 693.202408 1.442532 1 0 0.000000
1652154764986474107 721.623958 1.385722 1 0 0.000000
1652154766412193521 712.834480 1.402801 2 0 0.000000
1652154767129424267 717.208539 1.394251 1 0 0.000000
1652154768520428092 695.477003 1.437811 2 0 0.000000
1652154769225302844 704.848330 1.418692 1 0 0.000000
1652154770490399054 632.526161 1.580907 2 0 0.000000
1652154771194216142 703.793678 1.420824 1 0 0.000000
1652154772392210960 598.974909 1.669456 2 0 0.000000
1652154773041325171 649.092129 1.540561 1 0 0.000000
1652154774312596884 635.613020 1.573228 2 0 0.000000
1652154775444203943 565.780496 1.767398 2 0 0.000000
1652154776301352413 857.103285 1.166659 1 0 0.000000
1652154777654072229 0.000000 0.000000 0 0 0.000000
1652154778498739281 1098.669679 2.367797 2 0 0.000000
1652154779083218675 584.455218 1.710924 1 0 0.000000
1652154780635061136 775.897384 1.288791 2 0 0.000000
1652154781325131250 690.041096 1.449128 1 0 0.000000
1652154782387600309 531.211130 1.882408 2 0 0.000000
1652154783174603654 786.981784 1.270643 1 0 0.000000
1652154784546957236 686.152279 1.457350 2 0 0.000000
1652154785184384720 637.404510 1.568806 1 0 0.000000
1652154785872871115 688.457799 1.452462 1 0 0.000000
1652154787458550393 792.816894 1.261289 2 0 0.000000
1652154788206929040 748.355639 1.336222 1 0 0.000000
1652154789605000041 699.012176 1.430543 2 0 0.000000
1652154790433287562 828.265045 1.207310 1 0 0.000000
1652154791220140602 786.831554 1.270885 1 0 0.000000
1652154792483961554 631.888307 1.582503 2 0 0.000000
1652154793021888081 537.908050 1.858990 1 0 0.000000
1652154794354289209 666.177778 1.501049 2 0 0.000000
1652154795147786593 793.469805 1.260244 1 0 0.000000
1652154796432378262 642.258417 1.556915 2 0 0.000000
1652154797199892223 767.490326 1.302908 1 0 0.000000
1652154797958067371 758.151763 1.318956 1 0 0.000000
1652154799472058793 756.972357 1.321011 2 0 0.000000
1652154800090002938 617.922415 1.618269 1 0 0.000000
1652154801567403328 738.676627 1.353729 2 0 0.000000
1652154802358520273 791.095942 1.264036 1 0 0.000000
1652154803563667927 602.550670 1.659548 2 0 0.000000
1652154804242217249 678.526369 1.473732 1 0 0.000000
1652154804884616713 642.377728 1.556664 1 0 0.000000
1652154806259686873 687.511422 1.454471 2 0 0.000000
1652154806910679690 650.970665 1.536115 1 0 0.000000
1652154808320331526 704.803639 1.418790 2 0 0.000000
1652154809140621192 820.266668 1.219082 1 0 0.000000
1652154810506337036 682.835249 1.464433 2 0 0.000000
1652154811152583916 646.224127 1.547396 1 0 0.000000
1652154811957232074 804.625695 1.242779 1 0 0.000000
1652154813296118130 669.417921 1.493779 2 0 0.000000
1652154814000261199 704.119168 1.420166 1 0 0.000000
1652154815419492745 709.590263 1.409213 2 0 0.000000
1652154816159239381 739.724604 1.351814 1 0 0.000000
1652154817344269177 592.491995 1.687721 2 0 0.000000
1652154818618878364 637.282738 1.569108 2 0 0.000000
1652154819327090103 708.181970 1.412007 1 0 0.000000
1652154820581636296 627.248499 1.594202 2 0 0.000000
1652154821067839606 486.180763 2.056753 1 0 0.000000
1652154822489827278 710.970928 1.406482 2 0 0.000000
1652154823142190040 652.340320 1.532889 1 0 0.000000
1652154824444956528 651.360684 1.535195 2 0 0.000000
1652154825096309729 651.331271 1.535265 1 0 0.000000
1652154826606320472 754.982100 1.324494 2 0 0.000000
1652154827293570919 687.226561 1.455074 1 0 0.000000
1652154828450691083 578.536728 1.728429 2 0 0.000000
1652154829167330690 716.615937 1.395402 1 0 0.000000
1652154829819662125 652.308502 1.532963 1 0 0.000000
1652154831537849734 1134.563868 0.582009 1 0 0.000000
1652154832050835969 512.963773 1.949370 1 0 0.000000
1652154833288038877 618.579007 1.616550 2 0 0.000000
1652154834559827359 635.871649 1.572589 2 0 0.000000
1652154835209493524 649.643832 1.539252 1 0 0.000000
1652154836670751246 730.605213 1.368684 2 0 0.000000
1652154837479325569 808.552552 1.236745 1 0 0.000000
1652154838138711457 659.362764 1.516563 1 0 0.000000
1652154839630456372 745.848191 1.340712 2 0 0.000000
1652154840399540221 769.058775 1.300248 1 0 0.000000
1652154841192999613 793.431071 1.260304 1 0 0.000000
1652154842592556691 699.756138 1.429024 2 0 0.000000
1652154843315176626 722.598304 1.383853 1 0 0.000000
1652154844171463727 856.264182 1.167833 1 0 0.000000
1652154845649533514 739.012195 1.353116 2 0 0.000000
1652154846234386439 584.830793 1.709832 1 0 0.000000
1652154847662321327 713.943137 1.400624 2 0 0.000000
1652154848344789923 682.447252 1.465269 1 0 0.000000
1652154849615240226 635.202273 1.574245 2 0 0.000000
1652154850363008890 747.743418 1.337312 1 0 0.000000
1652154851051057326 688.028793 1.453386 1 0 0.000000
1652154852476871725 712.883477 1.402707 2 0 0.000000
1652154853130253532 653.360753 1.530499 1 0 0.000000
1652154854485910127 677.799315 1.475300 2 0 0.000000
1652154855117093110 631.161799 1.584327 1 0 0.000000
1652154856450295767 666.578124 1.500147 2 0 0.000000
1652154857272657890 822.340407 1.216009 1 0 0.000000
1652154858049085939 776.405366 1.287949 1 0 0.000000
1652154859551886421 751.374158 1.330849 2 0 0.000000
1652154860705778979 0.000000 0.000000 0 0 0.000000
1652154861531520032 989.793822 2.422067 2 0 0.000000
1652154862122845973 591.302561 1.691115 1 0 0.000000
1652154863562792059 719.949118 1.388941 2 0 0.000000
1652154864283052800 720.213235 1.388386 1 0 0.000000
1652154865009432255 726.355525 1.376691 1 0 0.000000
1652154866448887292 719.705407 1.389415 2 0 0.000000
1652154867650875592 600.971607 1.663910 2 0 0.000000
1652154868330798385 679.895655 1.470755 1 0 0.000000
1652154869700392215 684.758695 1.460287 2 0 0.000000
1652154870259715858 559.302059 1.787874 1 0 0.000000
1652154871044313889 784.576691 1.274538 1 0 0.000000
1652154872677162290 816.396722 1.224853 2 0 0.000000
1652154873379631757 702.446433 1.423549 1 0 0.000000
1652154874486636413 553.478270 1.806677 2 0 0.000000
1652154875289951149 803.293451 1.244842 1 0 0.000000
1652154876510460701 610.231284 1.638660 2 0 0.000000
1652154877191620916 681.137567 1.468083 1 0 0.000000
1652154878617847858 713.091339 1.402301 2 0 0.000000
1652154879132215872 514.341507 1.944133 1 0 0.000000
1652154880470179307 668.960102 1.494809 2 0 0.000000
1652154881111731184 641.530211 1.558720 1 0 0.000000
1652154882465891961 677.055019 1.476930 2 0 0.000000
1652154883630158966 582.111306 1.717819 2 0 0.000000
1652154884303764426 673.578809 1.484549 1 0 0.000000
1652154885623297746 659.743563 1.515687 2 0 0.000000
1652154886399515836 776.188696 1.288298 1 0 0.000000
1652154887650304947 625.368462 1.598991 2 0 0.000000
1652154888253618189 603.291277 1.657514 1 0 0.000000
1652154888919395961 665.753740 1.502003 1 0 0.000000
1652154890599567701 1680.148810 0.595177 1 0 0.000000
1652154891384764198 785.172248 1.273567 1 0 0.000000
1652154892074697330 689.909527 1.449416 1 0 0.000000
1652154893552591480 738.924006 1.353277 2 0 0.000000
1652154894324007326 771.392937 1.296318 1 0 0.000000
1652154895119029871 794.999581 1.257826 1 0 0.000000
1652154896599622259 740.273293 1.350811 2 0 0.000000
1652154897306341785 706.698001 1.414988 1 0 0.000000
1652154898657764170 675.689061 1.479922 2 0 0.000000
1652154899434495451 776.707462 1.287447 1 0 0.000000
1652154900082916014 648.400166 1.542209 1 0 0.000000
1652154901555104401 736.070616 1.358522 2 0 0.000000
1652154902142043631 586.915425 1.703754 1 0 0.000000
1652154903618367163 738.137459 1.354717 2 0 0.000000
1652154904428558494 810.160806 1.234276 1 0 0.000000
1652154905182843635 754.262392 1.325759 1 0 0.000000
1652154906610723159 713.915963 1.400678 2 0 0.000000
1652154907279156668 668.398211 1.496035 1 0 0.000000
1652154908101694814 822.513012 1.215749 1 0 0.000000
1652154909047173228 945.455200 1.057666 1 0 0.000000
1652154910491990211 722.385468 1.384258 2 0 0.000000
1652154911042915208 550.901548 1.815129 1 0 0.000000
1652154912449385580 703.199583 1.421999 2 0 0.000000
1652154913136756560 687.349410 1.454818 1 0 0.000000
1652154914603264513 733.229625 1.363784 2 0 0.000000
1652154915357156378 753.870415 1.326450 1 0 0.000000
1652154916180533613 823.355083 1.214510 1 0 0.000000
1652154917399312281 609.366916 1.640987 2 0 0.000000
1652154918014146129 614.811586 1.626456 1 0 0.000000
1652154919655583250 820.696496 1.218444 2 0 0.000000
1652154920168475864 512.870713 1.949726 1 0 0.000000
1652154921511707765 671.590318 1.488946 2 0 0.000000
1652154922401335836 889.606060 1.124065 1 0 0.000000
1652154923143093452 741.736061 1.348149 1 0 0.000000
1652154924418944025 637.901753 1.567582 2 0 0.000000
1652154925271527864 852.559276 1.172905 1 0 0.000000
1652154926619189056 673.807677 1.484053 2 0 0.000000
1652154927272455526 653.242690 1.530769 1 0 0.000000
1652154928678123640 702.811788 1.422811 2 0 0.000000
1652154929360459990 682.313182 1.465553 1 0 0.000000
1652154930655291338 647.393001 1.544603 2 0 0.000000
1652154931459720309 804.405942 1.243118 1 0 0.000000
1652154932216009893 756.265503 1.322245 1 0 0.000000
1652154933602423141 693.181891 1.442571 2 0 0.000000
1652154934210873453 608.427389 1.643520 1 0 0.000000
1652154935581572429 685.327136 1.459110 2 0 0.000000
1652154936373034422 791.441631 1.263485 1 0 0.000000
1652154937744200349 685.558374 1.458613 2 0 0.000000
1652154938461382978 717.160322 1.394345 1 0 0.000000
1652154939202588464 741.183315 1.349153 1 0 0.000000
1652154940060865191 858.250606 1.165125 1 0 0.000000
1652154941454786910 696.938195 1.434801 2 0 0.000000
1652154942223605759 768.767354 1.300697 1 0 0.000000
1652154943731798869 754.077774 1.326090 2 0 0.000000
1652154944631390194 899.567679 1.111616 1 0 0.000000
1652154945317461313 686.046306 1.457575 1 0 0.000000
1652154946137881716 820.397179 1.218887 1 0 0.000000
1652154947545293893 703.679334 1.421048 2 0 0.000000
1652154948301066800 755.750098 1.323149 1 0 0.000000
1652154949055774436 754.685591 1.325016 1 0 0.000000
1652154950536243541 740.206840 1.350923 2 0 0.000000
1652154951225663634 689.396904 1.450494 1 0 0.000000
1652154952458547171 616.418341 1.622213 2 0 0.000000
1652154953701197500 621.302574 1.609463 2 0 0.000000
1652154954526649572 825.430382 1.211457 1 0 0.000000
1652154955397274673 870.603005 1.148600 1 0 0.000000
1652154956755142447 678.911993 1.472897 2 0 0.000000
1652154957239840018 484.675284 2.063142 1 0 0.000000
1652154957987769223 747.907971 1.337025 1 0 0.000000
1652154959465753455 738.969867 1.353194 2 0 0.000000
1652154960696578544 615.391077 1.624926 2 0 0.000000
1652154961317232403 620.629031 1.611204 1 0 0.000000
1652154962757809153 720.266128 1.388333 2 0 0.000000
1652154963311031445 553.199985 1.807592 1 0 0.000000
1652154964674515128 681.719267 1.466831 2 0 0.000000
1652154965521154945 846.618111 1.181140 1 0 0.000000
1652154966228595260 707.415692 1.413547 1 0 0.000000
1652154967518082964 644.721054 1.551004 2 0 0.000000
1652154968308799371 790.694556 1.264676 1 0 0.000000
1652154969051116897 742.295515 1.347132 1 0 0.000000
1652154970531852558 740.345368 1.350680 2 0 0.000000
1652154971135018655 603.143645 1.657918 1 0 0.000000
1652154972494096983 679.515562 1.471586 2 0 0.000000
1652154973628186010 567.021129 1.763530 2 0 0.000000
1652154974278697172 650.486822 1.537253 1 0 0.000000
1652154974998693751 719.974096 1.388895 1 0 0.000000
1652154976355607989 678.423727 1.473932 2 0 0.000000
1652154977622582458 633.464419 1.578564 2 0 0.000000
1652154978308511185 685.906776 1.457877 1 0 0.000000
1652154979699060161 695.252599 1.438281 2 0 0.000000
1652154980253035603 553.952123 1.805134 1 0 0.000000
1652154981539148502 643.034245 1.555073 2 0 0.000000
1652154982202132910 662.962777 1.508331 1 0 0.000000
1652154983493456750 645.638005 1.548798 2 0 0.000000
1652154984757476848 631.986187 1.582253 2 0 0.000000
1652154985605796674 848.297924 1.178801 1 0 0.000000
1652154986344716371 738.897727 1.353327 1 0 0.000000
1652154987784431400 719.834859 1.389164 2 0 0.000000
1652154988341294317 556.840565 1.795774 1 0 0.000000
1652154989781199999 719.928755 1.388980 2 0 0.000000
1652154990504840559 723.612509 1.381902 1 0 0.000000
1652154991188261140 683.398445 1.463228 1 0 0.000000
1652154992596992136 704.343333 1.419717 2 0 0.000000
1652154993284187894 687.172891 1.455189 1 0 0.000000
1652154994659457982 687.611989 1.454260 2 0 0.000000
1652154995449184223 789.703132 1.266262 1 0 0.000000
1652154996689178333 619.969646 1.612911 2 0 0.000000
1652154997441330869 752.109973 1.329518 1 0 0.000000
1652154998543233788 550.929275 1.815042 2 0 0.000000
1652154999328915180 785.659551 1.272781 1 0 0.000000
1652154999961208286 632.270383 1.581545 1 0 0.000000
1652155001559319354 844.213467 0.625739 1 0 0.000000
1652155002247315962 687.972323 1.453496 1 0 0.000000
1652155003706076972 729.359836 1.371027 2 0 0.000000
1652155004481123362 775.022444 1.290245 1 0 0.000000
1652155005188717265 707.568579 1.413240 1 0 0.000000
1652155006648725901 729.982472 1.369855 2 0 0.000000
1652155007348024020 699.268856 1.430005 1 0 0.000000
1652155008742761406 697.344602 1.433962 2 0 0.000000
1652155009557017370 814.234414 1.228115 1 0 0.000000
1652155010757891754 600.414434 1.665453 2 0 0.000000
1652155011444545802 686.631921 1.456337 1 0 0.000000
1652155012611489615 583.449722 1.713879 2 0 0.000000
1652155013193224445 581.712819 1.718996 1 0 0.000000
1652155014602530627 704.630208 1.419138 2 0 0.000000
1652155015287885543 685.327367 1.459098 1 0 0.000000
1652155016781454057 746.761313 1.339075 2 0 0.000000
1652155017487055757 705.579929 1.417230 1 0 0.000000
1652155018806702685 0.000000 0.000000 0 0 0.000000
1652155019526912585 1019.905689 2.776969 2 0 0.000000
1652155020175761118 648.825819 1.541192 1 0 0.000000
1652155021726337111 775.264192 1.289843 2 0 0.000000
1652155022473958601 747.599118 1.337575 1 0 0.000000
1652155023645693973 585.844738 1.706870 2 0 0.000000
1652155024399300862 753.584165 1.326952 1 0 0.000000
1652155025810349481 705.499537 1.417386 2 0 0.000000
1652155026363533821 553.162609 1.807716 1 0 0.000000
1652155027765042538 700.722025 1.427034 2 0 0.000000
1652155028441613648 676.549144 1.478041 1 0 0.000000
1652155029769358451 663.846401 1.506314 2 0 0.000000
1652155030470279178 700.898321 1.426695 1 0 0.000000
1652155031244216239 773.915360 1.292095 1 0 0.000000
1652155032028743348 784.503423 1.274653 1 0 0.000000
1652155033592211342 781.710399 1.279208 2 0 0.000000
1652155034659826410 1067.593328 0.936667 1 0 0.000000
1652155035240957885 581.108762 1.720781 1 0 0.000000
1652155036716062765 737.529692 1.355836 2 0 0.000000
1652155037368565869 652.481689 1.532560 1 0 0.000000
1652155038187829079 819.240779 1.220609 1 0 0.000000
1652155039717208364 764.662647 1.307720 2 0 0.000000
1652155040293473382 576.242260 1.735313 1 0 0.000000
1652155041786903269 746.690219 1.339199 2 0 0.000000
1652155042452154612 665.226305 1.503191 1 0 0.000000
1652155043753780938 650.789659 1.536539 2 0 0.000000
1652155044442641871 688.837032 1.451672 1 0 0.000000
1652155045695136127 626.223899 1.596814 2 0 0.000000
1652155046325911104 630.749407 1.585351 1 0 0.000000
1652155047696614765 685.328300 1.459105 2 0 0.000000
1652155048322152753 625.515363 1.598624 1 0 0.000000
1652155049089298379 767.129050 1.303533 1 0 0.000000
1652155050532475376 721.562834 1.385831 2 0 0.000000
1652155051081242064 548.737345 1.822268 1 0 0.000000
1652155052622434265 770.573901 1.297697 2 0 0.000000
1652155053341825690 719.368426 1.390064 1 0 0.000000
1652155054666216733 662.171788 1.510128 2 0 0.000000
1652155055389314374 723.075193 1.382939 1 0 0.000000
1652155056820768716 715.705160 1.397180 2 0 0.000000
1652155057625311541 804.521009 1.242942 1 0 0.000000
1652155058273076927 647.742071 1.543769 1 0 0.000000
1652155059340146328 533.511027 1.874292 2 0 0.000000
1652155060640713623 650.259781 1.537790 2 0 0.000000
1652155061329795902 689.061189 1.451206 1 0 0.000000
1652155062686890859 678.520526 1.473736 2 0 0.000000
1652155063836988676 0.000000 0.000000 0 0 0.000000
1652155064590141106 1903.227044 1.327753 1 0 0.000000
1652155065299459949 709.292230 1.409803 1 0 0.000000
1652155066792997428 746.743060 1.339103 2 0 0.000000
1652155067579674540 786.653141 1.271170 1 0 0.000000
1652155068195721104 616.024489 1.623254 1 0 0.000000
1652155069662630219 733.431450 1.363411 2 0 0.000000
1652155070290203482 627.551216 1.593439 1 0 0.000000
1652155071650737967 680.233843 1.470011 2 0 0.000000
1652155072405377050 754.614661 1.325137 1 0 0.000000
1652155073544574512 569.573931 1.755622 2 0 0.000000
1652155074289963673 745.363406 1.341581 1 0 0.000000
1652155075143012177 853.025992 1.172266 1 0 0.000000
1652155076489508692 673.225181 1.485336 2 0 0.000000
1652155077265697037 776.163136 1.288347 1 0 0.000000
1652155078738928706 736.592084 1.357560 2 0 0.000000
1652155079361245448 622.288106 1.606899 1 0 0.000000
1652155080721190319 679.949998 1.470648 2 0 0.000000
1652155081408756111 687.545780 1.454406 1 0 0.000000
1652155082153286838 744.508064 1.343128 1 0 0.000000
1652155083562970911 704.819599 1.418758 2 0 0.000000
1652155084116348807 553.354797 1.807083 1 0 0.000000
1652155085627907315 755.756594 1.323138 2 0 0.000000
1652155086415885533 787.955881 1.269071 1 0 0.000000
1652155087707347914 645.706691 1.548632 2 0 0.000000
1652155088612077489 904.708701 1.105303 1 0 0.000000
1652155089421590799 809.489534 1.235310 1 0 0.000000
1652155090208128136 786.513621 1.271395 1 0 0.000000
1652155091575475481 683.650484 1.462686 2 0 0.000000
1652155092255397897 679.893869 1.470756 1 0 0.000000
1652155093683804834 714.180625 1.400161 2 0 0.000000
1652155094418051336 734.224756 1.361940 1 0 0.000000
1652155095688900746 635.403356 1.573751 2 0 0.000000
1652155096341736301 652.813618 1.531779 1 0 0.000000
1652155097582222539 620.218758 1.612271 2 0 0.000000
1652155098820048562 618.889046 1.615736 2 0 0.000000
1652155099536883369 716.809733 1.395022 1 0 0.000000
1652155100144506738 607.601631 1.645756 1 0 0.000000
1652155101682700682 769.075432 1.300226 2 0 0.000000
1652155102365282989 682.560797 1.465025 1 0 0.000000
1652155103800438327 717.555101 1.393577 2 0 0.000000
1652155104436822803 636.360921 1.571377 1 0 0.000000
1652155105815499232 689.315718 1.450667 2 0 0.000000
1652155106498535386 683.013090 1.464051 1 0 0.000000
1652155107204581692 706.023899 1.416338 1 0 0.000000
1652155108584812743 690.091299 1.449033 2 0 0.000000
1652155109453461158 868.626244 1.151214 1 0 0.000000
1652155110642357635 594.425358 1.682232 2 0 0.000000
1652155111268139754 625.757046 1.598000 1 0 0.000000
1652155112328900880 1060.736429 0.942719 1 0 0.000000
1652155113564248848 617.649837 1.618977 2 0 0.000000
1652155114316867361 752.596087 1.328694 1 0 0.000000
1652155115582778121 632.932747 1.579890 2 0 0.000000
1652155116272144101 689.344269 1.450608 1 0 0.000000
1652155117638655650 683.234034 1.463581 2 0 0.000000
1652155118374804738 736.127213 1.358420 1 0 0.000000
1652155119661069581 643.096019 1.554890 2 0 0.000000
1652155120868037268 603.459419 1.657045 2 0 0.000000
1652155121453766317 585.706442 1.707274 1 0 0.000000
1652155122755332872 650.760311 1.536610 2 0 0.000000
1652155123395189219 639.831499 1.562851 1 0 0.000000
1652155124655120163 629.942804 1.587389 2 0 0.000000
1652155125271593553 616.450702 1.622130 1 0 0.000000
1652155126593331032 660.845619 1.513160 2 0 0.000000
1652155127824569510 615.597812 1.624381 2 0 0.000000
1652155128408289551 583.696245 1.713150 1 0 0.000000
1652155129730771766 661.215395 1.512308 2 0 0.000000
1652155130464733886 733.941006 1.362468 1 0 0.000000
1652155131390499747 925.741354 1.080187 1 0 0.000000
1652155132667968029 638.709323 1.565597 2 0 0.000000
1652155133221362194 553.367098 1.807030 1 0 0.000000
1652155134562499600 670.543541 1.491271 2 0 0.000000
1652155135248235155 685.707725 1.458288 1 0 0.000000
1652155136689857436 720.787550 1.387326 2 0 0.000000
1652155137432650532 742.771291 1.346270 1 0 0.000000
1652155138785055474 676.179367 1.478847 2 0 0.000000
1652155139500829716 715.750787 1.397089 1 0 0.000000
1652155140840473940 669.799722 1.492934 2 0 0.000000
1652155141591173329 750.676041 1.332091 1 0 0.000000
1652155142245938241 654.742856 1.527266 1 0 0.000000
1652155143577512280 665.764472 1.501982 2 0 0.000000
1652155144294618044 717.082615 1.394494 1 0 0.000000
1652155145673296404 689.307849 1.450665 2 0 0.000000
1652155146391279836 717.960780 1.392790 1 0 0.000000
1652155147718721456 663.688792 1.506658 2 0 0.000000
1652155148473779958 755.034755 1.324401 1 0 0.000000
1652155149853762686 689.969179 1.449294 2 0 0.000000
1652155150403918109 550.119725 1.817668 1 0 0.000000
1652155151863666874 729.849966 1.370099 2 0 0.000000
1652155152415753975 552.063722 1.811308 1 0 0.000000
1652155153272213304 856.437242 1.167598 1 0 0.000000
1652155154786860849 757.299363 1.320439 2 0 0.000000
1652155155541857351 754.975302 1.324509 1 0 0.000000
1652155156151259905 609.378959 1.640951 1 0 0.000000
1652155157436123936 642.409250 1.556585 2 0 0.000000
1652155158829790372 696.807996 1.435064 2 0 0.000000
1652155159469712267 639.897698 1.562691 1 0 0.000000
1652155160170224010 700.489676 1.427528 1 0 0.000000
1652155161606463956 718.097636 1.392525 2 0 0.000000
1652155162702929691 548.210992 1.824042 2 0 0.000000
1652155163855622459 576.321522 1.735068 2 0 0.000000
1652155164908343487 0.000000 0.000000 0 0 0.000000
1652155165732563354 938.447997 2.426537 2 0 0.000000
1652155166525077316 792.492201 1.261807 1 0 0.000000
1652155167246645006 721.545678 1.385871 1 0 0.000000
1652155168507400942 630.350038 1.586350 2 0 0.000000
1652155169270897531 763.472577 1.309764 1 0 0.000000
1652155170639297594 684.176784 1.461561 2 0 0.000000
1652155171875603605 618.125521 1.617722 2 0 0.000000
1652155172594560941 718.934458 1.390903 1 0 0.000000
1652155173299912179 705.330660 1.417733 1 0 0.000000
1652155174758618261 729.330925 1.371078 2 0 0.000000
1652155175896501960 568.919286 1.757649 2 0 0.000000
1652155176582639217 686.115265 1.457434 1 0 0.000000
1652155177357762688 775.101345 1.290117 1 0 0.000000
1652155178604919484 623.555540 1.603648 2 0 0.000000
1652155179197388420 592.440961 1.687852 1 0 0.000000
1652155180661977259 1464.564051 0.682785 1 0 0.000000
1652155181332268606 670.248352 1.491889 1 0 0.000000
1652155182796724650 732.205244 1.365695 2 0 0.000000
1652155183480630364 683.883768 1.462190 1 0 0.000000
1652155184817128287 668.224264 1.496448 2 0 0.000000
1652155185721885542 904.735951 1.105269 1 0 0.000000
1652155186510583482 788.674685 1.267913 1 0 0.000000
1652155187808349447 648.856308 1.541110 2 0 0.000000
1652155188444315750 635.910333 1.572410 1 0 0.000000
1652155189924027122 739.832101 1.351615 2 0 0.000000
1652155190571392523 647.339911 1.544723 1 0 0.000000
1652155191291420371 720.005286 1.388835 1 0 0.000000
1652155192736623397 722.576998 1.383889 2 0 0.000000
1652155193561405859 824.759348 1.212441 1 0 0.000000
1652155194762356561 600.451237 1.665347 2 0 0.000000
1652155195481922580 719.544769 1.389727 1 0 0.000000
1652155196891301686 704.665424 1.419065 2 0 0.000000
1652155197406901141 515.577379 1.939490 1 0 0.000000
1652155198676407828 634.729879 1.575415 2 0 0.000000
1652155199557227941 880.795651 1.135306 1 0 0.000000
1652155200920129435 681.425986 1.467457 2 0 0.000000
1652155201448417737 528.265414 1.892906 1 0 0.000000
1652155202710631569 631.084088 1.584518 2 0 0.000000
1652155203431926574 721.272704 1.386395 1 0 0.000000
1652155204747774155 657.901255 1.519933 2 0 0.000000
1652155205572926498 825.129445 1.211897 1 0 0.000000
1652155206218757741 645.805484 1.548392 1 0 0.000000
1652155207515859319 648.526936 1.541899 2 0 0.000000
1652155208179177241 663.295085 1.507573 1 0 0.000000
1652155209859301331 840.039534 1.190388 2 0 0.000000
1652155210473602283 614.277467 1.627867 1 0 0.000000
1652155211754676931 640.514042 1.561189 2 0 0.000000
1652155212557000027 802.296665 1.246381 1 0 0.000000
1652155213828847485 635.901159 1.572516 2 0 0.000000
1652155214473033451 644.162477 1.552347 1 0 0.000000
1652155215862173317 694.546245 1.439740 2 0 0.000000
1652155216501150718 638.952258 1.565001 1 0 0.000000
1652155217808224691 653.512708 1.530135 2 0 0.000000
1652155218613272779 805.025230 1.242162 1 0 0.000000
1652155219299731700 686.433012 1.456751 1 0 0.000000
1652155220707206606 703.697540 1.420984 2 0 0.000000
1652155221395232947 688.002280 1.453433 1 0 0.000000
1652155222204696770 809.438424 1.235386 1 0 0.000000
1652155223620147391 707.702073 1.412978 2 0 0.000000
1652155224327377952 707.206480 1.413966 1 0 0.000000
1652155225804730542 1477.319663 0.676886 1 0 0.000000
1652155226487827488 683.072950 1.463921 1 0 0.000000
1652155227946110898 729.111956 1.371476 2 0 0.000000
1652155228612454908 666.320681 1.500726 1 0 0.000000
1652155229888829229 638.163465 1.566938 2 0 0.000000
1652155230538635555 649.783989 1.538920 1 0 0.000000
1652155231843881631 652.600746 1.532278 2 0 0.000000
1652155232391027084 547.124104 1.827668 1 0 0.000000
1652155233783609914 696.269160 1.436180 2 0 0.000000
1652155234417793235 634.160122 1.576831 1 0 0.000000
1652155235768762591 675.456067 1.480418 2 0 0.000000
1652155236623797053 855.008120 1.169544 1 0 0.000000
1652155237947320826 661.737743 1.511118 2 0 0.000000
1652155238569116056 621.765341 1.608247 1 0 0.000000
1652155239254281545 685.141798 1.459501 1 0 0.000000
1652155240652140703 698.906182 1.430759 2 0 0.000000
1652155241821009745 584.411404 1.711056 2 0 0.000000
1652155242477690391 656.657883 1.522810 1 0 0.000000
1652155243945312685 733.787249 1.362748 2 0 0.000000
1652155244668009781 722.673616 1.383706 1 0 0.000000
1652155245249110458 581.071293 1.720872 1 0 0.000000
1652155246777925785 764.379027 1.308202 2 0 0.000000
1652155247498555056 720.606002 1.387676 1 0 0.000000
1652155248317763643 819.186476 1.220690 1 0 0.000000
1652155249698080416 690.135030 1.448943 2 0 0.000000
1652155250485069607 786.965916 1.270665 1 0 0.000000
1652155251794365320 654.625272 1.527539 2 0 0.000000
1652155252511329174 716.942023 1.394770 1 0 0.000000
1652155253849847754 669.234121 1.494189 2 0 0.000000
1652155254534644228 684.769391 1.460288 1 0 0.000000
1652155255903887463 684.599052 1.460661 2 0 0.000000
1652155256525724451 621.806933 1.608139 1 0 0.000000
1652155257827636041 650.931829 1.536203 2 0 0.000000
1652155258959964359 566.137918 1.766272 2 0 0.000000
1652155259645664828 685.679014 1.458363 1 0 0.000000
1652155260359532738 713.845247 1.400819 1 0 0.000000
1652155261754234193 697.327672 1.433999 2 0 0.000000
1652155262526048353 771.795447 1.295649 1 0 0.000000
1652155263816477802 645.192478 1.549872 2 0 0.000000
1652155264504156279 687.655313 1.454168 1 0 0.000000
1652155265328862109 824.682315 1.212554 1 0 0.000000
1652155266715476991 693.280586 1.442362 2 0 0.000000
1652155267937299106 610.889106 1.636899 2 0 0.000000
1652155268695125074 757.803877 1.319564 1 0 0.000000
1652155269349845083 654.696749 1.527370 1 0 0.000000
1652155270928616263 789.363762 1.266808 2 0 0.000000
1652155271509362240 580.723635 1.721923 1 0 0.000000
1652155272922068821 706.325985 1.415722 2 0 0.000000
1652155273574586156 652.493304 1.532526 1 0 0.000000
1652155274345715727 771.105034 1.296799 1 0 0.000000
1652155275692753091 673.494997 1.484740 2 0 0.000000
1652155276758352620 532.777384 1.876878 2 0 0.000000
1652155277510546110 752.165290 1.329445 1 0 0.000000
1652155278098645988 588.077019 1.700391 1 0 0.000000
1652155279973872809 937.588247 1.066538 2 0 0.000000
1652155280674170530 700.274998 1.427964 1 0 0.000000
1652155281267331160 593.138042 1.685884 1 0 0.000000
1652155282798500910 765.558221 1.306191 2 0 0.000000
1652155283497638463 699.108687 1.430334 1 0 0.000000
1652155284778723021 640.516206 1.561177 2 0 0.000000
1652155285596202707 817.456272 1.223272 1 0 0.000000
1652155286365607431 769.381625 1.299706 1 0 0.000000
1652155287836714036 735.529918 1.359521 2 0 0.000000
1652155288576015447 739.269006 1.352628 1 0 0.000000
1652155289280208947 704.170310 1.420064 1 0 0.000000
1652155290636526204 678.136918 1.474581 2 0 0.000000
1652155291409082207 772.533641 1.294405 1 0 0.000000
1652155292797302923 694.086200 1.440693 2 0 0.000000
1652155293457830234 660.503941 1.513942 1 0 0.000000
1652155294762285021 652.204240 1.533208 2 0 0.000000
1652155295477774898 715.467294 1.397644 1 0 0.000000
1652155296996886063 759.533158 1.316559 2 0 0.000000
1652155297578295664 581.382694 1.719958 1 0 0.000000
1652155298917514627 669.587560 1.493408 2 0 0.000000
1652155299541755257 624.219035 1.601946 1 0 0.000000
1652155300261160949 719.378659 1.390036 1 0 0.000000
1652155301650236347 694.515861 1.439807 2 0 0.000000
1652155302972844724 661.282011 1.512163 2 0 0.000000
1652155303568709380 595.841677 1.678233 1 0 0.000000
1652155304836833529 634.040068 1.577133 2 0 0.000000
1652155305520358954 683.500852 1.463003 1 0 0.000000
1652155306913130039 696.362283 1.435986 2 0 0.000000
1652155307600228891 687.076876 1.455395 1 0 0.000000
1652155308830111142 614.918533 1.626172 2 0 0.000000
1652155309653796487 823.664376 1.214056 1 0 0.000000
1652155310925815697 635.984013 1.572303 2 0 0.000000
1652155311575927199 650.083181 1.538198 1 0 0.000000
1652155312263978228 688.027499 1.453381 1 0 0.000000
1652155313757349411 746.662643 1.339252 2 0 0.000000
1652155314392462994 635.083279 1.574521 1 0 0.000000
1652155315755853625 681.671676 1.466931 2 0 0.000000
1652155316492219325 736.339779 1.358021 1 0 0.000000
1652155317233981573 741.739836 1.348141 1 0 0.000000
1652155318852941715 809.455193 1.235361 2 0 0.000000
1652155319603243416 750.271014 1.332797 1 0 0.000000
1652155320361808812 758.540563 1.318278 1 0 0.000000
1652155322017957387 0.000000 0.000000 0 0 0.000000
1652155322793933506 1216.037472 2.577399 2 0 0.000000
1652155323412253333 618.293611 1.617286 1 0 0.000000
1652155324784617477 686.148021 1.457339 2 0 0.000000
1652155325475840760 691.198705 1.446711 1 0 0.000000
1652155326746635549 635.374133 1.573818 2 0 0.000000
1652155327386569919 639.911457 1.562660 1 0 0.000000
1652155328940227073 776.805140 1.287285 2 0 0.000000
1652155329590169150 649.917184 1.538599 1 0 0.000000
1652155330204832951 614.640170 1.626906 1 0 0.000000
1652155331710126978 752.620487 1.328644 2 0 0.000000
1652155332443935553 733.785501 1.362753 1 0 0.000000
1652155333924279984 740.149059 1.351037 2 0 0.000000
1652155334746839385 822.536558 1.215718 1 0 0.000000
1652155335367762826 620.893797 1.610505 1 0 0.000000
1652155336812414476 722.300849 1.384417 2 0 0.000000
1652155337513401673 700.964799 1.426560 1 0 0.000000
1652155338274983860 761.559654 1.313056 1 0 0.000000
1652155339743381738 1468.375792 0.681014 1 0 0.000000
1652155340490474360 747.063991 1.338522 1 0 0.000000
1652155341842844991 676.161786 1.478885 2 0 0.000000
1652155342496713237 653.845894 1.529360 1 0 0.000000
1652155343905714532 704.474757 1.419445 2 0 0.000000
1652155344633731669 727.994234 1.373594 1 0 0.000000
1652155345965246945 665.735374 1.502048 2 0 0.000000
1652155346688038132 722.768349 1.383525 1 0 0.000000
1652155348023200101 667.558702 1.497946 2 0 0.000000
1652155348640153877 616.918243 1.620867 1 0 0.000000
1652155349360900532 720.722729 1.387450 1 0 0.000000
1652155350765551946 702.301073 1.423841 2 0 0.000000
1652155351457897151 692.319967 1.444366 1 0 0.000000
1652155352878008730 710.033532 1.408340 2 0 0.000000
1652155353482059286 604.027782 1.655491 1 0 0.000000
1652155354888132486 703.013508 1.422401 2 0 0.000000
1652155356008653918 1120.499230 0.892442 1 0 0.000000
1652155356694447685 685.771896 1.458164 1 0 0.000000
1652155357338029005 643.538821 1.553805 1 0 0.000000
1652155358637430938 649.673898 1.539170 2 0 0.000000
1652155359324026874 686.571001 1.456461 1 0 0.000000
1652155360964539306 820.229083 1.219131 2 0 0.000000
1652155361696052064 731.491002 1.367030 1 0 0.000000
1652155362892191759 598.045679 1.672046 2 0 0.000000
1652155363649756595 757.543126 1.320019 1 0 0.000000
1652155364337576281 687.797749 1.453869 1 0 0.000000
1652155365844257904 753.316014 1.327420 2 0 0.000000
1652155366572859121 728.579532 1.372493 1 0 0.000000
1652155367950051316 688.571971 1.452230 2 0 0.000000
1652155368635816216 685.741557 1.458226 1 0 0.000000
1652155369346895557 711.056487 1.406313 1 0 0.000000
1652155370842605429 747.832058 1.337158 2 0 0.000000
1652155371577481544 734.858236 1.360774 1 0 0.000000
1652155372885490868 653.981992 1.529041 2 0 0.000000
1652155373542861491 657.337651 1.521212 1 0 0.000000
1652155374946238612 701.665422 1.425134 2 0 0.000000
1652155375790963150 844.702026 1.183818 1 0 0.000000
1652155376510200370 719.212181 1.390362 1 0 0.000000
1652155377936755305 713.253557 1.401979 2 0 0.000000
1652155378706924225 770.146978 1.298416 1 0 0.000000
1652155379562683316 855.735912 1.168553 1 0 0.000000
1652155380625202517 1062.496744 0.941159 1 0 0.000000
1652155381200305777 575.081551 1.738818 1 0 0.000000
1652155383058219436 0.000000 0.000000 0 0 0.000000
1652155383867471162 1333.558419 2.471419 2 0 0.000000
1652155384561519313 694.023689 1.440822 1 0 0.000000
1652155385896273368 667.353736 1.498403 2 0 0.000000
1652155386545303999 649.006886 1.540759 1 0 0.000000
1652155387321931110 776.605085 1.287619 1 0 0.000000
1652155388966106457 822.065411 1.216415 2 0 0.000000
1652155389554549670 588.419548 1.699399 1 0 0.000000
1652155390946570308 695.987554 1.436760 2 0 0.000000
1652155391599475818 652.884446 1.531615 1 0 0.000000
1652155393044258670 722.368668 1.384291 2 0 0.000000
1652155393659961883 615.680075 1.624159 1 0 0.000000
1652155394979882297 659.937441 1.515243 2 0 0.000000
1652155395602308915 622.404511 1.606615 1 0 0.000000
1652155397005645412 701.645791 1.425175 2 0 0.000000
1652155397679520714 673.852574 1.483954 1 0 0.000000
1652155398351645293 672.102743 1.487819 1 0 0.000000
1652155399690028204 669.167399 1.494341 2 0 0.000000
1652155400462863233 772.812040 1.293937 1 0 0.000000
1652155401840906049 688.988599 1.451334 2 0 0.000000
1652155402530173893 689.244992 1.450815 1 0 0.000000
1652155403864771083 667.274922 1.498580 2 0 0.000000
1652155404421809918 557.015472 1.795207 1 0 0.000000
1652155405915664574 746.903843 1.338818 2 0 0.000000
1652155406599863949 684.173796 1.461562 1 0 0.000000
1652155407808667939 604.379420 1.654528 2 0 0.000000
