1652153557587189118 620.177516 1.611572 1 0 0.000000
1652153558511862475 924.635253 1.081463 1 0 0.000000
1652153559453975024 942.086583 1.061444 1 0 0.000000
1652153560202851335 748.850852 1.335334 1 0 0.000000
1652153561883420851 840.261502 1.190073 2 0 0.000000
1652153562601092697 717.645875 1.393394 1 0 0.000000
1652153563290621291 689.501286 1.450266 1 0 0.000000
1652153564779520829 744.423466 1.343274 2 0 0.000000
1652153565457678529 678.132767 1.474583 1 0 0.000000
1652153566748307384 645.288845 1.549632 2 0 0.000000
1652153567348479959 600.147787 1.666187 1 0 0.000000
1652153568623633834 637.550974 1.568438 2 0 0.000000
1652153569280525008 656.827857 1.522323 1 0 0.000000
1652153570580281307 649.852635 1.538750 2 0 0.000000
1652153571942733517 681.198709 1.467941 2 0 0.000000
1652153572564517293 621.765500 1.608276 1 0 0.000000
1652153573902229924 668.829122 1.495089 2 0 0.000000
1652153574592593034 690.337821 1.448513 1 0 0.000000
1652153575837316361 622.337074 1.606783 2 0 0.000000
1652153576439979448 602.639452 1.659302 1 0 0.000000
1652153577689867567 624.918081 1.600143 2 0 0.000000
1652153578379738771 689.843440 1.449546 1 0 0.000000
1652153579922038306 771.120259 1.296765 2 0 0.000000
1652153580511621578 589.560519 1.696113 1 0 0.000000
1652153581860658001 674.491805 1.482540 2 0 0.000000
1652153582668759500 808.077859 1.237468 1 0 0.000000
1652153583931592401 631.389613 1.583741 2 0 0.000000
1652153584616133218 684.517307 1.460833 1 0 0.000000
1652153585922209793 653.011829 1.531304 2 0 0.000000
1652153586544050982 621.814652 1.608128 1 0 0.000000
1652153587983009736 719.452499 1.389894 2 0 0.000000
1652153588704053219 721.017623 1.386879 1 0 0.000000
1652153589444891159 740.807093 1.349823 1 0 0.000000
1652153590519848498 537.440923 1.860539 2 0 0.000000
1652153591894335388 687.213376 1.455088 2 0 0.000000
1652153592582318177 687.953931 1.453525 1 0 0.000000
1652153593867059557 642.344103 1.556734 2 0 0.000000
1652153594506940246 639.855019 1.562791 1 0 0.000000
1652153595824630543 658.818125 1.517807 2 0 0.000000
1652153596568511880 743.853792 1.344300 1 0 0.000000
1652153597834112330 632.773430 1.580278 2 0 0.000000
1652153598483578510 649.435959 1.539726 1 0 0.000000
1652153599215473333 731.869254 1.366317 1 0 0.000000
1652153600518401121 1302.889112 0.767502 1 0 0.000000
1652153601828966065 655.254672 1.526059 2 0 0.000000
1652153602383008500 554.018429 1.804916 1 0 0.000000
1652153603754803905 685.871735 1.457943 2 0 0.000000
1652153604478370581 723.542716 1.382043 1 0 0.000000
1652153605749320717 635.448992 1.573626 2 0 0.000000
1652153606566942909 817.597294 1.223059 1 0 0.000000
1652153607265494086 698.527096 1.431534 1 0 0.000000
1652153608808407117 771.430116 1.296249 2 0 0.000000
1652153609560477868 752.043362 1.329662 1 0 0.000000
1652153610802329526 620.898001 1.610498 2 0 0.000000
1652153611589658824 787.306801 1.270117 1 0 0.000000
1652153612943483727 676.885945 1.477296 2 0 0.000000
1652153613753129559 809.617280 1.235108 1 0 0.000000
1652153614453893982 700.738192 1.427013 1 0 0.000000
1652153616004210392 0.000000 0.000000 0 0 0.000000
1652153617005069433 0.000000 0.000000 0 0 0.000000
1652153617614662237 3160.741583 1.640439 1 0 0.000000
1652153618819827904 602.556131 1.659523 2 0 0.000000
1652153619455601168 635.746025 1.572888 1 0 0.000000
1652153620744720181 644.532508 1.551447 2 0 0.000000
1652153622004552028 629.879639 1.587513 2 0 0.000000
1652153622634103858 629.527844 1.588432 1 0 0.000000
1652153623383412355 749.282586 1.334564 1 0 0.000000
1652153624661689778 639.113906 1.564606 2 0 0.000000
1652153625930975724 634.616241 1.575689 2 0 0.000000
1652153626718281458 787.278762 1.270155 1 0 0.000000
1652153627979938263 630.801489 1.585217 2 0 0.000000
1652153628744270926 764.303069 1.308331 1 0 0.000000
1652153629432945126 688.646411 1.452065 1 0 0.000000
1652153630223458468 790.485091 1.265001 1 0 0.000000
1652153631460932712 1237.448685 0.808098 1 0 0.000000
1652153632928771904 733.889406 1.362547 2 0 0.000000
1652153633546069554 617.269263 1.619964 1 0 0.000000
1652153634959365534 706.622871 1.415132 2 0 0.000000
1652153635698561670 739.170341 1.352821 1 0 0.000000
1652153636973326497 637.356822 1.568917 2 0 0.000000
1652153637737847408 764.489603 1.308009 1 0 0.000000
1652153638945435924 603.770724 1.656193 2 0 0.000000
1652153639464369692 518.907657 1.927028 1 0 0.000000
1652153640798727421 667.160240 1.498848 2 0 0.000000
1652153641351829198 553.079369 1.807986 1 0 0.000000
1652153642710833191 679.478008 1.471666 2 0 0.000000
1652153643995732765 642.422652 1.556542 2 0 0.000000
1652153644682638527 686.874620 1.455804 1 0 0.000000
1652153645992110438 654.709843 1.527333 2 0 0.000000
1652153646544622802 552.484348 1.809914 1 0 0.000000
1652153647851380545 653.352808 1.530506 2 0 0.000000
1652153648539270150 687.865038 1.453722 1 0 0.000000
1652153649776921315 618.798768 1.615964 2 0 0.000000
1652153650570155874 793.209239 1.260661 1 0 0.000000
1652153651878561687 654.177620 1.528578 2 0 0.000000
1652153652534858179 656.266667 1.523702 1 0 0.000000
1652153654032007395 0.000000 0.000000 0 0 0.000000
1652153654939449735 1202.269071 2.203997 2 0 0.000000
1652153655492790914 553.314959 1.807203 1 0 0.000000
1652153656873935279 690.544180 1.448075 2 0 0.000000
1652153657625993179 752.034480 1.329685 1 0 0.000000
1652153658891094504 632.524484 1.580901 2 0 0.000000
1652153659698344633 807.228038 1.238773 1 0 0.000000
1652153660934727346 618.166150 1.617622 2 0 0.000000
1652153661724230147 789.478164 1.266620 1 0 0.000000
1652153662855588748 565.652661 1.767786 2 0 0.000000
1652153663407363735 551.747603 1.812333 1 0 0.000000
1652153664803904327 698.242784 1.432110 2 0 0.000000
1652153665426603217 622.674638 1.605913 1 0 0.000000
1652153666720663745 647.003915 1.545523 2 0 0.000000
1652153667408169757 687.479721 1.454533 1 0 0.000000
1652153668816721291 704.249444 1.419898 2 0 0.000000
1652153669467885989 651.134016 1.535710 1 0 0.000000
1652153670841897966 686.979662 1.455591 2 0 0.000000
1652153671664491922 822.569119 1.215667 1 0 0.000000
1652153672390509466 725.989172 1.377377 1 0 0.000000
1652153673865094666 737.262680 1.356314 2 0 0.000000
1652153674680564692 815.414802 1.226287 1 0 0.000000
1652153675467186678 786.595259 1.271259 1 0 0.000000
1652153676928275684 730.520156 1.368842 2 0 0.000000
1652153677683929197 755.627393 1.323358 1 0 0.000000
1652153678889594935 602.806548 1.658835 2 0 0.000000
1652153679502132950 612.508060 1.632552 1 0 0.000000
1652153680878786156 688.299690 1.452799 2 0 0.000000
1652153681555498561 676.687186 1.477733 1 0 0.000000
1652153682787443979 615.946961 1.623449 2 0 0.000000
1652153683514608241 727.139123 1.375205 1 0 0.000000
1652153684790246440 637.791807 1.567843 2 0 0.000000
1652153686026412151 618.056577 1.617906 2 0 0.000000
1652153686780039515 753.602863 1.326916 1 0 0.000000
1652153687436475896 656.410345 1.523377 1 0 0.000000
1652153688842080372 702.773271 1.422875 2 0 0.000000
1652153689444876735 602.775248 1.658935 1 0 0.000000
1652153690797955053 676.508404 1.478111 2 0 0.000000
1652153691509961012 711.982916 1.404483 1 0 0.000000
1652153692844623100 667.303905 1.498507 2 0 0.000000
1652153693546086124 701.429351 1.425592 1 0 0.000000
1652153694817356279 635.602740 1.573230 2 0 0.000000
1652153695525547106 708.167157 1.412049 1 0 0.000000
1652153696853929735 664.164479 1.505590 2 0 0.000000
1652153697550569328 696.615361 1.435462 1 0 0.000000
1652153698809336244 629.356678 1.588857 2 0 0.000000
1652153699502478115 693.118486 1.442706 1 0 0.000000
1652153700878639674 688.055869 1.453318 2 0 0.000000
1652153701559431583 680.768309 1.468878 1 0 0.000000
1652153702782535419 611.524216 1.635184 2 0 0.000000
1652153703570871281 788.311826 1.268495 1 0 0.000000
1652153704858780884 643.930299 1.552904 2 0 0.000000
1652153705565552360 706.743566 1.414885 1 0 0.000000
1652153706719026092 576.714554 1.733893 2 0 0.000000
1652153708048517812 664.720561 1.504334 2 0 0.000000
1652153708738140883 689.600092 1.450067 1 0 0.000000
1652153709818408830 1080.244522 0.925696 1 0 0.000000
1652153710638749100 820.315572 1.219006 1 0 0.000000
1652153711359594075 720.818163 1.387261 1 0 0.000000
1652153712753219733 696.785709 1.435106 2 0 0.000000
1652153713471240215 717.973282 1.392718 1 0 0.000000
1652153714982204943 755.448658 1.323658 2 0 0.000000
1652153715725745301 743.517496 1.344917 1 0 0.000000
1652153716981543925 627.876025 1.592612 2 0 0.000000
1652153717716996880 735.429756 1.359706 1 0 0.000000
1652153719015194671 649.071518 1.540597 2 0 0.000000
1652153719567356663 552.135389 1.811063 1 0 0.000000
1652153720935784391 684.187568 1.461531 2 0 0.000000
1652153721591877566 656.056253 1.524174 1 0 0.000000
1652153722983064901 695.569406 1.437621 2 0 0.000000
1652153723598934652 615.844577 1.623720 1 0 0.000000
1652153724873944315 637.477904 1.568616 2 0 0.000000
1652153725563068908 689.094213 1.451116 1 0 0.000000
1652153726936859067 686.870846 1.455826 2 0 0.000000
1652153727626801210 689.915165 1.449397 1 0 0.000000
1652153728966551845 669.848026 1.492815 2 0 0.000000
1652153729539511740 572.933173 1.745323 1 0 0.000000
1652153730848471825 654.450942 1.527931 2 0 0.000000
1652153731627040863 778.544621 1.284408 1 0 0.000000
1652153732965539054 669.223653 1.494212 2 0 0.000000
1652153733855276945 889.712487 1.123927 1 0 0.000000
1652153734410721013 555.417890 1.800361 1 0 0.000000
1652153735848974224 719.105483 1.390576 2 0 0.000000
1652153736397790406 548.785215 1.822104 1 0 0.000000
1652153737915707747 758.931840 1.317595 2 0 0.000000
1652153738486300737 570.568012 1.752563 1 0 0.000000
1652153739827219049 670.434707 1.491515 2 0 0.000000
1652153741039650585 606.189537 1.649578 2 0 0.000000
1652153741693166699 653.488494 1.530184 1 0 0.000000
1652153743001680316 654.231317 1.528452 2 0 0.000000
1652153743756519298 754.815232 1.324786 1 0 0.000000
1652153744994339576 618.886559 1.615743 2 0 0.000000
1652153745681786583 687.412983 1.454658 1 0 0.000000
1652153746436942805 755.132431 1.324229 1 0 0.000000
1652153747746438964 654.722610 1.527305 2 0 0.000000
1652153748532704647 786.239983 1.271835 1 0 0.000000
1652153749761807943 1229.080549 0.813601 1 0 0.000000
1652153750446987550 685.153806 1.459471 1 0 0.000000
1652153751814514432 683.738583 1.462494 2 0 0.000000
1652153752593746794 779.209278 1.283314 1 0 0.000000
1652153754071018659 738.611370 1.353847 2 0 0.000000
1652153754671231538 600.188713 1.666076 1 0 0.000000
1652153755930784566 629.746499 1.587865 2 0 0.000000
1652153756668879485 738.069470 1.354839 1 0 0.000000
1652153757980682815 655.876203 1.524619 2 0 0.000000
1652153758741670655 760.959890 1.314081 1 0 0.000000
1652153759461039380 719.340589 1.390108 1 0 0.000000
1652153760672006106 605.459525 1.651573 2 0 0.000000
1652153761892326625 610.136069 1.638914 2 0 0.000000
1652153762643612633 751.258032 1.331051 1 0 0.000000
1652153763820100807 588.219267 1.699975 2 0 0.000000
1652153764609816136 789.689405 1.266279 1 0 0.000000
1652153765882980176 636.558828 1.570889 2 0 0.000000
1652153766500755087 617.751832 1.618713 1 0 0.000000
1652153767771388418 635.291416 1.574018 2 0 0.000000
1652153768389948834 618.535013 1.616657 1 0 0.000000
1652153769800096267 705.045223 1.418291 2 0 0.000000
1652153770487474017 687.343299 1.454804 1 0 0.000000
1652153771168773262 681.272788 1.467784 1 0 0.000000
1652153772496321041 1327.522205 0.753269 1 0 0.000000
1652153773854619671 679.123310 1.472430 2 0 0.000000
1652153774625324326 770.681261 1.297514 1 0 0.000000
1652153775998304567 686.466363 1.456685 2 0 0.000000
1652153776786123112 787.794761 1.269328 1 0 0.000000
1652153777286652172 500.504823 1.997886 1 0 0.000000
1652153778792175338 752.736279 1.328442 2 0 0.000000
1652153779532772733 740.571820 1.350261 1 0 0.000000
1652153780846884621 657.032561 1.521940 2 0 0.000000
1652153781718133680 871.225499 1.147777 1 0 0.000000
1652153782888117198 584.963989 1.709426 2 0 0.000000
1652153783585133663 696.987302 1.434686 1 0 0.000000
1652153784687193957 551.003099 1.814783 2 0 0.000000
1652153786108936215 710.843602 1.406725 2 0 0.000000
1652153786807996847 699.037594 1.430491 1 0 0.000000
1652153788043279961 617.617759 1.619062 2 0 0.000000
1652153788795422989 752.117742 1.329534 1 0 0.000000
1652153789549189574 753.747046 1.326671 1 0 0.000000
1652153790892985644 671.871485 1.488321 2 0 0.000000
1652153791657633481 764.623360 1.307792 1 0 0.000000
1652153793047979364 695.148387 1.438491 2 0 0.000000
1652153793703982442 655.974897 1.524383 1 0 0.000000
1652153794418714076 714.707322 1.399127 1 0 0.000000
1652153795912826142 747.028915 1.338588 2 0 0.000000
1652153796551592966 638.743083 1.565517 1 0 0.000000
1652153797944641386 696.499906 1.435700 2 0 0.000000
1652153798646813823 702.149201 1.424152 1 0 0.000000
1652153799540146169 893.309157 1.119404 1 0 0.000000
1652153801025981811 742.893519 1.346044 2 0 0.000000
1652153801579206015 553.201229 1.807586 1 0 0.000000
1652153802850271677 635.514527 1.573483 2 0 0.000000
1652153803639293731 788.999441 1.267392 1 0 0.000000
1652153805008540949 684.600287 1.460657 2 0 0.000000
1652153805803515770 794.949432 1.257901 1 0 0.000000
1652153806488194092 684.650958 1.460540 1 0 0.000000
1652153807926449194 719.100087 1.390574 2 0 0.000000
1652153808502768305 576.291912 1.735150 1 0 0.000000
1652153809767246337 632.211569 1.581680 2 0 0.000000
1652153811055696571 644.201457 1.552252 2 0 0.000000
1652153811603160953 547.437404 1.826603 1 0 0.000000
1652153813055782288 726.286787 1.376821 2 0 0.000000
1652153813728135497 672.320242 1.487313 1 0 0.000000
1652153814484875853 756.714235 1.321457 1 0 0.000000
1652153815873827757 694.449536 1.439935 2 0 0.000000
1652153817106660113 616.392906 1.622281 2 0 0.000000
1652153817723824857 617.141946 1.620313 1 0 0.000000
1652153819130912339 703.519260 1.421376 2 0 0.000000
1652153819803275293 672.337826 1.487292 1 0 0.000000
1652153820521252631 717.951542 1.392802 1 0 0.000000
1652153821920053436 699.375828 1.429796 2 0 0.000000
1652153822744458227 824.381521 1.212996 1 0 0.000000
1652153823529563404 785.078500 1.273715 1 0 0.000000
1652153825140153178 805.268591 1.241781 2 0 0.000000
1652153825795140478 654.961569 1.526747 1 0 0.000000
1652153826446965809 651.796749 1.534153 1 0 0.000000
1652153827786410704 669.697655 1.493156 2 0 0.000000
1652153829145275547 0.000000 0.000000 0 0 0.000000
1652153829558907839 1772.467295 2.417607 1 0 0.000000
1652153831096676598 768.857367 1.300586 2 0 0.000000
1652153831713510049 616.807084 1.621183 1 0 0.000000
1652153833140940662 713.688577 1.401119 2 0 0.000000
1652153833964392256 823.424241 1.214400 1 0 0.000000
1652153834768995195 804.578973 1.242849 1 0 0.000000
1652153835489107886 720.088384 1.388672 1 0 0.000000
1652153837128796858 819.818300 1.219744 2 0 0.000000
1652153837905192637 776.344369 1.288003 1 0 0.000000
1652153838679218340 773.999081 1.291947 1 0 0.000000
1652153840072239257 696.486424 1.435729 2 0 0.000000
1652153840810732653 738.468307 1.354108 1 0 0.000000
1652153841464035363 653.273107 1.530684 1 0 0.000000
1652153842945874702 740.895854 1.349674 2 0 0.000000
1652153844154655208 0.000000 0.000000 0 0 0.000000
1652153844722536734 1776.638983 1.760931 1 0 0.000000
1652153846091038339 684.224604 1.461452 2 0 0.000000
1652153846770921673 679.856671 1.470841 1 0 0.000000
1652153847432645898 661.698745 1.511204 1 0 0.000000
1652153848884787587 726.041534 1.377276 2 0 0.000000
1652153850126901134 621.028784 1.610159 2 0 0.000000
1652153850776450399 649.524166 1.539529 1 0 0.000000
1652153852147833059 685.668441 1.458382 2 0 0.000000
1652153852763928155 616.072047 1.623126 1 0 0.000000
1652153854071777566 653.901188 1.529228 2 0 0.000000
1652153854744126461 672.323838 1.487323 1 0 0.000000
1652153855923881147 589.849310 1.695268 2 0 0.000000
1652153856607365101 683.460655 1.463092 1 0 0.000000
1652153858018239727 705.411694 1.417560 2 0 0.000000
1652153858702154987 683.887500 1.462169 1 0 0.000000
1652153859534227050 832.046820 1.201819 1 0 0.000000
1652153861082472904 774.104707 1.291785 2 0 0.000000
1652153861868768746 786.268785 1.271786 1 0 0.000000
1652153863042430873 586.806975 1.704068 2 0 0.000000
1652153863764881448 722.427638 1.384178 1 0 0.000000
1652153865036300223 635.686839 1.573046 2 0 0.000000
1652153865584178617 547.856543 1.825223 1 0 0.000000
1652153866940696274 678.234952 1.474363 2 0 0.000000
1652153868039462332 549.357471 1.820224 2 0 0.000000
1652153868654195024 614.705134 1.626723 1 0 0.000000
1652153870133519190 739.638991 1.351969 2 0 0.000000
1652153870722239959 588.695375 1.698598 1 0 0.000000
1652153871474403757 752.141009 1.329498 1 0 0.000000
1652153872884042708 704.795324 1.418803 2 0 0.000000
1652153873705288182 821.222360 1.217663 1 0 0.000000
1652153874469436869 764.120111 1.308646 1 0 0.000000
1652153875905809325 718.160183 1.392397 2 0 0.000000
1652153876686548688 780.711779 1.280837 1 0 0.000000
1652153877961600813 637.500939 1.568563 2 0 0.000000
1652153878676859715 715.235538 1.398095 1 0 0.000000
1652153879920104151 621.597505 1.608694 2 0 0.000000
1652153880727561339 807.410529 1.238456 1 0 0.000000
1652153882095461301 683.926148 1.462095 2 0 0.000000
1652153882813321340 717.836318 1.393029 1 0 0.000000
1652153883669392540 856.048157 1.168127 1 0 0.000000
1652153885026719165 678.639567 1.473485 2 0 0.000000
1652153885881643125 854.897518 1.169695 1 0 0.000000
1652153887057544387 587.926931 1.700823 2 0 0.000000
1652153887764437806 706.862767 1.414640 1 0 0.000000
1652153889118165865 676.838933 1.477402 2 0 0.000000
1652153889668318988 550.127720 1.817676 1 0 0.000000
1652153891006310336 668.971675 1.494778 2 0 0.000000
1652153891557086606 550.753888 1.815619 1 0 0.000000
1652153893014658324 728.762327 1.372145 2 0 0.000000
1652153893608686617 593.999155 1.683422 1 0 0.000000
1652153894910469838 650.868790 1.536354 2 0 0.000000
1652153895655813380 745.321476 1.341663 1 0 0.000000
1652153896923381695 633.760983 1.577824 2 0 0.000000
1652153898185641068 631.104396 1.584460 2 0 0.000000
1652153898945830719 760.164438 1.315461 1 0 0.000000
1652153899697135078 751.272474 1.331019 1 0 0.000000
1652153900952210253 627.508815 1.593530 2 0 0.000000
1652153901593046253 640.809242 1.560462 1 0 0.000000
1652153903036835947 721.870523 1.385243 2 0 0.000000
1652153903620605210 583.744766 1.713006 1 0 0.000000
1652153904791508062 585.427004 1.708084 2 0 0.000000
1652153906014403209 611.423783 1.635463 2 0 0.000000
1652153906805311955 790.885582 1.264368 1 0 0.000000
1652153907603607494 798.272154 1.252669 1 0 0.000000
1652153909112577239 754.461478 1.325408 2 0 0.000000
1652153909778356254 665.755265 1.502000 1 0 0.000000
1652153910600421364 822.039144 1.216449 1 0 0.000000
1652153911979412638 689.472112 1.450336 2 0 0.000000
1652153912718245874 738.809216 1.353485 1 0 0.000000
1652153913897181282 589.442775 1.696446 2 0 0.000000
1652153915079576860 591.164364 1.691481 2 0 0.000000
1652153915866572013 786.970426 1.270656 1 0 0.000000
1652153916529035302 662.439378 1.509518 1 0 0.000000
1652153918003223755 737.070803 1.356679 2 0 0.000000
1652153918624592347 621.345312 1.609351 1 0 0.000000
1652153919997074567 686.215318 1.457214 2 0 0.000000
1652153920617142234 620.037200 1.612727 1 0 0.000000
1652153922091079971 736.942971 1.356909 2 0 0.000000
1652153922916008499 824.903921 1.212226 1 0 0.000000
1652153924199361501 641.649040 1.558418 2 0 0.000000
1652153924858403396 659.017403 1.517354 1 0 0.000000
1652153925578331397 719.902847 1.389028 1 0 0.000000
1652153926984968598 703.293473 1.421831 2 0 0.000000
1652153927708762581 723.763643 1.381609 1 0 0.000000
1652153928413332983 704.544327 1.419305 1 0 0.000000
1652153929805527694 1392.169316 0.718290 1 0 0.000000
1652153931161749352 678.085896 1.474685 2 0 0.000000
1652153931781877270 620.104364 1.612571 1 0 0.000000
1652153933007862291 612.969667 1.631341 2 0 0.000000
1652153933726811654 718.925412 1.390919 1 0 0.000000
1652153935099262675 686.202735 1.457247 2 0 0.000000
1652153935680965991 581.681130 1.719089 1 0 0.000000
1652153937056622851 687.805203 1.453851 2 0 0.000000
1652153937672869966 616.225720 1.622726 1 0 0.000000
1652153938980363539 653.720535 1.529644 2 0 0.000000
1652153939664564354 684.176303 1.461559 1 0 0.000000
1652153941076344006 705.864169 1.416652 2 0 0.000000
1652153941796755788 720.387025 1.388095 1 0 0.000000
1652153943140142164 671.668781 1.488775 2 0 0.000000
1652153944221834801 0.000000 0.000000 0 0 0.000000
1652153944686628345 1546.461875 2.151493 1 0 0.000000
1652153946162811815 738.064545 1.354845 2 0 0.000000
1652153946648408629 485.575048 2.059322 1 0 0.000000
1652153948025111434 775.603088 0.726373 1 0 0.000000
1652153948747722376 722.586840 1.383871 1 0 0.000000
1652153949957422098 604.825763 1.653303 2 0 0.000000
1652153950645306712 687.862177 1.453732 1 0 0.000000
1652153951966826523 660.735850 1.513409 2 0 0.000000
1652153952655760226 688.907426 1.451518 1 0 0.000000
1652153953238606343 582.823038 1.715719 1 0 0.000000
1652153955163625955 1197.787415 0.519475 1 0 0.000000
1652153955746938510 583.287256 1.714347 1 0 0.000000
1652153957107119428 680.063805 1.470393 2 0 0.000000
1652153957822785444 715.642637 1.397300 1 0 0.000000
1652153958669817852 847.007234 1.180592 1 0 0.000000
1652153959985604597 657.865468 1.520003 2 0 0.000000
1652153960653026115 667.393598 1.498304 1 0 0.000000
1652153962027783912 687.248529 1.454802 2 0 0.000000
1652153962737365215 709.554570 1.409282 1 0 0.000000
1652153964165974281 714.278646 1.399963 2 0 0.000000
1652153964883634224 717.636398 1.393418 1 0 0.000000
1652153965555117805 671.459456 1.489240 1 0 0.000000
1652153966932494650 688.664860 1.452035 2 0 0.000000
1652153967714357722 781.840238 1.278996 1 0 0.000000
1652153968954145815 619.870013 1.613179 2 0 0.000000
1652153970222167380 633.978332 1.577260 2 0 0.000000
1652153970978029517 755.838732 1.322992 1 0 0.000000
1652153971669673082 691.617033 1.445832 1 0 0.000000
1652153972972890929 651.583229 1.534663 2 0 0.000000
1652153973657831304 684.913618 1.459981 1 0 0.000000
1652153974960377688 651.247041 1.535454 2 0 0.000000
1652153976068688759 554.129843 1.804548 2 0 0.000000
1652153976621571402 552.860436 1.808702 1 0 0.000000
1652153978130001465 754.189038 1.325882 2 0 0.000000
1652153978745503332 615.478889 1.624690 1 0 0.000000
1652153980213999927 734.223354 1.361937 2 0 0.000000
1652153980956419194 742.397005 1.346948 1 0 0.000000
1652153981591094170 634.651893 1.575610 1 0 0.000000
1652153983149303765 779.080458 1.283524 2 0 0.000000
1652153983770150884 620.822647 1.610702 1 0 0.000000
1652153984548926167 778.745714 1.284067 1 0 0.000000
1652153986004206709 727.615363 1.374305 2 0 0.000000
1652153986895118826 890.884914 1.122445 1 0 0.000000
1652153988218503111 661.668497 1.511277 2 0 0.000000
1652153988851036545 632.510085 1.580944 1 0 0.000000
1652153990137823208 643.369073 1.554259 2 0 0.000000
1652153990776822970 638.970850 1.564946 1 0 0.000000
1652153992115936638 669.533064 1.493525 2 0 0.000000
1652153992703889809 587.928824 1.700816 1 0 0.000000
1652153993940006996 618.032585 1.617970 2 0 0.000000
1652153994644236394 704.202491 1.419992 1 0 0.000000
1652153996063910100 709.813857 1.408774 2 0 0.000000
1652153996810944126 747.008175 1.338627 1 0 0.000000
1652153998155986848 672.494780 1.486942 2 0 0.000000
1652153998754508158 598.497425 1.670784 1 0 0.000000
1652153999579475712 824.943900 1.212169 1 0 0.000000
1652154001069840941 745.156940 1.341953 2 0 0.000000
1652154001881127225 811.262411 1.232610 1 0 0.000000
1652154003248984359 683.901128 1.462141 2 0 0.000000
1652154004087376432 838.365927 1.192759 1 0 0.000000
1652154004704430174 617.028704 1.620604 1 0 0.000000
1652154005494313106 789.855624 1.266010 1 0 0.000000
1652154006950527774 728.082098 1.373424 2 0 0.000000
1652154007669982321 719.431333 1.389942 1 0 0.000000
1652154009008234067 669.101775 1.494487 2 0 0.000000
1652154009726839372 718.583529 1.391585 1 0 0.000000
1652154011034163755 653.637822 1.529842 2 0 0.000000
1652154011652364722 618.178449 1.617597 1 0 0.000000
1652154013233546133 790.565993 1.264877 2 0 0.000000
1652154013854044400 620.475439 1.611608 1 0 0.000000
1652154015115969303 630.938343 1.584880 2 0 0.000000
1652154015767611340 651.616723 1.534585 1 0 0.000000
1652154016583333417 815.695324 1.225908 1 0 0.000000
1652154018076706979 746.651184 1.339250 2 0 0.000000
1652154019247366704 585.304516 1.708438 2 0 0.000000
1652154020063038449 815.644653 1.225983 1 0 0.000000
1652154020786551253 723.489654 1.382146 1 0 0.000000
1652154022091003610 652.202749 1.533210 2 0 0.000000
1652154022744270082 653.244671 1.530769 1 0 0.000000
1652154024079551831 667.615167 1.497811 2 0 0.000000
1652154024867973820 788.399412 1.268356 1 0 0.000000
1652154026241472370 686.722648 1.456136 2 0 0.000000
1652154026997142846 755.647186 1.323328 1 0 0.000000
1652154028166789940 584.799150 1.709917 2 0 0.000000
1652154028819045608 652.231959 1.533141 1 0 0.000000
1652154030228029697 704.468505 1.419462 2 0 0.000000
1652154030843894976 615.837749 1.623732 1 0 0.000000
1652154032226873943 691.463415 1.446154 2 0 0.000000
1652154032947839936 720.941877 1.387028 1 0 0.000000
1652154033618708759 670.846690 1.490604 1 0 0.000000
1652154034941761686 661.501736 1.511655 2 0 0.000000
1652154035580365670 638.572576 1.565916 1 0 0.000000
1652154037003226152 711.408250 1.405619 2 0 0.000000
1652154037701566345 698.317415 1.431967 1 0 0.000000
1652154039060813637 679.598788 1.471403 2 0 0.000000
1652154039733687964 672.848692 1.486162 1 0 0.000000
1652154041104089915 685.171072 1.459426 2 0 0.000000
1652154041770945366 666.828107 1.499575 1 0 0.000000
1652154043145690788 687.349344 1.454815 2 0 0.000000
1652154043938894930 793.174403 1.260709 1 0 0.000000
1652154044570889163 631.964037 1.582293 1 0 0.000000
1652154046065876251 747.469623 1.337804 2 0 0.000000
1652154046782448397 716.549578 1.395533 1 0 0.000000
1652154048076143926 646.822173 1.545959 2 0 0.000000
1652154048808044369 731.876202 1.366306 1 0 0.000000
1652154050204334160 698.121481 1.432367 2 0 0.000000
1652154050771706273 567.347931 1.762512 1 0 0.000000
1652154052106617018 667.430944 1.498228 2 0 0.000000
1652154052905133554 798.492616 1.252322 1 0 0.000000
1652154054246397003 670.605660 1.491131 2 0 0.000000
1652154054894290555 647.870703 1.543463 1 0 0.000000
1652154056166862901 636.262766 1.571620 2 0 0.000000
1652154056786599682 619.714489 1.613588 1 0 0.000000
1652154058006760522 610.056048 1.639128 2 0 0.000000
1652154058774340196 767.557673 1.302796 1 0 0.000000
1652154060186141726 705.873902 1.416630 2 0 0.000000
1652154060991625217 805.456338 1.241490 1 0 0.000000
1652154061696867267 705.217128 1.417953 1 0 0.000000
1652154063139937703 721.510132 1.385934 2 0 0.000000
1652154063892393753 752.430546 1.328981 1 0 0.000000
1652154064630762365 738.343342 1.354337 1 0 0.000000
1652154066147368184 758.279172 1.318734 2 0 0.000000
1652154066763342321 615.949561 1.623445 1 0 0.000000
1652154067944584684 590.595877 1.693133 2 0 0.000000
1652154068661902286 717.294217 1.394083 1 0 0.000000
1652154070088100460 713.076107 1.402330 2 0 0.000000
1652154070771427883 683.303186 1.463427 1 0 0.000000
1652154072099644376 664.084100 1.505779 2 0 0.000000
1652154072849064802 749.392781 1.334364 1 0 0.000000
1652154074207178777 679.031588 1.472630 2 0 0.000000
1652154074930714901 723.508179 1.382101 1 0 0.000000
1652154075616093902 685.353928 1.459047 1 0 0.000000
1652154077112018528 747.937495 1.336966 2 0 0.000000
1652154078311496051 0.000000 0.000000 0 0 0.000000
1652154078961647598 1134.030898 1.538103 1 0 0.000000
1652154080291073676 664.687921 1.504409 2 0 0.000000
1652154080908358124 617.259144 1.619999 1 0 0.000000
1652154082254055823 672.817971 1.486218 2 0 0.000000
1652154082995245547 741.167452 1.349182 1 0 0.000000
1652154084283974685 644.340217 1.551916 2 0 0.000000
1652154085043305373 759.307265 1.316949 1 0 0.000000
1652154086299801134 628.220170 1.591728 2 0 0.000000
1652154087091545565 791.720631 1.263034 1 0 0.000000
1652154087711070032 619.499539 1.614141 1 0 0.000000
1652154089276391310 782.636944 1.277693 2 0 0.000000
1652154089959867512 683.448919 1.463109 1 0 0.000000
1652154091182822231 611.452851 1.635384 2 0 0.000000
1652154091766641964 583.795944 1.712857 1 0 0.000000
1652154093103246049 668.268549 1.496329 2 0 0.000000
1652154093875212284 771.943632 1.295393 1 0 0.000000
1652154095211953438 668.347867 1.496176 2 0 0.000000
1652154095814357539 602.381313 1.660015 1 0 0.000000
1652154097116592032 651.094548 1.535822 2 0 0.000000
1652154097680981774 564.366353 1.771825 1 0 0.000000
1652154099084467549 701.719097 1.425023 2 0 0.000000
1652154099741514935 657.017035 1.521960 1 0 0.000000
1652154100930438195 594.435334 1.682194 2 0 0.000000
1652154102248674828 659.096976 1.517178 2 0 0.000000
1652154103039969097 791.268464 1.263752 1 0 0.000000
1652154103741364958 701.371053 1.425728 1 0 0.000000
1652154105063487629 661.036724 1.512719 2 0 0.000000
1652154105616072602 552.561950 1.809676 1 0 0.000000
1652154107021533743 702.707755 1.423020 2 0 0.000000
1652154108241071991 609.746845 1.639965 2 0 0.000000
1652154108925082988 683.987788 1.461965 1 0 0.000000
1652154109722971151 797.864477 1.253308 1 0 0.000000
1652154110987763102 632.372107 1.581288 2 0 0.000000
1652154112294352439 653.272344 1.530703 2 0 0.000000
1652154113079511802 785.134947 1.273627 1 0 0.000000
1652154113801569551 722.034574 1.384931 1 0 0.000000
1652154115168941344 683.662008 1.462660 2 0 0.000000
1652154115854454804 685.491383 1.458761 1 0 0.000000
1652154116608334983 753.854294 1.326471 1 0 0.000000
1652154118075496685 733.556206 1.363176 2 0 0.000000
1652154118846393489 770.870087 1.297190 1 0 0.000000
1652154119570003569 723.587392 1.381960 1 0 0.000000
1652154121085915305 757.926352 1.319338 2 0 0.000000
1652154121806518713 720.580194 1.387726 1 0 0.000000
1652154123220718872 707.081663 1.414227 2 0 0.000000
1652154123975544752 754.798261 1.324809 1 0 0.000000
1652154125234755897 629.580853 1.588296 2 0 0.000000
1652154125889094126 654.316453 1.528262 1 0 0.000000
1652154127257989026 684.424604 1.461033 2 0 0.000000
1652154127896911657 638.899943 1.565135 1 0 0.000000
1652154129219957945 661.499908 1.511663 2 0 0.000000
1652154129923661941 703.680222 1.421052 1 0 0.000000
1652154131294981075 685.636358 1.458450 2 0 0.000000
1652154131943697967 648.693336 1.541504 1 0 0.000000
1652154133256907429 656.581993 1.522986 2 0 0.000000
1652154134032085942 775.151445 1.290025 1 0 0.000000
1652154134732329715 700.219231 1.428074 1 0 0.000000
1652154136120360714 693.986981 1.440890 2 0 0.000000
1652154136695555483 575.169715 1.738542 1 0 0.000000
1652154138144890294 724.642425 1.379943 2 0 0.000000
1652154138805186866 660.269479 1.514471 1 0 0.000000
1652154140074630476 634.696769 1.575493 2 0 0.000000
1652154140896751688 822.094269 1.216366 1 0 0.000000
1652154141841109058 944.332923 1.058921 1 0 0.000000
1652154143218680754 688.759055 1.451830 2 0 0.000000
1652154144007282153 788.576682 1.268068 1 0 0.000000
1652154144731374094 724.064463 1.381040 1 0 0.000000
1652154146109407930 688.993062 1.451343 2 0 0.000000
1652154146865559220 756.126472 1.322487 1 0 0.000000
1652154148189750933 662.068167 1.510355 2 0 0.000000
1652154148858206073 668.430487 1.495987 1 0 0.000000
1652154149543288725 685.056275 1.459678 1 0 0.000000
1652154151107213086 781.939061 1.278834 2 0 0.000000
1652154151774385057 667.149574 1.498864 1 0 0.000000
1652154153128308219 676.932616 1.477189 2 0 0.000000
1652154153933061325 804.728639 1.242617 1 0 0.000000
1652154154581075085 647.982282 1.543177 1 0 0.000000
1652154156244546833 831.712274 1.202305 2 0 0.000000
1652154157031070923 786.501116 1.271417 1 0 0.000000
1652154157789589832 758.495314 1.318359 1 0 0.000000
1652154159266090817 738.226481 1.354554 2 0 0.000000
1652154160053329307 787.214454 1.270263 1 0 0.000000
1652154160748103842 694.748836 1.439316 1 0 0.000000
1652154162292038608 771.940540 1.295392 2 0 0.000000
1652154163081517773 789.455855 1.266658 1 0 0.000000
1652154164360152025 639.288800 1.564169 2 0 0.000000
1652154165157357950 797.179894 1.254381 1 0 0.000000
1652154165810332604 652.949892 1.531453 1 0 0.000000
1652154167247089566 718.354713 1.392024 2 0 0.000000
1652154167899297742 652.184947 1.533253 1 0 0.000000
1652154169010932892 1111.608318 0.899576 1 0 0.000000
1652154169689333640 678.374824 1.474055 1 0 0.000000
1652154171066922714 688.767030 1.451812 2 0 0.000000
1652154172249877392 591.450559 1.690682 2 0 0.000000
1652154172870239096 620.339868 1.611963 1 0 0.000000
1652154174117545123 623.627903 1.603456 2 0 0.000000
1652154175377033684 0.000000 0.000000 0 0 0.000000
1652154176046260535 603.837481 2.988524 2 0 0.000000
1652154177330634439 642.162514 1.557179 2 0 0.000000
1652154178151182987 820.525083 1.218697 1 0 0.000000
1652154178868470786 717.261433 1.394141 1 0 0.000000
1652154180143767307 637.624765 1.568263 2 0 0.000000
1652154180728737102 584.946400 1.709490 1 0 0.000000
1652154182068330627 669.772917 1.492990 2 0 0.000000
1652154182771928508 703.571470 1.421266 1 0 0.000000
1652154183769331324 997.378213 1.002604 1 0 0.000000
1652154185243484098 737.050414 1.356711 2 0 0.000000
1652154186384510689 0.000000 0.000000 0 0 0.000000
1652154186789032603 1545.521665 2.472054 1 0 0.000000
1652154188112565284 661.739292 1.511107 2 0 0.000000
1652154188800322436 687.733606 1.454002 1 0 0.000000
1652154190235809656 717.716473 1.393255 2 0 0.000000
1652154190890905860 655.072239 1.526493 1 0 0.000000
1652154192210453221 659.745990 1.515671 2 0 0.000000
1652154193078289475 867.813203 1.152291 1 0 0.000000
1652154194301295545 611.476969 1.635315 2 0 0.000000
1652154194835082207 533.761659 1.873408 1 0 0.000000
1652154196083754644 624.309664 1.601701 2 0 0.000000
1652154197351723265 633.958899 1.577326 2 0 0.000000
1652154198070910554 719.159158 1.390458 1 0 0.000000
1652154198693080348 622.143417 1.607278 1 0 0.000000
1652154200152406350 729.639567 1.370496 2 0 0.000000
1652154201342504745 595.018053 1.680533 2 0 0.000000
1652154202095149752 752.613734 1.328648 1 0 0.000000
1652154203301983680 603.392217 1.657229 2 0 0.000000
1652154203968744334 666.736131 1.499789 1 0 0.000000
1652154204638993369 670.225651 1.491983 1 0 0.000000
1652154205872268870 1233.252107 0.810849 1 0 0.000000
1652154207297320675 712.501388 1.403458 2 0 0.000000
1652154207917465755 620.115972 1.612526 1 0 0.000000
1652154208635618453 718.129950 1.392462 1 0 0.000000
1652154210400444208 0.000000 0.000000 0 0 0.000000
1652154211187596303 1275.961261 2.540805 2 0 0.000000
1652154212387674454 600.015483 1.666558 2 0 0.000000
1652154213069595915 681.893672 1.466445 1 0 0.000000
1652154213752293732 682.674507 1.464777 1 0 0.000000
1652154215147483636 697.571533 1.433497 2 0 0.000000
1652154215838000069 690.494347 1.448192 1 0 0.000000
1652154217193545172 677.749744 1.475421 2 0 0.000000
1652154218380042235 593.224755 1.685634 2 0 0.000000
1652154219407351941 0.000000 0.000000 0 0 0.000000
1652154220184934803 1286.785304 1.286037 1 0 0.000000
1652154220785542040 600.580950 1.664982 1 0 0.000000
1652154222214458967 714.433506 1.399661 2 0 0.000000
1652154222830559889 616.070346 1.623111 1 0 0.000000
1652154224337609775 753.498415 1.327096 2 0 0.000000
1652154225093384561 755.746364 1.323145 1 0 0.000000
1652154225783668526 690.260395 1.448679 1 0 0.000000
1652154227356654055 786.469966 1.271468 2 0 0.000000
1652154227871116932 514.439102 1.943775 1 0 0.000000
1652154229309979681 719.408842 1.389987 2 0 0.000000
1652154229928717478 618.716008 1.616193 1 0 0.000000
1652154231164327886 617.780875 1.618633 2 0 0.000000
1652154231899249728 734.897565 1.360689 1 0 0.000000
1652154232621193668 721.918787 1.385149 1 0 0.000000
1652154234199798036 789.279343 1.266942 2 0 0.000000
1652154235330359897 565.258069 1.769032 2 0 0.000000
1652154236040727165 710.343421 1.407723 1 0 0.000000
1652154236729376421 688.621902 1.452118 1 0 0.000000
1652154238192224296 731.400683 1.367196 2 0 0.000000
1652154238744967718 552.720634 1.809158 1 0 0.000000
1652154240075039259 665.012448 1.503679 2 0 0.000000
1652154241422008662 0.000000 0.000000 0 0 0.000000
1652154242216909993 1070.911707 2.516036 2 0 0.000000
1652154242969363837 752.431949 1.328985 1 0 0.000000
1652154244363832358 697.208582 1.434238 2 0 0.000000
1652154245221476389 857.621152 1.165985 1 0 0.000000
1652154245795645545 574.146434 1.741647 1 0 0.000000
1652154247145560558 674.934816 1.481575 2 0 0.000000
1652154247852232314 706.646958 1.415084 1 0 0.000000
1652154249202484960 675.101783 1.481204 2 0 0.000000
1652154249890507939 687.995902 1.453440 1 0 0.000000
1652154251226719547 668.082647 1.496769 2 0 0.000000
1652154251948947226 722.202056 1.384605 1 0 0.000000
1652154252647872704 698.898019 1.430768 1 0 0.000000
1652154254154990721 753.534058 1.327036 2 0 0.000000
1652154254740754629 585.741335 1.707172 1 0 0.000000
1652154256183559591 721.379455 1.386189 2 0 0.000000
1652154256938334947 754.752512 1.324898 1 0 0.000000
1652154258262447311 662.031625 1.510446 2 0 0.000000
1652154259057567512 795.096195 1.257671 1 0 0.000000
1652154259632670437 575.078217 1.738819 1 0 0.000000
1652154261138604035 752.944865 1.328080 2 0 0.000000
1652154261796686664 658.059897 1.519566 1 0 0.000000
1652154263267884098 735.576024 1.359437 2 0 0.000000
1652154263968752249 700.845197 1.426802 1 0 0.000000
1652154265434077425 732.637653 1.364885 2 0 0.000000
1652154266256239876 822.135037 1.216305 1 0 0.000000
1652154267439229787 0.000000 0.000000 0 0 0.000000
1652154268167022596 1910.755257 1.374017 1 0 0.000000
1652154269437893019 635.409544 1.573725 2 0 0.000000
1652154270173712897 735.797661 1.359028 1 0 0.000000
1652154270826744183 653.008709 1.531320 1 0 0.000000
1652154272118520484 645.863262 1.548256 2 0 0.000000
1652154273319637964 600.535661 1.665116 2 0 0.000000
1652154273941185360 621.524703 1.608888 1 0 0.000000
1652154275304540255 681.654284 1.466969 2 0 0.000000
1652154275971502867 666.933815 1.499335 1 0 0.000000
1652154277237218876 632.832418 1.580133 2 0 0.000000
1652154277950952399 713.670581 1.401083 1 0 0.000000
1652154279256033095 652.515205 1.532472 2 0 0.000000
1652154279930603205 674.547086 1.482426 1 0 0.000000
1652154281302453467 685.900626 1.457885 2 0 0.000000
1652154282159539099 857.062975 1.166745 1 0 0.000000
1652154282800455146 640.892557 1.560267 1 0 0.000000
1652154284322629002 761.061907 1.313910 2 0 0.000000
1652154285109918419 787.266789 1.270181 1 0 0.000000
1652154285886990196 777.048793 1.286882 1 0 0.000000
1652154287364194270 738.579379 1.353909 2 0 0.000000
1652154288068954393 704.737255 1.418922 1 0 0.000000
1652154289438950785 684.974874 1.459858 2 0 0.000000
1652154290094164854 655.191376 1.526219 1 0 0.000000
1652154290809722745 715.534777 1.397511 1 0 0.000000
1652154292215761442 702.994912 1.422436 2 0 0.000000
1652154292923451070 707.660570 1.413049 1 0 0.000000
1652154294385335767 730.918338 1.368097 2 0 0.000000
1652154294936193362 550.820544 1.815351 1 0 0.000000
1652154296277303283 670.530669 1.491302 2 0 0.000000
1652154297064267427 786.939802 1.270706 1 0 0.000000
1652154298335328531 635.499681 1.573488 2 0 0.000000
1652154299054042169 718.690885 1.391375 1 0 0.000000
1652154300428151197 687.030293 1.455489 2 0 0.000000
1652154301001951732 573.779004 1.742766 1 0 0.000000
1652154302277798417 637.898246 1.567586 2 0 0.000000
1652154303095381545 817.561307 1.223117 1 0 0.000000
1652154304451407431 677.986875 1.474898 2 0 0.000000
1652154305160364344 708.934611 1.410523 1 0 0.000000
1652154305908180627 747.793169 1.337227 1 0 0.000000
1652154307415974808 753.873298 1.326441 2 0 0.000000
1652154308027236217 611.239484 1.635961 1 0 0.000000
1652154308616593847 589.334566 1.696762 1 0 0.000000
1652154310228383491 805.869784 1.240857 2 0 0.000000
1652154311454408402 612.988702 1.631288 2 0 0.000000
1652154312027523402 573.088668 1.744851 1 0 0.000000
1652154312715769733 688.222811 1.452968 1 0 0.000000
1652154314025351740 654.768719 1.527205 2 0 0.000000
1652154315418403546 696.499170 1.435697 2 0 0.000000
1652154316108040422 689.609131 1.450038 1 0 0.000000
1652154317460564412 676.237868 1.478717 2 0 0.000000
1652154318081905167 621.318298 1.609423 1 0 0.000000
1652154319418684551 668.366586 1.496133 2 0 0.000000
1652154320137406018 718.698854 1.391360 1 0 0.000000
1652154320722904390 585.469636 1.707947 1 0 0.000000
1652154322025746361 651.393175 1.535106 2 0 0.000000
1652154322812793475 787.024822 1.270572 1 0 0.000000
1652154324243728601 715.442976 1.397687 2 0 0.000000
1652154324931850761 688.099291 1.453230 1 0 0.000000
1652154326230293546 649.196179 1.540307 2 0 0.000000
1652154326950277972 719.961833 1.388919 1 0 0.000000
1652154328241026640 645.351165 1.549488 2 0 0.000000
1652154328860508000 619.455565 1.614254 1 0 0.000000
1652154330273338411 706.390793 1.415598 2 0 0.000000
1652154330951109685 677.748926 1.475424 1 0 0.000000
1652154332343689269 696.264683 1.436184 2 0 0.000000
1652154333098452010 754.739813 1.324920 1 0 0.000000
1652154333888268883 789.792586 1.266116 1 0 0.000000
1652154335278330553 695.004976 1.438785 2 0 0.000000
1652154335859708821 581.355520 1.720051 1 0 0.000000
1652154337012270348 1152.539415 0.867633 1 0 0.000000
1652154338339399241 663.540667 1.507013 2 0 0.000000
1652154338937843383 598.419450 1.671000 1 0 0.000000
1652154340343254215 702.682378 1.423071 2 0 0.000000
1652154340828588605 485.307742 2.060435 1 0 0.000000
1652154342266145390 718.755181 1.391249 2 0 0.000000
1652154342917459717 651.291644 1.535357 1 0 0.000000
1652154343674411530 756.927827 1.321088 1 0 0.000000
1652154345449414639 1774.980357 0.563379 1 0 0.000000
1652154346164793437 715.352431 1.397861 1 0 0.000000
1652154346789014919 624.196433 1.601996 1 0 0.000000
1652154348217091015 714.014584 1.400486 2 0 0.000000
1652154349490793574 636.826632 1.570225 2 0 0.000000
1652154350127325958 636.509557 1.571012 1 0 0.000000
1652154351457220469 664.923733 1.503879 2 0 0.000000
1652154352064212275 606.949623 1.647469 1 0 0.000000
1652154353484985298 710.363816 1.407684 2 0 0.000000
1652154354235635545 750.627749 1.332178 1 0 0.000000
1652154354923925376 688.265524 1.452876 1 0 0.000000
1652154356297484744 686.723154 1.456071 2 0 0.000000
1652154356874588208 577.078716 1.732792 1 0 0.000000
1652154358442763544 784.063152 1.275368 2 0 0.000000
1652154359136087973 693.294823 1.442326 1 0 0.000000
1652154360472650668 668.254345 1.496376 2 0 0.000000
1652154361199270458 726.585706 1.376236 1 0 0.000000
1652154362047285147 847.989756 1.179225 1 0 0.000000
1652154363288965918 620.813748 1.610720 2 0 0.000000
1652154363974044531 685.053274 1.459686 1 0 0.000000
1652154365413968421 719.935884 1.388962 2 0 0.000000
1652154366101727072 687.736409 1.453998 1 0 0.000000
1652154367303630073 600.924663 1.664028 2 0 0.000000
1652154368284602965 980.953389 1.019396 1 0 0.000000
1652154368984540652 699.912814 1.428699 1 0 0.000000
1652154370292394392 653.902413 1.529223 2 0 0.000000
1652154371038338706 745.921020 1.340583 1 0 0.000000
1652154371795826194 757.463648 1.320154 1 0 0.000000
1652154373202953739 703.539022 1.421335 2 0 0.000000
1652154374477773840 637.383415 1.568849 2 0 0.000000
1652154375144238270 666.440855 1.500455 1 0 0.000000
1652154375852999914 708.737663 1.410912 1 0 0.000000
1652154377115516711 631.234734 1.584137 2 0 0.000000
1652154378404648041 644.543366 1.551432 2 0 0.000000
1652154379109137129 704.466836 1.419468 1 0 0.000000
1652154380405805978 648.311599 1.542414 2 0 0.000000
1652154380851304829 445.476348 2.244675 1 0 0.000000
1652154382284156556 716.402602 1.395818 2 0 0.000000
1652154382903897336 619.718603 1.613578 1 0 0.000000
1652154384232595093 664.317252 1.505233 2 0 0.000000
1652154384987299099 754.676728 1.325023 1 0 0.000000
1652154385673787190 686.464005 1.456690 1 0 0.000000
1652154387316772682 821.467447 1.217296 2 0 0.000000
1652154387994860806 678.066087 1.474735 1 0 0.000000
1652154388791793504 796.906767 1.254811 1 0 0.000000
1652154390376031739 792.094943 1.262436 2 0 0.000000
1652154391001720406 625.662922 1.598239 1 0 0.000000
1652154392433389137 715.810374 1.396971 2 0 0.000000
1652154393221300601 787.886942 1.269178 1 0 0.000000
1652154394517876033 648.264382 1.542525 2 0 0.000000
1652154395034987669 517.083951 1.933818 1 0 0.000000
1652154395887256427 852.235956 1.173339 1 0 0.000000
1652154397241254063 676.958695 1.477107 2 0 0.000000
1652154398379650269 569.173550 1.756858 2 0 0.000000
1652154399096504089 716.830791 1.394985 1 0 0.000000
1652154400350238972 626.844400 1.595234 2 0 0.000000
1652154401039359663 689.098174 1.451125 1 0 0.000000
1652154402391471469 676.033041 1.479168 2 0 0.000000
1652154402973474894 581.982111 1.718203 1 0 0.000000
1652154404400857406 713.668300 1.401166 2 0 0.000000
1652154404950905233 550.022046 1.818024 1 0 0.000000
1652154406353162387 701.103399 1.426272 2 0 0.000000
1652154407074474513 721.289899 1.386362 1 0 0.000000
1652154408379165369 652.305345 1.532930 2 0 0.000000
1652154408999114204 619.926081 1.613036 1 0 0.000000
1652154410390883944 695.861598 1.437019 2 0 0.000000
1652154411052513578 661.604856 1.511420 1 0 0.000000
1652154412289949343 618.694438 1.616246 2 0 0.000000
1652154413076049768 786.077437 1.272102 1 0 0.000000
1652154414413329098 668.617097 1.495574 2 0 0.000000
1652154415132993219 719.650796 1.389537 1 0 0.000000
1652154415855730051 722.710280 1.383629 1 0 0.000000
1652154417322145343 733.181869 1.363870 2 0 0.000000
1652154418441059322 559.433999 1.787448 2 0 0.000000
1652154419140828854 699.748387 1.429042 1 0 0.000000
1652154420416235838 637.680387 1.568127 2 0 0.000000
1652154421081115625 664.851356 1.504031 1 0 0.000000
1652154421836227445 755.085524 1.324307 1 0 0.000000
1652154423173699981 668.514369 1.495358 2 0 0.000000
1652154423826130719 652.400778 1.532730 1 0 0.000000
1652154425198748225 686.283273 1.457070 2 0 0.000000
1652154426449729138 625.467175 1.598745 2 0 0.000000
1652154427084413527 634.661741 1.575586 1 0 0.000000
1652154428390702103 653.121505 1.531055 2 0 0.000000
1652154429164672734 773.950510 1.292039 1 0 0.000000
1652154430450334106 642.804142 1.555620 2 0 0.000000
1652154431151609116 701.252443 1.425974 1 0 0.000000
1652154432411433476 629.889412 1.587523 2 0 0.000000
1652154433147652061 736.196894 1.358292 1 0 0.000000
1652154433867911575 720.236716 1.388389 1 0 0.000000
1652154435484923476 808.484648 1.236849 2 0 0.000000
1652154436237754926 752.809284 1.328319 1 0 0.000000
1652154436925191993 687.414524 1.454679 1 0 0.000000
1652154438127532728 601.147084 1.663422 2 0 0.000000
1652154439314784665 593.603433 1.684562 2 0 0.000000
1652154440496629126 590.899201 1.692270 2 0 0.000000
1652154441328998288 832.345192 1.201390 1 0 0.000000
1652154441950844172 621.656117 1.608115 1 0 0.000000
1652154443255568635 652.339305 1.532891 2 0 0.000000
1652154443930288247 674.696924 1.482097 1 0 0.000000
1652154445275831111 672.748607 1.486389 2 0 0.000000
1652154445949096156 673.242056 1.485299 1 0 0.000000
1652154447122977449 586.915794 1.703750 2 0 0.000000
1652154447903937576 780.937815 1.280475 1 0 0.000000
1652154449455225695 775.621680 1.289251 2 0 0.000000
1652154450120145545 664.896926 1.503941 1 0 0.000000
1652154451353977052 616.890833 1.620967 2 0 0.000000
1652154452079614593 725.614592 1.378098 1 0 0.000000
1652154453485586097 702.962192 1.422504 2 0 0.000000
1652154454175461335 689.851794 1.449537 1 0 0.000000
1652154455050716437 875.232615 1.142524 1 0 0.000000
1652154456425463401 687.350485 1.454813 2 0 0.000000
1652154457522210594 548.351498 1.823574 2 0 0.000000
1652154458302446081 780.213886 1.281664 1 0 0.000000
1652154459086174129 783.705370 1.275953 1 0 0.000000
1652154459841729374 755.532422 1.323530 1 0 0.000000
1652154461144555361 651.388562 1.535124 2 0 0.000000
1652154462437226316 646.311913 1.547184 2 0 0.000000
1652154463123769685 686.489213 1.456572 1 0 0.000000
1652154464320205117 598.195119 1.671632 2 0 0.000000
1652154465092980983 772.748913 1.294036 1 0 0.000000
1652154466448096394 677.532778 1.475889 2 0 0.000000
1652154467263946255 815.827310 1.225716 1 0 0.000000
1652154467853486663 589.518211 1.696237 1 0 0.000000
1652154469399697726 773.083021 1.293484 2 0 0.000000
1652154470071780713 672.061896 1.487911 1 0 0.000000
1652154471475633182 701.898935 1.424651 2 0 0.000000
1652154472263440049 787.778761 1.269347 1 0 0.000000
1652154473075748301 812.281600 1.231060 1 0 0.000000
1652154473912021941 836.241370 1.195781 1 0 0.000000
1652154475376644891 732.287153 1.365539 2 0 0.000000
1652154476577042716 0.000000 0.000000 0 0 0.000000
1652154477577363140 0.000000 0.000000 0 0 0.000000
1652154478224941775 1424.120412 3.088428 2 0 0.000000
1652154478937857851 712.892030 1.402690 1 0 0.000000
1652154480499499075 780.795574 1.280704 2 0 0.000000
1652154481182725996 683.204328 1.463643 1 0 0.000000
1652154482007891256 825.138147 1.211878 1 0 0.000000
1652154483446622854 719.334206 1.390113 2 0 0.000000
1652154484169257982 722.612094 1.383824 1 0 0.000000
1652154485574891314 702.793272 1.422846 2 0 0.000000
1652154486383872995 808.959640 1.236122 1 0 0.000000
1652154486918301809 534.406247 1.871157 1 0 0.000000
1652154488407264517 744.458944 1.343217 2 0 0.000000
1652154489107665962 700.379484 1.427753 1 0 0.000000
1652154490480145801 686.215107 1.457216 2 0 0.000000
1652154491231541176 751.366017 1.330857 1 0 0.000000
1652154492572416172 670.414552 1.491563 2 0 0.000000
1652154493260747671 688.308802 1.452788 1 0 0.000000
1652154493881087665 620.316519 1.612019 1 0 0.000000
1652154495288848713 703.851907 1.420696 2 0 0.000000
1652154496556524618 633.816478 1.577690 2 0 0.000000
1652154497228552579 672.004402 1.488033 1 0 0.000000
1652154497951215263 722.639835 1.383771 1 0 0.000000
1652154499443631385 1492.393223 0.670054 1 0 0.000000
1652154500129953028 686.299422 1.457043 1 0 0.000000
1652154501557286891 713.637829 1.401214 2 0 0.000000
1652154502290339565 733.028512 1.364158 1 0 0.000000
1652154502809998786 519.636202 1.924338 1 0 0.000000
1652154504387911462 788.933443 1.267497 2 0 0.000000
1652154504971551867 583.618118 1.713384 1 0 0.000000
1652154506246210852 637.305922 1.569047 2 0 0.000000
1652154506963538536 717.300912 1.394063 1 0 0.000000
1652154508328616757 682.515601 1.465118 2 0 0.000000
1652154508978536178 649.896427 1.538652 1 0 0.000000
1652154510378156907 699.787180 1.428959 2 0 0.000000
1652154511183379937 805.200638 1.241892 1 0 0.000000
1652154511837105656 653.701993 1.529694 1 0 0.000000
1652154513302340207 732.592067 1.364969 2 0 0.000000
1652154514003676374 701.314236 1.425850 1 0 0.000000
1652154515413214668 704.745068 1.418904 2 0 0.000000
1652154516187098360 773.841253 1.292184 1 0 0.000000
1652154517592965321 702.909605 1.422610 2 0 0.000000
1652154518177376944 584.386584 1.711123 1 0 0.000000
1652154519428470207 625.523367 1.598602 2 0 0.000000
1652154520002790568 574.298104 1.741188 1 0 0.000000
1652154521323526327 660.345878 1.514307 2 0 0.000000
1652154522557728920 617.081032 1.620479 2 0 0.000000
1652154523199326989 641.573010 1.558608 1 0 0.000000
1652154523916158138 716.806301 1.395029 1 0 0.000000
1652154525006288516 1090.107840 0.917321 1 0 0.000000
1652154525895226187 888.909169 1.124938 1 0 0.000000
1652154527577714004 841.219950 1.188716 2 0 0.000000
1652154528539482463 961.745325 1.039751 1 0 0.000000
1652154529293585573 754.080202 1.326079 1 0 0.000000
1652154530567270221 636.819150 1.570247 2 0 0.000000
1652154531341138774 773.845228 1.292209 1 0 0.000000
1652154532143396806 802.232874 1.246482 1 0 0.000000
1652154533538301587 697.425585 1.433790 2 0 0.000000
1652154534226922647 688.595445 1.452177 1 0 0.000000
1652154535430438955 601.736032 1.661797 2 0 0.000000
1652154536131338849 700.878189 1.426737 1 0 0.000000
1652154537353723460 611.168548 1.636146 2 0 0.000000
1652154537972670681 618.924197 1.615647 1 0 0.000000
1652154539206910379 617.095983 1.620431 2 0 0.000000
1652154540446176702 619.610972 1.613858 2 0 0.000000
1652154541155494051 709.294104 1.409806 1 0 0.000000
1652154542532019896 688.239932 1.452933 2 0 0.000000
1652154543254640449 722.594974 1.383852 1 0 0.000000
1652154543870376114 615.713269 1.624074 1 0 0.000000
1652154545446196842 787.885814 1.269180 2 0 0.000000
1652154546140936988 694.717353 1.439387 1 0 0.000000
1652154546977740913 836.781954 1.195023 1 0 0.000000
1652154548381033372 701.609432 1.425220 2 0 0.000000
1652154549609520001 614.220689 1.628019 2 0 0.000000
1652154550294439977 684.898310 1.460025 1 0 0.000000
1652154551615015904 660.265676 1.514491 2 0 0.000000
1652154552405790057 790.752689 1.264584 1 0 0.000000
1652154553610753821 602.459875 1.659801 2 0 0.000000
1652154554314926798 704.151111 1.420106 1 0 0.000000
1652154554979656566 664.707351 1.504371 1 0 0.000000
1652154556326251937 673.274101 1.485227 2 0 0.000000
1652154557078440115 752.160499 1.329455 1 0 0.000000
1652154558399426855 660.468662 1.514020 2 0 0.000000
1652154559098426988 698.976573 1.430615 1 0 0.000000
1652154560457208848 679.368455 1.471907 2 0 0.000000
1652154561057773710 600.523876 1.665099 1 0 0.000000
1652154562465074711 703.628637 1.421160 2 0 0.000000
1652154562977801900 512.705359 1.950355 1 0 0.000000
1652154564371709181 696.929473 1.434816 2 0 0.000000
1652154565189538157 817.805702 1.222750 1 0 0.000000
1652154566588592854 699.504570 1.429537 2 0 0.000000
1652154567374453384 785.831552 1.272490 1 0 0.000000
1652154568094123483 719.647436 1.389526 1 0 0.000000
1652154569455489180 680.660509 1.469113 2 0 0.000000
1652154570122330815 666.818181 1.499606 1 0 0.000000
1652154571487434235 682.528609 1.465090 2 0 0.000000
1652154572041818210 554.359313 1.803804 1 0 0.000000
1652154573416044586 687.088829 1.455364 2 0 0.000000
1652154573962550830 546.484187 1.829805 1 0 0.000000
1652154575163019392 600.210378 1.666016 2 0 0.000000
1652154576504186303 670.560572 1.491239 2 0 0.000000
1652154577227294197 723.082139 1.382919 1 0 0.000000
1652154578567335686 669.997505 1.492491 2 0 0.000000
1652154579316661104 749.303923 1.334534 1 0 0.000000
1652154580006494259 689.808357 1.449626 1 0 0.000000
1652154581580604444 787.029550 1.270559 2 0 0.000000
1652154582161672802 581.044056 1.720968 1 0 0.000000
1652154583574739651 706.509624 1.415361 2 0 0.000000
1652154584313341593 738.576604 1.353909 1 0 0.000000
1652154585004887154 691.522437 1.446036 1 0 0.000000
1652154586201435262 598.241971 1.671475 2 0 0.000000
1652154587441555572 620.037227 1.612747 2 0 0.000000
1652154588054252083 612.673302 1.632129 1 0 0.000000
1652154589391796643 668.747728 1.495277 2 0 0.000000
1652154590077529463 685.708874 1.458294 1 0 0.000000
1652154590969318247 891.762904 1.121342 1 0 0.000000
1652154592193641790 612.139101 1.633555 2 0 0.000000
1652154593396028595 601.170793 1.663358 2 0 0.000000
1652154594183184286 787.132498 1.270397 1 0 0.000000
1652154595341666170 579.218049 1.726397 2 0 0.000000
1652154596606581232 632.435615 1.581134 2 0 0.000000
1652154597259429108 652.826492 1.531750 1 0 0.000000
1652154598601333386 670.928740 1.490419 2 0 0.000000
1652154599270231285 668.873562 1.494996 1 0 0.000000
1652154599989993263 719.739375 1.389348 1 0 0.000000
1652154601451060299 730.511181 1.368863 2 0 0.000000
1652154602000400602 549.317755 1.820365 1 0 0.000000
1652154603498239554 748.895823 1.335257 2 0 0.000000
1652154604254675003 756.412285 1.321990 1 0 0.000000
1652154605647954238 696.616541 1.435462 2 0 0.000000
1652154606363065468 715.089735 1.398384 1 0 0.000000
1652154607548743969 592.813427 1.686798 2 0 0.000000
1652154608270597080 721.822204 1.385323 1 0 0.000000
1652154608975326810 704.707359 1.418984 1 0 0.000000
1652154610434836530 729.732333 1.370323 2 0 0.000000
1652154611167891196 733.032895 1.364155 1 0 0.000000
1652154612440545254 636.303897 1.571519 2 0 0.000000
1652154613072700582 632.130852 1.581890 1 0 0.000000
1652154614418035026 672.644231 1.486619 2 0 0.000000
1652154615051328346 633.271148 1.579047 1 0 0.000000
1652154616404750651 676.688593 1.477735 2 0 0.000000
1652154617092543038 687.768361 1.453927 1 0 0.000000
1652154618553277337 730.343388 1.369174 2 0 0.000000
1652154619237296589 683.995471 1.461947 1 0 0.000000
1652154620379465007 571.058020 1.751055 2 0 0.000000
1652154621100313017 720.826791 1.387255 1 0 0.000000
1652154622130797911 515.204706 1.940834 2 0 0.000000
1652154623482758485 675.953355 1.479333 2 0 0.000000
1652154624084159214 601.380914 1.662785 1 0 0.000000
1652154625455885756 685.840467 1.458017 2 0 0.000000
1652154626260849080 804.936427 1.242293 1 0 0.000000
1652154626916898644 656.023688 1.524275 1 0 0.000000
1652154628481419618 782.236181 1.278347 2 0 0.000000
1652154629201927853 720.482234 1.387909 1 0 0.000000
1652154629925135402 723.185011 1.382729 1 0 0.000000
1652154631673330259 0.000000 0.000000 0 0 0.000000
1652154632413427633 1244.118674 2.702347 2 0 0.000000
1652154633137257080 723.805110 1.381541 1 0 0.000000
1652154634649848432 756.265429 1.322234 2 0 0.000000
1652154635300372098 650.501610 1.537223 1 0 0.000000
1652154636021371573 720.976672 1.386964 1 0 0.000000
1652154637346665507 1325.270084 0.754550 1 0 0.000000
1652154638669770398 661.528797 1.511596 2 0 0.000000
1652154639678959150 0.000000 0.000000 0 0 0.000000
1652154640041647384 719.550250 2.757189 1 0 0.000000
1652154641482194279 720.248494 1.388362 2 0 0.000000
1652154642067447572 585.227282 1.708662 1 0 0.000000
1652154643510130357 721.318091 1.386306 2 0 0.000000
1652154644279359596 769.206791 1.300003 1 0 0.000000
1652154645412057682 566.325741 1.765696 2 0 0.000000
1652154646335729050 923.649703 1.082636 1 0 0.000000
1652154647628698572 646.460708 1.546827 2 0 0.000000
1652154648272863768 644.142934 1.552397 1 0 0.000000
1652154649609310681 668.199373 1.496505 2 0 0.000000
1652154650400013398 790.680510 1.264698 1 0 0.000000
1652154651232333047 832.297338 1.201461 1 0 0.000000
1652154652635478327 701.546110 1.425369 2 0 0.000000
1652154653354509560 719.002571 1.390760 1 0 0.000000
1652154654039374572 684.842218 1.460142 1 0 0.000000
1652154655274120281 1234.722711 0.809883 1 0 0.000000
1652154656085470768 811.326886 1.232513 1 0 0.000000
1652154657488108753 701.295523 1.425885 2 0 0.000000
1652154658261622664 773.491289 1.292802 1 0 0.000000
1652154659642900038 690.614027 1.447935 2 0 0.000000
1652154660229007702 586.082181 1.706171 1 0 0.000000
1652154661671042593 720.994264 1.386929 2 0 0.000000
1652154662394570102 723.502761 1.382117 1 0 0.000000
1652154663110196549 715.602832 1.397377 1 0 0.000000
1652154664415266653 652.511477 1.532485 2 0 0.000000
1652154665098449672 683.160597 1.463737 1 0 0.000000
1652154666492775585 697.138682 1.434385 2 0 0.000000
1652154667225863645 733.064551 1.364093 1 0 0.000000
1652154668050193034 824.306440 1.213107 1 0 0.000000
1652154669543903431 746.832030 1.338948 2 0 0.000000
1652154670210284946 666.359328 1.500642 1 0 0.000000
1652154671586500703 688.085660 1.453261 2 0 0.000000
1652154672273709050 687.185329 1.455163 1 0 0.000000
1652154673685442947 705.848490 1.416698 2 0 0.000000
1652154674540173081 854.708113 1.169960 1 0 0.000000
1652154675193353851 653.152585 1.530970 1 0 0.000000
1652154676536442347 671.522630 1.489105 2 0 0.000000
1652154677253600354 717.132527 1.394393 1 0 0.000000
1652154678074376902 820.753344 1.218358 1 0 0.000000
1652154679376887456 651.232074 1.535496 2 0 0.000000
1652154680708575035 0.000000 0.000000 0 0 0.000000
1652154681421160897 1022.112484 2.806680 2 0 0.000000
1652154682195535241 774.349261 1.291365 1 0 0.000000
1652154683583314492 693.864069 1.441151 2 0 0.000000
1652154684271186141 687.846270 1.453760 1 0 0.000000
1652154684917149173 645.940203 1.548076 1 0 0.000000
1652154686560684786 821.741816 1.216889 2 0 0.000000
1652154687348294192 787.587119 1.269665 1 0 0.000000
1652154688139182231 790.862580 1.264401 1 0 0.000000
1652154689598863726 729.817085 1.370162 2 0 0.000000
1652154690284260571 685.373996 1.459009 1 0 0.000000
1652154691455130834 585.410775 1.708131 2 0 0.000000
1652154692617924422 581.371302 1.719996 2 0 0.000000
1652154693272100532 654.152686 1.528640 1 0 0.000000
1652154694428196313 578.020863 1.729960 2 0 0.000000
1652154695010098550 581.878893 1.718502 1 0 0.000000
1652154696554093638 771.961923 1.295341 2 0 0.000000
1652154697105656564 551.532916 1.813030 1 0 0.000000
1652154698472255353 683.276088 1.463487 2 0 0.000000
1652154699286243270 813.963470 1.228519 1 0 0.000000
1652154700522346056 618.028475 1.617988 2 0 0.000000
1652154701111036957 588.668053 1.698684 1 0 0.000000
1652154702476354567 682.635150 1.464861 2 0 0.000000
1652154703717054182 620.326022 1.611994 2 0 0.000000
1652154704501264688 784.185492 1.275168 1 0 0.000000
1652154705271546671 770.259306 1.298226 1 0 0.000000
1652154706612247006 670.326959 1.491758 2 0 0.000000
1652154707229468005 617.196076 1.620165 1 0 0.000000
1652154708687487062 728.986646 1.371724 2 0 0.000000
1652154709342150133 654.639386 1.527503 1 0 0.000000
1652154710511359721 584.568346 1.710557 2 0 0.000000
1652154711165024989 653.643742 1.529835 1 0 0.000000
1652154712568534314 701.731815 1.424999 2 0 0.000000
1652154713334724648 766.166453 1.305159 1 0 0.000000
1652154714630243672 647.736837 1.543783 2 0 0.000000
1652154715387908887 757.640362 1.319844 1 0 0.000000
1652154716719456351 665.749662 1.502012 2 0 0.000000
1652154717327921469 608.440330 1.643480 1 0 0.000000
1652154718115654663 787.711664 1.269465 1 0 0.000000
1652154719610478615 747.389127 1.337950 2 0 0.000000
1652154720396281483 785.780741 1.272584 1 0 0.000000
1652154721056228013 659.924770 1.515274 1 0 0.000000
1652154722592699065 1536.448384 0.650842 1 0 0.000000
1652154723377594764 784.867659 1.274055 1 0 0.000000
1652154724618786514 620.570561 1.611355 2 0 0.000000
1652154725392637955 773.828337 1.292238 1 0 0.000000
1652154726730588187 668.952879 1.494824 2 0 0.000000
1652154727245120371 514.506088 1.943513 1 0 0.000000
1652154728588438900 671.637056 1.488850 2 0 0.000000
1652154729306726634 718.265101 1.392200 1 0 0.000000
1652154730644871635 669.048515 1.494606 2 0 0.000000
1652154731351825156 706.931960 1.414520 1 0 0.000000
1652154732665013076 656.569282 1.523011 2 0 0.000000
1652154733445164704 780.126871 1.281802 1 0 0.000000
1652154734166017875 720.829475 1.387245 1 0 0.000000
1652154735385986813 609.960445 1.639386 2 0 0.000000
1652154736075930720 689.921776 1.449393 1 0 0.000000
1652154737463203858 693.612766 1.441677 2 0 0.000000
1652154738628342643 582.545043 1.716534 2 0 0.000000
1652154739352117586 723.751523 1.381645 1 0 0.000000
1652154740125276931 773.136869 1.293394 1 0 0.000000
1652154741539855741 707.265752 1.413848 2 0 0.000000
1652154742157721054 617.836466 1.618476 1 0 0.000000
1652154743417018926 629.625431 1.588187 2 0 0.000000
1652154744135517749 718.473073 1.391791 1 0 0.000000
1652154745492704221 678.570621 1.473637 2 0 0.000000
1652154746197712021 704.986060 1.418424 1 0 0.000000
1652154747484022967 643.132797 1.554834 2 0 0.000000
1652154748141506548 657.461855 1.520951 1 0 0.000000
1652154749416826936 637.635266 1.568233 2 0 0.000000
1652154750739928011 661.528338 1.511600 2 0 0.000000
1652154751426339391 686.388682 1.456852 1 0 0.000000
1652154752010237753 583.876226 1.712627 1 0 0.000000
1652154753550952232 770.334763 1.298099 2 0 0.000000
1652154754260471306 709.494827 1.409405 1 0 0.000000
1652154755492945349 616.211449 1.622752 2 0 0.000000
1652154756281167260 788.193464 1.268678 1 0 0.000000
1652154757623397168 671.090078 1.490058 2 0 0.000000
1652154758307396670 683.975897 1.461989 1 0 0.000000
1652154759720967375 706.758095 1.414857 2 0 0.000000
1652154760423062957 702.078588 1.424307 1 0 0.000000
1652154761266782401 843.697388 1.185228 1 0 0.000000
1652154762712438440 722.804470 1.383455 2 0 0.000000
1652154763418068441 705.607067 1.417173 1 0 0.000000
1652154764703734849 642.809759 1.555613 2 0 0.000000
1652154765364008346 660.250819 1.514524 1 0 0.000000
1652154766720336217 678.141679 1.474570 2 0 0.000000
1652154767402330579 681.970401 1.466288 1 0 0.000000
1652154768180423059 778.061463 1.285194 1 0 0.000000
1652154769548227065 683.879471 1.462198 2 0 0.000000
1652154770364295923 816.046592 1.225387 1 0 0.000000
1652154771721386883 678.524005 1.473741 2 0 0.000000
1652154772458689883 737.281380 1.356295 1 0 0.000000
1652154773212288501 753.575930 1.326966 1 0 0.000000
1652154774720675215 754.165968 1.325920 2 0 0.000000
1652154775579021100 858.320877 1.165032 1 0 0.000000
1652154776335544766 756.501283 1.321836 1 0 0.000000
1652154777091873909 756.306325 1.322176 1 0 0.000000
1652154778501414970 704.746301 1.418902 2 0 0.000000
1652154779153848128 652.407252 1.532724 1 0 0.000000
1652154780460864064 653.485099 1.530203 2 0 0.000000
1652154781283988399 823.102003 1.214883 1 0 0.000000
1652154782695056999 705.509575 1.417366 2 0 0.000000
1652154783379309878 684.227815 1.461448 1 0 0.000000
1652154784273057664 893.719109 1.118884 1 0 0.000000
1652154785714885996 720.890533 1.387128 2 0 0.000000
1652154786569500064 854.589576 1.170119 1 0 0.000000
1652154787285363646 715.840949 1.396914 1 0 0.000000
1652154788675627602 695.107925 1.438576 2 0 0.000000
1652154789399404064 723.753147 1.381642 1 0 0.000000
1652154790668231108 634.390281 1.576259 2 0 0.000000
1652154791301964375 633.709942 1.577951 1 0 0.000000
1652154792574026641 636.008931 1.572250 2 0 0.000000
1652154793291976896 717.928384 1.392854 1 0 0.000000
1652154794562789887 635.383467 1.573796 2 0 0.000000
1652154795202831941 640.019873 1.562397 1 0 0.000000
1652154796676781202 736.952132 1.356899 2 0 0.000000
1652154797237156264 560.351743 1.784519 1 0 0.000000
1652154798543128260 652.963090 1.531426 2 0 0.000000
1652154799161348410 618.198399 1.617547 1 0 0.000000
1652154800399495861 619.049627 1.615317 2 0 0.000000
1652154801121789540 722.270871 1.384478 1 0 0.000000
1652154802529399020 703.780335 1.420849 2 0 0.000000
1652154803148263697 618.841031 1.615862 1 0 0.000000
1652154804540897726 696.292195 1.436127 2 0 0.000000
1652154805301692510 760.769154 1.314415 1 0 0.000000
1652154806497997649 598.130197 1.671814 2 0 0.000000
1652154807288585507 790.565456 1.264882 1 0 0.000000
1652154808763805486 737.586044 1.355730 2 0 0.000000
1652154809181667864 417.840021 2.393132 1 0 0.000000
1652154810726454551 772.371016 1.294677 2 0 0.000000
1652154811446798338 720.320973 1.388226 1 0 0.000000
1652154812740998258 647.076052 1.545356 2 0 0.000000
1652154813452858778 711.838504 1.404770 1 0 0.000000
1652154814615889348 581.489284 1.719645 2 0 0.000000
1652154815372189568 756.275026 1.322226 1 0 0.000000
1652154816057091272 684.879532 1.460064 1 0 0.000000
1652154817582298845 762.581244 1.311297 2 0 0.000000
1652154818131185846 548.862741 1.821869 1 0 0.000000
1652154819570050932 719.408166 1.389984 2 0 0.000000
1652154820320162289 750.087537 1.333135 1 0 0.000000
1652154821587121843 633.456568 1.578582 2 0 0.000000
1652154822296870253 709.726595 1.408950 1 0 0.000000
1652154823690640955 696.856213 1.434956 2 0 0.000000
1652154824377773847 687.108089 1.455322 1 0 0.000000
1652154825682958604 652.567954 1.532350 2 0 0.000000
1652154826197792803 514.812388 1.942373 1 0 0.000000
1652154827555903619 679.031495 1.472634 2 0 0.000000
1652154828273835428 717.908796 1.392890 1 0 0.000000
1652154829579931944 653.023924 1.531280 2 0 0.000000
1652154830749685940 584.854578 1.709761 2 0 0.000000
1652154831518658682 768.949448 1.300436 1 0 0.000000
1652154832300993166 782.312794 1.278226 1 0 0.000000
1652154832940089475 639.073586 1.564709 1 0 0.000000
1652154834352220705 1412.108166 0.708149 1 0 0.000000
1652154835140612636 788.369323 1.268405 1 0 0.000000
1652154836484818095 672.078190 1.487868 2 0 0.000000
1652154837342946665 858.103428 1.165327 1 0 0.000000
1652154838690843052 673.924784 1.483794 2 0 0.000000
1652154839425827142 734.962148 1.360574 1 0 0.000000
1652154840812911275 693.519390 1.441874 2 0 0.000000
1652154841526862899 713.922601 1.400655 1 0 0.000000
1652154842216280294 689.391244 1.450500 1 0 0.000000
1652154843452997961 618.332861 1.617184 2 0 0.000000
1652154844745963350 646.459818 1.546832 2 0 0.000000
1652154845273446393 527.461272 1.895796 1 0 0.000000
1652154846643183994 684.845949 1.460134 2 0 0.000000
1652154847352619249 709.423038 1.409572 1 0 0.000000
1652154848789534984 718.434989 1.391870 2 0 0.000000
1652154849669025729 879.466525 1.137022 1 0 0.000000
1652154850365034309 695.985662 1.436764 1 0 0.000000
1652154851754723307 694.822071 1.439171 2 0 0.000000
1652154852394170801 639.426094 1.563850 1 0 0.000000
1652154853231007318 836.813518 1.194977 1 0 0.000000
1652154854662145387 715.543072 1.397489 2 0 0.000000
1652154855378367011 716.197392 1.396216 1 0 0.000000
1652154856041508020 663.118778 1.507975 1 0 0.000000
1652154857487550201 722.996305 1.383086 2 0 0.000000
1652154858219765568 732.190358 1.365718 1 0 0.000000
1652154859554425694 667.303955 1.498509 2 0 0.000000
1652154860191693931 637.242291 1.569198 1 0 0.000000
1652154861432419974 620.337481 1.611959 2 0 0.000000
1652154862771966404 669.748607 1.493043 2 0 0.000000
1652154863392912609 620.924439 1.610446 1 0 0.000000
1652154864770096723 688.569379 1.452239 2 0 0.000000
1652154865355539301 585.420767 1.708110 1 0 0.000000
1652154865963403185 607.841046 1.645105 1 0 0.000000
1652154867305841166 1342.414872 0.744913 1 0 0.000000
1652154868605338189 649.722399 1.539057 2 0 0.000000
1652154869153737599 548.376216 1.823488 1 0 0.000000
1652154870555545104 700.880782 1.426729 2 0 0.000000
1652154871770788836 607.599219 1.645760 2 0 0.000000
1652154872844548534 0.000000 0.000000 0 0 0.000000
1652154873590277492 1819.466049 1.340970 1 0 0.000000
1652154874308649025 718.344845 1.392037 1 0 0.000000
1652154875322512582 1013.839586 0.986326 1 0 0.000000
1652154876766286888 721.863648 1.385258 2 0 0.000000
1652154877619486981 853.171752 1.172058 1 0 0.000000
1652154878272070874 652.560784 1.532370 1 0 0.000000
1652154879062515716 790.421472 1.265110 1 0 0.000000
1652154880742001519 839.719159 1.190841 2 0 0.000000
1652154881460607935 718.583628 1.391582 1 0 0.000000
1652154882239360138 778.729661 1.284106 1 0 0.000000
1652154883430120176 595.354439 1.679600 2 0 0.000000
1652154884730580436 650.207730 1.537917 2 0 0.000000
1652154885482605803 752.002810 1.329742 1 0 0.000000
1652154886669558912 593.451731 1.684987 2 0 0.000000
1652154887387606897 718.024867 1.392665 1 0 0.000000
1652154888709617295 660.981646 1.512847 2 0 0.000000
1652154889850391809 570.365053 1.753195 2 0 0.000000
1652154890530910633 680.494834 1.469467 1 0 0.000000
1652154891322070331 791.137136 1.263967 1 0 0.000000
1652154892695651507 686.765384 1.456048 2 0 0.000000
1652154893401112756 705.433489 1.417512 1 0 0.000000
1652154894839743201 719.285493 1.390211 2 0 0.000000
1652154895396753331 556.987934 1.795299 1 0 0.000000
1652154896502111783 552.656921 1.809368 2 0 0.000000
1652154897271999853 769.864249 1.298890 1 0 0.000000
1652154898677768657 702.860862 1.422709 2 0 0.000000
1652154899295743497 617.952293 1.618189 1 0 0.000000
1652154900724659774 714.436038 1.399662 2 0 0.000000
1652154901350243826 625.563052 1.598506 1 0 0.000000
1652154902625098845 637.403872 1.568806 2 0 0.000000
1652154903329306799 704.181724 1.420035 1 0 0.000000
1652154904579716307 625.181560 1.599476 2 0 0.000000
1652154905286141292 706.402868 1.415578 1 0 0.000000
1652154906792975028 753.393193 1.327286 2 0 0.000000
1652154907503637896 710.640911 1.407137 1 0 0.000000
1652154908824850608 660.583643 1.513761 2 0 0.000000
1652154909428912263 604.038436 1.655460 1 0 0.000000
1652154910115556754 686.622841 1.456358 1 0 0.000000
1652154911557171218 720.784369 1.387333 2 0 0.000000
1652154912795313237 619.048797 1.615324 2 0 0.000000
1652154913512263313 716.937541 1.394797 1 0 0.000000
1652154914816276063 651.983364 1.533727 2 0 0.000000
1652154915504010158 687.711733 1.454050 1 0 0.000000
1652154916759677790 627.807382 1.592778 2 0 0.000000
1652154917393406100 633.705512 1.577963 1 0 0.000000
1652154918665107363 635.826588 1.572696 2 0 0.000000
1652154919416684164 751.554388 1.330536 1 0 0.000000
1652154920860059773 721.663478 1.385641 2 0 0.000000
1652154921513300985 653.219361 1.530828 1 0 0.000000
1652154922300144786 786.821108 1.270900 1 0 0.000000
1652154923849093630 774.448123 1.291198 2 0 0.000000
1652154924707427075 858.310426 1.165048 1 0 0.000000
1652154925259633782 552.183222 1.810916 1 0 0.000000
1652154926516063004 628.192067 1.591813 2 0 0.000000
1652154927204282070 688.197796 1.453026 1 0 0.000000
1652154928714077659 754.874114 1.324683 2 0 0.000000
1652154929467184083 753.072725 1.327834 1 0 0.000000
1652154930207779462 740.569896 1.350265 1 0 0.000000
1652154931702874907 747.523956 1.337707 2 0 0.000000
1652154932299828334 596.929060 1.675173 1 0 0.000000
1652154933705682647 702.903509 1.422623 2 0 0.000000
1652154934444767578 739.062218 1.353024 1 0 0.000000
1652154935717689472 636.436232 1.571188 2 0 0.000000
1652154936438184361 720.472567 1.387935 1 0 0.000000
1652154937195606414 757.399996 1.320268 1 0 0.000000
1652154938758102945 781.225297 1.280003 2 0 0.000000
1652154939354367237 596.242000 1.677109 1 0 0.000000
1652154940731252652 688.420042 1.452554 2 0 0.000000
1652154941431139358 699.861001 1.428803 1 0 0.000000
1652154942842877524 705.846034 1.416693 2 0 0.000000
1652154943596672814 753.773093 1.326620 1 0 0.000000
1652154944211398578 614.702975 1.626742 1 0 0.000000
1652154945626390229 707.470727 1.413436 2 0 0.000000
1652154946308914223 682.502530 1.465150 1 0 0.000000
1652154947857656369 774.345996 1.291371 2 0 0.000000
1652154948474549859 616.869644 1.621025 1 0 0.000000
1652154949882643701 704.019422 1.420360 2 0 0.000000
1652154950605569268 722.901656 1.383268 1 0 0.000000
1652154951294592418 688.996297 1.451330 1 0 0.000000
1652154952821816998 763.587319 1.309565 2 0 0.000000
1652154953476218365 654.379676 1.528114 1 0 0.000000
1652154954198630822 722.388120 1.384251 1 0 0.000000
1652154955623949657 712.637971 1.403195 2 0 0.000000
1652154956822797669 599.402401 1.668268 2 0 0.000000
1652154957563873745 741.051263 1.349389 1 0 0.000000
1652154958599996019 518.038678 1.930274 2 0 0.000000
1652154959225305389 625.281119 1.599208 1 0 0.000000
1652154960632361931 703.506085 1.421407 2 0 0.000000
1652154961317789421 685.402251 1.458944 1 0 0.000000
1652154962652609660 667.387362 1.498329 2 0 0.000000
1652154963372518670 719.886794 1.389064 1 0 0.000000
1652154964735519358 681.464759 1.467351 2 0 0.000000
1652154965416613392 681.069251 1.468226 1 0 0.000000
1652154966874757051 729.047435 1.371607 2 0 0.000000
1652154967418030033 543.248390 1.840695 1 0 0.000000
1652154968758930532 670.426030 1.491535 2 0 0.000000
1652154969412053632 653.099219 1.531105 1 0 0.000000
1652154970907851468 747.873620 1.337079 2 0 0.000000
1652154971454501238 546.626956 1.829325 1 0 0.000000
1652154972782167512 663.810946 1.506403 2 0 0.000000
1652154973588491618 806.295910 1.240196 1 0 0.000000
1652154974830444979 620.952737 1.610366 2 0 0.000000
1652154975578883879 748.416848 1.336114 1 0 0.000000
1652154976879286827 650.175947 1.537985 2 0 0.000000
1652154977619181536 739.871060 1.351544 1 0 0.000000
1652154978287273628 668.068177 1.496800 1 0 0.000000
1652154978924663216 637.362880 1.568899 1 0 0.000000
1652154980732766965 904.029914 1.106131 2 0 0.000000
1652154981346614346 613.821871 1.629069 1 0 0.000000
1652154982854697860 754.017320 1.326187 2 0 0.000000
1652154983642206119 787.483222 1.269828 1 0 0.000000
1652154984881804279 619.775608 1.613426 2 0 0.000000
1652154985503249019 621.422297 1.609154 1 0 0.000000
1652154986241391774 738.117396 1.354751 1 0 0.000000
1652154987600966252 679.765050 1.471049 2 0 0.000000
1652154988407263592 806.274607 1.240237 1 0 0.000000
1652154989914984757 753.838278 1.326505 2 0 0.000000
1652154990677718363 762.711174 1.311074 1 0 0.000000
1652154991360609114 682.864555 1.464363 1 0 0.000000
1652154992769117869 704.223661 1.419941 2 0 0.000000
1652154993492335876 723.195023 1.382709 1 0 0.000000
1652154994862166437 684.890904 1.460035 2 0 0.000000
1652154995483964324 621.775505 1.608240 1 0 0.000000
1652154996860151554 688.069120 1.453291 2 0 0.000000
1652154997494587638 634.406961 1.576203 1 0 0.000000
1652154998792239205 648.801694 1.541246 2 0 0.000000
1652154999444374081 652.112623 1.533425 1 0 0.000000
1652155000225354718 780.960841 1.280441 1 0 0.000000
1652155001929915039 0.000000 0.000000 0 0 0.000000
1652155002421303856 1063.717087 2.035049 1 0 0.000000
1652155003794012278 686.328977 1.456974 2 0 0.000000
1652155004513496898 719.462298 1.389884 1 0 0.000000
1652155005914061864 700.252485 1.427995 2 0 0.000000
1652155006932804439 0.000000 0.000000 0 0 0.000000
1652155007586900067 836.397105 3.057657 2 0 0.000000
1652155008876101559 644.578447 1.551348 2 0 0.000000
1652155009464697767 588.573565 1.698958 1 0 0.000000
1652155010756830097 646.043211 1.547829 2 0 0.000000
1652155011340446755 583.594120 1.713453 1 0 0.000000
1652155012817339136 738.422485 1.354195 2 0 0.000000
1652155013639639192 822.275228 1.216101 1 0 0.000000
1652155014290433840 650.771760 1.536583 1 0 0.000000
1652155015065552699 775.096065 1.290125 1 0 0.000000
1652155016727900947 831.151213 1.203117 2 0 0.000000
1652155017330649735 602.727047 1.659066 1 0 0.000000
1652155018893931597 781.618211 1.279360 2 0 0.000000
1652155019662283362 768.323254 1.301487 1 0 0.000000
1652155020402547431 740.238730 1.350869 1 0 0.000000
1652155021653819666 625.613472 1.598373 2 0 0.000000
1652155022371576712 717.734775 1.393229 1 0 0.000000
1652155023745782530 687.076924 1.455386 2 0 0.000000
1652155024250172314 504.367412 1.982594 1 0 0.000000
1652155025571174690 660.475541 1.514002 2 0 0.000000
1652155026910081958 669.429731 1.493755 2 0 0.000000
1652155027616170186 706.063702 1.416254 1 0 0.000000
1652155028372045222 755.851982 1.322970 1 0 0.000000
1652155029817439072 722.670030 1.383706 2 0 0.000000
1652155030526145741 708.684191 1.411021 1 0 0.000000
1652155031223794821 697.626312 1.433385 1 0 0.000000
1652155032737533440 756.844269 1.321232 2 0 0.000000
1652155033421516319 683.960797 1.462025 1 0 0.000000
1652155034791348614 684.893435 1.460033 2 0 0.000000
1652155035563175230 771.804259 1.295628 1 0 0.000000
1652155036921320255 679.048763 1.472597 2 0 0.000000
1652155037680167645 758.828604 1.317788 1 0 0.000000
1652155038393507743 713.318533 1.401856 1 0 0.000000
1652155039685720564 646.083209 1.547733 2 0 0.000000
1652155040430768633 745.024284 1.342195 1 0 0.000000
1652155041800176525 684.680128 1.460485 2 0 0.000000
1652155042437144675 636.945557 1.569937 1 0 0.000000
1652155043721311533 642.060401 1.557430 2 0 0.000000
1652155044427476858 706.142897 1.416099 1 0 0.000000
1652155045913377232 742.927209 1.345985 2 0 0.000000
1652155046531353510 617.950327 1.618185 1 0 0.000000
1652155047287124359 755.748066 1.323152 1 0 0.000000
1652155048883231012 798.028288 1.253049 2 0 0.000000
1652155049638172549 754.919311 1.324606 1 0 0.000000
1652155050959694614 0.000000 0.000000 0 0 0.000000
1652155051959840276 0.000000 0.000000 0 0 0.000000
1652155052960598990 0.000000 0.000000 0 0 0.000000
1652155053960687074 0.000000 0.000000 0 0 0.000000
1652155054725279981 2543.528990 2.615771 2 0 0.000000
1652155055226477965 501.175071 1.995220 1 0 0.000000
1652155056563599851 668.538161 1.495750 2 0 0.000000
1652155057898228886 667.292909 1.498544 2 0 0.000000
1652155058533063661 634.812362 1.575213 1 0 0.000000
1652155059358934149 825.845780 1.210844 1 0 0.000000
1652155060809285310 725.151838 1.378976 2 0 0.000000
1652155061514055195 704.741504 1.418903 1 0 0.000000
1652155062098997965 584.920698 1.709569 1 0 0.000000
1652155063750176118 825.566547 1.211256 2 0 0.000000
1652155064437642759 687.443597 1.454616 1 0 0.000000
1652155065785223736 673.767865 1.484141 2 0 0.000000
1652155066571098906 785.826757 1.272467 1 0 0.000000
1652155067206034813 634.913479 1.574962 1 0 0.000000
1652155068666323285 730.122056 1.369592 2 0 0.000000
1652155069280100933 613.754569 1.629255 1 0 0.000000
1652155070725599046 722.726476 1.383606 2 0 0.000000
1652155071431583686 705.962078 1.416461 1 0 0.000000
1652155072821322168 694.845844 1.439120 2 0 0.000000
1652155073678148415 856.804181 1.167098 1 0 0.000000
1652155074808597909 565.197226 1.769208 2 0 0.000000
1652155075760414162 951.786518 1.050623 1 0 0.000000
1652155076524180584 763.744571 1.309301 1 0 0.000000
1652155077714049497 594.910207 1.680857 2 0 0.000000
1652155078362081723 648.006130 1.543133 1 0 0.000000
1652155079653659474 1291.528386 0.774247 1 0 0.000000
1652155080447706452 794.024496 1.259371 1 0 0.000000
1652155081819809196 686.027558 1.457617 2 0 0.000000
1652155082600053480 780.221330 1.281650 1 0 0.000000
1652155083354756623 754.681188 1.325024 1 0 0.000000
1652155084734042607 689.617849 1.450026 2 0 0.000000
1652155085541463040 807.395414 1.238512 1 0 0.000000
1652155086861100267 659.796706 1.515568 2 0 0.000000
1652155087549217355 688.094350 1.453241 1 0 0.000000
1652155088953554146 702.132497 1.424160 2 0 0.000000
1652155089634668120 681.090985 1.468183 1 0 0.000000
1652155090351269608 716.574721 1.395476 1 0 0.000000
1652155091926442835 787.560837 1.269702 2 0 0.000000
1652155092666226484 739.760519 1.351747 1 0 0.000000
1652155093374196275 707.945129 1.412490 1 0 0.000000
1652155094678033486 651.893876 1.533934 2 0 0.000000
1652155095411981109 733.925120 1.362495 1 0 0.000000
1652155096857572357 722.769763 1.383517 2 0 0.000000
1652155097379135516 521.540777 1.917313 1 0 0.000000
1652155098784265576 702.541894 1.423356 2 0 0.000000
1652155099493589056 709.299734 1.409794 1 0 0.000000
1652155100720898646 613.629353 1.629581 2 0 0.000000
1652155101403621758 682.701046 1.464723 1 0 0.000000
1652155102652725114 624.529241 1.601149 2 0 0.000000
1652155103390547855 737.800243 1.355339 1 0 0.000000
1652155104778586195 693.993348 1.440882 2 0 0.000000
1652155105302015200 523.406132 1.910479 1 0 0.000000
1652155106745700528 721.818052 1.385343 2 0 0.000000
1652155107478585101 732.861118 1.364471 1 0 0.000000
1652155108755943178 638.656182 1.565732 2 0 0.000000
1652155109658840558 902.875484 1.107546 1 0 0.000000
1652155110361718969 702.854746 1.422721 1 0 0.000000
1652155111861718786 749.975388 1.333334 2 0 0.000000
1652155112497262472 635.519284 1.573456 1 0 0.000000
1652155113202915607 705.629721 1.417127 1 0 0.000000
1652155114561315017 679.173853 1.472321 2 0 0.000000
1652155115344367975 783.029644 1.277053 1 0 0.000000
1652155116707043607 681.312625 1.467701 2 0 0.000000
1652155117296170395 589.104577 1.697427 1 0 0.000000
1652155119002257289 0.000000 0.000000 0 0 0.000000
1652155119631802475 1167.792834 3.176897 2 0 0.000000
1652155120317572767 685.746892 1.458214 1 0 0.000000
1652155121884876796 783.627800 1.276077 2 0 0.000000
1652155122672965691 788.066192 1.268892 1 0 0.000000
1652155123431720240 758.731771 1.317949 1 0 0.000000
1652155124962538047 765.384775 1.306491 2 0 0.000000
1652155125547263538 584.701720 1.710204 1 0 0.000000
1652155126319445713 772.160414 1.295031 1 0 0.000000
1652155127754588799 717.544580 1.393589 2 0 0.000000
1652155128974565339 609.964950 1.639376 2 0 0.000000
1652155129715552107 740.963859 1.349552 1 0 0.000000
1652155130917841694 601.122038 1.663493 2 0 0.000000
1652155131585421585 667.556898 1.497948 1 0 0.000000
1652155132839194687 626.863613 1.595185 2 0 0.000000
1652155133462023066 622.803676 1.605579 1 0 0.000000
1652155134856498119 697.212656 1.434231 2 0 0.000000
1652155135422137513 565.616049 1.767911 1 0 0.000000
1652155136966798374 772.306094 1.294783 2 0 0.000000
1652155137652550580 685.725173 1.458253 1 0 0.000000
1652155138958070019 652.733919 1.531957 2 0 0.000000
1652155139707791120 749.698563 1.333829 1 0 0.000000
1652155140570761930 862.948032 1.158788 1 0 0.000000
1652155142003619648 716.403267 1.395812 2 0 0.000000
1652155142725834183 722.192441 1.384630 1 0 0.000000
1652155143470966973 745.109165 1.342043 1 0 0.000000
1652155144779687740 654.322122 1.528210 2 0 0.000000
1652155145466642949 686.933012 1.455699 1 0 0.000000
1652155146927987154 730.648783 1.368603 2 0 0.000000
1652155147526560455 598.549550 1.670639 1 0 0.000000
1652155148299010641 772.427398 1.294582 1 0 0.000000
1652155149577349235 1278.314805 0.782265 1 0 0.000000
1652155150886586662 654.594274 1.527607 2 0 0.000000
1652155151437219453 550.611246 1.816092 1 0 0.000000
1652155152828589308 695.651848 1.437432 2 0 0.000000
1652155153446439932 617.827506 1.618514 1 0 0.000000
1652155154684785772 619.149617 1.615058 2 0 0.000000
1652155155393444821 708.637264 1.411116 1 0 0.000000
1652155156742987277 674.747776 1.481984 2 0 0.000000
1652155157429928624 686.918874 1.455728 1 0 0.000000
1652155158701473980 635.749208 1.572889 2 0 0.000000
1652155160029771609 664.125100 1.505687 2 0 0.000000
1652155160799067557 769.273535 1.299890 1 0 0.000000
1652155161366130122 567.040554 1.763474 1 0 0.000000
1652155162913382860 773.602255 1.292614 2 0 0.000000
1652155163648404568 734.999226 1.360504 1 0 0.000000
1652155165010149877 680.849262 1.468703 2 0 0.000000
1652155165727796148 717.624756 1.393444 1 0 0.000000
1652155166449561295 721.742935 1.385492 1 0 0.000000
1652155167822787720 686.590029 1.456424 2 0 0.000000
1652155168408000518 585.188276 1.708780 1 0 0.000000
1652155169914553437 753.253197 1.327534 2 0 0.000000
1652155170639058246 724.484276 1.380253 1 0 0.000000
1652155171941696934 651.296313 1.535345 2 0 0.000000
1652155173039835174 549.046237 1.821264 2 0 0.000000
1652155173762190937 722.333410 1.384359 1 0 0.000000
1652155174350472163 588.258268 1.699867 1 0 0.000000
1652155175963528050 806.505664 1.239883 2 0 0.000000
1652155176666583036 703.032558 1.422364 1 0 0.000000
1652155177372418248 705.811111 1.416761 1 0 0.000000
1652155178701986459 664.760165 1.504248 2 0 0.000000
1652155179440580610 738.569699 1.353924 1 0 0.000000
1652155180971209097 765.289534 1.306653 2 0 0.000000
1652155181459164572 487.906115 2.049367 1 0 0.000000
1652155182977651283 759.220359 1.317101 2 0 0.000000
1652155183593802590 616.123326 1.622978 1 0 0.000000
1652155184920636928 663.392887 1.507347 2 0 0.000000
1652155185573934821 653.274173 1.530695 1 0 0.000000
1652155186270628286 696.666914 1.435351 1 0 0.000000
1652155187773457774 751.389414 1.330823 2 0 0.000000
1652155188513451000 739.970007 1.351364 1 0 0.000000
1652155189991279160 738.889810 1.353337 2 0 0.000000
1652155190639323414 648.021261 1.543105 1 0 0.000000
1652155191194927111 555.581941 1.799844 1 0 0.000000
1652155192736576979 770.801390 1.297311 2 0 0.000000
1652155194056696906 660.037030 1.515014 2 0 0.000000
1652155194864453277 807.734826 1.237997 1 0 0.000000
1652155195651368451 786.892972 1.270785 1 0 0.000000
1652155196955116233 651.851098 1.534039 2 0 0.000000
1652155197593134697 637.996337 1.567353 1 0 0.000000
1652155198407147433 813.990635 1.228482 1 0 0.000000
1652155199783523463 688.163691 1.453091 2 0 0.000000
1652155201060791965 0.000000 0.000000 0 0 0.000000
1652155201722448992 1938.902916 1.511357 1 0 0.000000
1652155202537196730 814.720971 1.227374 1 0 0.000000
1652155204062552315 0.000000 0.000000 0 0 0.000000
1652155205062717037 0.000000 0.000000 0 0 0.000000
1652155206063391767 0.000000 0.000000 0 0 0.000000
1652155207063850219 0.000000 0.000000 0 0 0.000000
1652155208064421203 0.000000 0.000000 0 0 0.000000
1652155208849928969 6312.707477 1.273062 1 0 0.000000
1652155209486517798 636.560893 1.570873 1 0 0.000000
1652155210713790766 613.613851 1.629629 2 0 0.000000
1652155211432173872 718.358689 1.392015 1 0 0.000000
1652155213000970040 784.372051 1.274863 2 0 0.000000
1652155213584354230 583.360349 1.714136 1 0 0.000000
1652155215018668518 717.132981 1.394394 2 0 0.000000
1652155215656605051 637.911545 1.567554 1 0 0.000000
1652155216414436410 757.809273 1.319555 1 0 0.000000
1652155217787384937 686.451227 1.456719 2 0 0.000000
1652155218360395780 572.988281 1.745168 1 0 0.000000
1652155219918458390 779.009076 1.283645 2 0 0.000000
1652155220657650382 739.146385 1.352829 1 0 0.000000
1652155222015010415 678.656976 1.473448 2 0 0.000000
1652155222650120774 635.086986 1.574530 1 0 0.000000
1652155224014639398 682.235642 1.465718 2 0 0.000000
1652155224634476363 619.813194 1.613327 1 0 0.000000
1652155225972827668 669.152236 1.494376 2 0 0.000000
1652155226555815084 582.965013 1.715303 1 0 0.000000
1652155227341497153 785.660288 1.272779 1 0 0.000000
1652155228751739941 705.098568 1.418196 2 0 0.000000
1652155229676465583 924.704964 1.081402 1 0 0.000000
1652155230780672165 1104.183078 0.905628 1 0 0.000000
1652155231433577716 652.881771 1.531615 1 0 0.000000
1652155232809458414 687.917641 1.453614 2 0 0.000000
1652155234021592878 606.044595 1.649982 2 0 0.000000
1652155234719887632 698.272742 1.432060 1 0 0.000000
1652155235992619123 636.341948 1.571423 2 0 0.000000
1652155236661282371 668.642353 1.495521 1 0 0.000000
1652155237446156859 784.850588 1.274089 1 0 0.000000
1652155238993403720 773.597710 1.292619 2 0 0.000000
1652155239567947937 574.521128 1.740510 1 0 0.000000
1652155240281001648 713.027169 1.402419 1 0 0.000000
1652155242025971916 872.458410 1.146151 2 0 0.000000
1652155242571477625 545.483813 1.833161 1 0 0.000000
1652155243887352586 657.911872 1.519901 2 0 0.000000
1652155244528055966 640.681283 1.560785 1 0 0.000000
1652155245856100303 663.999300 1.505974 2 0 0.000000
1652155247086594112 615.224678 1.625364 2 0 0.000000
1652155247804905741 718.284024 1.392153 1 0 0.000000
1652155248456884489 651.961226 1.533792 1 0 0.000000
1652155249903101980 723.074135 1.382918 2 0 0.000000
1652155250574297083 671.173087 1.489880 1 0 0.000000
1652155251999428036 712.540424 1.403380 2 0 0.000000
1652155252551127570 551.677733 1.812581 1 0 0.000000
1652155254087118490 767.971775 1.302091 2 0 0.000000
1652155254741548161 654.407531 1.528048 1 0 0.000000
1652155256042828059 650.617461 1.536948 2 0 0.000000
1652155256799849406 756.997196 1.320967 1 0 0.000000
1652155257519390150 719.518106 1.389775 1 0 0.000000
1652155258979704626 730.132342 1.369568 2 0 0.000000
1652155259608291841 628.563470 1.590869 1 0 0.000000
1652155260943060062 667.361427 1.498387 2 0 0.000000
1652155261530460419 587.373695 1.702416 1 0 0.000000
1652155262855241459 662.368305 1.509683 2 0 0.000000
1652155263508529733 653.265175 1.530718 1 0 0.000000
1652155264917732600 704.579054 1.419242 2 0 0.000000
1652155265581901471 664.146764 1.505641 1 0 0.000000
1652155266223889485 641.962655 1.557661 1 0 0.000000
1652155268039636811 1815.721811 0.550737 1 0 0.000000
1652155268592396335 552.734024 1.809105 1 0 0.000000
1652155269349841360 757.422638 1.320228 1 0 0.000000
1652155270684880363 667.496347 1.498084 2 0 0.000000
1652155271976153599 645.613752 1.548859 2 0 0.000000
1652155272575261886 599.086676 1.669147 1 0 0.000000
1652155273880185573 652.439677 1.532657 2 0 0.000000
1652155274551504962 671.296922 1.489604 1 0 0.000000
1652155275825904189 637.173037 1.569367 2 0 0.000000
1652155277108393909 0.000000 0.000000 0 0 0.000000
1652155277875332646 1024.691144 2.607770 2 0 0.000000
1652155279040365701 582.492890 1.716689 2 0 0.000000
1652155279733380176 692.992273 1.442971 1 0 0.000000
1652155280401804244 668.400409 1.496056 1 0 0.000000
1652155281917457850 757.799744 1.319563 2 0 0.000000
1652155282602199426 684.697378 1.460405 1 0 0.000000
1652155284081447933 739.599547 1.352038 2 0 0.000000
1652155285114781800 0.000000 0.000000 0 0 0.000000
1652155286028892967 973.695073 2.187918 2 0 0.000000
1652155286678150509 649.226584 1.540221 1 0 0.000000
1652155288010862038 666.335939 1.500700 2 0 0.000000
1652155288630286759 619.399687 1.614401 1 0 0.000000
1652155289894960702 632.312532 1.581435 2 0 0.000000
1652155290514020347 619.035525 1.615353 1 0 0.000000
1652155291881971313 683.952098 1.462041 2 0 0.000000
1652155292507666056 625.673704 1.598223 1 0 0.000000
1652155293770868561 631.573340 1.583277 2 0 0.000000
1652155294571895930 801.002626 1.248397 1 0 0.000000
1652155295320734141 748.815619 1.335402 1 0 0.000000
1652155296854843046 767.029199 1.303688 2 0 0.000000
1652155297989165184 1134.297872 0.881584 1 0 0.000000
1652155298576474855 587.286071 1.702679 1 0 0.000000
1652155299816309359 619.894353 1.613119 2 0 0.000000
1652155300484473803 668.142824 1.496638 1 0 0.000000
1652155301993836484 754.659137 1.325063 2 0 0.000000
1652155302549757062 555.898060 1.798818 1 0 0.000000
1652155304048273998 749.233540 1.334653 2 0 0.000000
1652155304734153702 685.856240 1.457982 1 0 0.000000
1652155306108044110 686.920439 1.455720 2 0 0.000000
1652155306794316463 686.247139 1.457147 1 0 0.000000
1652155307432546898 638.208279 1.566832 1 0 0.000000
1652155308818485565 1385.907865 0.721533 1 0 0.000000
1652155309585550722 767.041512 1.303670 1 0 0.000000
1652155310821769031 618.085480 1.617837 2 0 0.000000
1652155311644323080 822.532779 1.215726 1 0 0.000000
1652155313085719815 720.676584 1.387543 2 0 0.000000
1652155313723807298 638.052331 1.567183 1 0 0.000000
1652155314473053666 749.221049 1.334674 1 0 0.000000
1652155316098372512 812.633255 1.230528 2 0 0.000000
1652155316765558053 667.162427 1.498833 1 0 0.000000
1652155318128508380 681.452245 1.467405 2 0 0.000000
1652155318801841486 673.308358 1.485149 1 0 0.000000
1652155319355086216 553.220970 1.807518 1 0 0.000000
1652155320740586846 692.727326 1.443522 2 0 0.000000
1652155321973676007 616.518244 1.621943 2 0 0.000000
1652155322565762091 592.062545 1.688944 1 0 0.000000
1652155324030662726 732.426031 1.365280 2 0 0.000000
1652155324782724859 752.037054 1.329677 1 0 0.000000
1652155325540121552 757.372448 1.320312 1 0 0.000000
1652155326924145780 691.987644 1.445061 2 0 0.000000
1652155327620347335 696.172893 1.436366 1 0 0.000000
1652155329062080665 720.840171 1.387219 2 0 0.000000
1652155329673568964 611.464649 1.635354 1 0 0.000000
1652155331058343874 692.365231 1.444278 2 0 0.000000
1652155331675697993 617.326239 1.619816 1 0 0.000000
1652155333029788451 677.022033 1.477006 2 0 0.000000
1652155334132030934 1102.221268 0.907241 1 0 0.000000
1652155334681970666 549.916889 1.818381 1 0 0.000000
1652155335469747238 787.731728 1.269395 1 0 0.000000
1652155336772779668 651.493381 1.534881 2 0 0.000000
1652155338135932078 681.553472 1.467187 2 0 0.000000
1652155338764780999 628.825707 1.590207 1 0 0.000000
1652155339631713733 866.910943 1.153492 1 0 0.000000
1652155340986300880 677.270592 1.476465 2 0 0.000000
1652155341638865354 652.542739 1.532416 1 0 0.000000
1652155342424202655 785.314969 1.273338 1 0 0.000000
1652155343871400214 723.575073 1.381981 2 0 0.000000
1652155345137993502 633.274876 1.579039 2 0 0.000000
1652155345823240674 685.217443 1.459327 1 0 0.000000
1652155346653794831 830.532542 1.204015 1 0 0.000000
1652155347958242092 652.201401 1.533216 2 0 0.000000
1652155348709626196 751.361111 1.330877 1 0 0.000000
1652155349979037209 634.683563 1.575534 2 0 0.000000
1652155350739560005 760.502683 1.314885 1 0 0.000000
1652155351471809143 732.226996 1.365655 1 0 0.000000
1652155353002468364 765.304590 1.306627 2 0 0.000000
1652155353925390511 922.900235 1.083515 1 0 0.000000
1652155354511625401 586.212182 1.705801 1 0 0.000000
1652155356026334344 757.331426 1.320386 2 0 0.000000
1652155357160929843 0.000000 0.000000 0 0 0.000000
1652155358124426877 1049.021408 2.075772 2 0 0.000000
1652155358875096686 750.647266 1.332144 1 0 0.000000
1652155359663187076 788.067171 1.268890 1 0 0.000000
1652155360934899379 635.832332 1.572683 2 0 0.000000
1652155361605451213 670.530178 1.491309 1 0 0.000000
1652155362830694482 612.599297 1.632329 2 0 0.000000
1652155364097819023 633.539335 1.578377 2 0 0.000000
1652155364714014695 616.172137 1.622861 1 0 0.000000
1652155365500906136 786.867766 1.270823 1 0 0.000000
1652155366847924432 673.472385 1.484761 2 0 0.000000
1652155367537001156 689.050974 1.451217 1 0 0.000000
1652155368977264178 720.101642 1.388635 2 0 0.000000
1652155369654736974 677.450830 1.476074 1 0 0.000000
1652155371065171218 705.194369 1.418003 2 0 0.000000
1652155371738929290 673.735360 1.484212 1 0 0.000000
1652155373158331456 709.678344 1.409044 2 0 0.000000
1652155373802936274 644.581534 1.551338 1 0 0.000000
1652155375107823311 652.419252 1.532700 2 0 0.000000
1652155375659372528 551.526499 1.813075 1 0 0.000000
1652155377161083313 750.833762 1.331814 2 0 0.000000
1652155377887157637 726.049987 1.377269 1 0 0.000000
1652155378533763055 646.582711 1.546538 1 0 0.000000
1652155379837786987 1304.000702 0.766857 1 0 0.000000
1652155380545405295 707.595459 1.413191 1 0 0.000000
1652155382119285727 786.917017 1.270745 2 0 0.000000
1652155382845950291 726.642337 1.376151 1 0 0.000000
1652155383729871221 883.897562 1.131323 1 0 0.000000
1652155385172563880 721.318268 1.386297 2 0 0.000000
1652155385926409408 753.819518 1.326532 1 0 0.000000
1652155386672806736 746.373597 1.339769 1 0 0.000000
1652155388043228037 685.188496 1.459405 2 0 0.000000
1652155388897926316 854.673481 1.170004 1 0 0.000000
1652155390032015576 567.023028 1.763530 2 0 0.000000
1652155390721219913 689.182571 1.450949 1 0 0.000000
1652155391942396080 610.555324 1.637765 2 0 0.000000
1652155393177504232 617.531207 1.619291 2 0 0.000000
1652155393800396314 622.868487 1.605415 1 0 0.000000
1652155395119430410 659.494842 1.516261 2 0 0.000000
1652155395834232568 714.778203 1.398989 1 0 0.000000
1652155396424522776 590.267695 1.694082 1 0 0.000000
1652155397903747575 739.589992 1.352060 2 0 0.000000
1652155398659971685 756.193885 1.322359 1 0 0.000000
1652155399933677500 636.830831 1.570221 2 0 0.000000
1652155401170005861 618.141204 1.617693 2 0 0.000000
1652155401822105369 652.075166 1.533508 1 0 0.000000
1652155403011064634 594.456469 1.682143 2 0 0.000000
1652155403659361162 648.274011 1.542504 1 0 0.000000
1652155405160837399 750.715854 1.332022 2 0 0.000000
1652155405936622739 775.764373 1.289016 1 0 0.000000
1652155406570336195 633.663425 1.578000 1 0 0.000000
1652155407910375981 669.997936 1.492493 2 0 0.000000
