1653947797587866940 304.932159 0.000000
1653947797721727415 133.839618 0.000000
1653947797853151824 131.420398 0.000000
1653947797983054004 129.898107 0.000000
1653947798113369810 130.311951 0.000000
1653947798243556782 130.182832 0.000000
1653947798374063867 130.502208 0.000000
1653947798505413518 131.344784 0.000000
1653947798635154827 129.737052 0.000000
1653947798763973583 128.813333 0.000000
1653947798892520035 128.540879 0.000000
1653947799022038188 129.512755 0.000000
1653947799149494983 127.450196 0.000000
1653947799276490280 126.987989 0.000000
1653947799405135847 128.639213 0.000000
1653947799535778026 130.636796 0.000000
1653947799663584427 127.798594 0.000000
1653947799790525959 126.937278 0.000000
1653947799917307386 126.776492 0.000000
1653947800043963889 126.651794 0.000000
1653947800170456799 126.487232 0.000000
1653947800296791682 126.330300 0.000000
1653947800422290273 125.493557 0.000000
1653947800549022277 126.726683 0.000000
1653947800675640499 126.613383 0.000000
1653947801219179506 543.535155 0.000000
1653947801344806075 125.619675 0.000000
1653947801471476464 126.664997 0.000000
1653947801597447034 125.964084 0.000000
1653947801723448553 125.996727 0.000000
1653947801848830296 125.376364 0.000000
1653947801975171432 126.335844 0.000000
1653947802101475433 126.298436 0.000000
1653947802227684034 126.204592 0.000000
1653947802353772096 126.082034 0.000000
1653947802481593323 127.815525 0.000000
1653947802606466245 124.869371 0.000000
1653947802732910440 126.439302 0.000000
1653947802858675959 125.759458 0.000000
1653947802984515643 125.835484 0.000000
1653947803111102788 126.581623 0.000000
1653947803237405032 126.296662 0.000000
1653947803497498015 260.088621 0.000000
1653947803623659860 126.155852 0.000000
1653947803749698099 126.031578 0.000000
1653947803875789420 126.084932 0.000000
1653947804002496470 126.701217 0.000000
1653947804128780526 126.279186 0.000000
1653947804254549086 125.763413 0.000000
1653947804380220612 125.664865 0.000000
1653947804506546313 126.319900 0.000000
1653947804631996771 125.444627 0.000000
1653947804934801132 302.800513 0.000000
1653947805060290971 125.485936 0.000000
1653947805186025936 125.731265 0.000000
1653947805311204791 125.173287 0.000000
1653947805436510467 125.301590 0.000000
1653947805562140730 125.624935 0.000000
1653947805687485488 125.339487 0.000000
1653947805812413082 124.922492 0.000000
1653947805937363168 124.945064 0.000000
1653947806063300563 125.932973 0.000000
1653947806187494392 124.190356 0.000000
1653947806313623128 126.124128 0.000000
1653947806438939368 125.311609 0.000000
1653947806564371502 125.426675 0.000000
1653947806744395576 180.018001 0.000000
1653947806869795422 125.393964 0.000000
1653947806995238044 125.437835 0.000000
1653947807121083943 125.841231 0.000000
1653947807246951641 125.861937 0.000000
1653947807371926201 124.970095 0.000000
1653947807628784985 256.853286 0.000000
1653947807753543120 124.751429 0.000000
1653947807879116783 125.568691 0.000000
1653947808005668084 126.546721 0.000000
1653947808131277184 125.604904 0.000000
1653947808256066841 124.784143 0.000000
1653947808380832802 124.760883 0.000000
1653947808506551319 125.713541 0.000000
1653947808631531268 124.974606 0.000000
1653947808757284026 125.748478 0.000000
1653947809048730475 291.440434 0.000000
1653947809338965350 290.229417 0.000000
1653947809464507226 125.536905 0.000000
1653947809589654018 125.104773 0.000000
1653947810252336824 662.679140 0.000000
1653947810378429476 126.087158 0.000000
1653947810504008611 125.575294 0.000000
1653947810628713509 124.700884 0.000000
1653947810778298015 149.579614 0.000000
1653947810902807644 124.504713 0.000000
1653947811027435765 124.622789 0.000000
1653947811176702620 149.263711 0.000000
1653947811302230769 125.523368 0.000000
1653947811427134540 124.898123 0.000000
1653947811552050891 124.911088 0.000000
1653947811677582122 125.526682 0.000000
1653947811803511620 125.924442 0.000000
1653947811928414930 124.898173 0.000000
1653947812054188741 125.768924 0.000000
1653947812179778609 125.584981 0.000000
1653947812305516005 125.732945 0.000000
1653947812431063313 125.543068 0.000000
1653947812556543817 125.475061 0.000000
1653947812682326834 125.777254 0.000000
1653947812807793790 125.461568 0.000000
1653947812932587265 124.788789 0.000000
1653947813057681263 125.089292 0.000000
1653947813182453833 124.761786 0.000000
1653947813307188405 124.729665 0.000000
1653947813432770650 125.577885 0.000000
1653947813557702741 124.921402 0.000000
1653947813683172464 125.465258 0.000000
1653947813808723541 125.547897 0.000000
1653947813933694279 124.966200 0.000000
1653947814247674642 313.975422 0.000000
1653947814373329636 125.649722 0.000000
1653947814828649641 455.315469 0.000000
1653947814953983763 125.328549 0.000000
1653947815078820618 124.831933 0.000000
1653947815204151797 125.326179 0.000000
1653947815328704305 124.548577 0.000000
1653947815454759435 126.050609 0.000000
1653947815579353515 124.589785 0.000000
1653947815704920333 125.562092 0.000000
1653947815830764051 125.838631 0.000000
1653947815956302931 125.533675 0.000000
1653947816106062866 149.753682 0.000000
1653947816230957525 124.889467 0.000000
1653947816521114986 290.152359 0.000000
1653947816646702361 125.581005 0.000000
1653947816771707834 124.998891 0.000000
1653947816896430055 124.717303 0.000000
1653947817021683555 125.248107 0.000000
1653947817146806544 125.118083 0.000000
1653947817272417618 125.606106 0.000000
1653947817397195682 124.773180 0.000000
1653947817522006591 124.805753 0.000000
1653947817646583139 124.571701 0.000000
1653947817772360974 125.772632 0.000000
1653947818062762336 290.396511 0.000000
1653947818187963996 125.195612 0.000000
1653947818312762774 124.795047 0.000000
1653947818438105731 125.337830 0.000000
1653947818695167366 257.056840 0.000000
1653947818820501754 125.328753 0.000000
1653947818946175154 125.668394 0.000000
1653947819072098682 125.918341 0.000000
1653947819197225380 125.121320 0.000000
1653947819322298654 125.068302 0.000000
1653947819446679606 124.374473 0.000000
1653947819738621514 291.935803 0.000000
1653947819863279901 124.652905 0.000000
1653947819987932978 124.645978 0.000000
1653947820112719128 124.781449 0.000000
1653947820237240452 124.516071 0.000000
1653947820362795321 125.549637 0.000000
1653947820487980726 125.180358 0.000000
1653947820613100042 125.114009 0.000000
1653947820737585237 124.479893 0.000000
1653947820861789254 124.199279 0.000000
1653947820987803493 126.008937 0.000000
1653947821112493626 124.685841 0.000000
1653947821236778940 124.281067 0.000000
1653947821361210313 124.426704 0.000000
1653947821485464900 124.250979 0.000000
1653947821633651394 148.181683 0.000000
1653947821757893944 124.237661 0.000000
1653947821882199811 124.302322 0.000000
1653947822007427053 125.222095 0.000000
1653947822132488899 125.056209 0.000000
1653947822257934575 125.440539 0.000000
1653947822382639992 124.699498 0.000000
1653947822507766533 125.120448 0.000000
1653947822631980111 124.208983 0.000000
1653947822757221551 125.236132 0.000000
1653947822882063877 124.835802 0.000000
1653947823006331229 124.262908 0.000000
1653947823131315881 124.979895 0.000000
1653947823255746518 124.425595 0.000000
1653947823380226009 124.474700 0.000000
1653947823505448073 125.217514 0.000000
1653947823629801240 124.347744 0.000000
1653947823754079944 124.274555 0.000000
1653947823878211810 124.128687 0.000000
1653947824003090747 124.875494 0.000000
1653947824128381515 125.285640 0.000000
1653947824253246563 124.860222 0.000000
1653947824542156977 288.903690 0.000000
1653947824667293396 125.131937 0.000000
1653947824792313531 125.016332 0.000000
1653947824917101329 124.783374 0.000000
1653947825042656643 125.550001 0.000000
1653947825167121711 124.460066 0.000000
1653947825291771292 124.644831 0.000000
1653947825416913169 125.135697 0.000000
1653947825541063158 124.144436 0.000000
1653947825665962571 124.895324 0.000000
1653947825790578444 124.610951 0.000000
1653947825915600247 125.016385 0.000000
1653947826040979592 125.374008 0.000000
1653947826165697342 124.712463 0.000000
1653947826290944068 125.242000 0.000000
1653947826415029116 124.079116 0.000000
1653947826539217227 124.183255 0.000000
1653947826664275876 125.053006 0.000000
1653947826788071645 123.789670 0.000000
1653947826912331464 124.255811 0.000000
1653947827036540159 124.204219 0.000000
1653947827160824912 124.271819 0.000000
1653947827288011932 127.181357 0.000000
1653947827412280342 124.263709 0.000000
1653947827536417620 124.131430 0.000000
1653947827661072158 124.648686 0.000000
1653947827785033848 123.957825 0.000000
1653947827909833654 124.794816 0.000000
1653947828034523599 124.685860 0.000000
1653947828159325688 124.796144 0.000000
1653947828284175672 124.846644 0.000000
1653947828408040015 123.859307 0.000000
1653947828532524181 124.478898 0.000000
1653947828657274707 124.746930 0.000000
1653947828782150107 124.870449 0.000000
1653947828906320183 124.165668 0.000000
1653947829030554622 124.229427 0.000000
1653947829155691733 125.132289 0.000000
1653947829279930482 124.232776 0.000000
1653947829404487874 124.553898 0.000000
1653947829530211233 125.717561 0.000000
1653947829655007470 124.791797 0.000000
1653947829779571351 124.559325 0.000000
1653947829905316442 125.741312 0.000000
1653947830029916296 124.595709 0.000000
1653947830154777219 124.856593 0.000000
1653947830279912540 125.130209 0.000000
1653947830596429738 316.510694 0.000000
1653947830721245565 124.810815 0.000000
1653947830845573528 124.322846 0.000000
1653947830970566020 124.988699 0.000000
1653947831095688948 125.119017 0.000000
1653947831220434042 124.740173 0.000000
1653947831345405364 124.967500 0.000000
1653947831470407375 124.997440 0.000000
1653947831595527623 125.115150 0.000000
1653947831719653165 124.120806 0.000000
1653947831844584211 124.926380 0.000000
1653947831969718354 125.128569 0.000000
1653947832093761528 124.038789 0.000000
1653947832438492586 344.726447 0.000000
1653947832563674786 125.176481 0.000000
1653947832691064808 127.385437 0.000000
1653947832815262539 124.193035 0.000000
1653947832939644389 124.377481 0.000000
1653947833064031617 124.383500 0.000000
1653947833188430284 124.394648 0.000000
1653947833313487367 125.052131 0.000000
1653947833437825849 124.334083 0.000000
1653947833562946870 125.115153 0.000000
1653947833688053899 125.102879 0.000000
1653947833813054280 124.996538 0.000000
1653947834101528725 288.469432 0.000000
1653947834226122966 124.589124 0.000000
1653947834350479509 124.352483 0.000000
1653947834474891214 124.407299 0.000000
1653947834598981015 124.085563 0.000000
1653947834887875919 288.890416 0.000000
1653947835012952052 125.070986 0.000000
1653947835138007941 125.051064 0.000000
1653947835262028377 124.015940 0.000000
1653947835389412200 127.379542 0.000000
1653947835513739800 124.324036 0.000000
1653947835638063711 124.316965 0.000000
1653947835763089353 125.020112 0.000000
1653947835888038427 124.944664 0.000000
1653947836012782125 124.738090 0.000000
1653947836137090410 124.303772 0.000000
1653947836261644597 124.550525 0.000000
1653947836387193732 125.545386 0.000000
1653947836512777242 125.579370 0.000000
1653947836638178581 125.397008 0.000000
1653947836762861729 124.678061 0.000000
1653947836887202865 124.327349 0.000000
1653947837012936752 125.730059 0.000000
1653947837137999753 125.058732 0.000000
1653947837261925708 123.921029 0.000000
1653947837387778723 125.848489 0.000000
1653947837512692056 124.908692 0.000000
1653947837636593098 123.895720 0.000000
1653947837761936267 125.338639 0.000000
1653947837886366033 124.425795 0.000000
1653947838012914231 126.543371 0.000000
1653947838137088694 124.170143 0.000000
1653947838261627679 124.534934 0.000000
1653947838386152378 124.520956 0.000000
1653947838511699391 125.542041 0.000000
1653947838636270156 124.566250 0.000000
1653947838761774935 125.499922 0.000000
1653947838887266403 125.486992 0.000000
1653947839012853363 125.581598 0.000000
1653947839466056492 453.198664 0.000000
1653947839590496798 124.435315 0.000000
1653947839715525039 125.021812 0.000000
1653947839840919175 125.387806 0.000000
1653947839964922785 123.997395 0.000000
1653947840089258433 124.331638 0.000000
1653947840213292339 124.030092 0.000000
1653947840337980531 124.684039 0.000000
1653947840462250332 124.265581 0.000000
1653947840586491619 124.235931 0.000000
1653947840713224907 126.729278 0.000000
1653947840837534680 124.305213 0.000000
1653947840962010298 124.471358 0.000000
1653947841085966036 123.951648 0.000000
1653947841210707920 124.737056 0.000000
1653947841335952092 125.240253 0.000000
1653947841461384863 125.427754 0.000000
1653947841586262030 124.872582 0.000000
1653947841710769663 124.503192 0.000000
1653947841834934543 124.160274 0.000000
1653947841959191708 124.252881 0.000000
1653947842084079304 124.884031 0.000000
1653947842208507658 124.423637 0.000000
1653947842333416173 124.903047 0.000000
1653947842457745345 124.324235 0.000000
1653947842582624317 124.875052 0.000000
1653947842707431146 124.802649 0.000000
1653947842995468699 288.032922 0.000000
1653947843120173085 124.699292 0.000000
1653947843245145109 124.968059 0.000000
1653947843371555854 126.404981 0.000000
1653947843495873937 124.313731 0.000000
1653947843621025532 125.146117 0.000000
1653947843745450319 124.420651 0.000000
1653947843870414026 124.959871 0.000000
1653947843995252944 124.832540 0.000000
1653947844119534049 124.277330 0.000000
1653947844244683244 125.145221 0.000000
1653947844369364756 124.677671 0.000000
1653947844493540511 124.171179 0.000000
1653947844618437850 124.891622 0.000000
1653947844743001317 124.558951 0.000000
1653947844867513460 124.507848 0.000000
1653947844991904826 124.386165 0.000000
1653947845116819065 124.909996 0.000000
1653947845241753941 124.931626 0.000000
1653947845366490276 124.732291 0.000000
1653947845490936595 124.443125 0.000000
1653947845615965761 125.025166 0.000000
1653947845740223204 124.253119 0.000000
1653947845864716675 124.489828 0.000000
1653947845992839946 128.118951 0.000000
1653947846117297777 124.453210 0.000000
1653947846241619842 124.318081 0.000000
1653947846365733261 124.109560 0.000000
1653947846490884200 125.145401 0.000000
1653947846615613763 124.724366 0.000000
1653947846740552719 124.934180 0.000000
1653947847028840684 288.283460 0.000000
1653947847153460061 124.613739 0.000000
1653947847278233060 124.767983 0.000000
1653947847565176234 286.938995 0.000000
1653947847689429359 124.248263 0.000000
1653947847813615217 124.181603 0.000000
1653947847937888980 124.269497 0.000000
1653947848226529135 288.636319 0.000000
1653947848351238503 124.705905 0.000000
1653947848476287505 125.044977 0.000000
1653947848600594644 124.302874 0.000000
1653947848726980517 126.381883 0.000000
1653947848851309192 124.323929 0.000000
1653947848976726415 125.411434 0.000000
1653947849101673099 124.940311 0.000000
1653947849225807611 124.128350 0.000000
1653947849349998881 124.187015 0.000000
1653947849473859030 123.855503 0.000000
1653947849598763480 124.899939 0.000000
1653947849723811859 125.042581 0.000000
1653947849848622351 124.804537 0.000000
1653947849972775266 124.148450 0.000000
1653947850096907002 124.127932 0.000000
1653947850221310706 124.399653 0.000000
1653947850346051893 124.736922 0.000000
1653947850470248794 124.192681 0.000000
1653947850595393402 125.140448 0.000000
1653947850720524465 125.125906 0.000000
1653947850844541799 124.012784 0.000000
1653947850968677324 124.131169 0.000000
1653947851093766032 125.084484 0.000000
1653947851217875091 124.103210 0.000000
1653947851508983462 291.103911 0.000000
1653947851633715531 124.726521 0.000000
1653947851758120067 124.398818 0.000000
1653947851882904306 124.778386 0.000000
1653947852007879159 124.970808 0.000000
1653947852132063633 124.178846 0.000000
1653947852257008982 124.941400 0.000000
1653947852381850745 124.837658 0.000000
1653947852506047086 124.192016 0.000000
1653947852630158700 124.107028 0.000000
1653947852755237310 125.073748 0.000000
1653947852879724633 124.483098 0.000000
1653947853004855669 125.126872 0.000000
1653947853129184864 124.324790 0.000000
1653947853253585085 124.396477 0.000000
1653947853378443572 124.854883 0.000000
1653947853502580655 124.132222 0.000000
1653947853627710974 125.125668 0.000000
1653947853751840224 124.124975 0.000000
1653947853876722402 124.878335 0.000000
1653947854001676205 124.949880 0.000000
1653947854126662510 124.980882 0.000000
1653947854251602671 124.936297 0.000000
1653947854376545334 124.938819 0.000000
1653947854500667297 124.118144 0.000000
1653947854624935074 124.263542 0.000000
1653947854749876927 124.937341 0.000000
1653947854874160444 124.279346 0.000000
1653947854999213999 125.048924 0.000000
1653947855124426955 125.209192 0.000000
1653947855249233316 124.802391 0.000000
1653947855373480886 124.244037 0.000000
1653947855498669444 125.184901 0.000000
1653947855623066087 124.392991 0.000000
1653947855747385859 124.314501 0.000000
1653947855871522637 124.131500 0.000000
1653947855995944340 124.415944 0.000000
1653947856120210124 124.260914 0.000000
1653947856245256713 125.041612 0.000000
1653947856369333144 124.072112 0.000000
1653947856493772775 124.435246 0.000000
1653947856617990000 124.213679 0.000000
1653947856743238268 125.244004 0.000000
1653947856868062801 124.820263 0.000000
1653947856992254350 124.186172 0.000000
1653947857116812437 124.553812 0.000000
1653947857241131999 124.315557 0.000000
1653947857365303622 124.165974 0.000000
1653947857489841212 124.533405 0.000000
1653947857776970855 287.125213 0.000000
1653947857902052997 125.076754 0.000000
1653947858026750624 124.693522 0.000000
1653947858151156638 124.400606 0.000000
1653947858276022723 124.862027 0.000000
1653947858400996107 124.969448 0.000000
1653947858525249762 124.249749 0.000000
1653947858649607288 124.353089 0.000000
1653947858774632226 125.020434 0.000000
1653947858899825095 125.187691 0.000000
1653947859024478123 124.648337 0.000000
1653947859149555765 125.072891 0.000000
1653947859277149826 127.589250 0.000000
1653947859425711484 148.555914 0.000000
1653947859550308055 124.592026 0.000000
1653947859675607702 125.295352 0.000000
1653947859800056535 124.444763 0.000000
1653947859925507164 125.446379 0.000000
1653947860050482483 124.970181 0.000000
1653947860175786550 125.299444 0.000000
1653947860300188898 124.398373 0.000000
1653947860424673672 124.480314 0.000000
1653947860549231254 124.553370 0.000000
1653947860674436883 125.200847 0.000000
1653947860799682396 125.241132 0.000000
1653947860924100184 124.412072 0.000000
1653947861049423747 125.318732 0.000000
1653947861174232983 124.805347 0.000000
1653947861299665338 125.427725 0.000000
1653947861424603389 124.934016 0.000000
1653947861549581573 124.973554 0.000000
1653947861674352204 124.766210 0.000000
1653947861799519814 125.162783 0.000000
1653947861925606659 126.081985 0.000000
1653947862049966699 124.355235 0.000000
1653947862174322748 124.350572 0.000000
1653947862299411867 125.084381 0.000000
1653947862423669905 124.253768 0.000000
1653947862548740749 125.066282 0.000000
1653947862674178768 125.432782 0.000000
1653947862799582787 125.399079 0.000000
1653947862924327413 124.739373 0.000000
1653947863049843849 125.511335 0.000000
1653947863175394931 125.545373 0.000000
1653947863300279653 124.880408 0.000000
1653947863424885875 124.601437 0.000000
1653947863879260138 454.369406 0.000000
1653947864004264517 124.998906 0.000000
1653947864129643959 125.375117 0.000000
1653947864254743109 125.093447 0.000000
1653947864379283369 124.534404 0.000000
1653947864503812968 124.524642 0.000000
1653947864631667771 127.850232 0.000000
1653947864757118965 125.447079 0.000000
1653947864881918789 124.794206 0.000000
1653947865006415907 124.491991 0.000000
1653947865131676576 125.255500 0.000000
1653947865256164194 124.483464 0.000000
1653947865381632378 125.462159 0.000000
1653947865506205158 124.567719 0.000000
1653947865631102979 124.893095 0.000000
1653947865756047820 124.940636 0.000000
1653947865881333273 125.279415 0.000000
1653947866006350916 125.011328 0.000000
1653947866131253205 124.890654 0.000000
1653947866257347350 126.088948 0.000000
1653947866381875189 124.522342 0.000000
1653947866506912120 125.032927 0.000000
1653947866631654088 124.737297 0.000000
1653947866756944272 125.286149 0.000000
1653947866881669694 124.720156 0.000000
1653947867006872312 125.198731 0.000000
1653947867131075827 124.198795 0.000000
1653947867256097737 125.017760 0.000000
1653947867380760015 124.641359 0.000000
1653947867505719354 124.955019 0.000000
1653947867630709980 124.986237 0.000000
1653947867755941929 125.228676 0.000000
1653947868044934008 288.987944 0.000000
1653947868170178731 125.240036 0.000000
1653947868294659110 124.474615 0.000000
1653947868419852268 125.187886 0.000000
1653947868544323698 124.466376 0.000000
1653947868668628563 124.300785 0.000000
1653947868793770090 125.136917 0.000000
1653947868918850215 125.075455 0.000000
1653947869044382969 125.527982 0.000000
1653947869169618380 125.228039 0.000000
1653947869295084086 125.461081 0.000000
1653947869419608183 124.518724 0.000000
1653947869543996948 124.384050 0.000000
1653947869668408731 124.406818 0.000000
1653947869794621919 126.208699 0.000000
1653947869919302885 124.674681 0.000000
1653947870044797168 125.489843 0.000000
1653947870169935787 125.134400 0.000000
1653947870294690076 124.750370 0.000000
1653947870419545542 124.850199 0.000000
1653947870543949088 124.398805 0.000000
1653947870668894413 124.939606 0.000000
1653947870793184304 124.286412 0.000000
1653947870917431831 124.238301 0.000000
1653947871041946835 124.510393 0.000000
1653947871167076329 125.124528 0.000000
1653947871292217025 125.136611 0.000000
1653947871417019498 124.798494 0.000000
1653947871541287918 124.263393 0.000000
1653947871665695483 124.401425 0.000000
1653947871789356755 123.655601 0.000000
1653947871913337316 123.975347 0.000000
1653947872038500057 125.158622 0.000000
1653947872162958249 124.453375 0.000000
1653947872288798833 125.836389 0.000000
1653947872414323682 125.518875 0.000000
1653947872538778005 124.449928 0.000000
1653947872663564942 124.782256 0.000000
1653947872787982599 124.413187 0.000000
1653947872912269392 124.282894 0.000000
1653947873036949390 124.675071 0.000000
1653947873162549194 125.595955 0.000000
1653947873286722572 124.169699 0.000000
1653947873411523258 124.796748 0.000000
1653947873700138526 288.612077 0.000000
1653947873824395499 124.252087 0.000000
1653947873949366886 124.966475 0.000000
1653947874073949085 124.577910 0.000000
1653947874198786805 124.831771 0.000000
1653947874323201108 124.409257 0.000000
1653947874448271215 125.064829 0.000000
1653947874572600652 124.323202 0.000000
1653947874697772389 125.166986 0.000000
1653947874822311098 124.534138 0.000000
1653947875279549809 457.233564 0.000000
1653947875403794890 124.239633 0.000000
1653947875528933098 125.134455 0.000000
1653947875654209692 125.270969 0.000000
1653947875779526844 125.311686 0.000000
1653947875904108413 124.577089 0.000000
1653947876028711366 124.598372 0.000000
1653947876153387659 124.670685 0.000000
1653947876278757567 125.364019 0.000000
1653947876403724753 124.962696 0.000000
1653947876529464016 125.734912 0.000000
1653947876653894026 124.426131 0.000000
1653947876778800009 124.901242 0.000000
1653947877066659534 287.855120 0.000000
1653947877191696126 125.032152 0.000000
1653947877316519918 124.819797 0.000000
1653947877441885500 125.361689 0.000000
1653947877566378703 124.489163 0.000000
1653947877691663081 125.280274 0.000000
1653947877816320330 124.653260 0.000000
1653947877940494341 124.170151 0.000000
1653947878065002468 124.504088 0.000000
1653947878189854119 124.847507 0.000000
1653947878313971020 124.112968 0.000000
1653947878438295786 124.320761 0.000000
1653947878563035833 124.735090 0.000000
1653947878687476503 124.436355 0.000000
1653947878812412335 124.931883 0.000000
1653947878937828460 125.412845 0.000000
1653947879062459242 124.625976 0.000000
1653947879187570754 125.107317 0.000000
1653947879312659501 125.083690 0.000000
1653947879437814905 125.149540 0.000000
1653947879562848744 125.028528 0.000000
1653947879688162516 125.309347 0.000000
1653947880031355386 343.188289 0.000000
1653947880156003922 124.623262 0.000000
1653947880304287633 148.277609 0.000000
1653947880431167015 126.875546 0.000000
1653947880555782752 124.611730 0.000000
1653947880680752433 124.965155 0.000000
1653947880805355736 124.598903 0.000000
1653947880929488775 124.129009 0.000000
1653947881053711783 124.219164 0.000000
1653947881178703630 124.986138 0.000000
1653947881303065060 124.357511 0.000000
1653947881428232306 125.162600 0.000000
1653947881552897502 124.660947 0.000000
1653947881678074546 125.172217 0.000000
1653947881802243959 124.165334 0.000000
1653947881926468485 124.219555 0.000000
1653947882050546265 124.073917 0.000000
1653947882174928003 124.377227 0.000000
1653947882299984355 125.051441 0.000000
1653947882423852000 123.862894 0.000000
1653947882548529085 124.671767 0.000000
1653947882672375095 123.841359 0.000000
1653947882797235632 124.855540 0.000000
1653947882921645720 124.405057 0.000000
1653947883046897822 125.247958 0.000000
1653947883171923749 125.021110 0.000000
1653947883623957206 452.028345 0.000000
1653947883748835473 124.873180 0.000000
1653947883874284484 125.444746 0.000000
1653947883999514355 125.225365 0.000000
1653947884123919521 124.388578 0.000000
1653947884248168779 124.245153 0.000000
1653947884734554450 486.381341 0.000000
1653947884859568157 125.008846 0.000000
1653947884984282999 124.710256 0.000000
1653947885108371387 124.084064 0.000000
1653947885233580540 125.205684 0.000000
1653947885358199163 124.612579 0.000000
1653947885482483397 124.280108 0.000000
1653947885606761473 124.274265 0.000000
1653947885731289902 124.524329 0.000000
1653947885859332277 128.036802 0.000000
1653947885983546770 124.210323 0.000000
1653947886108715788 125.165325 0.000000
1653947886233238187 124.517392 0.000000
1653947886357390399 124.148179 0.000000
1653947886481382423 123.987785 0.000000
1653947886605871981 124.485336 0.000000
1653947886730995870 125.119512 0.000000
1653947886856741996 125.741156 0.000000
1653947887005308319 148.562316 0.000000
1653947887512755446 507.441554 0.000000
1653947887638186559 125.425720 0.000000
1653947887763315600 125.123443 0.000000
1653947887887992342 124.671932 0.000000
1653947888012608228 124.610113 0.000000
1653947888137065165 124.452376 0.000000
1653947888262456380 125.385367 0.000000
1653947888387782409 125.319930 0.000000
1653947888512235165 124.447855 0.000000
1653947888636744037 124.504066 0.000000
1653947888761914098 125.164307 0.000000
1653947888886706044 124.787360 0.000000
1653947889011722637 125.011982 0.000000
1653947889137052966 125.325838 0.000000
1653947889261696330 124.638223 0.000000
1653947889579738084 318.036551 0.000000
1653947889705143397 125.400457 0.000000
1653947889829297779 124.149631 0.000000
1653947889953365755 124.062999 0.000000
1653947890077745233 124.375037 0.000000
1653947890201933780 124.184184 0.000000
1653947890327256503 125.318796 0.000000
1653947890451747094 124.486391 0.000000
1653947890576970957 125.219603 0.000000
1653947890702876288 125.900665 0.000000
1653947890827101635 124.221102 0.000000
1653947890951915778 124.810058 0.000000
1653947891076960581 125.040473 0.000000
1653947891203308537 126.342232 0.000000
1653947891328383066 125.070409 0.000000
1653947891453791094 125.403969 0.000000
1653947891578121571 124.326552 0.000000
1653947891703279486 125.154185 0.000000
1653947891827711616 124.427846 0.000000
1653947891952310847 124.594540 0.000000
1653947892077565311 125.250154 0.000000
1653947892202280586 124.711651 0.000000
1653947892326697879 124.413118 0.000000
1653947892451185997 124.484259 0.000000
1653947892576433593 125.243176 0.000000
1653947892701620026 125.182705 0.000000
1653947892825896792 124.272210 0.000000
1653947892951264161 125.363450 0.000000
1653947893076003248 124.735298 0.000000
1653947893364539762 288.532750 0.000000
1653947893489626575 125.081348 0.000000
1653947893615124140 125.493190 0.000000
1653947893741415679 126.287195 0.000000
1653947893866690899 125.271146 0.000000
1653947893991889992 125.193775 0.000000
1653947894116482891 124.589282 0.000000
1653947894240726186 124.239011 0.000000
1653947894364966342 124.235505 0.000000
1653947894489670988 124.700657 0.000000
1653947894614599220 124.924127 0.000000
1653947894739912267 125.307345 0.000000
1653947894865007910 125.091162 0.000000
1653947894989405557 124.393162 0.000000
1653947895113499557 124.090031 0.000000
1653947895237938961 124.435662 0.000000
1653947895363279518 125.336698 0.000000
1653947895487753733 124.470276 0.000000
1653947895611920298 124.162906 0.000000
1653947895736730404 124.806279 0.000000
1653947895861815849 125.081335 0.000000
1653947895986316633 124.497024 0.000000
1653947896111031924 124.710420 0.000000
1653947896235292528 124.256163 0.000000
1653947896360345913 125.048514 0.000000
1653947896485084746 124.734426 0.000000
1653947896610251202 125.161925 0.000000
1653947896735465565 125.209632 0.000000
1653947896859832435 124.362475 0.000000
1653947896985139518 125.302392 0.000000
1653947897110266392 125.122574 0.000000
1653947897234388347 124.116207 0.000000
1653947897359554993 125.162005 0.000000
1653947897484555754 124.996957 0.000000
1653947897609229678 124.668476 0.000000
1653947897733563125 124.327754 0.000000
1653947897859024568 125.456676 0.000000
1653947897983778408 124.749660 0.000000
1653947898291098327 307.315218 0.000000
1653947898804367880 513.265002 0.000000
1653947898929321651 124.947977 0.000000
1653947899053709630 124.382165 0.000000
1653947899178223230 124.509050 0.000000
1653947899303399810 125.170838 0.000000
1653947899427805746 124.401772 0.000000
1653947899552311985 124.501368 0.000000
1653947899677418511 125.101855 0.000000
1653947899802028953 124.605481 0.000000
1653947899927070887 125.037833 0.000000
1653947900052306681 125.232339 0.000000
1653947900176841937 124.531485 0.000000
1653947900302119335 125.273820 0.000000
1653947900427133601 125.010146 0.000000
1653947900551771882 124.634157 0.000000
1653947900676873302 125.097510 0.000000
1653947900802313203 125.435236 0.000000
1653947900926706510 124.389533 0.000000
1653947901051334873 124.624344 0.000000
1653947901176413212 125.074189 0.000000
1653947901301478332 125.061200 0.000000
1653947901426570770 125.088143 0.000000
1653947901551138271 124.563256 0.000000
1653947901675600136 124.457862 0.000000
1653947901799769668 124.164689 0.000000
1653947902088329201 288.555854 0.000000
1653947902213684696 125.350563 0.000000
1653947902338601464 124.909708 0.000000
1653947902463611075 125.005715 0.000000
1653947902588537191 124.921220 0.000000
1653947902713169723 124.626593 0.000000
1653947902837208474 124.033408 0.000000
1653947902962019472 124.807284 0.000000
1653947903087290487 125.265989 0.000000
1653947903211620067 124.324801 0.000000
1653947903336725290 125.100987 0.000000
1653947903462053220 125.323144 0.000000
1653947903587237181 125.179230 0.000000
1653947903712510008 125.268597 0.000000
1653947903837072473 124.558811 0.000000
1653947903962398118 125.320654 0.000000
1653947904087647992 125.245218 0.000000
1653947904213060931 125.408513 0.000000
1653947904337884833 124.818726 0.000000
1653947904758456973 420.568461 0.000000
1653947904883062257 124.599866 0.000000
1653947905008055383 124.988315 0.000000
1653947905132412926 124.353308 0.000000
1653947905257350192 124.932310 0.000000
1653947905381966320 124.612344 0.000000
1653947905506439377 124.469228 0.000000
1653947905630444384 124.000862 0.000000
1653947905755468922 125.021092 0.000000
1653947905879935924 124.462977 0.000000
1653947906003977320 124.037297 0.000000
1653947906128556403 124.572547 0.000000
1653947906253041732 124.480854 0.000000
1653947906377310693 124.264806 0.000000
1653947906502638388 125.323585 0.000000
1653947906758532939 255.889746 0.000000
1653947906886620060 128.080675 0.000000
1653947907176233891 289.608924 0.000000
1653947907300855517 124.616449 0.000000
1653947907584318438 283.458271 0.000000
1653947907709660291 125.336054 0.000000
1653947907834188455 124.521944 0.000000
1653947907983581548 149.388246 0.000000
1653947908108645869 125.059386 0.000000
1653947908232661305 124.010424 0.000000
1653947908357678321 125.008671 0.000000
1653947908482868997 125.186170 0.000000
1653947908607694674 124.821152 0.000000
1653947908733042283 125.344022 0.000000
1653947908857807028 124.760380 0.000000
1653947908981848990 124.037437 0.000000
1653947909107176749 125.323640 0.000000
1653947909232399263 125.218310 0.000000
1653947909521375725 288.972041 0.000000
1653947909646066662 124.685826 0.000000
1653947909771584373 125.512264 0.000000
1653947909895970462 124.380515 0.000000
1653947910020367219 124.389250 0.000000
1653947910145622680 125.249883 0.000000
1653947910270347491 124.719218 0.000000
1653947910557593134 287.240712 0.000000
1653947910682307982 124.709736 0.000000
1653947910806923579 124.609492 0.000000
1653947910932425834 125.497781 0.000000
1653947911057543424 125.113324 0.000000
1653947911182781770 125.233425 0.000000
1653947911307955055 125.168493 0.000000
1653947911432841321 124.881841 0.000000
1653947911557242276 124.395976 0.000000
1653947911681309679 124.063260 0.000000
1653947912341880999 660.566599 0.000000
1653947912466324554 124.437783 0.000000
1653947912591088693 124.760780 0.000000
1653947912717046412 125.953384 0.000000
1653947912841730841 124.679016 0.000000
1653947912966930494 125.195327 0.000000
1653947913091754256 124.819842 0.000000
1653947913216237554 124.479003 0.000000
1653947913341525470 125.283701 0.000000
1653947913466254074 124.724109 0.000000
1653947913591288355 125.030116 0.000000
1653947913715856992 124.563014 0.000000
1653947913840933520 125.073061 0.000000
1653947913965388734 124.449104 0.000000
1653947914451687077 486.294308 0.000000
1653947914576599540 124.907386 0.000000
1653947914702173105 125.568689 0.000000
1653947914827505814 125.328604 0.000000
1653947914952543343 125.032667 0.000000
1653947915439425313 486.877795 0.000000
1653947915982244622 542.814172 0.000000
1653947916107307969 125.058080 0.000000
1653947916232622592 125.309431 0.000000
1653947916356707070 124.080181 0.000000
1653947916480973486 124.262560 0.000000
1653947916770781930 289.803965 0.000000
1653947916895246315 124.459819 0.000000
1653947917019731938 124.480260 0.000000
1653947917144936479 125.200332 0.000000
1653947917269225961 124.285234 0.000000
1653947917394241708 125.011647 0.000000
1653947917518683960 124.438238 0.000000
1653947917642841811 124.153156 0.000000
1653947917767760387 124.914366 0.000000
1653947917893073385 125.308243 0.000000
1653947918017502933 124.423855 0.000000
1653947918141967467 124.460154 0.000000
1653947918266328641 124.354349 0.000000
1653947918392965766 126.632664 0.000000
1653947918518211618 125.241813 0.000000
1653947918643913412 125.697975 0.000000
1653947918769316058 125.398132 0.000000
1653947918894723217 125.403738 0.000000
1653947919019855058 125.126375 0.000000
1653947919144642549 124.783135 0.000000
1653947919269029733 124.382603 0.000000
1653947919591565287 322.530968 0.000000
1653947919740690635 149.120335 0.000000
1653947919865510721 124.816533 0.000000
1653947919990550614 125.035442 0.000000
1653947920114861485 124.306360 0.000000
1653947920239556540 124.690560 0.000000
1653947920364735562 125.174967 0.000000
1653947920490001761 125.262455 0.000000
1653947920614851857 124.845991 0.000000
1653947920739860698 125.004736 0.000000
1653947920864541632 124.676133 0.000000
1653947920989626558 125.081226 0.000000
1653947921115299418 125.668921 0.000000
1653947921239517689 124.214517 0.000000
1653947921364881751 125.360023 0.000000
1653947921489672268 124.786488 0.000000
1653947921614863748 125.183747 0.000000
1653947921739005185 124.137332 0.000000
1653947921863415267 124.405954 0.000000
1653947922012616787 149.198060 0.000000
1653947922137862774 125.241216 0.000000
1653947922262730064 124.862694 0.000000
1653947922387697483 124.962297 0.000000
1653947922511989675 124.288263 0.000000
1653947922636398510 124.404063 0.000000
1653947922761224404 124.821269 0.000000
1653947922886445593 125.216814 0.000000
1653947923010811570 124.360463 0.000000
1653947923135218096 124.400149 0.000000
1653947923260910180 125.688562 0.000000
1653947923385695551 124.781511 0.000000
1653947923510205876 124.505539 0.000000
1653947923636154477 125.944046 0.000000
1653947923760878795 124.719237 0.000000
1653947923885866781 124.983937 0.000000
1653947924011522477 125.651857 0.000000
1653947924136163471 124.635616 0.000000
1653947924260866268 124.696919 0.000000
1653947924385838869 124.967615 0.000000
1653947924510776904 124.932232 0.000000
1653947924635163160 124.381475 0.000000
1653947925004146891 368.979414 0.000000
1653947925128868450 124.716808 0.000000
1653947925253154287 124.282072 0.000000
1653947925377694860 124.536703 0.000000
1653947925502625860 124.927967 0.000000
1653947925627604734 124.974545 0.000000
1653947925752008190 124.398420 0.000000
1653947925876928900 124.916986 0.000000
1653947926001717247 124.782273 0.000000
1653947926127091130 125.368887 0.000000
1653947926255516281 128.420765 0.000000
1653947926542159757 286.639366 0.000000
1653947926667421584 125.256528 0.000000
1653947926792571663 125.146596 0.000000
1653947927081948661 289.372633 0.000000
1653947927206694849 124.741056 0.000000
1653947927331911340 125.212401 0.000000
1653947927456673803 124.758050 0.000000
1653947927580948509 124.270035 0.000000
1653947927706179315 125.227172 0.000000
1653947927830609462 124.425118 0.000000
1653947927955921743 125.308386 0.000000
1653947928081296644 125.370581 0.000000
1653947928205768564 124.468100 0.000000
1653947928354340648 148.566771 0.000000
1653947928479543935 125.199233 0.000000
1653947928604749722 125.201558 0.000000
1653947928730291597 125.537169 0.000000
1653947928854834497 124.538545 0.000000
1653947928981322599 126.483275 0.000000
1653947929106658644 125.331941 0.000000
1653947929230827387 124.163706 0.000000
1653947929356085342 125.252981 0.000000
1653947929480188469 124.098310 0.000000
1653947929605032088 124.839055 0.000000
1653947929730066311 125.028957 0.000000
1653947930182212094 452.141207 0.000000
1653947930307089853 124.872116 0.000000
1653947930431710192 124.615915 0.000000
1653947930556112265 124.395918 0.000000
1653947930681189122 125.072522 0.000000
1653947930805781196 124.587599 0.000000
1653947930930798515 125.009190 0.000000
1653947931055473098 124.670529 0.000000
1653947931180709332 125.232425 0.000000
1653947931306045399 125.331735 0.000000
1653947931431389529 125.340081 0.000000
1653947931556493161 125.099272 0.000000
1653947931681314383 124.803760 0.000000
1653947931971825801 290.508275 0.000000
1653947932096826516 124.994315 0.000000
1653947932222085622 125.252501 0.000000
1653947932346755913 124.666001 0.000000
1653947932471520683 124.760145 0.000000
1653947932596083409 124.558145 0.000000
1653947932721987862 125.899993 0.000000
1653947932846491225 124.499163 0.000000
1653947932970822170 124.325923 0.000000
1653947933095694745 124.868540 0.000000
1653947933220999650 125.300621 0.000000
1653947933346186207 125.182728 0.000000
1653947933470700934 124.510238 0.000000
1653947933594959368 124.254730 0.000000
1653947933719580153 124.617169 0.000000
1653947933844217733 124.631902 0.000000
1653947933969510532 125.288143 0.000000
1653947934094146683 124.630208 0.000000
1653947934220653653 126.502955 0.000000
1653947934346249222 125.590802 0.000000
1653947934470972896 124.719004 0.000000
1653947934595645332 124.666698 0.000000
1653947934721043843 125.394120 0.000000
1653947934845696066 124.647453 0.000000
1653947934971249482 125.548604 0.000000
1653947935096239732 124.986494 0.000000
1653947935221512941 125.269598 0.000000
1653947935345783305 124.266295 0.000000
1653947935470693168 124.906030 0.000000
1653947935595679916 124.982838 0.000000
1653947935721191323 125.507603 0.000000
1653947935846385487 125.189810 0.000000
1653947935971626394 125.236866 0.000000
1653947936096458278 124.828354 0.000000
1653947936221056640 124.594382 0.000000
1653947936346036952 124.976067 0.000000
1653947936471216643 125.174559 0.000000
1653947936595950140 124.728997 0.000000
1653947936721308622 125.354378 0.000000
1653947936845947589 124.633750 0.000000
1653947937300229002 454.277395 0.000000
1653947937424885711 124.650915 0.000000
1653947937549877543 124.987684 0.000000
1653947937675343612 125.461693 0.000000
1653947937800762217 125.414912 0.000000
1653947937925981606 125.215696 0.000000
1653947938051293565 125.307102 0.000000
1653947938340209440 288.911771 0.000000
1653947938465464100 125.248581 0.000000
1653947938590777660 125.308140 0.000000
1653947938715544056 124.761744 0.000000
1653947938840495916 124.946818 0.000000
1653947938965297376 124.796784 0.000000
1653947939090257486 124.955188 0.000000
1653947939214518769 124.256206 0.000000
1653947939340242490 125.695726 0.000000
1653947939466311921 126.065041 0.000000
1653947939590917621 124.601976 0.000000
1653947939715628840 124.706102 0.000000
1653947939840571349 124.937487 0.000000
1653947939965229490 124.652098 0.000000
1653947940090654105 125.419076 0.000000
1653947940215811729 125.153089 0.000000
1653947940341399900 125.582583 0.000000
1653947940466137707 124.732509 0.000000
1653947940591479640 125.337026 0.000000
1653947940716634327 125.149610 0.000000
1653947940841285031 124.645181 0.000000
1653947940966324560 125.033640 0.000000
1653947941090772432 124.441888 0.000000
1653947941215222558 124.446164 0.000000
1653947941502792938 287.565656 0.000000
1653947941628179329 125.380472 0.000000
1653947941753478768 125.294728 0.000000
1653947941878677682 125.195070 0.000000
1653947942004315229 125.633568 0.000000
1653947942128805754 124.485828 0.000000
1653947942254030940 125.220540 0.000000
1653947942379807514 125.772023 0.000000
1653947942505039551 125.227586 0.000000
1653947942629479975 124.436149 0.000000
1653947942754382420 124.897709 0.000000
1653947942879681292 125.294022 0.000000
1653947943004295072 124.608679 0.000000
1653947943316315421 312.016097 0.000000
1653947943440691660 124.371809 0.000000
1653947943565197628 124.501407 0.000000
1653947943690671587 125.469880 0.000000
1653947943815120351 124.444715 0.000000
1653947943940080420 124.956200 0.000000
1653947944065300624 125.215739 0.000000
1653947944190609203 125.304881 0.000000
1653947944316101801 125.487476 0.000000
1653947944441078623 124.972958 0.000000
1653947944566511999 125.429346 0.000000
1653947944691052080 124.535751 0.000000
1653947944816327136 125.270826 0.000000
1653947944941694783 125.363542 0.000000
1653947945066322656 124.623649 0.000000
1653947945190917591 124.591030 0.000000
1653947945772631323 581.708555 0.000000
1653947946090504608 317.867762 0.000000
1653947946215591596 125.081781 0.000000
1653947946340114989 124.517940 0.000000
1653947946465018510 124.899156 0.000000
1653947946589533924 124.511535 0.000000
1653947946714149555 124.611212 0.000000
1653947946839057593 124.903808 0.000000
1653947946963167598 124.105515 0.000000
1653947947088674980 125.503007 0.000000
1653947947213001393 124.318611 0.000000
1653947947338438783 125.431738 0.000000
1653947947464442900 125.999375 0.000000
1653947947590000824 125.553294 0.000000
1653947947715042483 125.037494 0.000000
1653947947840538833 125.491815 0.000000
1653947947965045683 124.502563 0.000000
1653947948090131808 125.082280 0.000000
1653947948215534767 125.398785 0.000000
1653947948340828086 125.288592 0.000000
1653947948466104384 125.272550 0.000000
1653947948591079793 124.971685 0.000000
1653947948715955460 124.871407 0.000000
1653947948840438272 124.478953 0.000000
1653947949126652041 286.209806 0.000000
1653947949252149671 125.492974 0.000000
1653947949377077937 124.923780 0.000000
1653947949501824190 124.742797 0.000000
1653947949626498226 124.668975 0.000000
1653947949751312049 124.808661 0.000000
1653947949876369655 125.053172 0.000000
1653947950003507831 127.134472 0.000000
1653947950128022973 124.510217 0.000000
1653947950252738692 124.711433 0.000000
1653947950377073580 124.330863 0.000000
1653947950501461717 124.383932 0.000000
1653947950626731396 125.265414 0.000000
1653947950751634120 124.898525 0.000000
1653947950877071643 125.433517 0.000000
1653947951001422594 124.347143 0.000000
1653947951341494625 340.068036 0.000000
1653947951466705281 125.204848 0.000000
1653947951591082643 124.372496 0.000000
1653947951715513897 124.426749 0.000000
1653947951840802527 125.284583 0.000000
1653947951965723423 124.915154 0.000000
1653947952089976443 124.247296 0.000000
1653947952215600733 125.620636 0.000000
1653947952340100204 124.495110 0.000000
1653947952464917755 124.813211 0.000000
1653947952589476468 124.549017 0.000000
1653947952715900538 126.419825 0.000000
1653947952840480175 124.575607 0.000000
1653947953292895473 452.410386 0.000000
1653947953417590899 124.689778 0.000000
1653947953542215376 124.619585 0.000000
1653947953667680949 125.461338 0.000000
1653947953792216661 124.526882 0.000000
1653947953916986018 124.764290 0.000000
1653947954042084056 125.093793 0.000000
1653947954167474447 125.386756 0.000000
1653947954292454373 124.975715 0.000000
1653947954418035330 125.576302 0.000000
1653947954542940385 124.900449 0.000000
1653947954667243200 124.299041 0.000000
1653947954792614301 125.367479 0.000000
1653947954917878230 125.260085 0.000000
1653947955043091837 125.209693 0.000000
1653947955167635651 124.539654 0.000000
1653947955292337307 124.697261 0.000000
1653947955416849080 124.507714 0.000000
1653947955541918662 125.065418 0.000000
1653947955666680343 124.757000 0.000000
1653947955791967932 125.282934 0.000000
1653947955917203591 125.231609 0.000000
1653947956206274957 289.067392 0.000000
1653947956331394275 125.114586 0.000000
1653947956457046002 125.646234 0.000000
1653947956581475629 124.424310 0.000000
1653947956706268558 124.789129 0.000000
1653947956830963001 124.691014 0.000000
1653947956955822995 124.855328 0.000000
1653947957081038391 125.211401 0.000000
1653947957206503508 125.460387 0.000000
1653947957331468030 124.960111 0.000000
1653947957456085731 124.613175 0.000000
1653947957581015251 124.925651 0.000000
1653947957705766939 124.747448 0.000000
1653947957830282696 124.511277 0.000000
1653947957955511773 125.225235 0.000000
1653947958080217569 124.701798 0.000000
1653947958204567456 124.344665 0.000000
1653947958329865724 125.294953 0.000000
1653947958454416800 124.548057 0.000000
1653947958579870004 125.447546 0.000000
1653947958705284238 125.410205 0.000000
1653947958829973486 124.685157 0.000000
1653947958954761755 124.783913 0.000000
1653947959079263150 124.496860 0.000000
1653947959227783341 148.515696 0.000000
1653947959352258310 124.470732 0.000000
1653947959477755642 125.491945 0.000000
1653947959603252273 125.492556 0.000000
1653947959727792552 124.535533 0.000000
1653947959852595122 124.798691 0.000000
1653947959977626104 125.027083 0.000000
1653947960102755014 125.124895 0.000000
1653947960227978495 125.218726 0.000000
1653947960352484292 124.502528 0.000000
1653947960478009198 125.521372 0.000000
1653947960603841058 125.826903 0.000000
1653947960728906548 125.061706 0.000000
1653947960854393868 125.483633 0.000000
1653947960979730786 125.333150 0.000000
1653947961104967214 125.231584 0.000000
1653947961230009201 125.039348 0.000000
1653947961355267410 125.253698 0.000000
1653947961479735681 124.464093 0.000000
1653947961605173633 125.432479 0.000000
1653947961730539059 125.361271 0.000000
1653947961855704623 125.161763 0.000000
1653947961980317617 124.608012 0.000000
1653947962105335652 125.013887 0.000000
1653947962230595158 125.252645 0.000000
1653947962355904489 125.306033 0.000000
1653947962480637312 124.728899 0.000000
1653947962606128770 125.487774 0.000000
1653947962730615008 124.482304 0.000000
1653947962855743726 125.124900 0.000000
1653947962982351908 126.604543 0.000000
1653947963106581991 124.225728 0.000000
1653947963231947741 125.361981 0.000000
1653947963356801649 124.849804 0.000000
1653947963481626006 124.820193 0.000000
1653947963606543397 124.913056 0.000000
1653947963732067966 125.520364 0.000000
1653947963856512033 124.440116 0.000000
1653947963981843041 125.324163 0.000000
1653947964106538501 124.691430 0.000000
1653947964231717697 125.175329 0.000000
1653947964356342608 124.621917 0.000000
1653947964480809562 124.463180 0.000000
1653947964605912926 125.099385 0.000000
1653947964731137187 125.220006 0.000000
1653947964855545944 124.404633 0.000000
1653947964980739634 125.189440 0.000000
1653947965105199035 124.455050 0.000000
1653947965230441879 125.238869 0.000000
1653947965354959129 124.512960 0.000000
1653947965480275224 125.312050 0.000000
1653947965605197441 124.918097 0.000000
1653947965729667855 124.466415 0.000000
1653947966070530725 340.859351 0.000000
1653947966195590738 125.055312 0.000000
1653947966320150177 124.553571 0.000000
1653947966445451596 125.297069 0.000000
1653947966570630065 125.174454 0.000000
1653947966858928922 288.293544 0.000000
1653947966984066716 125.133384 0.000000
1653947967109009486 124.938089 0.000000
1653947967234220230 125.205381 0.000000
1653947967358988509 124.763789 0.000000
1653947967484226015 125.233542 0.000000
1653947967609694234 125.462986 0.000000
1653947967734255095 124.555022 0.000000
1653947967859486507 125.227202 0.000000
1653947967984053806 124.563333 0.000000
1653947968109315892 125.258124 0.000000
1653947968235167497 125.847119 0.000000
1653947968359895848 124.722623 0.000000
1653947968485599069 125.698401 0.000000
1653947968610879146 125.275951 0.000000
1653947968736423869 125.537985 0.000000
1653947968861073096 124.644847 0.000000
1653947968985994491 124.916930 0.000000
1653947969110552787 124.554326 0.000000
1653947969235768307 125.210814 0.000000
1653947969360592095 124.819473 0.000000
1653947969485996840 125.401057 0.000000
1653947969610530448 124.529003 0.000000
1653947969735821489 125.287221 0.000000
1653947969860961623 125.136305 0.000000
1653947969986182430 125.216948 0.000000
1653947970111626707 125.440007 0.000000
1653947970237232711 125.602255 0.000000
1653947970361724441 124.487936 0.000000
1653947970487111886 125.382909 0.000000
1653947970612489703 125.373928 0.000000
1653947970931681975 319.188168 0.000000
1653947971056632583 124.945969 0.000000
1653947971181313217 124.675501 0.000000
1653947971306081912 124.763698 0.000000
1653947971431088485 125.002684 0.000000
1653947971555716490 124.624252 0.000000
1653947971680160266 124.439540 0.000000
1653947971804964381 124.800002 0.000000
1653947971930209321 125.226214 0.000000
1653947972054886353 124.672491 0.000000
1653947972180551473 125.660725 0.000000
1653947972305923086 125.367062 0.000000
1653947972430723856 124.794380 0.000000
1653947972555315804 124.587728 0.000000
1653947972680718889 125.398941 0.000000
1653947972805483525 124.760917 0.000000
1653947972930124633 124.637284 0.000000
1653947973055740599 125.611706 0.000000
1653947973180038882 124.294485 0.000000
1653947973305060271 125.018058 0.000000
1653947973431203865 126.139359 0.000000
1653947973555656975 124.449066 0.000000
1653947973680832707 125.171803 0.000000
1653947973805627246 124.790936 0.000000
1653947973929778168 124.146376 0.000000
1653947974054719015 124.935420 0.000000
1653947974179664411 124.941494 0.000000
1653947974304859515 125.191507 0.000000
1653947974430035899 125.172068 0.000000
1653947974555160221 125.119325 0.000000
1653947974680376892 125.212411 0.000000
1653947974806531316 126.150536 0.000000
1653947975062259337 255.721876 0.000000
1653947975187173279 124.907888 0.000000
1653947975312610604 125.432890 0.000000
1653947975437320882 124.705672 0.000000
1653947975562699866 125.375046 0.000000
1653947975687909048 125.203813 0.000000
1653947975813715239 125.801904 0.000000
1653947975938376404 124.657501 0.000000
1653947976063117449 124.736825 0.000000
1653947976188298487 125.176709 0.000000
1653947976312716642 124.414342 0.000000
1653947976462289696 149.569427 0.000000
1653947976587537380 125.243599 0.000000
1653947976712343135 124.801756 0.000000
1653947976836827532 124.480418 0.000000
1653947976961496480 124.663324 0.000000
1653947977086041789 124.540659 0.000000
1653947977211345052 125.298863 0.000000
1653947977336163797 124.814331 0.000000
1653947977461360568 125.192932 0.000000
1653947977585997109 124.632362 0.000000
1653947977735266923 149.265932 0.000000
1653947977860342987 125.072111 0.000000
1653947977985560281 125.213194 0.000000
1653947978111161898 125.597723 0.000000
1653947978235736170 124.570669 0.000000
1653947978896792806 661.052817 0.000000
1653947979021458400 124.660803 0.000000
1653947979146895476 125.432972 0.000000
1653947979272002420 125.102800 0.000000
1653947979396675406 124.668405 0.000000
1653947979522217575 125.537839 0.000000
1653947979647724665 125.503081 0.000000
1653947979772755902 125.027390 0.000000
1653947979898347360 125.587584 0.000000
1653947980023866711 125.516274 0.000000
1653947980149156196 125.284303 0.000000
1653947980274968966 125.808963 0.000000
1653947980400368165 125.395839 0.000000
1653947980525217175 124.844719 0.000000
1653947980651040894 125.817431 0.000000
1653947980776254884 125.209857 0.000000
1653947980901734848 125.475792 0.000000
1653947981026343435 124.604693 0.000000
1653947981151585645 125.238406 0.000000
1653947981276836729 125.247437 0.000000
1653947981403611909 126.771933 0.000000
1653947981528289164 124.673196 0.000000
1653947981817364247 289.071084 0.000000
1653947981942076621 124.708547 0.000000
1653947982067160412 125.078450 0.000000
1653947982191755411 124.590760 0.000000
1653947982316726070 124.966494 0.000000
1653947982441881102 125.150793 0.000000
1653947982567155543 125.270511 0.000000
1653947982691973175 124.813688 0.000000
1653947982817529875 125.552159 0.000000
1653947982942793733 125.259161 0.000000
1653947983067475143 124.677531 0.000000
1653947983192899988 125.420826 0.000000
1653947983317040024 124.135996 0.000000
1653947983442521400 125.477192 0.000000
1653947983567134206 124.608751 0.000000
1653947984020841832 453.703648 0.000000
1653947984145676188 124.829270 0.000000
1653947984270557589 124.876960 0.000000
1653947984395563629 125.000117 0.000000
1653947984521060903 125.493294 0.000000
1653947984645197606 124.133069 0.000000
1653947984770714029 125.512690 0.000000
1653947984896531237 125.812963 0.000000
1653947985021247001 124.711680 0.000000
1653947985145982738 124.729312 0.000000
1653947985463531972 317.545094 0.000000
1653947985588521729 124.985322 0.000000
1653947985713645529 125.119710 0.000000
1653947985839248413 125.599005 0.000000
1653947985964770627 125.518268 0.000000
1653947986090124163 125.349965 0.000000
1653947986215502164 125.373972 0.000000
1653947986340998125 125.492270 0.000000
1653947986466095523 125.092822 0.000000
1653947986590818764 124.718531 0.000000
1653947986715795326 124.971611 0.000000
1653947986841211205 125.411038 0.000000
1653947986965776666 124.561291 0.000000
1653947987091074194 125.292847 0.000000
1653947987216677434 125.599241 0.000000
1653947987342319730 125.638387 0.000000
1653947987467708545 125.383402 0.000000
1653947987592501660 124.788805 0.000000
1653947987717768623 125.263104 0.000000
1653947987843247352 125.474841 0.000000
1653947987967768099 124.516080 0.000000
1653947988092797002 125.024072 0.000000
1653947988218321584 125.520698 0.000000
1653947988343544739 125.218916 0.000000
1653947988633696682 290.148114 0.000000
1653947988759176649 125.475341 0.000000
1653947988884195605 125.014906 0.000000
1653947989009284201 125.084808 0.000000
1653947989135199388 125.911217 0.000000
1653947989260534999 125.330194 0.000000
1653947989387469352 126.930764 0.000000
1653947989512758184 125.283756 0.000000
1653947989637128129 124.365865 0.000000
1653947989762827808 125.695445 0.000000
1653947989887651303 124.818598 0.000000
1653947990012894796 125.239789 0.000000
1653947990137422342 124.523407 0.000000
1653947990262473938 125.047140 0.000000
1653947990387645182 125.167295 0.000000
1653947990513213416 125.564119 0.000000
1653947990638127381 124.909871 0.000000
1653947990762301018 124.169573 0.000000
1653947990886919376 124.614358 0.000000
1653947991012294530 125.371286 0.000000
1653947991137694010 125.395401 0.000000
1653947991263138195 125.440190 0.000000
1653947991388741449 125.599345 0.000000
1653947991513266645 124.521247 0.000000
1653947991638852810 125.581820 0.000000
1653947991764211054 125.353373 0.000000
1653947991890981625 126.764792 0.000000
1653947992015555519 124.570010 0.000000
1653947992140217813 124.656752 0.000000
1653947992264489138 124.266879 0.000000
1653947992389889059 125.395972 0.000000
1653947992515522364 125.629495 0.000000
1653947992807163811 291.637197 0.000000
1653947992931910901 124.736611 0.000000
1653947993221134239 289.219838 0.000000
1653947993346040218 124.902743 0.000000
1653947993471621123 125.575414 0.000000
1653947993596871125 125.244900 0.000000
1653947993722983720 126.106045 0.000000
1653947993849451606 126.462779 0.000000
1653947993974671193 125.213758 0.000000
1653947994099865272 125.188657 0.000000
1653947994225542876 125.673074 0.000000
1653947994350922756 125.374227 0.000000
1653947994475609883 124.677259 0.000000
1653947994601295995 125.681682 0.000000
1653947994726582577 125.280293 0.000000
1653947994852142530 125.553898 0.000000
1653947994977866871 125.720276 0.000000
1653947995103529398 125.658719 0.000000
1653947995228719952 125.185381 0.000000
1653947995353999814 125.276113 0.000000
1653947995479468612 125.464403 0.000000
1653947995605873056 126.400655 0.000000
1653947995731386844 125.509557 0.000000
1653947995856678071 125.285178 0.000000
1653947995982235714 125.553810 0.000000
1653947996106835423 124.596101 0.000000
1653947996231685975 124.846214 0.000000
1653947996357066827 125.375659 0.000000
