1653947799710530870 458.832071 0.000000
1653947799879620168 169.079255 0.000000
1653947800048008214 168.384723 0.000000
1653947800216453634 168.440667 0.000000
1653947800847762441 631.305168 0.000000
1653947801015541645 167.774480 0.000000
1653947801183754059 168.207385 0.000000
1653947801350895842 167.136456 0.000000
1653947801518849519 167.948831 0.000000
1653947801686001751 167.146864 0.000000
1653947801854322017 168.315571 0.000000
1653947802022195167 167.868626 0.000000
1653947802188307104 166.107968 0.000000
1653947802355608607 167.296198 0.000000
1653947802524325683 168.713414 0.000000
1653947802692325736 167.995231 0.000000
1653947802859047849 166.717739 0.000000
1653947803025681887 166.628912 0.000000
1653947803192680027 166.992160 0.000000
1653947803359850092 167.164378 0.000000
1653947803785158225 425.302782 0.000000
1653947803952059829 166.895994 0.000000
1653947804119331334 167.267820 0.000000
1653947804285754308 166.418056 0.000000
1653947804452463874 166.705575 0.000000
1653947804619380286 166.912461 0.000000
1653947804785668199 166.283007 0.000000
1653947804960067048 174.393101 0.000000
1653947805435717268 475.646178 0.000000
1653947805602356911 166.635606 0.000000
1653947805769276008 166.914146 0.000000
1653947805936775598 167.494687 0.000000
1653947806103234772 166.455524 0.000000
1653947806269224140 165.984864 0.000000
1653947806436694688 167.465252 0.000000
1653947806603233123 166.533105 0.000000
1653947806770629007 167.390658 0.000000
1653947806936818647 166.182734 0.000000
1653947807103154388 166.330679 0.000000
1653947807269191112 166.031456 0.000000
1653947807436132896 166.936859 0.000000
1653947807603016150 166.879338 0.000000
1653947807769081092 166.059902 0.000000
1653947807936070279 166.983576 0.000000
1653947808102945405 166.869705 0.000000
1653947808269575897 166.626632 0.000000
1653947808436606410 167.024446 0.000000
1653947808602346864 165.735540 0.000000
1653947808769071059 166.719997 0.000000
1653947809303118446 534.043400 0.000000
1653947809470145342 167.022153 0.000000
1653947809635525450 165.376696 0.000000
1653947809802417606 166.887324 0.000000
1653947809968556779 166.134512 0.000000
1653947810135203033 166.641184 0.000000
1653947810301338081 166.130969 0.000000
1653947810466971528 165.628511 0.000000
1653947810633995692 167.017369 0.000000
1653947811055595124 421.594776 0.000000
1653947811221504853 165.904376 0.000000
1653947811386799124 165.288910 0.000000
1653947811552842519 166.039560 0.000000
1653947811718977423 166.130337 0.000000
1653947811885900953 166.918493 0.000000
1653947812052900901 166.992801 0.000000
1653947812277624628 224.718620 0.000000
1653947812443771332 166.140064 0.000000
1653947812609567549 165.791085 0.000000
1653947812775983435 166.410844 0.000000
1653947812942628485 166.636587 0.000000
1653947813108753712 166.120931 0.000000
1653947813274687934 165.929543 0.000000
1653947813440787838 166.094506 0.000000
1653947813607223077 166.429977 0.000000
1653947813774012769 166.785243 0.000000
1653947813940540921 166.523827 0.000000
1653947814106365805 165.820734 0.000000
1653947814272848941 166.478247 0.000000
1653947814438605242 165.751304 0.000000
1653947814604453663 165.843274 0.000000
1653947814769992302 165.533577 0.000000
1653947814936274703 166.277740 0.000000
1653947815102391813 166.111452 0.000000
1653947815268927824 166.531348 0.000000
1653947815803112233 534.180690 0.000000
1653947815969991033 166.873723 0.000000
1653947816391400226 421.404221 0.000000
1653947816557841438 166.436160 0.000000
1653947816723263421 165.416425 0.000000
1653947817137173474 413.905417 0.000000
1653947817303382588 166.204541 0.000000
1653947817469849700 166.461910 0.000000
1653947817636088387 166.234569 0.000000
1653947817802366953 166.273317 0.000000
1653947817968294548 165.923993 0.000000
1653947818135018510 166.717457 0.000000
1653947818301652022 166.628871 0.000000
1653947818468416277 166.760091 0.000000
1653947818635071433 166.649815 0.000000
1653947818802188150 167.111484 0.000000
1653947818968845962 166.651799 0.000000
1653947819134561680 165.709994 0.000000
1653947819301579000 167.010516 0.000000
1653947819467967011 166.384180 0.000000
1653947819634530467 166.558199 0.000000
1653947819801139961 166.604832 0.000000
1653947819967720727 166.576608 0.000000
1653947820133984293 166.258986 0.000000
1653947820299802686 165.813462 0.000000
1653947820465763502 165.954135 0.000000
1653947820632145936 166.378026 0.000000
1653947820798099033 165.948216 0.000000
1653947821204959688 406.856465 0.000000
1653947821370245461 165.279899 0.000000
1653947821536635925 166.385538 0.000000
1653947821702090394 165.448931 0.000000
1653947821867426945 165.333274 0.000000
1653947822033940325 166.507562 0.000000
1653947822199188287 165.242815 0.000000
1653947822572333032 373.137986 0.000000
1653947822738320248 165.983595 0.000000
1653947822904362695 166.036667 0.000000
1653947823070114155 165.746491 0.000000
1653947823236254913 166.136007 0.000000
1653947823402255952 165.995812 0.000000
1653947823568045892 165.785548 0.000000
1653947823734264594 166.214229 0.000000
1653947823899773951 165.504657 0.000000
1653947824065714652 165.936197 0.000000
1653947824231857554 166.137146 0.000000
1653947824397447730 165.587038 0.000000
1653947824563545341 166.092644 0.000000
1653947824731518152 167.967974 0.000000
1653947824897478668 165.955179 0.000000
1653947825063642453 166.158723 0.000000
1653947825228961415 165.312356 0.000000
1653947825394825948 165.860155 0.000000
1653947825913077781 518.247163 0.000000
1653947826078662551 165.580215 0.000000
1653947826244250102 165.583000 0.000000
1653947826410372851 166.117015 0.000000
1653947826575988434 165.611212 0.000000
1653947826741123285 165.130256 0.000000
1653947826964913037 223.785943 0.000000
1653947827131630863 166.713400 0.000000
1653947827297836040 166.200526 0.000000
1653947827464190830 166.346400 0.000000
1653947827630482694 166.286662 0.000000
1653947827795074707 164.587427 0.000000
1653947827960587965 165.509537 0.000000
1653947828125636277 165.043496 0.000000
1653947828291638283 165.996110 0.000000
1653947828456955646 165.312527 0.000000
1653947828622336285 165.374747 0.000000
1653947829250087143 627.746497 0.000000
1653947829415788546 165.696121 0.000000
1653947829581437857 165.644125 0.000000
1653947829746506618 165.064247 0.000000
1653947829912717510 166.205564 0.000000
1653947830077687731 164.965243 0.000000
1653947830242974775 165.282858 0.000000
1653947830409195728 166.215700 0.000000
1653947830575047035 165.846541 0.000000
1653947830741024542 165.971823 0.000000
1653947830906097175 165.068014 0.000000
1653947831071050027 164.947895 0.000000
1653947831236739654 165.684634 0.000000
1653947831402850274 166.104826 0.000000
1653947831569144656 166.289477 0.000000
1653947831734279777 165.130359 0.000000
1653947831900194702 165.910713 0.000000
1653947832067364235 167.164280 0.000000
1653947832233559757 166.190632 0.000000
1653947832399729568 166.164964 0.000000
1653947832564878571 165.144815 0.000000
1653947832730986487 166.103910 0.000000
1653947832897134482 166.142767 0.000000
1653947833063397554 166.258566 0.000000
1653947833437080976 373.678766 0.000000
1653947833602734117 165.646220 0.000000
1653947833768313004 165.573409 0.000000
1653947833933674927 165.356109 0.000000
1653947834098933916 165.253477 0.000000
1653947834264786717 165.848624 0.000000
1653947834430838634 166.047106 0.000000
1653947834597231255 166.387343 0.000000
1653947834763532393 166.296743 0.000000
1653947834929714503 166.177655 0.000000
1653947835094636122 164.915923 0.000000
1653947835260063890 165.424115 0.000000
1653947835425661973 165.592094 0.000000
1653947835593833655 168.166560 0.000000
1653947835759040107 165.201556 0.000000
1653947835924616164 165.571411 0.000000
1653947836091135853 166.515283 0.000000
1653947836256342989 165.202505 0.000000
1653947836421550958 165.203929 0.000000
1653947836587814782 166.259600 0.000000
1653947836752812349 164.988411 0.000000
1653947836918902301 166.085927 0.000000
1653947837084331629 165.424516 0.000000
1653947837249790245 165.453669 0.000000
1653947837414775332 164.979600 0.000000
1653947837580425871 165.645759 0.000000
1653947837953313475 372.882544 0.000000
1653947838118883426 165.565298 0.000000
1653947838284939111 166.050833 0.000000
1653947838451263135 166.320295 0.000000
1653947838616780134 165.512118 0.000000
1653947838781982285 165.197776 0.000000
1653947838948057672 166.071773 0.000000
1653947839114821442 166.759756 0.000000
1653947839280025707 165.197489 0.000000
1653947839446054882 166.025136 0.000000
1653947839611221820 165.162662 0.000000
1653947839776872565 165.644716 0.000000
1653947839942127317 165.250056 0.000000
1653947840107548601 165.416719 0.000000
1653947840273175383 165.622301 0.000000
1653947840438379509 165.199501 0.000000
1653947840603865451 165.481704 0.000000
1653947840769112362 165.243697 0.000000
1653947840934251293 165.134436 0.000000
1653947841100342144 166.086371 0.000000
1653947841266483217 166.136442 0.000000
1653947841432433262 165.927232 0.000000
1653947841598356690 165.918780 0.000000
1653947841764955930 166.594889 0.000000
1653947841931044072 166.083796 0.000000
1653947842097257645 166.208463 0.000000
1653947842263341192 166.078405 0.000000
1653947842428284559 164.938741 0.000000
1653947842595566366 167.277417 0.000000
1653947842761035688 165.465337 0.000000
1653947842927182041 166.141818 0.000000
1653947843092806478 165.619922 0.000000
1653947843258160860 165.349851 0.000000
1653947843424354362 166.189447 0.000000
1653947843589667964 165.309287 0.000000
1653947843755305446 165.632540 0.000000
1653947843921235684 165.924129 0.000000
1653947844087456598 166.215597 0.000000
1653947844253486660 166.025066 0.000000
1653947844418760533 165.269330 0.000000
1653947844583973942 165.208604 0.000000
1653947844749338053 165.359160 0.000000
1653947845115330550 365.987567 0.000000
1653947845281009425 165.672094 0.000000
1653947845446995319 165.981203 0.000000
1653947845612310221 165.309951 0.000000
1653947845777467095 165.152619 0.000000
1653947846192469269 414.997954 0.000000
1653947846358183103 165.707128 0.000000
1653947846523214391 165.026640 0.000000
1653947846688488045 165.269138 0.000000
1653947846853990279 165.497937 0.000000
1653947847019637197 165.642463 0.000000
1653947847185090066 165.448239 0.000000
1653947847351370194 166.275177 0.000000
1653947847517501708 166.128253 0.000000
1653947847683098964 165.593327 0.000000
1653947847847990397 164.885725 0.000000
1653947848014092613 166.098253 0.000000
1653947848180159627 166.062814 0.000000
1653947848345743219 165.579562 0.000000
1653947848510962775 165.213061 0.000000
1653947848676870627 165.902871 0.000000
1653947848842649774 165.775249 0.000000
1653947849469183059 626.529005 0.000000
1653947849634635239 165.445846 0.000000
1653947849801875568 167.235133 0.000000
1653947849968028203 166.148572 0.000000
1653947850134161828 166.129356 0.000000
1653947850300884640 166.718551 0.000000
1653947850466088761 165.199730 0.000000
1653947850631071250 164.978065 0.000000
1653947850796379886 165.304648 0.000000
1653947850961890444 165.507508 0.000000
1653947851127585877 165.690834 0.000000
1653947851293573240 165.983629 0.000000
1653947851458928285 165.350925 0.000000
1653947851625275614 166.342895 0.000000
1653947851791200930 165.921204 0.000000
1653947851956375973 165.170374 0.000000
1653947852121650356 165.271015 0.000000
1653947852287206478 165.552043 0.000000
1653947852452751173 165.539482 0.000000
1653947852618910600 166.153023 0.000000
1653947852785262745 166.347815 0.000000
1653947852950159578 164.891991 0.000000
1653947853116239553 166.074432 0.000000
1653947853283496253 167.252069 0.000000
1653947853449282223 165.781725 0.000000
1653947853614840068 165.551119 0.000000
1653947853780195205 165.350827 0.000000
1653947853945325980 165.126805 0.000000
1653947854111371764 166.040496 0.000000
1653947854277532155 166.155671 0.000000
1653947854443520458 165.983028 0.000000
1653947854608534902 165.010620 0.000000
1653947854774274183 165.721328 0.000000
1653947854939770437 165.492575 0.000000
1653947855105166913 165.392351 0.000000
1653947855271316792 166.145719 0.000000
1653947855436816683 165.496147 0.000000
1653947855603464655 166.642955 0.000000
1653947855769758583 166.289685 0.000000
1653947855935565046 165.802004 0.000000
1653947856101515131 165.946073 0.000000
1653947856266802691 165.282669 0.000000
1653947856432860357 166.052945 0.000000
1653947856598906446 166.041947 0.000000
1653947856766749957 167.839371 0.000000
1653947856931817695 165.062896 0.000000
1653947857097481144 165.658960 0.000000
1653947857263666934 166.180563 0.000000
1653947857429683200 166.012341 0.000000
1653947857595638257 165.950417 0.000000
1653947857760879864 165.237492 0.000000
1653947857926785326 165.900445 0.000000
1653947858093159925 166.370234 0.000000
1653947858259189009 166.024672 0.000000
1653947858425251725 166.058607 0.000000
1653947858591291568 166.035548 0.000000
1653947858757292097 165.995200 0.000000
1653947858922471560 165.175058 0.000000
1653947859088445723 165.969381 0.000000
1653947859254171089 165.721560 0.000000
1653947859881913449 627.738079 0.000000
1653947860048170913 166.251389 0.000000
1653947860213735551 165.559065 0.000000
1653947860381294829 167.553429 0.000000
1653947860546925278 165.625931 0.000000
1653947860712812892 165.883567 0.000000
1653947860878185439 165.366307 0.000000
1653947861291650326 413.460458 0.000000
1653947861457294788 165.638757 0.000000
1653947861623532247 166.233026 0.000000
1653947861789986520 166.449743 0.000000
1653947861954840522 164.849026 0.000000
1653947862120913087 166.068605 0.000000
1653947862285942085 165.024653 0.000000
1653947862452403812 166.456743 0.000000
1653947862617873669 165.465602 0.000000
1653947862784388619 166.510044 0.000000
1653947862950199626 165.805855 0.000000
1653947863116730982 166.526707 0.000000
1653947863282643597 165.907043 0.000000
1653947863448930392 166.282101 0.000000
1653947863615144204 166.208804 0.000000
1653947863781016786 165.867630 0.000000
1653947863946282164 165.260775 0.000000
1653947864112085625 165.799782 0.000000
1653947864278239213 166.148767 0.000000
1653947864444598060 166.354238 0.000000
1653947864610750541 166.147133 0.000000
1653947864776366160 165.610000 0.000000
1653947864942963429 166.590701 0.000000
1653947865569481428 626.511825 0.000000
1653947865735754267 166.267042 0.000000
1653947865901404791 165.645714 0.000000
1653947866374582835 473.174027 0.000000
1653947866540373816 165.785303 0.000000
1653947866705662608 165.284028 0.000000
1653947867116519535 410.853512 0.000000
1653947867282660094 166.135111 0.000000
1653947867448241009 165.575834 0.000000
1653947867614400653 166.153968 0.000000
1653947867782011034 167.605651 0.000000
1653947867947585136 165.570630 0.000000
1653947868113667992 166.078663 0.000000
1653947868278876303 165.204367 0.000000
1653947868444319098 165.438309 0.000000
1653947868609746056 165.422157 0.000000
1653947868775519007 165.768325 0.000000
1653947868941939095 166.414039 0.000000
1653947869107914652 165.969819 0.000000
1653947869274183481 166.263151 0.000000
1653947869440247082 166.059397 0.000000
1653947869606839382 166.586859 0.000000
1653947869772045467 165.199966 0.000000
1653947870144681822 372.632692 0.000000
1653947870516881556 372.193505 0.000000
1653947870682518142 165.631782 0.000000
1653947870848150311 165.627544 0.000000
1653947871213360069 365.204957 0.000000
1653947871379722854 166.357752 0.000000
1653947871545976074 166.247561 0.000000
1653947871711008748 165.027427 0.000000
1653947871877249470 166.235920 0.000000
1653947872042589650 165.334950 0.000000
1653947872208472652 165.878185 0.000000
1653947872373992282 165.515294 0.000000
1653947872785487502 411.487362 0.000000
1653947873203881581 418.389513 0.000000
1653947873369272601 165.384745 0.000000
1653947873535620186 166.340764 0.000000
1653947873702084229 166.459607 0.000000
1653947873867348545 165.259699 0.000000
1653947874032774528 165.421790 0.000000
1653947874198778277 165.999424 0.000000
1653947874364199064 165.416016 0.000000
1653947874529315371 165.111198 0.000000
1653947874694815615 165.496116 0.000000
1653947874860598914 165.778813 0.000000
1653947875027796942 167.191834 0.000000
1653947875193875467 166.074607 0.000000
1653947875358840210 164.960026 0.000000
1653947875524551132 165.707414 0.000000
1653947875935321765 410.765301 0.000000
1653947876101315729 165.988626 0.000000
1653947876266436063 165.115914 0.000000
1653947876432994075 166.552559 0.000000
1653947876598660160 165.661605 0.000000
1653947876763702663 165.036349 0.000000
1653947876930087186 166.379336 0.000000
1653947877095927706 165.823150 0.000000
1653947877261238562 165.305218 0.000000
1653947877427383093 166.139731 0.000000
1653947877593403634 166.016096 0.000000
1653947877759122364 165.713785 0.000000
1653947877925116797 165.988840 0.000000
1653947878091203234 166.082519 0.000000
1653947878256615002 165.407423 0.000000
1653947878422430048 165.810172 0.000000
1653947878829479030 407.044110 0.000000
1653947878995528876 166.044037 0.000000
1653947879161852151 166.318865 0.000000
1653947879327399085 165.540388 0.000000
1653947879493103507 165.699939 0.000000
1653947879659001089 165.893617 0.000000
1653947879824545676 165.540641 0.000000
1653947880198252201 373.702225 0.000000
1653947880364106113 165.847672 0.000000
1653947880529751062 165.620513 0.000000
1653947880695041673 165.284637 0.000000
1653947880860468059 165.421405 0.000000
1653947881025407803 164.935711 0.000000
1653947881191146899 165.734356 0.000000
1653947881357061511 165.910207 0.000000
1653947881522962114 165.895692 0.000000
1653947881689343582 166.376711 0.000000
1653947881855347907 165.999885 0.000000
1653947882021489196 166.137522 0.000000
1653947882186983786 165.488967 0.000000
1653947882353101761 166.113013 0.000000
1653947882519159680 166.053614 0.000000
1653947882685490674 166.326388 0.000000
1653947882851660769 166.165790 0.000000
1653947883017702754 166.037279 0.000000
1653947883183276672 165.569372 0.000000
1653947883349140159 165.858646 0.000000
1653947883515957984 166.813201 0.000000
1653947883681926970 165.964702 0.000000
1653947883847271290 165.338336 0.000000
1653947884012569017 165.293141 0.000000
1653947884178523006 165.949403 0.000000
1653947884344294224 165.766666 0.000000
1653947884509672834 165.374015 0.000000
1653947884675025276 165.348862 0.000000
1653947884841302567 166.273707 0.000000
1653947885006610191 165.303509 0.000000
1653947885172592193 165.977839 0.000000
1653947885338453700 165.857061 0.000000
1653947885506139453 167.681909 0.000000
1653947885871554571 365.410522 0.000000
1653947886037283761 165.723452 0.000000
1653947886203491952 166.204515 0.000000
1653947886368647261 165.150664 0.000000
1653947886534808508 166.157600 0.000000
1653947886700452024 165.639630 0.000000
1653947886866578446 166.122007 0.000000
1653947887032347671 165.765090 0.000000
1653947887198837804 166.485667 0.000000
1653947887364308222 165.465607 0.000000
1653947887530601331 166.288774 0.000000
1653947887696762648 166.157207 0.000000
1653947887861931664 165.164095 0.000000
1653947888027412837 165.477033 0.000000
1653947888192793069 165.375666 0.000000
1653947888359172728 166.375028 0.000000
1653947888525236436 166.059197 0.000000
1653947888690774009 165.533349 0.000000
1653947888855940568 165.162660 0.000000
1653947889232814943 376.870366 0.000000
1653947889398404927 165.584862 0.000000
1653947889564090543 165.681988 0.000000
1653947889730497891 166.402277 0.000000
1653947889896160344 165.657983 0.000000
1653947890062211661 166.047258 0.000000
1653947890227445134 165.227138 0.000000
1653947890393172381 165.723027 0.000000
1653947890558282060 165.105148 0.000000
1653947890724592419 166.305673 0.000000
1653947890889637588 165.041114 0.000000
1653947891055663104 166.019963 0.000000
1653947891221688339 166.021015 0.000000
1653947891387917477 166.225475 0.000000
1653947891554049455 166.128174 0.000000
1653947891719161524 165.108240 0.000000
1653947891884756044 165.589211 0.000000
1653947892051085412 166.324903 0.000000
1653947892216592835 165.503148 0.000000
1653947892382504663 165.907213 0.000000
1653947892547741858 165.232902 0.000000
1653947892713054505 165.308639 0.000000
1653947892878744753 165.685156 0.000000
1653947893043745341 164.996759 0.000000
1653947893209475358 165.726329 0.000000
1653947893375694186 166.213558 0.000000
1653947893541967751 166.270147 0.000000
1653947893708089682 166.117632 0.000000
1653947893873635102 165.541280 0.000000
1653947894039812988 166.154471 0.000000
1653947894205305037 165.487628 0.000000
1653947894370894743 165.585436 0.000000
1653947894537307942 166.408889 0.000000
1653947894702803764 165.490550 0.000000
1653947894868448569 165.639688 0.000000
1653947895034423396 165.970347 0.000000
1653947895199644929 165.217459 0.000000
1653947895365984950 166.337017 0.000000
1653947895531633742 165.644417 0.000000
1653947895697913829 166.275276 0.000000
1653947895864216399 166.298752 0.000000
1653947896030770921 166.548251 0.000000
1653947896446494274 415.718186 0.000000
1653947896612920062 166.421303 0.000000
1653947896778974948 166.050712 0.000000
1653947897396685334 617.705951 0.000000
1653947897562802103 166.110740 0.000000
1653947897728622717 165.814896 0.000000
1653947897894094071 165.466687 0.000000
1653947898059786750 165.688175 0.000000
1653947898224981692 165.190752 0.000000
1653947898391262929 166.276585 0.000000
1653947898557300952 166.034492 0.000000
1653947898723109662 165.804245 0.000000
1653947899196580583 473.466526 0.000000
1653947899361996974 165.410597 0.000000
1653947899527721126 165.719915 0.000000
1653947899693965626 166.238507 0.000000
1653947899859362899 165.393725 0.000000
1653947900492700972 633.334070 0.000000
1653947900659016853 166.310233 0.000000
1653947900824966862 165.945257 0.000000
1653947900990269181 165.297999 0.000000
1653947901156447673 166.173726 0.000000
1653947901321595165 165.143558 0.000000
1653947901486899913 165.300523 0.000000
1653947901653604891 166.700507 0.000000
1653947901819203388 165.594413 0.000000
1653947902043690145 224.482365 0.000000
1653947902209991658 166.296552 0.000000
1653947902376243770 166.247596 0.000000
1653947902542751557 166.503717 0.000000
1653947902708513984 165.757550 0.000000
1653947902874014376 165.496227 0.000000
1653947903040087481 166.068970 0.000000
1653947903205356388 165.264306 0.000000
1653947903371972727 166.612009 0.000000
1653947903537391412 165.414425 0.000000
1653947903703764585 166.368627 0.000000
1653947903870040396 166.270699 0.000000
1653947904035650616 165.604186 0.000000
1653947904202016611 166.361239 0.000000
1653947904368299261 166.278297 0.000000
1653947904533782475 165.478204 0.000000
1653947904952442693 418.654910 0.000000
1653947905118525071 166.077126 0.000000
1653947905284904670 166.374788 0.000000
1653947905450693731 165.784215 0.000000
1653947905617124530 166.424765 0.000000
1653947905782647019 165.518370 0.000000
1653947905947948353 165.296998 0.000000
1653947906115202117 167.249198 0.000000
1653947906280458766 165.251803 0.000000
1653947906445651532 165.187504 0.000000
1653947906611071739 165.415407 0.000000
1653947906777800894 166.725073 0.000000
1653947906943726080 165.921478 0.000000
1653947907359836492 416.106743 0.000000
1653947907525171983 165.330190 0.000000
1653947907690818544 165.642000 0.000000
1653947907856435175 165.611785 0.000000
1653947908022616741 166.177136 0.000000
1653947908188432625 165.811424 0.000000
1653947908354443296 166.005926 0.000000
1653947908520026227 165.578511 0.000000
1653947908685548668 165.517787 0.000000
1653947908851189955 165.637196 0.000000
1653947909016964693 165.769200 0.000000
1653947909183308218 166.338278 0.000000
1653947909349440316 166.127709 0.000000
1653947909515175686 165.731375 0.000000
1653947909680514087 165.334171 0.000000
1653947909847008744 166.489826 0.000000
1653947910013092889 166.079231 0.000000
1653947910178901955 165.804898 0.000000
1653947910345221825 166.315900 0.000000
1653947910511791085 166.564181 0.000000
1653947910678109024 166.313659 0.000000
1653947910844547188 166.433854 0.000000
1653947911010524149 165.970491 0.000000
1653947911383537811 373.007553 0.000000
1653947911549597165 166.053369 0.000000
1653947911716235311 166.634255 0.000000
1653947911882048575 165.809164 0.000000
1653947912048573064 166.520524 0.000000
1653947912215030079 166.453770 0.000000
1653947912380473079 165.438960 0.000000
1653947912546651627 166.175019 0.000000
1653947912712074319 165.417851 0.000000
1653947912878869598 166.790838 0.000000
1653947913044723584 165.849651 0.000000
1653947913209891023 165.162845 0.000000
1653947913375893218 165.998773 0.000000
1653947913541366672 165.469556 0.000000
1653947913709104669 167.733225 0.000000
1653947913874434189 165.325388 0.000000
1653947914240485831 366.047932 0.000000
1653947914406278748 165.787649 0.000000
1653947914571650755 165.367591 0.000000
1653947914737398412 165.741487 0.000000
1653947914903566939 166.162833 0.000000
1653947915069504111 165.932997 0.000000
1653947915235633158 166.124402 0.000000
1653947915601523598 365.885210 0.000000
1653947915767112675 165.583684 0.000000
1653947915932697095 165.579200 0.000000
1653947916097884370 165.182900 0.000000
1653947916264159971 166.271130 0.000000
1653947916683566818 419.402242 0.000000
1653947916849242059 165.670555 0.000000
1653947917016175153 166.929009 0.000000
1653947917182552630 166.373212 0.000000
1653947917350556201 167.998870 0.000000
1653947917516678116 166.117719 0.000000
1653947917890761254 374.078939 0.000000
1653947918056528192 165.762367 0.000000
1653947918222618708 166.084742 0.000000
1653947918388242024 165.619200 0.000000
1653947918763087848 374.841755 0.000000
1653947918928848593 165.756301 0.000000
1653947919094430639 165.577896 0.000000
1653947919260553378 166.118820 0.000000
1653947919426388341 165.831134 0.000000
1653947919592830784 166.438388 0.000000
1653947920012211945 419.376976 0.000000
1653947920177901909 165.684071 0.000000
1653947920343390716 165.484607 0.000000
1653947920509144539 165.749875 0.000000
1653947920674869690 165.721002 0.000000
1653947921087459568 412.586149 0.000000
1653947921253932474 166.468050 0.000000
1653947921420265455 166.328771 0.000000
1653947921586847330 166.577755 0.000000
1653947921752681571 165.828845 0.000000
1653947921918858621 166.172838 0.000000
1653947922084474046 165.611310 0.000000
1653947922249976281 165.497614 0.000000
1653947922416894938 166.913561 0.000000
1653947922582685124 165.786302 0.000000
1653947922748950458 166.261250 0.000000
1653947922914224750 165.269230 0.000000
1653947923079765379 165.536335 0.000000
1653947923552019338 472.250119 0.000000
1653947923717872466 165.847763 0.000000
1653947923884518212 166.640704 0.000000
1653947924051155562 166.632770 0.000000
1653947924217693201 166.532361 0.000000
1653947924383066313 165.367379 0.000000
1653947924550518139 167.447902 0.000000
1653947924715745186 165.222501 0.000000
1653947924881763675 166.013288 0.000000
1653947925048166816 166.397728 0.000000
1653947925214168399 165.997519 0.000000
1653947925381213998 167.040924 0.000000
1653947925547420018 166.197861 0.000000
1653947925713772093 166.347234 0.000000
1653947925879135280 165.358713 0.000000
1653947926045585809 166.445627 0.000000
1653947926212057095 166.466821 0.000000
1653947926377983768 165.921636 0.000000
1653947926544392474 166.402411 0.000000
1653947926709901224 165.503516 0.000000
1653947926875360401 165.455356 0.000000
1653947927040842317 165.478550 0.000000
1653947927206387300 165.540616 0.000000
1653947927371764231 165.372898 0.000000
1653947927537331037 165.563242 0.000000
1653947927703509365 166.174389 0.000000
1653947927870021070 166.507466 0.000000
1653947928036354918 166.330267 0.000000
1653947928202138461 165.780704 0.000000
1653947928663288958 461.146763 0.000000
1653947928830109228 166.814777 0.000000
1653947928996239969 166.124742 0.000000
1653947929162411007 166.167025 0.000000
1653947929328704947 166.288853 0.000000
1653947929694825733 366.116642 0.000000
1653947929860443214 165.611487 0.000000
1653947930025615251 165.166659 0.000000
1653947930190809881 165.190877 0.000000
1653947930356270408 165.457379 0.000000
1653947930522599188 166.325101 0.000000
1653947930687883038 165.279476 0.000000
1653947930854240125 166.353640 0.000000
1653947931020591000 166.347056 0.000000
1653947931186834561 166.239611 0.000000
1653947931607426899 420.587889 0.000000
1653947931772684166 165.252599 0.000000
1653947931939072869 166.383956 0.000000
1653947932105460113 166.383550 0.000000
1653947932517760685 412.294513 0.000000
1653947932683953089 166.187689 0.000000
1653947932849406308 165.448432 0.000000
1653947933016152086 166.741733 0.000000
1653947933181194332 165.038162 0.000000
1653947933346827754 165.629683 0.000000
1653947933512549421 165.717527 0.000000
1653947933877453038 364.898871 0.000000
1653947934043686317 166.227961 0.000000
1653947934210279181 166.588860 0.000000
1653947934376294766 166.010995 0.000000
1653947934788369103 412.069811 0.000000
1653947934954174590 165.799742 0.000000
1653947935120499386 166.320551 0.000000
1653947935286071283 165.568027 0.000000
1653947935452400487 166.325280 0.000000
1653947935871793184 419.388773 0.000000
1653947936037761991 165.963484 0.000000
1653947936204053916 166.287421 0.000000
1653947936369345148 165.287158 0.000000
1653947936535682324 166.333148 0.000000
1653947936701591284 165.905401 0.000000
1653947936867189912 165.594199 0.000000
1653947937033345681 166.152680 0.000000
1653947937448599683 415.249838 0.000000
1653947937614649349 166.044183 0.000000
1653947937781232051 166.577941 0.000000
1653947937947275829 166.038796 0.000000
1653947938113533397 166.253048 0.000000
1653947938279628589 166.090641 0.000000
1653947938445843614 166.210986 0.000000
1653947938611257132 165.409278 0.000000
1653947938777533542 166.271914 0.000000
1653947938943871242 166.333856 0.000000
1653947939109969586 166.094575 0.000000
1653947939275072229 165.099121 0.000000
1653947939441072016 165.995963 0.000000
1653947939607444857 166.368997 0.000000
1653947939773981737 166.531983 0.000000
1653947939939400591 165.414202 0.000000
1653947940105819493 166.414682 0.000000
1653947940272074624 166.251136 0.000000
1653947940437718701 165.639752 0.000000
1653947940603244014 165.520492 0.000000
1653947940768543070 165.294830 0.000000
1653947940934301968 165.754844 0.000000
1653947941100074983 165.767922 0.000000
1653947941266240811 166.161332 0.000000
1653947941432979487 166.734291 0.000000
1653947941599294144 166.310658 0.000000
1653947941765165768 165.867525 0.000000
1653947941931498788 166.328440 0.000000
1653947942097357569 165.855263 0.000000
1653947942263199917 165.837261 0.000000
1653947942429415594 166.211753 0.000000
1653947942595202501 165.783174 0.000000
1653947942760512140 165.305163 0.000000
1653947942926751682 166.235177 0.000000
1653947943092154265 165.397912 0.000000
1653947943257910698 165.752303 0.000000
1653947943424346655 166.432063 0.000000
1653947943590100331 165.749406 0.000000
1653947944063360159 473.255849 0.000000
1653947944230294501 166.929582 0.000000
1653947944396799740 166.501404 0.000000
1653947944563021690 166.217860 0.000000
1653947944729471503 166.446005 0.000000
1653947944895876654 166.400771 0.000000
1653947945061735893 165.855220 0.000000
1653947945227919947 166.180005 0.000000
1653947945392735386 164.811194 0.000000
1653947945559194693 166.454520 0.000000
1653947945725916338 166.716488 0.000000
1653947945891753829 165.833663 0.000000
1653947946057817550 166.060351 0.000000
1653947946223381580 165.559289 0.000000
1653947946389263595 165.878000 0.000000
1653947946554970368 165.702508 0.000000
1653947946720423641 165.448836 0.000000
1653947946886737576 166.308613 0.000000
1653947947053036812 166.294332 0.000000
1653947947219589769 166.548677 0.000000
1653947947385894907 166.300734 0.000000
1653947947552687850 166.788646 0.000000
1653947947718217426 165.525572 0.000000
1653947947883333006 165.110889 0.000000
1653947948049599140 166.260581 0.000000
1653947948215394025 165.789823 0.000000
1653947948381143309 165.744989 0.000000
1653947948548192905 167.045232 0.000000
1653947948714120669 165.923851 0.000000
1653947948882011837 167.886895 0.000000
1653947949049069348 167.054106 0.000000
1653947949215792603 166.719150 0.000000
1653947949381755047 165.957984 0.000000
1653947949548073400 166.313812 0.000000
1653947949913453350 365.375118 0.000000
1653947950079111966 165.653559 0.000000
1653947950245291154 166.174477 0.000000
1653947950657494400 412.199238 0.000000
1653947950822966850 165.468258 0.000000
1653947950988402367 165.430766 0.000000
1653947951155110103 166.703787 0.000000
1653947951321560682 166.446033 0.000000
1653947951488356739 166.791713 0.000000
1653947951653971843 165.609847 0.000000
1653947951819269923 165.293488 0.000000
1653947951984820717 165.546539 0.000000
1653947952151339267 166.511609 0.000000
1653947952317424374 166.079338 0.000000
1653947952483808852 166.380173 0.000000
1653947952650161768 166.348572 0.000000
1653947952815948640 165.783091 0.000000
1653947952981867789 165.915126 0.000000
1653947953147532511 165.659224 0.000000
1653947953314425807 166.887037 0.000000
1653947953728055841 413.625196 0.000000
1653947953894111967 166.051087 0.000000
1653947954060178380 166.062162 0.000000
1653947954433828811 373.646285 0.000000
1653947954599082339 165.249531 0.000000
1653947954765161053 166.074299 0.000000
1653947954931372626 166.207323 0.000000
1653947955096269173 164.892303 0.000000
1653947955262455582 166.182018 0.000000
1653947955428595683 166.135801 0.000000
1653947955594025130 165.425026 0.000000
1653947955760187112 166.157692 0.000000
1653947955927298689 167.107157 0.000000
1653947956094026934 166.724367 0.000000
1653947956260095588 166.063427 0.000000
1653947956426702629 166.602821 0.000000
1653947956592005711 165.299243 0.000000
1653947956758637283 166.627075 0.000000
1653947956924037498 165.395729 0.000000
1653947957089949305 165.907811 0.000000
1653947957255554764 165.599455 0.000000
1653947957421644322 166.081494 0.000000
1653947957587112781 165.464565 0.000000
1653947957753798597 166.681155 0.000000
1653947957919978299 166.175706 0.000000
1653947958085361306 165.379430 0.000000
1653947958251877209 166.511591 0.000000
1653947958417258144 165.376590 0.000000
1653947958583515145 166.253633 0.000000
1653947958749906425 166.387266 0.000000
1653947958915695899 165.783743 0.000000
1653947959081471187 165.770988 0.000000
1653947959247921962 166.446124 0.000000
1653947959414189240 166.262507 0.000000
1653947959581043975 166.850761 0.000000
1653947959746598618 165.550089 0.000000
1653947959913238097 166.635364 0.000000
1653947960791603137 878.360950 0.000000
1653947960956878535 165.269680 0.000000
1653947961123110048 166.226606 0.000000
1653947961289245296 166.131820 0.000000
1653947961454709618 165.457556 0.000000
1653947961621198338 166.485152 0.000000
1653947961787592810 166.390317 0.000000
1653947961953688346 166.091734 0.000000
1653947962119903183 166.210784 0.000000
1653947962286618515 166.711092 0.000000
1653947962452407636 165.784987 0.000000
1653947962618739802 166.325720 0.000000
1653947962785354961 166.611144 0.000000
1653947962950977229 165.618194 0.000000
1653947963117170507 166.189149 0.000000
1653947963283158642 165.984406 0.000000
1653947963449522492 166.360380 0.000000
1653947963823129722 373.603145 0.000000
1653947963989193471 166.058854 0.000000
1653947964155532070 166.334682 0.000000
1653947964321891768 166.355002 0.000000
1653947964487890119 165.992658 0.000000
1653947964653703529 165.809236 0.000000
1653947964819354768 165.647490 0.000000
1653947964985171601 165.812855 0.000000
1653947965150988234 165.812292 0.000000
1653947965316646733 165.654600 0.000000
1653947965483158593 166.507942 0.000000
1653947965650020519 166.857510 0.000000
1653947966070181398 420.156875 0.000000
1653947966236634333 166.447832 0.000000
1653947966402945417 166.308453 0.000000
1653947966570680150 167.729269 0.000000
1653947966736904393 166.220561 0.000000
1653947966903261236 166.353275 0.000000
1653947967069712158 166.447224 0.000000
1653947967235634630 165.918309 0.000000
1653947967401273496 165.635852 0.000000
1653947967566797848 165.520593 0.000000
1653947967733175667 166.374041 0.000000
1653947967898663316 165.483579 0.000000
1653947968065294532 166.627112 0.000000
1653947968230693970 165.395355 0.000000
1653947968397294554 166.596551 0.000000
1653947968562717776 165.419846 0.000000
1653947968728714455 165.992431 0.000000
1653947968895243142 166.524096 0.000000
1653947969061813735 166.566670 0.000000
1653947969228225619 166.407388 0.000000
1653947969394698409 166.468650 0.000000
1653947969560784254 166.081500 0.000000
1653947969726847957 166.059728 0.000000
1653947969892700659 165.848728 0.000000
1653947970059236004 166.531396 0.000000
1653947970225983051 166.742542 0.000000
1653947970391508946 165.522173 0.000000
1653947970557358039 165.844537 0.000000
1653947970723061026 165.698422 0.000000
1653947970889026324 165.961014 0.000000
1653947971055496592 166.466093 0.000000
1653947971221907626 166.407151 0.000000
1653947971388519388 166.607356 0.000000
1653947971553931342 165.408011 0.000000
1653947971719961535 166.026143 0.000000
1653947971885523904 165.558500 0.000000
1653947972050945014 165.416770 0.000000
1653947972217497442 166.548113 0.000000
1653947972441733402 224.231118 0.000000
1653947972608556243 166.818150 0.000000
1653947972773905756 165.344992 0.000000
1653947972940164500 166.254034 0.000000
1653947973106893962 166.723592 0.000000
1653947973273679247 166.781501 0.000000
1653947973439786161 166.102690 0.000000
1653947973912108274 472.318524 0.000000
1653947974078171602 166.040410 0.000000
1653947974243691945 165.515382 0.000000
1653947974410154225 166.457871 0.000000
1653947974575637387 165.479976 0.000000
1653947974742273231 166.631500 0.000000
1653947974909214923 166.937597 0.000000
1653947975076057198 166.836732 0.000000
1653947975242452814 166.391435 0.000000
1653947975407892406 165.435890 0.000000
1653947975574207945 166.311297 0.000000
1653947975739812771 165.601884 0.000000
1653947975905338562 165.520467 0.000000
1653947976071304963 165.962632 0.000000
1653947976236785537 165.475833 0.000000
1653947976403415601 166.626291 0.000000
1653947976569063414 165.644219 0.000000
1653947976735141898 166.074317 0.000000
1653947976902512877 167.366904 0.000000
1653947977126401987 223.885302 0.000000
1653947977292556646 166.150842 0.000000
1653947977458836051 166.275676 0.000000
1653947977624525500 165.686070 0.000000
1653947978045025357 420.495647 0.000000
1653947978211344285 166.313987 0.000000
1653947978378293329 166.943652 0.000000
1653947978545208936 166.911372 0.000000
1653947978710734146 165.520955 0.000000
1653947978877307516 166.569375 0.000000
1653947979043776092 166.464512 0.000000
1653947979210413144 166.631704 0.000000
1653947979377445989 167.027933 0.000000
1653947979544089986 166.640559 0.000000
1653947979709533455 165.439415 0.000000
1653947979875153065 165.614743 0.000000
1653947980040557242 165.399582 0.000000
1653947980206440634 165.878992 0.000000
1653947980372283322 165.839554 0.000000
1653947980538454804 166.167267 0.000000
1653947980705094575 166.635233 0.000000
1653947980871221531 166.122055 0.000000
1653947981037444903 166.219419 0.000000
1653947981203613308 166.164382 0.000000
1653947981370273022 166.655308 0.000000
1653947981536307248 166.030267 0.000000
1653947981702015557 165.704154 0.000000
1653947981868558058 166.537969 0.000000
1653947982035168365 166.605966 0.000000
1653947982201649351 166.477082 0.000000
1653947982367914535 166.260438 0.000000
1653947982534272208 166.353569 0.000000
1653947982699924917 165.648935 0.000000
1653947982865506580 165.577523 0.000000
1653947983284848342 419.337472 0.000000
1653947983451305311 166.451316 0.000000
1653947983616952811 165.642398 0.000000
1653947983784191871 167.234486 0.000000
1653947983950477887 166.283079 0.000000
1653947984117071954 166.590354 0.000000
1653947984282519523 165.443304 0.000000
1653947984448276031 165.752659 0.000000
1653947984614552809 166.272949 0.000000
1653947984780054675 165.497755 0.000000
1653947984946274072 166.215916 0.000000
1653947985112400949 166.123275 0.000000
1653947985278031498 165.626139 0.000000
1653947985444860044 166.824663 0.000000
1653947985611047811 166.184047 0.000000
1653947985776964896 165.913222 0.000000
1653947985942851149 165.882249 0.000000
1653947986108306334 165.451291 0.000000
1653947986274892907 166.581390 0.000000
1653947986441494605 166.597583 0.000000
1653947986607012376 165.513052 0.000000
1653947986773034018 166.017972 0.000000
1653947986938964229 165.926357 0.000000
1653947987360904979 421.936741 0.000000
1653947987527090522 166.180069 0.000000
1653947987694029309 166.934461 0.000000
1653947987860611555 166.578202 0.000000
1653947988026863268 166.247723 0.000000
1653947988192828467 165.960663 0.000000
1653947988358976095 166.143332 0.000000
1653947988525457472 166.477401 0.000000
1653947988692155814 166.672000 0.000000
1653947988916381277 224.221178 0.000000
1653947989082806311 166.420762 0.000000
1653947989249089786 166.279752 0.000000
1653947989415441946 166.347998 0.000000
1653947989581018980 165.572786 0.000000
1653947989746949804 165.926895 0.000000
1653947989913664181 166.709962 0.000000
1653947990080040096 166.371580 0.000000
1653947990498510789 418.466450 0.000000
1653947990666249447 167.734150 0.000000
1653947990832833851 166.580209 0.000000
1653947990999117695 166.279739 0.000000
1653947991165735496 166.614037 0.000000
1653947991331228985 165.489334 0.000000
1653947991497482112 166.249268 0.000000
1653947991663995542 166.509764 0.000000
1653947991829557512 165.558814 0.000000
1653947991995492148 165.930305 0.000000
1653947992161895188 166.399426 0.000000
1653947992327346532 165.447035 0.000000
1653947992494289757 166.939046 0.000000
1653947992660788512 166.495281 0.000000
1653947992826833629 166.040145 0.000000
1653947992993510726 166.673269 0.000000
1653947993159727402 166.211988 0.000000
1653947993325621772 165.889757 0.000000
1653947993491892878 166.266836 0.000000
1653947993657676956 165.780039 0.000000
1653947993824706919 167.026094 0.000000
1653947993991850544 167.139795 0.000000
1653947994158251820 166.396681 0.000000
1653947994324024632 165.769176 0.000000
1653947994489890590 165.862241 0.000000
1653947994656561877 166.667897 0.000000
1653947994823234532 166.668811 0.000000
1653947994989388121 166.149315 0.000000
1653947995155820980 166.429269 0.000000
1653947995322439105 166.613442 0.000000
1653947995488527804 166.085260 0.000000
1653947995654887424 166.355616 0.000000
1653947995821172190 166.281177 0.000000
1653947995987974041 166.797992 0.000000
1653947996154712894 166.735300 0.000000
1653947996320333939 165.617708 0.000000
1653947996486741250 166.403737 0.000000
1653947996652687724 165.942610 0.000000
1653947996819630300 166.938748 0.000000
1653947996986260050 166.625730 0.000000
1653947997151941985 165.678413 0.000000
1653947997318636253 166.690825 0.000000
1653947997484241853 165.602206 0.000000
1653947997650728979 166.483643 0.000000
1653947997817342388 166.609730 0.000000
1653947997984368453 167.022963 0.000000
1653947998151185971 166.814276 0.000000
1653947998318100285 166.910857 0.000000
