1653947797686266869 249.450352 0.000000
1653947797810650972 124.368925 0.000000
1653947797931693931 121.038775 0.000000
1653947798053633157 121.935022 0.000000
1653947798174660372 121.021286 0.000000
1653947798296599639 121.933544 0.000000
1653947798417403370 120.798127 0.000000
1653947798537828276 120.419740 0.000000
1653947799127599678 589.765174 0.000000
1653947799246583603 118.980529 0.000000
1653947799365822143 119.234108 0.000000
1653947799484961026 119.134072 0.000000
1653947799604331181 119.364726 0.000000
1653947799722974486 118.639530 0.000000
1653947799842008776 119.029213 0.000000
1653947799960682535 118.668520 0.000000
1653947800078961793 118.275000 0.000000
1653947800197222612 118.256218 0.000000
1653947800315525689 118.297989 0.000000
1653947800433724673 118.194700 0.000000
1653947800551852547 118.122371 0.000000
1653947800857429108 305.571230 0.000000
1653947800975910456 118.474222 0.000000
1653947801094954819 119.038830 0.000000
1653947801213272207 118.312095 0.000000
1653947801331563299 118.286401 0.000000
1653947801449280739 117.712025 0.000000
1653947801567063740 117.778145 0.000000
1653947801685681810 118.612405 0.000000
1653947801804139702 118.452836 0.000000
1653947801923119585 118.975067 0.000000
1653947802044813985 121.688690 0.000000
1653947802162588912 117.769033 0.000000
1653947802281756096 119.162757 0.000000
1653947802400455413 118.693696 0.000000
1653947802518216366 117.757265 0.000000
1653947802635683708 117.463593 0.000000
1653947802753790335 118.101060 0.000000
1653947802872189295 118.394241 0.000000
1653947802990228725 118.034063 0.000000
1653947803108039545 117.806717 0.000000
1653947803225662053 117.617090 0.000000
1653947803343582289 117.913115 0.000000
1653947803499964393 156.375481 0.000000
1653947803617863335 117.893722 0.000000
1653947803736100480 118.232492 0.000000
1653947803853670570 117.564131 0.000000
1653947803971576313 117.899951 0.000000
1653947804088720255 117.138084 0.000000
1653947804205821175 117.097546 0.000000
1653947804323452699 117.626244 0.000000
1653947804441710351 118.252938 0.000000
1653947804559026437 117.309594 0.000000
1653947804676628711 117.598128 0.000000
1653947804793867556 117.220714 0.000000
1653947804911782192 117.907824 0.000000
1653947805028434138 116.647920 0.000000
1653947805146361378 117.923146 0.000000
1653947805262880272 116.512179 0.000000
1653947805381093899 118.208467 0.000000
1653947805498362254 117.263097 0.000000
1653947805615637826 117.270673 0.000000
1653947805733491364 117.848731 0.000000
1653947805851694383 118.197778 0.000000
1653947805969507298 117.807953 0.000000
1653947806086556755 117.043368 0.000000
1653947806203438189 116.877592 0.000000
1653947806321253674 117.809528 0.000000
1653947806439801661 118.538009 0.000000
1653947806556939330 117.131795 0.000000
1653947806674607495 117.662330 0.000000
1653947806791707096 117.093466 0.000000
1653947806909109454 117.396751 0.000000
1653947807049426099 140.311934 0.000000
1653947807166254115 116.822180 0.000000
1653947807283503031 117.243938 0.000000
1653947807400259351 116.750925 0.000000
1653947807657800760 257.537857 0.000000
1653947807775246189 117.440297 0.000000
1653947807891451140 116.199718 0.000000
1653947808008081680 116.625941 0.000000
1653947808125599470 117.512720 0.000000
1653947808242385554 116.780020 0.000000
1653947808359408761 117.018245 0.000000
1653947808477477365 118.061784 0.000000
1653947808594103017 116.621289 0.000000
1653947808711045306 116.938694 0.000000
1653947808828241634 117.190105 0.000000
1653947808945311817 117.065171 0.000000
1653947809062599924 117.283526 0.000000
1653947809180076120 117.469765 0.000000
1653947809297057125 116.975590 0.000000
1653947809414206278 117.144291 0.000000
1653947809531110815 116.899316 0.000000
1653947809647356455 116.240903 0.000000
1653947809763577086 116.217153 0.000000
1653947809880166905 116.585108 0.000000
1653947809996816749 116.645239 0.000000
1653947810113288791 116.467634 0.000000
1653947810413151735 299.858463 0.000000
1653947810530460853 117.303235 0.000000
1653947810647426671 116.960014 0.000000
1653947810764646739 117.215017 0.000000
1653947810882030098 117.376241 0.000000
1653947811182090689 300.056667 0.000000
1653947811298781771 116.685404 0.000000
1653947811417293243 118.506938 0.000000
1653947811534769815 117.471707 0.000000
1653947811652266231 117.492710 0.000000
1653947811770448233 118.176172 0.000000
1653947811887421494 116.968572 0.000000
1653947812102860343 215.433934 0.000000
1653947812219883530 117.017764 0.000000
1653947812337793073 117.904772 0.000000
1653947812454628326 116.830131 0.000000
1653947812571848732 117.215638 0.000000
1653947812688667287 116.814458 0.000000
1653947812806116346 117.443857 0.000000
1653947812924192567 118.071249 0.000000
1653947813040948761 116.751783 0.000000
1653947813158095990 117.142962 0.000000
1653947813274840350 116.740014 0.000000
1653947813392507929 117.663517 0.000000
1653947813510088588 117.576137 0.000000
1653947813627668516 117.575261 0.000000
1653947813745210328 117.537801 0.000000
1653947814118624035 373.409543 0.000000
1653947814273533085 154.904339 0.000000
1653947814391156375 117.618126 0.000000
1653947814508763037 117.602682 0.000000
1653947814625221387 116.452741 0.000000
1653947814742590014 117.363996 0.000000
1653947814860192436 117.597766 0.000000
1653947814977193982 116.995036 0.000000
1653947815096791025 119.591866 0.000000
1653947815213404254 116.608707 0.000000
1653947815330302807 116.893232 0.000000
1653947815448551448 118.244534 0.000000
1653947815565622368 117.065684 0.000000
1653947815682644515 117.017305 0.000000
1653947815799804663 117.154711 0.000000
1653947815917400244 117.589541 0.000000
1653947816033860105 116.455381 0.000000
1653947816151367977 117.502695 0.000000
1653947816268018779 116.647079 0.000000
1653947816385554661 117.531757 0.000000
1653947816502250670 116.691388 0.000000
1653947816618859977 116.604631 0.000000
1653947816736375595 117.511328 0.000000
1653947816853215211 116.835957 0.000000
1653947816970776323 117.554713 0.000000
1653947817088018646 117.237532 0.000000
1653947817206644305 118.621438 0.000000
1653947817324127010 117.477934 0.000000
1653947817440481775 116.350100 0.000000
1653947817556841512 116.354640 0.000000
1653947817673553295 116.707232 0.000000
1653947817790443870 116.885538 0.000000
1653947817908004597 117.555209 0.000000
1653947818266013684 358.003445 0.000000
1653947818383306900 117.288451 0.000000
1653947818499924492 116.612973 0.000000
1653947818617003297 117.073649 0.000000
1653947818733331584 116.323642 0.000000
1653947818850036638 116.698764 0.000000
1653947818966899175 116.857135 0.000000
1653947819083464151 116.560280 0.000000
1653947819200808710 117.339709 0.000000
1653947819317344522 116.529487 0.000000
1653947819434929250 117.579305 0.000000
1653947819552009135 117.074918 0.000000
1653947819667821573 115.808098 0.000000
1653947819785029719 117.203088 0.000000
1653947819901772217 116.737877 0.000000
1653947820208440065 306.663247 0.000000
1653947820324645019 116.199566 0.000000
1653947820441025920 116.375266 0.000000
1653947820557378211 116.348738 0.000000
1653947820673672193 116.289370 0.000000
1653947820790733791 117.056866 0.000000
1653947820907689783 116.950966 0.000000
1653947821024415701 116.720646 0.000000
1653947821141191844 116.770996 0.000000
1653947821258449128 117.252143 0.000000
1653947821375130356 116.676664 0.000000
1653947821491731140 116.595832 0.000000
1653947821957809650 466.074296 0.000000
1653947822074094392 116.279861 0.000000
1653947822191567538 117.468862 0.000000
1653947822307872233 116.300707 0.000000
1653947822424049459 116.172432 0.000000
1653947822540672367 116.618222 0.000000
1653947822656876364 116.198855 0.000000
1653947822774149693 117.268698 0.000000
1653947822891131484 116.976879 0.000000
1653947823007348150 116.211569 0.000000
1653947823123171978 115.818851 0.000000
1653947823240196701 117.019195 0.000000
1653947823357585893 117.384201 0.000000
1653947823474028012 116.437007 0.000000
1653947823590234688 116.200905 0.000000
1653947823707651384 117.410667 0.000000
1653947823824504422 116.849334 0.000000
1653947823941395111 116.885324 0.000000
1653947824200276137 258.876038 0.000000
1653947824316594116 116.312710 0.000000
1653947824433541592 116.943075 0.000000
1653947824550495838 116.949186 0.000000
1653947824667407312 116.905876 0.000000
1653947824783721255 116.307728 0.000000
1653947824900015743 116.289686 0.000000
1653947825017093301 117.072265 0.000000
1653947825133365986 116.268405 0.000000
1653947825249585055 116.214583 0.000000
1653947825366507164 116.917865 0.000000
1653947825483132652 116.621745 0.000000
1653947825599573543 116.437549 0.000000
1653947825716628206 117.050163 0.000000
1653947825832870514 116.238003 0.000000
1653947825951526168 118.651520 0.000000
1653947826068279074 116.749226 0.000000
1653947826185012578 116.729412 0.000000
1653947826301191346 116.174638 0.000000
1653947826417437010 116.241352 0.000000
1653947826533876526 116.434993 0.000000
1653947826651570571 117.688609 0.000000
1653947826767634387 116.059305 0.000000
1653947826883952014 116.313583 0.000000
1653947827001091537 117.135333 0.000000
1653947827117850574 116.754513 0.000000
1653947827234513058 116.658625 0.000000
1653947827350566877 116.049475 0.000000
1653947827467873492 117.302280 0.000000
1653947827584921583 117.042270 0.000000
1653947827701498521 116.572727 0.000000
1653947827817655358 116.151284 0.000000
1653947827934409528 116.750309 0.000000
1653947828147439992 213.026569 0.000000
1653947828263501081 116.056065 0.000000
1653947828379489507 115.984758 0.000000
1653947828495756802 116.262820 0.000000
1653947828611993510 116.232223 0.000000
1653947828728661223 116.663253 0.000000
1653947828845259271 116.593283 0.000000
1653947828961237084 115.973856 0.000000
1653947829077612660 116.370839 0.000000
1653947829194270330 116.652468 0.000000
1653947829408696762 214.422406 0.000000
1653947829525302047 116.599883 0.000000
1653947829641884825 116.578493 0.000000
1653947829758773932 116.884446 0.000000
1653947829875475967 116.697389 0.000000
1653947829991530379 116.050808 0.000000
1653947830108420862 116.886558 0.000000
1653947830224502950 116.078089 0.000000
1653947830340809753 116.300117 0.000000
1653947830555663598 214.849776 0.000000
1653947830672189998 116.520350 0.000000
1653947830788325386 116.130767 0.000000
1653947830905145594 116.815998 0.000000
1653947831022362798 117.212498 0.000000
1653947831289444401 267.076267 0.000000
1653947831406273265 116.824298 0.000000
1653947831523187220 116.909519 0.000000
1653947831639988418 116.796155 0.000000
1653947831853846037 213.853044 0.000000
1653947831970140538 116.289961 0.000000
1653947832086693821 116.548286 0.000000
1653947832240978223 154.280293 0.000000
1653947832357162701 116.179010 0.000000
1653947832476010876 118.842763 0.000000
1653947832591932197 115.917260 0.000000
1653947832709100421 117.164858 0.000000
1653947832825455816 116.351521 0.000000
1653947832942785498 117.325557 0.000000
1653947833212935493 270.145787 0.000000
1653947833329558363 116.619787 0.000000
1653947833445650703 116.087715 0.000000
1653947833562389059 116.734081 0.000000
1653947833678580109 116.185483 0.000000
1653947833794708935 116.124559 0.000000
1653947833910682363 115.968531 0.000000
1653947834026649286 115.961510 0.000000
1653947834142854799 116.200853 0.000000
1653947834259202751 116.343581 0.000000
1653947834375433622 116.225453 0.000000
1653947834491389678 115.952182 0.000000
1653947834607738740 116.344817 0.000000
1653947834724677019 116.934500 0.000000
1653947834841100147 116.418974 0.000000
1653947834958100089 116.995340 0.000000
1653947835074308367 116.202419 0.000000
1653947835191593909 117.281402 0.000000
1653947835307495195 115.896885 0.000000
1653947835424518339 117.018428 0.000000
1653947835540785994 116.263319 0.000000
1653947835657822305 117.031585 0.000000
1653947835774689145 116.862590 0.000000
1653947835891566049 116.872088 0.000000
1653947836159142333 267.571493 0.000000
1653947836276246079 117.097927 0.000000
1653947836392237632 115.986948 0.000000
1653947836509064106 116.822740 0.000000
1653947836625272585 116.203888 0.000000
1653947836741574447 116.297532 0.000000
1653947836858728005 117.149315 0.000000
1653947836974977693 116.245699 0.000000
1653947837091901147 116.919309 0.000000
1653947837447672201 355.765066 0.000000
1653947837564293434 116.615791 0.000000
1653947837681503952 117.205977 0.000000
1653947837797883883 116.375160 0.000000
1653947837914091506 116.203705 0.000000
1653947838030184575 116.089310 0.000000
1653947838147325843 117.136828 0.000000
1653947838263697227 116.367204 0.000000
1653947838380583908 116.881504 0.000000
1653947838496883725 116.295472 0.000000
1653947838613345895 116.457977 0.000000
1653947838730410289 117.060922 0.000000
1653947838846442030 116.027338 0.000000
1653947838963240536 116.795358 0.000000
1653947839080648088 117.403001 0.000000
1653947839197620856 116.968909 0.000000
1653947839313644357 116.019442 0.000000
1653947839429698212 116.049929 0.000000
1653947839546131309 116.429605 0.000000
1653947839662366769 116.231336 0.000000
1653947839778638990 116.267996 0.000000
1653947839895407051 116.764016 0.000000
1653947840011651418 116.239532 0.000000
1653947840127774056 116.118122 0.000000
1653947840244707871 116.930021 0.000000
1653947840361854042 117.141595 0.000000
1653947840478933341 117.075139 0.000000
1653947840596294440 117.356718 0.000000
1653947840712684146 116.385301 0.000000
1653947840829000495 116.312513 0.000000
1653947840945902602 116.896509 0.000000
1653947841065642190 119.734962 0.000000
1653947841183104044 117.457488 0.000000
1653947841299220557 116.112358 0.000000
1653947841415364199 116.139497 0.000000
1653947841532217157 116.848222 0.000000
1653947841649228767 117.007069 0.000000
1653947841765694619 116.461046 0.000000
1653947841882706572 117.007318 0.000000
1653947842140655129 257.943334 0.000000
1653947842257576430 116.916761 0.000000
1653947842374328808 116.747491 0.000000
1653947842632708503 258.374973 0.000000
1653947842748987435 116.274620 0.000000
1653947842865088154 116.096269 0.000000
1653947843132616690 267.524331 0.000000
1653947843251513748 118.891565 0.000000
1653947843367564248 116.046401 0.000000
1653947843484840685 117.272537 0.000000
1653947843601448965 116.604000 0.000000
1653947843717903256 116.449936 0.000000
1653947843834385281 116.477815 0.000000
1653947843950766202 116.376410 0.000000
1653947844067392838 116.622602 0.000000
1653947844184171432 116.774264 0.000000
1653947844301243300 117.067884 0.000000
1653947844417645367 116.398073 0.000000
1653947844534134431 116.484391 0.000000
1653947844651208474 117.069987 0.000000
1653947844768415315 117.202556 0.000000
1653947844885407749 116.988812 0.000000
1653947845002439408 117.027770 0.000000
1653947845217037800 214.594193 0.000000
1653947845333955789 116.913459 0.000000
1653947845450680020 116.721364 0.000000
1653947845566717177 116.032712 0.000000
1653947845683584355 116.862933 0.000000
1653947845800382137 116.793838 0.000000
1653947845916618480 116.230896 0.000000
1653947846033163530 116.540884 0.000000
1653947846150252293 117.084239 0.000000
1653947846267196852 116.941921 0.000000
1653947846383172757 115.972366 0.000000
1653947846499472561 116.296120 0.000000
1653947846615787740 116.310439 0.000000
1653947846732096902 116.303423 0.000000
1653947846990082034 257.980486 0.000000
1653947847106649666 116.562975 0.000000
1653947847222519992 115.866451 0.000000
1653947847338519987 115.995866 0.000000
1653947847454954535 116.431247 0.000000
1653947847571720574 116.761794 0.000000
1653947847688710735 116.985771 0.000000
1653947847804701431 115.986366 0.000000
1653947847921793604 117.087297 0.000000
1653947848037757117 115.959739 0.000000
1653947848154646125 116.885304 0.000000
1653947848271061602 116.411737 0.000000
1653947848387874339 116.809599 0.000000
1653947848504968004 117.088764 0.000000
1653947848621976395 117.004547 0.000000
1653947848739063640 117.083451 0.000000
1653947848854812028 115.744430 0.000000
1653947848971097194 116.281680 0.000000
1653947849088085116 116.980389 0.000000
1653947849205003039 116.913788 0.000000
1653947849321344965 116.338252 0.000000
1653947849438305016 116.956533 0.000000
1653947849555258401 116.948704 0.000000
1653947849674076925 118.814455 0.000000
1653947849791030038 116.949325 0.000000
1653947849908105092 117.070849 0.000000
1653947850024104504 115.995388 0.000000
1653947850141448863 117.339173 0.000000
1653947850258303152 116.850254 0.000000
1653947850375313392 117.006836 0.000000
1653947850492269492 116.951479 0.000000
1653947850835110579 342.836997 0.000000
1653947850951243245 116.127008 0.000000
1653947851067286304 116.038077 0.000000
1653947851183590162 116.299021 0.000000
1653947851300876579 117.280999 0.000000
1653947851418158937 117.277547 0.000000
1653947851535215057 117.051756 0.000000
1653947851652157899 116.938329 0.000000
1653947851768507829 116.345499 0.000000
1653947851884590782 116.078688 0.000000
1653947852000983496 116.388454 0.000000
1653947852117023487 116.035756 0.000000
1653947852233797245 116.768892 0.000000
1653947852350824252 117.022900 0.000000
1653947852467547525 116.717349 0.000000
1653947852583904589 116.352729 0.000000
1653947852700725044 116.815739 0.000000
1653947852817223197 116.494134 0.000000
1653947852933416334 116.189388 0.000000
1653947853050368074 116.944414 0.000000
1653947853166801884 116.428872 0.000000
1653947853283009262 116.202031 0.000000
1653947853399352432 116.337376 0.000000
1653947853515686541 116.329498 0.000000
1653947853632190435 116.499263 0.000000
1653947853749101488 116.906086 0.000000
1653947853904194106 155.087972 0.000000
1653947854021118630 116.918861 0.000000
1653947854138015578 116.891064 0.000000
1653947854254458463 116.438119 0.000000
1653947854371686587 117.223999 0.000000
1653947854488352748 116.662372 0.000000
1653947854604597010 116.240192 0.000000
1653947854721707114 117.105905 0.000000
1653947854837862777 116.151637 0.000000
1653947854954309088 116.443606 0.000000
1653947855070527597 116.214264 0.000000
1653947855186791404 116.259973 0.000000
1653947855401111377 214.315918 0.000000
1653947855517395658 116.280669 0.000000
1653947855633732034 116.332738 0.000000
1653947855750246163 116.510199 0.000000
1653947855867057583 116.807685 0.000000
1653947855984141256 117.080127 0.000000
1653947856197155237 213.009866 0.000000
1653947856313506729 116.346491 0.000000
1653947856429605658 116.095135 0.000000
1653947856546028780 116.419412 0.000000
1653947856662946590 116.914348 0.000000
1653947857032079175 369.127744 0.000000
1653947857148509554 116.424340 0.000000
1653947857265696089 117.181873 0.000000
1653947857382722503 117.022315 0.000000
1653947857642123428 259.396600 0.000000
1653947857759145685 117.017654 0.000000
1653947857876473851 117.323795 0.000000
1653947857992951566 116.473890 0.000000
1653947858110219680 117.263753 0.000000
1653947858227439106 117.215653 0.000000
1653947858343786251 116.343029 0.000000
1653947858460110549 116.320460 0.000000
1653947858576439034 116.321549 0.000000
1653947858693535404 117.092285 0.000000
1653947858809821771 116.282338 0.000000
1653947858926473728 116.647957 0.000000
1653947859043314837 116.836412 0.000000
1653947859160395503 117.074381 0.000000
1653947859276532775 116.133147 0.000000
1653947859394370645 117.833856 0.000000
1653947859510957672 116.582102 0.000000
1653947859627463280 116.502456 0.000000
1653947859744712002 117.244818 0.000000
1653947859862509156 117.792739 0.000000
1653947859978714377 116.199372 0.000000
1653947860095895696 117.175914 0.000000
1653947860213044999 117.144598 0.000000
1653947860332450856 119.401224 0.000000
1653947860449477001 117.022124 0.000000
1653947860566606323 117.124079 0.000000
1653947860683087767 116.477153 0.000000
1653947860799480199 116.387707 0.000000
1653947860915684335 116.199720 0.000000
1653947861032619659 116.930367 0.000000
1653947861149244508 116.619561 0.000000
1653947861265630167 116.379289 0.000000
1653947861382593500 116.958772 0.000000
1653947862045937136 663.339873 0.000000
1653947862162771640 116.829608 0.000000
1653947862279620549 116.844348 0.000000
1653947862395643187 116.018007 0.000000
1653947862608742073 213.095243 0.000000
1653947862727500332 118.752386 0.000000
1653947862844370800 116.865313 0.000000
1653947862961965046 117.588798 0.000000
1653947863079340034 117.371090 0.000000
1653947863196229445 116.884524 0.000000
1653947863313925276 117.691160 0.000000
1653947863431554426 117.623844 0.000000
1653947863548042532 116.459622 0.000000
1653947863665413409 117.365375 0.000000
1653947864186393391 520.975681 0.000000
1653947864303930479 117.529961 0.000000
1653947864421013761 117.078957 0.000000
1653947864538059744 117.040891 0.000000
1653947864654920115 116.854904 0.000000
1653947864772511155 117.581893 0.000000
1653947864888789329 116.273409 0.000000
1653947865005897623 117.103493 0.000000
1653947865123090512 117.187793 0.000000
1653947865240640003 117.544293 0.000000
1653947865356916572 116.272609 0.000000
1653947865473013302 116.093023 0.000000
1653947865590391275 117.374219 0.000000
1653947865706630510 116.235531 0.000000
1653947865822774379 116.140037 0.000000
1653947865939182488 116.402697 0.000000
1653947866056058555 116.871910 0.000000
1653947866173051031 116.985965 0.000000
1653947866289802690 116.745470 0.000000
1653947866406492179 116.684057 0.000000
1653947866523412078 116.915929 0.000000
1653947866639648913 116.233214 0.000000
1653947866755871425 116.216944 0.000000
1653947867014190921 258.315101 0.000000
1653947867132970940 118.775140 0.000000
1653947867248631447 115.655323 0.000000
1653947867365679631 117.043764 0.000000
1653947867678526810 312.842292 0.000000
1653947867794631841 116.099698 0.000000
1653947867910868387 116.231741 0.000000
1653947868136845132 225.972615 0.000000
1653947868253844684 116.995327 0.000000
1653947868370787327 116.937888 0.000000
1653947868487798558 117.006129 0.000000
1653947868604990259 117.186574 0.000000
1653947868721186710 116.191204 0.000000
1653947868837743315 116.552169 0.000000
1653947868954107643 116.357868 0.000000
1653947869070692678 116.579833 0.000000
1653947869186959867 116.262664 0.000000
1653947869306173762 119.209539 0.000000
1653947869422216643 116.038285 0.000000
1653947869539759720 117.538012 0.000000
1653947869656405755 116.642754 0.000000
1653947869773804137 117.394745 0.000000
1653947869890364814 116.556622 0.000000
1653947870006703674 116.334840 0.000000
1653947870123827027 117.119365 0.000000
1653947870240556744 116.725322 0.000000
1653947870357485470 116.924799 0.000000
1653947870474373394 116.882471 0.000000
1653947870590684874 116.306910 0.000000
1653947870707063179 116.373735 0.000000
1653947870823889815 116.822621 0.000000
1653947870939978095 116.084125 0.000000
1653947871057077866 117.095686 0.000000
1653947871173862387 116.780531 0.000000
1653947871290605110 116.739105 0.000000
1653947871409814304 119.205216 0.000000
1653947871662949152 253.129977 0.000000
1653947871780028736 117.072337 0.000000
1653947871897735449 117.702680 0.000000
1653947872014583768 116.844164 0.000000
1653947872132243266 117.654897 0.000000
1653947872248174861 115.927331 0.000000
1653947872364691691 116.511677 0.000000
1653947872480793849 116.098149 0.000000
1653947872598182311 117.384081 0.000000
1653947872715407660 117.221225 0.000000
1653947873126474702 411.060749 0.000000
1653947873243047648 116.568063 0.000000
1653947873359244363 116.192611 0.000000
1653947873475782019 116.533742 0.000000
1653947873593122255 117.336402 0.000000
1653947873710280660 117.153579 0.000000
1653947873826605162 116.320081 0.000000
1653947873943398165 116.788989 0.000000
1653947874060502964 117.101228 0.000000
1653947874176750121 116.241941 0.000000
1653947874293703218 116.948086 0.000000
1653947874410514610 116.805970 0.000000
1653947874527829921 117.310103 0.000000
1653947874643849900 116.014831 0.000000
1653947874759948009 116.093917 0.000000
1653947874877214943 117.261726 0.000000
1653947874993562649 116.343156 0.000000
1653947875110092493 116.525614 0.000000
1653947875226567725 116.470771 0.000000
1653947875343659533 117.087337 0.000000
1653947875460648070 116.984799 0.000000
1653947875577922730 117.270329 0.000000
1653947875695174325 117.247583 0.000000
1653947875963737348 268.559055 0.000000
1653947876080721483 116.978897 0.000000
1653947876197724142 116.997938 0.000000
1653947876314793182 117.064725 0.000000
1653947876432085278 117.287712 0.000000
1653947876549263270 117.173572 0.000000
1653947876665223039 115.955143 0.000000
1653947876782293711 117.065976 0.000000
1653947876899421851 117.123549 0.000000
1653947877015472151 116.046331 0.000000
1653947877132482957 117.006581 0.000000
1653947877249044209 116.556376 0.000000
1653947877365576841 116.528587 0.000000
1653947877775626114 410.023257 0.000000
1653947877892279246 116.647493 0.000000
1653947878009367767 117.083763 0.000000
1653947878125760174 116.387863 0.000000
1653947878242461307 116.696201 0.000000
1653947878359970957 117.504814 0.000000
1653947878476827216 116.851272 0.000000
1653947878593868760 117.036889 0.000000
1653947878819845970 225.970689 0.000000
1653947878936700542 116.849000 0.000000
1653947879053088792 116.384296 0.000000
1653947879169412643 116.318989 0.000000
1653947879286213090 116.794984 0.000000
1653947879403251685 117.033845 0.000000
1653947879520183137 116.927001 0.000000
1653947879636179179 115.991321 0.000000
1653947879752372450 116.188533 0.000000
1653947879868832635 116.456546 0.000000
1653947879986282790 117.444697 0.000000
1653947880103502593 117.215028 0.000000
1653947880220628805 117.122048 0.000000
1653947880336559904 115.927074 0.000000
1653947880453746697 117.182872 0.000000
1653947880570861630 117.110527 0.000000
1653947880687091701 116.224820 0.000000
1653947880804157835 117.060616 0.000000
1653947880920441329 116.278270 0.000000
1653947881037162705 116.716507 0.000000
1653947881153570748 116.403559 0.000000
1653947881270693612 117.118424 0.000000
1653947881387379031 116.680793 0.000000
1653947881503676466 116.293110 0.000000
1653947881808441880 304.761247 0.000000
1653947881925107436 116.660698 0.000000
1653947882042387583 117.275819 0.000000
1653947882159928239 117.536245 0.000000
1653947882277284875 117.352356 0.000000
1653947882393674248 116.385658 0.000000
1653947882509968759 116.290408 0.000000
1653947882627158613 117.185408 0.000000
1653947882743692547 116.529805 0.000000
1653947882860083779 116.386726 0.000000
1653947882976571406 116.481348 0.000000
1653947883093137669 116.561948 0.000000
1653947883209978632 116.836147 0.000000
1653947883326760969 116.777696 0.000000
1653947883442815319 116.050201 0.000000
1653947883559035200 116.215210 0.000000
1653947883676191788 117.152463 0.000000
1653947883792742675 116.546493 0.000000
1653947883909413170 116.666682 0.000000
1653947884025849993 116.433492 0.000000
1653947884142921511 117.067549 0.000000
1653947884261414791 118.488725 0.000000
1653947884377896059 116.476772 0.000000
1653947884604177953 226.277859 0.000000
1653947884721108440 116.925541 0.000000
1653947884838041301 116.928736 0.000000
1653947884954224087 116.178813 0.000000
1653947885070935120 116.706449 0.000000
1653947885187254788 116.315085 0.000000
1653947885304273158 117.015657 0.000000
1653947885420508071 116.229877 0.000000
1653947885536845215 116.333012 0.000000
1653947885653784458 116.933870 0.000000
1653947886063057738 409.269355 0.000000
1653947886179905148 116.842848 0.000000
1653947886296193394 116.284053 0.000000
1653947886413412508 117.214793 0.000000
1653947886529536630 116.119947 0.000000
1653947886647164370 117.622735 0.000000
1653947886872279441 225.109828 0.000000
1653947887201895671 329.611153 0.000000
1653947887318203431 116.303788 0.000000
1653947887434448488 116.239735 0.000000
1653947887551716177 117.263590 0.000000
1653947887668381384 116.661446 0.000000
1653947887784501975 116.115883 0.000000
1653947887901952530 117.446235 0.000000
1653947888018824854 116.868353 0.000000
1653947888135834726 117.005742 0.000000
1653947888252224067 116.385485 0.000000
1653947888369245753 117.017256 0.000000
1653947888485590607 116.340464 0.000000
1653947888602200418 116.605428 0.000000
1653947888815067660 212.862039 0.000000
1653947888931476610 116.403367 0.000000
1653947889047993608 116.512673 0.000000
1653947889165156434 117.158591 0.000000
1653947889281845673 116.685054 0.000000
1653947889399392012 117.541845 0.000000
1653947889659924017 260.526989 0.000000
1653947889777090351 117.160706 0.000000
1653947889894120553 117.024935 0.000000
1653947890010411033 116.285971 0.000000
1653947890127026432 116.608918 0.000000
1653947890244173549 117.142126 0.000000
1653947890361391909 117.213102 0.000000
1653947890477510530 116.114371 0.000000
1653947890593698513 116.183969 0.000000
1653947890709908784 116.206126 0.000000
1653947890827160716 117.248063 0.000000
1653947890944296201 117.128223 0.000000
1653947891060229401 115.928348 0.000000
1653947891176650024 116.416042 0.000000
1653947891293746632 117.088865 0.000000
1653947891410874826 117.123806 0.000000
1653947891527722572 116.844414 0.000000
1653947891644174023 116.447057 0.000000
1653947891761133467 116.956370 0.000000
1653947891878428091 117.290469 0.000000
1653947891995534727 117.102186 0.000000
1653947892112643326 117.104650 0.000000
1653947892229490085 116.840885 0.000000
1653947892346894169 117.400631 0.000000
1653947892463787090 116.887491 0.000000
1653947892581043979 117.251618 0.000000
1653947892887206655 306.158681 0.000000
1653947893147623000 260.410501 0.000000
1653947893263894555 116.266047 0.000000
1653947893380396462 116.497543 0.000000
1653947893497510697 117.110075 0.000000
1653947893614056489 116.541420 0.000000
1653947893730522494 116.461812 0.000000
1653947893847440166 116.912600 0.000000
1653947893964058417 116.614221 0.000000
1653947894080471082 116.408611 0.000000
1653947894197644473 117.169091 0.000000
1653947894314268866 116.620232 0.000000
1653947894431005384 116.732313 0.000000
1653947894547394847 116.385323 0.000000
1653947894663868631 116.469620 0.000000
1653947894780857855 116.984437 0.000000
1653947894898016401 117.153981 0.000000
1653947895017446538 119.425082 0.000000
1653947895134893597 117.443151 0.000000
1653947895251419297 116.521024 0.000000
1653947895368096341 116.672308 0.000000
1653947895484585834 116.485564 0.000000
1653947895601483786 116.893995 0.000000
1653947895717802776 116.314925 0.000000
1653947895834891342 117.085285 0.000000
1653947895951847450 116.951512 0.000000
1653947896068449049 116.594030 0.000000
1653947896453579287 385.123769 0.000000
1653947896570442798 116.858339 0.000000
1653947896687794757 117.346206 0.000000
1653947896804787639 116.988570 0.000000
1653947897175353797 370.561249 0.000000
1653947897292052443 116.694230 0.000000
1653947897408263257 116.206429 0.000000
1653947897525820938 117.553656 0.000000
1653947897643205947 117.380694 0.000000
1653947897760559337 117.349136 0.000000
1653947897877621253 117.058203 0.000000
1653947897994738490 117.113251 0.000000
1653947898110923094 116.180753 0.000000
1653947898227041972 116.114442 0.000000
1653947898344032891 116.985391 0.000000
1653947898460163892 116.126300 0.000000
1653947898576946787 116.778359 0.000000
1653947898694048749 117.096971 0.000000
1653947898811347921 117.293455 0.000000
1653947898928487155 117.133822 0.000000
1653947899045876708 117.385578 0.000000
1653947899162138670 116.257439 0.000000
1653947899279996664 117.854437 0.000000
1653947899397560942 117.560108 0.000000
1653947899514896782 117.331943 0.000000
1653947899631606810 116.705018 0.000000
1653947899748240119 116.628378 0.000000
1653947899864764610 116.520411 0.000000
1653947899982369533 117.599906 0.000000
1653947900099115558 116.741806 0.000000
1653947900216252684 117.133177 0.000000
1653947900332574506 116.317055 0.000000
1653947900450148279 117.567483 0.000000
1653947900566399446 116.247453 0.000000
1653947900683776336 117.372941 0.000000
1653947900800128301 116.348129 0.000000
1653947900917172492 117.040903 0.000000
1653947901034013969 116.837607 0.000000
1653947901150674503 116.655898 0.000000
1653947901268417443 117.738640 0.000000
1653947901387246639 118.825322 0.000000
1653947901504467483 117.216619 0.000000
1653947901620690277 116.218579 0.000000
1653947901737845786 117.150880 0.000000
1653947901854171804 116.322351 0.000000
1653947901970441929 116.265779 0.000000
1653947902087025026 116.578968 0.000000
1653947902204063620 117.034718 0.000000
1653947902320531632 116.464050 0.000000
1653947902579531499 258.995927 0.000000
1653947902695966396 116.429244 0.000000
1653947902812075564 116.103299 0.000000
1653947902929335031 117.253984 0.000000
1653947903045632587 116.292549 0.000000
1653947903163029748 117.392185 0.000000
1653947903280283054 117.247929 0.000000
1653947903397267846 116.980095 0.000000
1653947903514576690 117.303263 0.000000
1653947903630817429 116.236818 0.000000
1653947903747934492 117.112728 0.000000
1653947903864225682 116.287175 0.000000
1653947903981329209 117.099277 0.000000
1653947904098641466 117.308517 0.000000
1653947904215197056 116.551819 0.000000
1653947904332124867 116.924012 0.000000
1653947904449444456 117.315358 0.000000
1653947904566449320 117.002333 0.000000
1653947904683240975 116.786928 0.000000
1653947904838895242 155.649531 0.000000
1653947904955329747 116.429499 0.000000
1653947905072427030 117.092689 0.000000
1653947905188557841 116.126397 0.000000
1653947905305792872 117.231508 0.000000
1653947905422990655 117.193172 0.000000
1653947905543363309 120.368890 0.000000
1653947905769798743 226.431414 0.000000
1653947905886155963 116.352909 0.000000
1653947906003226920 117.065515 0.000000
1653947906120569400 117.339066 0.000000
1653947906237180389 116.606724 0.000000
1653947906353946714 116.762247 0.000000
1653947906470494619 116.543709 0.000000
1653947906586842722 116.343827 0.000000
1653947906704097785 117.251411 0.000000
1653947906821323347 117.221662 0.000000
1653947906937553565 116.226325 0.000000
1653947907054619873 117.062986 0.000000
1653947907171077508 116.453921 0.000000
1653947907288122262 117.039702 0.000000
1653947907405027630 116.901895 0.000000
1653947907521804018 116.772790 0.000000
1653947907639124750 117.315820 0.000000
1653947907756447400 117.318667 0.000000
1653947907873735445 117.284095 0.000000
1653947907990494277 116.754552 0.000000
1653947908107737786 117.239105 0.000000
1653947908224689995 116.948240 0.000000
1653947908341717829 117.023426 0.000000
1653947908458985014 117.259547 0.000000
1653947908576497310 117.507996 0.000000
1653947908693186844 116.685500 0.000000
1653947908809561470 116.370111 0.000000
1653947908926112596 116.547186 0.000000
1653947909042960930 116.843879 0.000000
1653947909160660154 117.694924 0.000000
1653947909277560793 116.896675 0.000000
1653947909394482055 116.915724 0.000000
1653947909654349224 259.862750 0.000000
1653947909771337287 116.981597 0.000000
1653947909888210525 116.868080 0.000000
1653947910004502371 116.287777 0.000000
1653947910121713028 117.207436 0.000000
1653947910238742936 117.024190 0.000000
1653947910596038943 357.291364 0.000000
1653947910712265134 116.221254 0.000000
1653947910828717230 116.446324 0.000000
1653947910945527905 116.806782 0.000000
1653947911061652316 116.120337 0.000000
1653947911178294281 116.638318 0.000000
1653947911295404657 117.105961 0.000000
1653947911411938426 116.530334 0.000000
1653947911529011764 117.069173 0.000000
1653947911646575338 117.558945 0.000000
1653947911763534986 116.955766 0.000000
1653947911882210517 118.671406 0.000000
1653947911998407122 116.192594 0.000000
1653947912114378987 115.967785 0.000000
1653947912231118140 116.734878 0.000000
1653947912348580502 117.458228 0.000000
1653947912465222839 116.638247 0.000000
1653947912581928737 116.701475 0.000000
1653947912699028202 117.094423 0.000000
1653947912815953362 116.920660 0.000000
1653947912933083606 117.125763 0.000000
1653947913049894179 116.806594 0.000000
1653947913166196372 116.298268 0.000000
1653947913283409146 117.208618 0.000000
1653947913400466198 117.052692 0.000000
1653947913517871440 117.401388 0.000000
1653947913634458501 116.582421 0.000000
1653947913751545929 117.083448 0.000000
1653947913868208887 116.658574 0.000000
1653947913987854106 119.641665 0.000000
1653947914104595906 116.738159 0.000000
1653947914220795004 116.195572 0.000000
1653947914337448118 116.649455 0.000000
1653947914454523961 117.070842 0.000000
1653947914571320233 116.792864 0.000000
1653947914688031723 116.707545 0.000000
1653947914805080288 117.044746 0.000000
1653947914921545414 116.457012 0.000000
1653947915076660787 155.112225 0.000000
1653947915193872176 117.205551 0.000000
1653947915310525985 116.649725 0.000000
1653947915426813164 116.283707 0.000000
1653947915582314683 155.497239 0.000000
1653947915699294586 116.975934 0.000000
1653947915816060875 116.762470 0.000000
1653947915932462552 116.397981 0.000000
1653947916048869712 116.401313 0.000000
1653947916165907719 117.034183 0.000000
1653947916282251241 116.339335 0.000000
1653947916398660716 116.405567 0.000000
1653947916862764345 464.098929 0.000000
1653947916979665156 116.895874 0.000000
1653947917096426893 116.757647 0.000000
1653947917213591028 117.159554 0.000000
1653947917330729637 117.134379 0.000000
1653947917448005831 117.272416 0.000000
1653947917804108452 356.099047 0.000000
1653947917920531345 116.418152 0.000000
1653947918037015870 116.480814 0.000000
1653947918154091608 117.070888 0.000000
1653947918523445386 369.348587 0.000000
1653947918640053183 116.602464 0.000000
1653947918757412630 117.354892 0.000000
1653947918874800533 117.382636 0.000000
1653947918991141453 116.336650 0.000000
1653947919107571698 116.425485 0.000000
1653947919224613469 117.037432 0.000000
1653947919341510744 116.892896 0.000000
1653947919567608470 226.093256 0.000000
1653947919684253195 116.639831 0.000000
1653947919801018722 116.761352 0.000000
1653947919917828958 116.805837 0.000000
1653947920035121206 117.288109 0.000000
1653947920151425709 116.300568 0.000000
1653947920267852334 116.421644 0.000000
1653947920384174784 116.318369 0.000000
1653947920501251262 117.072399 0.000000
1653947920617872190 116.616806 0.000000
1653947920734586748 116.710082 0.000000
1653947920851954687 117.364020 0.000000
1653947920968928402 116.968914 0.000000
1653947921086154388 117.222038 0.000000
1653947921415777122 329.618910 0.000000
1653947921532139692 116.357804 0.000000
1653947921648861864 116.717778 0.000000
1653947921765217048 116.351132 0.000000
1653947921990217681 224.996670 0.000000
1653947922106706682 116.483717 0.000000
1653947922223101839 116.390431 0.000000
1653947922340415383 117.309504 0.000000
1653947922456964942 116.545319 0.000000
1653947922573391359 116.421390 0.000000
1653947922692016407 118.620432 0.000000
1653947922951382953 259.362497 0.000000
1653947923068010912 116.623221 0.000000
1653947923185009257 116.993834 0.000000
1653947923301786537 116.771854 0.000000
1653947923418483434 116.692762 0.000000
1653947923535232025 116.743708 0.000000
1653947923652559378 117.322843 0.000000
1653947923769844876 117.281643 0.000000
1653947923886941807 117.093309 0.000000
1653947924003930753 116.983954 0.000000
1653947924120718838 116.782609 0.000000
1653947924238055162 117.331246 0.000000
1653947924354559259 116.498498 0.000000
1653947924471811095 117.247562 0.000000
1653947924589011444 117.195348 0.000000
1653947924706513493 117.498572 0.000000
1653947924823708851 117.190880 0.000000
1653947924940118146 116.404444 0.000000
1653947925056581106 116.458682 0.000000
1653947925174254964 117.666470 0.000000
1653947925290454948 116.195224 0.000000
1653947925406715911 116.256918 0.000000
1653947925523865940 117.145954 0.000000
1653947925641043805 117.173425 0.000000
1653947925757545177 116.497569 0.000000
1653947925874723772 117.174813 0.000000
1653947925991506298 116.777759 0.000000
1653947926107967937 116.457707 0.000000
1653947926225007276 117.034248 0.000000
1653947926341714795 116.704755 0.000000
1653947926458977389 117.258434 0.000000
1653947926575764585 116.783132 0.000000
1653947926693202897 117.433110 0.000000
1653947926810234316 117.027591 0.000000
1653947926927631398 117.390396 0.000000
1653947927044080095 116.444738 0.000000
1653947927160589131 116.505052 0.000000
1653947927277419218 116.825458 0.000000
1653947927393944723 116.521111 0.000000
1653947927510876091 116.927400 0.000000
1653947927628482650 117.601172 0.000000
1653947927745450949 116.964692 0.000000
1653947927862501736 117.046779 0.000000
1653947927979797291 117.292287 0.000000
1653947928097127143 117.324138 0.000000
1653947928214008660 116.877062 0.000000
1653947928330517816 116.504941 0.000000
1653947928446868915 116.346234 0.000000
1653947928563936839 117.063316 0.000000
1653947928680407998 116.466290 0.000000
1653947928796731555 116.319142 0.000000
1653947928915759252 119.023985 0.000000
1653947929176272256 260.509191 0.000000
1653947929293357360 117.080157 0.000000
1653947929410363310 117.000893 0.000000
1653947929526878022 116.492189 0.000000
1653947929643256847 116.373839 0.000000
1653947929760236902 116.975785 0.000000
1653947929877533389 117.291520 0.000000
1653947929994791387 117.253352 0.000000
1653947930111428176 116.631046 0.000000
1653947930227809781 116.377436 0.000000
1653947930345171634 117.357873 0.000000
1653947930462041621 116.865998 0.000000
1653947930579460016 117.414420 0.000000
1653947930696565581 117.101452 0.000000
1653947930813642215 117.072113 0.000000
1653947930930167239 116.518489 0.000000
1653947931046726091 116.555053 0.000000
1653947931163706970 116.976609 0.000000
1653947931281169405 117.458617 0.000000
1653947931398522403 117.349103 0.000000
1653947931515509168 116.983580 0.000000
1653947931632695890 117.182775 0.000000
1653947931749606965 116.907266 0.000000
1653947931866156247 116.545539 0.000000
1653947931983513493 117.353071 0.000000
1653947932198355137 214.836567 0.000000
1653947932352970090 154.609606 0.000000
1653947932469582800 116.607102 0.000000
1653947932587200252 117.612577 0.000000
1653947932703924314 116.719853 0.000000
1653947932821370821 117.441846 0.000000
1653947933049474792 228.098714 0.000000
1653947933165984289 116.503960 0.000000
1653947933282691382 116.702812 0.000000
1653947933400051251 117.355600 0.000000
1653947933517920260 117.865425 0.000000
1653947933634982315 117.057755 0.000000
1653947933751505484 116.519175 0.000000
1653947933868016311 116.507356 0.000000
1653947933985190797 117.170503 0.000000
1653947934101805860 116.610913 0.000000
1653947934218107798 116.297331 0.000000
1653947934335187672 117.076076 0.000000
1653947934452271331 117.079163 0.000000
1653947934568951690 116.676029 0.000000
1653947934685920953 116.964340 0.000000
1653947934802609360 116.684123 0.000000
1653947934920012318 117.398738 0.000000
1653947935036152438 116.136008 0.000000
1653947935297674857 261.518655 0.000000
1653947935413968373 116.288706 0.000000
1653947935569203364 155.231314 0.000000
1653947935836105768 266.898219 0.000000
1653947935953003016 116.892597 0.000000
1653947936070515315 117.507784 0.000000
1653947936187035060 116.515760 0.000000
1653947936304656126 117.617213 0.000000
1653947936421276711 116.615832 0.000000
1653947936538565168 117.283681 0.000000
1653947936656163612 117.593462 0.000000
1653947936772735536 116.567779 0.000000
1653947936889915240 117.175188 0.000000
1653947937007089202 117.167603 0.000000
1653947937124178758 117.085503 0.000000
1653947937240453337 116.270755 0.000000
1653947937359913456 119.456415 0.000000
1653947937477149910 117.232405 0.000000
1653947937593953046 116.799176 0.000000
1653947937711487831 117.530786 0.000000
1653947937828939361 117.447867 0.000000
1653947937945340395 116.396859 0.000000
1653947938062559313 117.214828 0.000000
1653947938179435086 116.870490 0.000000
1653947938295962157 116.523182 0.000000
1653947938412316044 116.349797 0.000000
1653947938529392786 117.072727 0.000000
1653947938646630346 117.233711 0.000000
1653947938763737443 117.103449 0.000000
1653947938879708639 115.967147 0.000000
1653947938997222754 117.510416 0.000000
1653947939149295808 152.069085 0.000000
1653947939266472020 117.172359 0.000000
1653947939383620461 117.144766 0.000000
1653947939503106721 119.481736 0.000000
1653947939860502354 357.390205 0.000000
1653947939977157085 116.649569 0.000000
1653947940094246479 117.082878 0.000000
1653947940211214824 116.962923 0.000000
1653947940328013374 116.794260 0.000000
1653947940444691187 116.673569 0.000000
1653947940560977756 116.282506 0.000000
1653947940677848153 116.865676 0.000000
1653947940935624214 257.771816 0.000000
1653947941052899217 117.270472 0.000000
1653947941169645900 116.742418 0.000000
1653947941286201523 116.550907 0.000000
1653947941403176953 116.971396 0.000000
1653947941760108420 356.926209 0.000000
1653947941877291198 117.178328 0.000000
1653947941994900407 117.604659 0.000000
1653947942111704490 116.800338 0.000000
1653947942228833471 117.124110 0.000000
1653947942345827548 116.989993 0.000000
1653947942463642914 117.811075 0.000000
1653947942580820709 117.173961 0.000000
1653947942697224632 116.399177 0.000000
1653947942814707127 117.477764 0.000000
1653947942932281220 117.569522 0.000000
1653947943049604098 117.318893 0.000000
1653947943166133200 116.525020 0.000000
1653947943282600374 116.462755 0.000000
1653947943400573565 117.969326 0.000000
1653947943517754130 117.176771 0.000000
1653947943634991829 117.233604 0.000000
1653947943754097617 119.102080 0.000000
1653947943870986793 116.883994 0.000000
1653947944096907015 225.916342 0.000000
1653947944213753871 116.841363 0.000000
1653947944330682423 116.923896 0.000000
1653947944447696062 117.009555 0.000000
1653947944564773364 117.073034 0.000000
1653947944681299420 116.522188 0.000000
1653947944798583490 117.279639 0.000000
1653947944915908546 117.320293 0.000000
1653947945033054042 117.141524 0.000000
1653947945149488641 116.430555 0.000000
1653947945266963118 117.469896 0.000000
1653947945383518423 116.550865 0.000000
1653947945500683134 117.159674 0.000000
1653947945618597139 117.909785 0.000000
1653947945735384219 116.781644 0.000000
1653947946095749985 360.360900 0.000000
1653947946212169085 116.414345 0.000000
1653947946329951181 117.777987 0.000000
1653947946447446155 117.490829 0.000000
1653947946564264322 116.814252 0.000000
1653947946681600435 117.331453 0.000000
1653947946798104320 116.499337 0.000000
1653947946915335277 117.226137 0.000000
1653947947031852814 116.512525 0.000000
1653947947149177518 117.319722 0.000000
1653947947266728429 117.545639 0.000000
1653947947384002241 117.268810 0.000000
1653947947501173167 117.166637 0.000000
1653947947618614854 117.436926 0.000000
1653947947735357835 116.737282 0.000000
1653947947852955991 117.593460 0.000000
1653947947969921183 116.960973 0.000000
1653947948230784888 260.859565 0.000000
1653947948348334750 117.545060 0.000000
1653947948718360885 370.021519 0.000000
1653947948835405070 117.039885 0.000000
1653947948952751530 117.339438 0.000000
1653947949069588747 116.833598 0.000000
1653947949186934302 117.341942 0.000000
1653947949303402659 116.462849 0.000000
1653947949420820638 117.414025 0.000000
1653947949538467831 117.642978 0.000000
1653947949655520378 117.048163 0.000000
1653947949772066542 116.541341 0.000000
1653947949888802819 116.732250 0.000000
1653947950005948292 117.141649 0.000000
1653947950123881651 117.929650 0.000000
1653947950241173567 117.288026 0.000000
1653947950357960828 116.783140 0.000000
1653947950475776266 117.811694 0.000000
1653947950592347887 116.567462 0.000000
1653947950709284125 116.932457 0.000000
1653947950826416045 117.128256 0.000000
1653947950943632599 117.211558 0.000000
1653947951060086715 116.449479 0.000000
1653947951177783825 117.692840 0.000000
1653947951294264262 116.476378 0.000000
1653947951410956619 116.687910 0.000000
1653947951527856468 116.895643 0.000000
1653947951645107445 117.246128 0.000000
1653947951761688225 116.576835 0.000000
1653947951878635216 116.943207 0.000000
1653947951995909198 117.269979 0.000000
1653947952112337561 116.423546 0.000000
1653947952231621534 119.279677 0.000000
1653947952349050335 117.425092 0.000000
1653947952466340928 117.286488 0.000000
1653947952582622321 116.277479 0.000000
1653947952699848984 117.222589 0.000000
1653947952817092218 117.238642 0.000000
1653947952933577335 116.479873 0.000000
1653947953050168111 116.585288 0.000000
1653947953166786783 116.612411 0.000000
1653947953284037862 117.245787 0.000000
1653947953401539781 117.495649 0.000000
1653947953517845949 116.302199 0.000000
1653947953634250793 116.400759 0.000000
1653947953750716759 116.461711 0.000000
1653947953867973165 117.252633 0.000000
1653947953984610524 116.632896 0.000000
1653947954101823959 117.209409 0.000000
1653947954218483977 116.656348 0.000000
1653947954335337098 116.849267 0.000000
1653947954451732709 116.391947 0.000000
1653947954569023264 117.286499 0.000000
1653947954685676654 116.649484 0.000000
1653947954802976385 117.295491 0.000000
1653947954920600411 117.619842 0.000000
1653947955037910586 117.306205 0.000000
1653947955154418647 116.503816 0.000000
1653947955271908106 117.485284 0.000000
1653947955390389916 118.477578 0.000000
1653947955506943177 116.549227 0.000000
1653947955624097759 117.150518 0.000000
1653947955741187956 117.086110 0.000000
1653947955858585214 117.392682 0.000000
1653947955975451889 116.862811 0.000000
1653947956202429155 226.973342 0.000000
1653947956320645277 118.211641 0.000000
1653947956437367832 116.718656 0.000000
1653947956554072243 116.700612 0.000000
1653947956670251106 116.174874 0.000000
1653947956787894569 117.639830 0.000000
1653947956904435631 116.536676 0.000000
1653947957021485778 117.046007 0.000000
1653947957138519575 117.028219 0.000000
1653947957254910961 116.387418 0.000000
1653947957372063796 117.148950 0.000000
1653947957489318112 117.250172 0.000000
1653947957606807450 117.485554 0.000000
1653947957832252585 225.442581 0.000000
1653947957948763072 116.505829 0.000000
1653947958065834938 117.068358 0.000000
1653947958182960785 117.121403 0.000000
1653947958299428763 116.463007 0.000000
1653947958417885684 118.452224 0.000000
1653947958535240798 117.350876 0.000000
1653947958982594788 447.349996 0.000000
1653947959099323010 116.723205 0.000000
1653947959430373785 331.046689 0.000000
1653947959547639820 117.260872 0.000000
1653947959665317622 117.673638 0.000000
1653947959782474885 117.153309 0.000000
1653947959898971570 116.493221 0.000000
1653947960016456384 117.481171 0.000000
1653947960133472163 117.012220 0.000000
1653947960250800978 117.324219 0.000000
1653947960368305913 117.501146 0.000000
1653947960485737933 117.428248 0.000000
1653947960602647978 116.906361 0.000000
1653947960719166084 116.513731 0.000000
1653947960836367238 117.195343 0.000000
1653947961095298382 258.927480 0.000000
1653947961211748093 116.444128 0.000000
1653947961329289231 117.536653 0.000000
1653947961446684024 117.390031 0.000000
1653947961563121707 116.432702 0.000000
1653947961680633262 117.507044 0.000000
1653947961797337818 116.700532 0.000000
1653947961914553296 117.211894 0.000000
1653947962031039407 116.481375 0.000000
1653947962291643917 260.600065 0.000000
1653947962408512903 116.864536 0.000000
1653947962525022944 116.505906 0.000000
1653947962642333180 117.306050 0.000000
1653947962761139841 118.803007 0.000000
1653947962878189233 117.044751 0.000000
1653947963100897876 222.704164 0.000000
1653947963217907118 117.002932 0.000000
1653947963335414599 117.502179 0.000000
1653947963452577589 117.157737 0.000000
1653947963569650263 117.067717 0.000000
1653947963686893783 117.240277 0.000000
1653947963804067029 117.168197 0.000000
1653947964030233483 226.161683 0.000000
1653947964147127770 116.889812 0.000000
1653947964263779889 116.647649 0.000000
1653947964381144210 117.358940 0.000000
1653947964498974767 117.823965 0.000000
1653947964615993115 117.011911 0.000000
1653947964732420945 116.422925 0.000000
1653947964887118242 154.692911 0.000000
1653947965004313500 117.189891 0.000000
1653947965264468665 260.151050 0.000000
1653947965381675389 117.201923 0.000000
1653947965498196628 116.517221 0.000000
1653947965614909008 116.708818 0.000000
1653947965731034549 116.121120 0.000000
1653947965847381366 116.342915 0.000000
1653947965964012649 116.627451 0.000000
1653947966081465114 117.448135 0.000000
1653947966198850677 117.381563 0.000000
1653947966739440924 540.586583 0.000000
1653947966856485535 117.039127 0.000000
1653947967011892748 155.403132 0.000000
1653947967129074469 117.176742 0.000000
1653947967248680162 119.601574 0.000000
1653947967365497420 116.813940 0.000000
1653947967482175352 116.674241 0.000000
1653947967598776444 116.596656 0.000000
1653947967715976854 117.195914 0.000000
1653947967832555330 116.574191 0.000000
1653947967949788745 117.229549 0.000000
1653947968066156699 116.363847 0.000000
1653947968182712736 116.552496 0.000000
1653947968300006951 117.288741 0.000000
1653947968417157282 117.146373 0.000000
1653947968533715406 116.553879 0.000000
1653947968650027958 116.308653 0.000000
1653947968767406826 117.374548 0.000000
1653947968884134374 116.723567 0.000000
1653947969001194294 117.056326 0.000000
1653947969117654650 116.455383 0.000000
1653947969235082292 117.423462 0.000000
1653947969354071716 118.985223 0.000000
1653947969470175572 116.100041 0.000000
1653947969587293958 117.114458 0.000000
1653947969704647168 117.348163 0.000000
1653947969821354089 116.702314 0.000000
1653947969938499472 117.141460 0.000000
1653947970055913197 117.409846 0.000000
1653947970172548146 116.630982 0.000000
1653947970289934382 117.382837 0.000000
1653947970406685612 116.747527 0.000000
1653947970523978650 117.289154 0.000000
1653947970791061897 267.078751 0.000000
1653947970907633625 116.567228 0.000000
1653947971025320870 117.683672 0.000000
1653947971141843201 116.518624 0.000000
1653947971258991152 117.144303 0.000000
1653947971375396133 116.401263 0.000000
1653947971492747776 117.346285 0.000000
1653947971610088934 117.336965 0.000000
1653947971726712346 116.618516 0.000000
1653947971844064530 117.347398 0.000000
1653947971960635134 116.566249 0.000000
1653947972078827994 118.187669 0.000000
1653947972195830879 116.999141 0.000000
1653947972312924514 117.089616 0.000000
1653947972524761572 211.833375 0.000000
1653947972641655974 116.890016 0.000000
1653947972759456876 117.797279 0.000000
1653947972876781239 117.320735 0.000000
1653947972993761626 116.976738 0.000000
1653947973301327568 307.561361 0.000000
1653947973418154330 116.821751 0.000000
1653947973534972247 116.813172 0.000000
1653947973653805056 118.828523 0.000000
1653947973770653715 116.841527 0.000000
1653947973887764839 117.107091 0.000000
1653947974004309024 116.540270 0.000000
1653947974121749249 117.436446 0.000000
1653947974239110666 117.357192 0.000000
1653947974355993433 116.879003 0.000000
1653947974473121181 117.123544 0.000000
1653947974589903778 116.777932 0.000000
1653947974706097175 116.188776 0.000000
1653947974822908134 116.807120 0.000000
1653947974939962937 117.049856 0.000000
1653947975056524690 116.557281 0.000000
1653947975173453418 116.924363 0.000000
1653947975289966427 116.509075 0.000000
1653947975407438414 117.466315 0.000000
1653947975524722148 117.279458 0.000000
1653947975641277617 116.551399 0.000000
1653947975758168110 116.886346 0.000000
1653947975875426259 117.254682 0.000000
1653947975992022769 116.592811 0.000000
1653947976109291792 117.264568 0.000000
1653947976225784984 116.489383 0.000000
1653947976485280875 259.491361 0.000000
1653947976602432941 117.147536 0.000000
1653947976719793175 117.356152 0.000000
1653947976836585735 116.788654 0.000000
1653947976953514266 116.925045 0.000000
1653947977070218063 116.699532 0.000000
1653947977186926358 116.704300 0.000000
1653947977304065304 117.135437 0.000000
1653947977420719434 116.649810 0.000000
1653947977537089889 116.366556 0.000000
1653947977653527966 116.432669 0.000000
1653947977771790672 118.258762 0.000000
1653947977889502325 117.707889 0.000000
1653947978006895802 117.389523 0.000000
1653947978123835496 116.934682 0.000000
1653947978241336125 117.496495 0.000000
1653947978357831405 116.491060 0.000000
1653947978474457849 116.622836 0.000000
1653947978591403779 116.940221 0.000000
1653947978708782700 117.375206 0.000000
1653947978826162952 117.376163 0.000000
1653947978942507041 116.338784 0.000000
1653947979059097001 116.584638 0.000000
1653947979176158200 117.056849 0.000000
1653947979293537957 117.374725 0.000000
1653947979410177170 116.634782 0.000000
1653947979527039558 116.857792 0.000000
1653947979645253357 118.209233 0.000000
1653947979762703273 117.445991 0.000000
1653947979879446447 116.739449 0.000000
1653947979996639800 117.188977 0.000000
1653947980113593535 116.948863 0.000000
1653947980230525072 116.926085 0.000000
1653947980348109680 117.580593 0.000000
1653947980464606545 116.492380 0.000000
1653947980835234888 370.624319 0.000000
1653947980951883521 116.643020 0.000000
1653947981069316100 117.428439 0.000000
1653947981185755405 116.434830 0.000000
1653947981302396865 116.636564 0.000000
1653947981419843440 117.442686 0.000000
1653947981537198644 117.351325 0.000000
1653947981654269098 117.066703 0.000000
1653947981771816566 117.543291 0.000000
1653947981888569673 116.748183 0.000000
1653947982005938829 117.364816 0.000000
1653947982122733984 116.791603 0.000000
1653947982239718091 116.980373 0.000000
1653947982356568733 116.846732 0.000000
1653947982473027141 116.454123 0.000000
1653947982590133844 117.102488 0.000000
1653947982707773570 117.635502 0.000000
1653947982824509736 116.732369 0.000000
1653947982979779573 155.264627 0.000000
1653947983097301707 117.517228 0.000000
1653947983213939085 116.633103 0.000000
1653947983330784444 116.841388 0.000000
1653947983448025307 117.236373 0.000000
1653947983564528684 116.499167 0.000000
1653947983681387758 116.852940 0.000000
1653947983798538472 117.146173 0.000000
1653947983915656088 117.114135 0.000000
1653947984032948857 117.288909 0.000000
1653947984445521847 412.566919 0.000000
1653947984562185847 116.658554 0.000000
1653947984678667842 116.477610 0.000000
1653947984796113446 117.440707 0.000000
1653947984913645345 117.526923 0.000000
1653947985284081787 370.431630 0.000000
1653947985401221843 117.134714 0.000000
1653947985518846383 117.620161 0.000000
1653947985635350062 116.500121 0.000000
1653947985895824654 260.469030 0.000000
1653947986013487308 117.657657 0.000000
1653947986129993532 116.501305 0.000000
1653947986248654398 118.657529 0.000000
1653947986365043710 116.384931 0.000000
1653947986481475536 116.427516 0.000000
1653947986599003335 117.523094 0.000000
1653947986715668317 116.661057 0.000000
1653947986832271963 116.599496 0.000000
1653947986949386243 117.109143 0.000000
1653947987067034521 117.644519 0.000000
1653947987184279208 117.240141 0.000000
1653947987300956885 116.673337 0.000000
1653947987417805314 116.844285 0.000000
1653947987534862741 117.053277 0.000000
1653947987651850760 116.984055 0.000000
1653947987768277273 116.422408 0.000000
1653947987885641308 117.359580 0.000000
1653947988003107910 117.462556 0.000000
1653947988119804576 116.693332 0.000000
1653947988426167590 306.359164 0.000000
1653947988542886908 116.714265 0.000000
1653947988659774492 116.883725 0.000000
1653947988777612544 117.834254 0.000000
1653947988895407672 117.791289 0.000000
1653947989012733647 117.322151 0.000000
1653947989280975127 268.237330 0.000000
1653947989397976644 116.997117 0.000000
1653947989514990383 117.009403 0.000000
1653947989632432943 117.438089 0.000000
1653947989749334259 116.896113 0.000000
1653947989866298625 116.960142 0.000000
1653947989983491409 117.188674 0.000000
1653947990101146995 117.651246 0.000000
1653947990218416787 117.265853 0.000000
1653947990335680780 117.259828 0.000000
1653947990453005187 117.319620 0.000000
1653947990571185882 118.174595 0.000000
1653947990687468988 116.278444 0.000000
1653947990994620618 307.148068 0.000000
1653947991111758037 117.132778 0.000000
1653947991228423690 116.661389 0.000000
1653947991345772984 117.345275 0.000000
1653947991463525441 117.749103 0.000000
1653947991730055523 266.526151 0.000000
1653947991847489934 117.429950 0.000000
1653947991964213834 116.719379 0.000000
1653947992321072864 356.852944 0.000000
1653947992437858100 116.778006 0.000000
1653947992555470410 117.607734 0.000000
