1653947798752818248 319.937805 0.000000
1653947798911605753 158.781771 0.000000
1653947799068971371 157.360076 0.000000
1653947799226049350 157.072175 0.000000
1653947799382549093 156.494201 0.000000
1653947799540414381 157.859307 0.000000
1653947799696741456 156.322076 0.000000
1653947799852992878 156.247918 0.000000
1653947800009403854 156.405789 0.000000
1653947800164978356 155.568949 0.000000
1653947800321356685 156.373549 0.000000
1653947800478078650 156.718208 0.000000
1653947800634367161 156.284734 0.000000
1653947801845327189 1210.955333 0.000000
1653947802001808261 156.475853 0.000000
1653947802158951526 157.138926 0.000000
1653947802314340404 155.384993 0.000000
1653947802470869824 156.524336 0.000000
1653947802627448774 156.574000 0.000000
1653947802783379590 155.925253 0.000000
1653947802938980631 155.595304 0.000000
1653947803095391440 156.405492 0.000000
1653947803498734099 403.334425 0.000000
1653947803655462882 156.723086 0.000000
1653947803810880100 155.411899 0.000000
1653947803966975971 156.090566 0.000000
1653947804122661817 155.681489 0.000000
1653947804278596838 155.929926 0.000000
1653947804434516678 155.914650 0.000000
1653947804590304229 155.782734 0.000000
1653947804746232627 155.924481 0.000000
1653947804971642023 225.402125 0.000000
1653947805957064123 985.417874 0.000000
1653947806112284633 155.215970 0.000000
1653947806268178010 155.888750 0.000000
1653947806423236289 155.054162 0.000000
1653947806834157565 410.913975 0.000000
1653947806988602282 154.440070 0.000000
1653947807221159002 232.551000 0.000000
1653947807375261364 154.099026 0.000000
1653947807530513706 155.248908 0.000000
1653947807685080537 154.561960 0.000000
1653947807839895858 154.811006 0.000000
1653947807995573068 155.672306 0.000000
1653947808151147039 155.570041 0.000000
1653947808306490269 155.337848 0.000000
1653947808462495002 155.999406 0.000000
1653947808617145979 154.644731 0.000000
1653947809074759884 457.609668 0.000000
1653947809233232303 158.466625 0.000000
1653947809388424555 155.186875 0.000000
1653947809543643863 155.214167 0.000000
1653947809699063836 155.415039 0.000000
1653947809853843071 154.773684 0.000000
1653947810008762187 154.914083 0.000000
1653947810232646754 223.880200 0.000000
1653947810387860600 155.208739 0.000000
1653947810543263642 155.398015 0.000000
1653947810699037721 155.769524 0.000000
1653947810855589287 156.546664 0.000000
1653947811010657631 155.063197 0.000000
1653947811165854922 155.191839 0.000000
1653947811321679602 155.819072 0.000000
1653947811476695259 155.010502 0.000000
1653947811630778991 154.079482 0.000000
1653947811786206034 155.422908 0.000000
1653947812009573900 223.362974 0.000000
1653947812164347245 154.767637 0.000000
1653947812320012775 155.660499 0.000000
1653947812474973498 154.956011 0.000000
1653947812631844238 156.865358 0.000000
1653947813078655573 446.806894 0.000000
1653947813234192524 155.530698 0.000000
1653947813692939561 458.741339 0.000000
1653947813847699406 154.755131 0.000000
1653947814002258857 154.555331 0.000000
1653947814156983079 154.719532 0.000000
1653947814312369731 155.379224 0.000000
1653947814467194116 154.819839 0.000000
1653947814623031436 155.831737 0.000000
1653947814778800316 155.763974 0.000000
1653947814934320098 155.515066 0.000000
1653947815089151227 154.826459 0.000000
1653947815244339517 155.183799 0.000000
1653947815399698061 155.352949 0.000000
1653947815555004180 155.301689 0.000000
1653947815709934169 154.925122 0.000000
1653947815864884289 154.944743 0.000000
1653947816252815578 387.925466 0.000000
1653947816407810687 154.989960 0.000000
1653947816562765131 154.949312 0.000000
1653947816963676159 400.906593 0.000000
1653947817119094159 155.412619 0.000000
1653947817273537724 154.438213 0.000000
1653947817428241730 154.698883 0.000000
1653947817583769791 155.523309 0.000000
1653947817738300854 154.525826 0.000000
1653947817892818607 154.512906 0.000000
1653947818437999314 545.175786 0.000000
1653947818592462952 154.458488 0.000000
1653947818747268459 154.801012 0.000000
1653947818901627115 154.352426 0.000000
1653947819056854745 155.222188 0.000000
1653947819458082082 401.222234 0.000000
1653947819612713378 154.626071 0.000000
1653947819836492018 223.774399 0.000000
1653947819992826235 156.328809 0.000000
1653947820147598544 154.767158 0.000000
1653947820302841751 155.237880 0.000000
1653947820457697668 154.851299 0.000000
1653947820612398758 154.695569 0.000000
1653947820767070501 154.667918 0.000000
1653947820921992393 154.917253 0.000000
1653947821076995425 154.999774 0.000000
1653947821231736534 154.737874 0.000000
1653947821386578258 154.837430 0.000000
1653947821541972399 155.389557 0.000000
1653947821696397917 154.421021 0.000000
1653947821851979595 155.577277 0.000000
1653947822007417124 155.431695 0.000000
1653947822162130018 154.707697 0.000000
1653947822316168649 154.033805 0.000000
1653947822471072351 154.898661 0.000000
1653947822626657031 155.579754 0.000000
1653947822781126989 154.463324 0.000000
1653947822936188148 155.056292 0.000000
1653947823091265397 155.072513 0.000000
1653947823246585866 155.316139 0.000000
1653947823401353294 154.762487 0.000000
1653947823556554658 155.196001 0.000000
1653947823711591641 155.032010 0.000000
1653947823866804862 155.210226 0.000000
1653947824022370898 155.561224 0.000000
1653947824177196004 154.820645 0.000000
1653947824331384751 154.183690 0.000000
1653947824486539222 155.150086 0.000000
1653947824641117455 154.573446 0.000000
1653947824795211642 154.089115 0.000000
1653947824950691591 155.474346 0.000000
1653947825105417330 154.720827 0.000000
1653947825494683613 389.259907 0.000000
1653947825649587582 154.898773 0.000000
1653947825804011777 154.419884 0.000000
1653947825959243547 155.226709 0.000000
1653947826114422464 155.175252 0.000000
1653947826269651045 155.223078 0.000000
1653947826424618901 154.963435 0.000000
1653947826580939459 156.315778 0.000000
1653947826735505135 154.561397 0.000000
1653947826891085916 155.575343 0.000000
1653947827046674453 155.583681 0.000000
1653947827201036188 154.357375 0.000000
1653947827355852123 154.810798 0.000000
1653947827510283801 154.427727 0.000000
1653947827965993869 455.705320 0.000000
1653947828120507976 154.510129 0.000000
1653947828275744138 155.232019 0.000000
1653947828430208615 154.459781 0.000000
1653947828584422218 154.208672 0.000000
1653947828738771754 154.344303 0.000000
1653947828893165160 154.387533 0.000000
1653947829347997565 454.827388 0.000000
1653947829502927663 154.924695 0.000000
1653947829657974623 155.042614 0.000000
1653947829813079472 155.098795 0.000000
1653947829967079032 153.993811 0.000000
1653947830123738684 156.655062 0.000000
1653947830279186253 155.443395 0.000000
1653947830434370997 155.180685 0.000000
1653947830589522517 155.147299 0.000000
1653947830744194074 154.667830 0.000000
1653947830899687440 155.489041 0.000000
1653947831293958530 394.267181 0.000000
1653947831449043630 155.078715 0.000000
1653947831603673036 154.624314 0.000000
1653947831758009812 154.330301 0.000000
1653947831912984526 154.970544 0.000000
1653947832067659302 154.669970 0.000000
1653947832222135840 154.472159 0.000000
1653947832377363296 155.222188 0.000000
1653947832532173049 154.805490 0.000000
1653947832930108433 397.931239 0.000000
1653947833085265889 155.152480 0.000000
1653947833239891979 154.621184 0.000000
1653947833695381906 455.485567 0.000000
1653947833849891250 154.504314 0.000000
1653947834495632276 645.736891 0.000000
1653947834650134919 154.497656 0.000000
1653947834804202279 154.060374 0.000000
1653947834958636592 154.429657 0.000000
1653947835112769133 154.127961 0.000000
1653947835267752686 154.978537 0.000000
1653947835423046390 155.288362 0.000000
1653947835577187907 154.136785 0.000000
1653947835731276064 154.083998 0.000000
1653947835886388998 155.108754 0.000000
1653947836041560754 155.166799 0.000000
1653947836197137550 155.572757 0.000000
1653947836352495743 155.354169 0.000000
1653947836507230030 154.730499 0.000000
1653947836661836526 154.602421 0.000000
1653947836816144372 154.303557 0.000000
1653947836971409945 155.261764 0.000000
1653947837125750822 154.336913 0.000000
1653947837280073927 154.318394 0.000000
1653947837435199388 155.121010 0.000000
1653947837589680340 154.476707 0.000000
1653947837743614968 153.928729 0.000000
1653947837897643188 154.024098 0.000000
1653947838052714877 155.067845 0.000000
1653947838207683577 154.963913 0.000000
1653947838362111545 154.423202 0.000000
1653947838516082911 153.966675 0.000000
1653947838670976741 154.889066 0.000000
1653947838825075414 154.094075 0.000000
1653947838979438319 154.358323 0.000000
1653947839133570625 154.127894 0.000000
1653947839530926681 397.348544 0.000000
1653947839686217222 155.286127 0.000000
1653947840132816912 446.594871 0.000000
1653947840287308625 154.487947 0.000000
1653947840441757093 154.444042 0.000000
1653947840597339621 155.577938 0.000000
1653947840752641377 155.296936 0.000000
1653947840907701512 155.056406 0.000000
1653947841062714871 155.007101 0.000000
1653947841217279689 154.560237 0.000000
1653947841372490351 155.205401 0.000000
1653947841595993827 223.499555 0.000000
1653947841750079727 154.080455 0.000000
1653947841904233332 154.148083 0.000000
1653947842059535428 155.297229 0.000000
1653947842448680311 389.137292 0.000000
1653947842602707397 154.020706 0.000000
1653947842756852997 154.141782 0.000000
1653947842911061104 154.204132 0.000000
1653947843066195909 155.130144 0.000000
1653947843220348004 154.148185 0.000000
1653947843618766956 398.415061 0.000000
1653947843773315406 154.544090 0.000000
1653947843927766885 154.447468 0.000000
1653947844082397417 154.625725 0.000000
1653947844237745024 155.342806 0.000000
1653947844392948662 155.198551 0.000000
1653947844548116812 155.164006 0.000000
1653947844702855677 154.734197 0.000000
1653947844857500928 154.640739 0.000000
1653947845011841431 154.336026 0.000000
1653947845166175249 154.329734 0.000000
1653947845320196812 154.017263 0.000000
1653947845474744463 154.542279 0.000000
1653947845629309419 154.560786 0.000000
1653947845783346088 154.032589 0.000000
1653947846179543849 396.193947 0.000000
1653947846334782068 155.233053 0.000000
1653947846489818384 155.031900 0.000000
1653947846645062167 155.239288 0.000000
1653947846799326057 154.259621 0.000000
1653947846954579999 155.250278 0.000000
1653947847109829083 155.244584 0.000000
1653947847264315895 154.482457 0.000000
1653947847421297491 156.974309 0.000000
1653947847575498789 154.196190 0.000000
1653947847730015366 154.512694 0.000000
1653947847885113475 155.093799 0.000000
1653947848040441531 155.324473 0.000000
1653947848194983626 154.534708 0.000000
1653947848349344563 154.356673 0.000000
1653947848504615186 155.264603 0.000000
1653947848658940862 154.321377 0.000000
1653947848813594546 154.649318 0.000000
1653947848968768404 155.169628 0.000000
1653947849124115272 155.342418 0.000000
1653947849279033685 154.914213 0.000000
1653947849434035642 154.998218 0.000000
1653947849588417901 154.378393 0.000000
1653947849742690414 154.267680 0.000000
1653947849896872515 154.177605 0.000000
1653947850052043913 155.167273 0.000000
1653947850206688746 154.640665 0.000000
1653947850361162554 154.469513 0.000000
1653947850515152647 153.984851 0.000000
1653947850672360758 157.202682 0.000000
1653947850826590531 154.225542 0.000000
1653947850981050737 154.455190 0.000000
1653947851135916832 154.861333 0.000000
1653947851291042582 155.120172 0.000000
1653947851446406968 155.359023 0.000000
1653947851670652446 224.240531 0.000000
1653947851825789799 155.132171 0.000000
1653947851980704666 154.910860 0.000000
1653947852135202306 154.493942 0.000000
1653947852580322477 445.116191 0.000000
1653947852734431244 154.103620 0.000000
1653947853190114440 455.678205 0.000000
1653947853344612690 154.493099 0.000000
1653947853499120302 154.503723 0.000000
1653947853654285704 155.160762 0.000000
1653947853808476069 154.186255 0.000000
1653947853962695942 154.216009 0.000000
1653947854361972611 399.272153 0.000000
1653947854750555656 388.577543 0.000000
1653947854905163657 154.602680 0.000000
1653947855060129707 154.962223 0.000000
1653947855214586313 154.451955 0.000000
1653947855368943293 154.352735 0.000000
1653947855524094734 155.147326 0.000000
1653947855678526437 154.425715 0.000000
1653947855833611549 155.080671 0.000000
1653947855988039328 154.421966 0.000000
1653947856142646392 154.602899 0.000000
1653947856297376527 154.724626 0.000000
1653947856452643791 155.262411 0.000000
1653947856606614209 153.964885 0.000000
1653947857352678534 746.059800 0.000000
1653947857507297440 154.613518 0.000000
1653947857661440283 154.138138 0.000000
1653947857815769085 154.324878 0.000000
1653947857972257001 156.484001 0.000000
1653947858126531931 154.270510 0.000000
1653947858280711193 154.174987 0.000000
1653947858434853284 154.138021 0.000000
1653947858588927052 154.068776 0.000000
1653947858744219632 155.283033 0.000000
1653947858899114513 154.890145 0.000000
1653947859053868578 154.748592 0.000000
1653947859209025384 155.152175 0.000000
1653947859364574028 155.543758 0.000000
1653947859519606608 155.028356 0.000000
1653947859673978661 154.368401 0.000000
1653947859828856036 154.873985 0.000000
1653947859983778890 154.918590 0.000000
1653947860139429030 155.645860 0.000000
1653947860294007086 154.573837 0.000000
1653947860448763167 154.751811 0.000000
1653947860604531556 155.763141 0.000000
1653947860760226504 155.690066 0.000000
1653947860914843221 154.611751 0.000000
1653947861069945887 155.098694 0.000000
1653947861225131740 155.181097 0.000000
1653947861379942677 154.806474 0.000000
1653947861534421742 154.475772 0.000000
1653947861689910705 155.484648 0.000000
1653947861844834905 154.920075 0.000000
1653947861999257805 154.418740 0.000000
1653947862153669162 154.406561 0.000000
1653947862308768658 155.093242 0.000000
1653947862533304379 224.530769 0.000000
1653947862688760214 155.450771 0.000000
1653947862843761682 154.997027 0.000000
1653947862999280252 155.513363 0.000000
1653947863153742110 154.454691 0.000000
1653947863308923265 155.175617 0.000000
1653947864440268525 1131.339036 0.000000
1653947864594456160 154.182274 0.000000
1653947864749647221 155.166736 0.000000
1653947864906236162 156.583428 0.000000
1653947865061590973 155.348898 0.000000
1653947865216464675 154.868020 0.000000
1653947865370578878 154.109126 0.000000
1653947865769006555 398.423489 0.000000
1653947865924284934 155.271653 0.000000
1653947866912673036 988.382370 0.000000
1653947867067727579 155.049642 0.000000
1653947867222355617 154.623860 0.000000
1653947867377258535 154.898022 0.000000
1653947867531409626 154.145814 0.000000
1653947867685705532 154.291051 0.000000
1653947867840017637 154.308034 0.000000
1653947868063876189 223.853245 0.000000
1653947868219668794 155.788975 0.000000
1653947868374431134 154.757162 0.000000
1653947868528998044 154.559353 0.000000
1653947868683676550 154.674123 0.000000
1653947868838600230 154.919365 0.000000
1653947868993910699 155.305963 0.000000
1653947869149067610 155.153374 0.000000
1653947869303443761 154.370433 0.000000
1653947869458781047 155.333291 0.000000
1653947869613513791 154.727311 0.000000
1653947869768332145 154.814635 0.000000
1653947869922850117 154.512980 0.000000
1653947870077463799 154.608970 0.000000
1653947870231648173 154.179132 0.000000
1653947870386830783 155.177669 0.000000
1653947870542345974 155.511321 0.000000
1653947871218821618 676.471209 0.000000
1653947871374175334 155.348594 0.000000
1653947871529673200 155.491927 0.000000
1653947871684627141 154.948599 0.000000
1653947872139484486 454.850631 0.000000
1653947872529499728 390.010020 0.000000
1653947872684401753 154.897308 0.000000
1653947872838685951 154.278395 0.000000
1653947872993755596 155.065134 0.000000
1653947873148807483 155.047923 0.000000
1653947873303385518 154.573345 0.000000
1653947873457545161 154.155237 0.000000
1653947873611708694 154.158903 0.000000
1653947873766757493 155.044513 0.000000
1653947873921265295 154.503577 0.000000
1653947874075670394 154.398674 0.000000
1653947874230099421 154.424286 0.000000
1653947874384760778 154.655959 0.000000
1653947874539662585 154.897236 0.000000
1653947874693829865 154.162123 0.000000
1653947874847998094 154.163108 0.000000
1653947875002199039 154.196337 0.000000
1653947875157429510 155.226073 0.000000
1653947875311972414 154.539389 0.000000
1653947875467270346 155.293456 0.000000
1653947875930222863 462.947601 0.000000
1653947876085778503 155.550423 0.000000
1653947876546813515 461.030512 0.000000
1653947876701372465 154.552975 0.000000
1653947877147142834 445.766444 0.000000
1653947877302104982 154.955822 0.000000
1653947877456492855 154.383243 0.000000
1653947877611154330 154.656748 0.000000
1653947877765595192 154.436828 0.000000
1653947877920965629 155.364473 0.000000
1653947878075822933 154.851801 0.000000
1653947878230634505 154.805904 0.000000
1653947878385317704 154.678753 0.000000
1653947878540215922 154.893532 0.000000
1653947878764414485 224.193346 0.000000
1653947878920082007 155.662871 0.000000
1653947879074263268 154.177333 0.000000
1653947879229457969 155.190181 0.000000
1653947879384601746 155.138227 0.000000
1653947879541799394 157.192154 0.000000
1653947879696543691 154.739274 0.000000
1653947879851768115 155.219908 0.000000
1653947880006436277 154.664098 0.000000
1653947880162046483 155.605545 0.000000
1653947880316186326 154.135468 0.000000
1653947880471384590 155.193402 0.000000
1653947880626122513 154.733498 0.000000
1653947880780787136 154.659516 0.000000
1653947880935645272 154.852729 0.000000
1653947881090684196 155.034740 0.000000
1653947881536585981 445.898075 0.000000
1653947881691507768 154.916738 0.000000
1653947881845914164 154.402483 0.000000
1653947882000355475 154.437272 0.000000
1653947882155340485 154.980291 0.000000
1653947882310636470 155.292186 0.000000
1653947882465094491 154.453915 0.000000
1653947882620571059 155.471312 0.000000
1653947882775961296 155.386083 0.000000
1653947882932634843 156.669314 0.000000
1653947883087250653 154.612283 0.000000
1653947883242581456 155.326567 0.000000
1653947883397102903 154.517427 0.000000
1653947883551772443 154.665492 0.000000
1653947883706816917 155.040414 0.000000
1653947883861360555 154.540040 0.000000
1653947884016218178 154.853940 0.000000
1653947884170620020 154.395883 0.000000
1653947884325101915 154.477613 0.000000
1653947884858197433 533.091490 0.000000
1653947885012629625 154.426845 0.000000
1653947885167131855 154.497539 0.000000
1653947885321479306 154.343366 0.000000
1653947885476476390 154.992193 0.000000
1653947885630927381 154.446445 0.000000
1653947885785462447 154.531097 0.000000
1653947885939774871 154.308013 0.000000
1653947886094421869 154.642131 0.000000
1653947886249638971 155.213491 0.000000
1653947886404643588 155.000218 0.000000
1653947886559833356 155.185677 0.000000
1653947886715304059 155.466877 0.000000
1653947886870689794 155.381510 0.000000
1653947887025114359 154.420534 0.000000
1653947887179378352 154.258386 0.000000
1653947887334752260 155.369649 0.000000
1653947887490195255 155.437602 0.000000
1653947887644486162 154.285252 0.000000
1653947887799579512 155.090662 0.000000
1653947887954790016 155.206625 0.000000
1653947888109073765 154.279614 0.000000
1653947888264415993 155.336480 0.000000
1653947888419686956 155.266427 0.000000
1653947888574577846 154.883923 0.000000
1653947888729482510 154.899941 0.000000
1653947888884054071 154.567653 0.000000
1653947889038580617 154.522406 0.000000
1653947889429640932 391.055669 0.000000
1653947889584201357 154.554768 0.000000
1653947889739679787 155.473909 0.000000
1653947889894143136 154.458694 0.000000
1653947890048512286 154.363933 0.000000
1653947890203851973 155.334117 0.000000
1653947890359083395 155.226199 0.000000
1653947890513798384 154.710518 0.000000
1653947890969492213 455.687990 0.000000
1653947891124719344 155.221864 0.000000
1653947891280071639 155.347661 0.000000
1653947891434450059 154.374126 0.000000
1653947891589744473 155.290204 0.000000
1653947891978310740 388.562473 0.000000
1653947892132827226 154.505771 0.000000
1653947892288552119 155.720819 0.000000
1653947892443278336 154.721175 0.000000
1653947892597869098 154.585465 0.000000
1653947892753193687 155.320638 0.000000
1653947892908557170 155.358701 0.000000
1653947893063669965 155.107999 0.000000
1653947893217704889 154.030845 0.000000
1653947893373085912 155.376923 0.000000
1653947893527670698 154.580132 0.000000
1653947893682191985 154.517818 0.000000
1653947893837408981 155.188833 0.000000
1653947893991880678 154.467299 0.000000
1653947894147306051 155.422229 0.000000
1653947894302166603 154.856498 0.000000
1653947894457387523 155.216144 0.000000
1653947894612274346 154.882137 0.000000
1653947894767350624 155.072183 0.000000
1653947894921988962 154.633516 0.000000
1653947895077164514 155.171124 0.000000
1653947895231792930 154.624132 0.000000
1653947895626525047 394.727075 0.000000
1653947895781101016 154.571123 0.000000
1653947895936492917 155.387160 0.000000
1653947896091873210 155.375549 0.000000
1653947896246712982 154.835411 0.000000
1653947896401141934 154.421630 0.000000
1653947896555739838 154.592792 0.000000
1653947896711140188 155.395950 0.000000
1653947896865337000 154.192296 0.000000
1653947897020335190 154.993128 0.000000
1653947897175155661 154.815645 0.000000
1653947897330096370 154.936886 0.000000
1653947897484667986 154.567571 0.000000
1653947897639702616 155.029803 0.000000
1653947897794057630 154.349396 0.000000
1653947897948533289 154.471926 0.000000
1653947898103065534 154.528190 0.000000
1653947898257264484 154.194545 0.000000
1653947898411470576 154.201912 0.000000
1653947898565532592 154.057596 0.000000
1653947898720890912 155.354019 0.000000
1653947899701420302 980.524333 0.000000
1653947900101762739 400.337220 0.000000
1653947900256710939 154.943203 0.000000
1653947900411493663 154.778214 0.000000
1653947900565913760 154.414980 0.000000
1653947900721215922 155.298368 0.000000
1653947900876817068 155.597032 0.000000
1653947901032100541 155.279403 0.000000
1653947901186533812 154.428125 0.000000
1653947901341161997 154.623674 0.000000
1653947901496001423 154.835612 0.000000
1653947901651321419 155.316176 0.000000
1653947901806668890 155.343402 0.000000
1653947901962015845 155.342379 0.000000
1653947902116705155 154.684855 0.000000
1653947902270863226 154.153159 0.000000
1653947902426009819 155.142568 0.000000
1653947903173718811 747.704689 0.000000
1653947903328862619 155.139426 0.000000
1653947903483702418 154.835680 0.000000
1653947903638622328 154.915018 0.000000
1653947904089696402 451.069944 0.000000
1653947904244600128 154.898705 0.000000
1653947904399703434 155.098915 0.000000
1653947904554432303 154.723994 0.000000
1653947904709872913 155.435337 0.000000
1653947904865061967 155.183511 0.000000
1653947905019523130 154.457997 0.000000
1653947905174213870 154.686791 0.000000
1653947905328814752 154.596331 0.000000
1653947905483444024 154.624491 0.000000
1653947905706814873 223.366775 0.000000
1653947905861458855 154.639356 0.000000
1653947906016937316 155.473925 0.000000
1653947906172448412 155.506961 0.000000
1653947906327693450 155.241244 0.000000
1653947906482802869 155.105514 0.000000
1653947906938945561 456.138850 0.000000
1653947907093653239 154.703087 0.000000
1653947907249430201 155.771645 0.000000
1653947907403989295 154.553590 0.000000
1653947907558721368 154.727766 0.000000
1653947907713361924 154.635976 0.000000
1653947907867757862 154.392862 0.000000
1653947908022176548 154.415551 0.000000
1653947908177467645 155.287298 0.000000
1653947908332941983 155.470420 0.000000
1653947908487901124 154.955201 0.000000
1653947908643114872 155.209909 0.000000
1653947908798246318 155.127317 0.000000
1653947908952971896 154.719449 0.000000
1653947909108105615 155.129257 0.000000
1653947909262724280 154.615055 0.000000
1653947909417338949 154.611121 0.000000
1653947909572097339 154.754590 0.000000
1653947909726660627 154.559379 0.000000
1653947909951143526 224.478518 0.000000
1653947910106930249 155.781675 0.000000
1653947910262408237 155.473821 0.000000
1653947910416785047 154.373032 0.000000
1653947910572374987 155.585905 0.000000
1653947910727935979 155.556863 0.000000
1653947910882387970 154.448026 0.000000
1653947911038017441 155.625211 0.000000
1653947911193248616 155.226143 0.000000
1653947911348069116 154.816391 0.000000
1653947911502104817 154.031242 0.000000
1653947911657118301 155.009741 0.000000
1653947911812704246 155.581654 0.000000
1653947911967019853 154.311162 0.000000
1653947912121727215 154.702586 0.000000
1653947912276611592 154.879436 0.000000
1653947912431332390 154.716979 0.000000
1653947912585559686 154.222510 0.000000
1653947912739832673 154.268666 0.000000
1653947912894605391 154.769242 0.000000
1653947913049921265 155.310940 0.000000
1653947913204429168 154.503817 0.000000
1653947913359838851 155.404842 0.000000
1653947913514301577 154.458281 0.000000
1653947913669383197 155.073241 0.000000
1653947914374667931 705.279386 0.000000
1653947914529776803 155.103404 0.000000
1653947914684425592 154.643061 0.000000
1653947914839887494 155.456530 0.000000
1653947914995283835 155.392387 0.000000
1653947915150376666 155.088682 0.000000
1653947915304496026 154.115939 0.000000
1653947915460296519 155.796594 0.000000
1653947915615168550 154.867234 0.000000
1653947915769804012 154.631563 0.000000
1653947916225758448 455.950567 0.000000
1653947916380395191 154.631460 0.000000
1653947916833283441 452.884175 0.000000
1653947916988073300 154.784371 0.000000
1653947917143981212 155.902324 0.000000
1653947917298959177 154.972773 0.000000
1653947917454388806 155.424928 0.000000
1653947917609262804 154.869477 0.000000
1653947917764714154 155.446593 0.000000
1653947917920127487 155.409033 0.000000
1653947918074987687 154.855709 0.000000
1653947918229548792 154.556835 0.000000
1653947918384267139 154.713756 0.000000
1653947918539508039 155.236991 0.000000
1653947918694381846 154.870093 0.000000
1653947918848749526 154.363836 0.000000
1653947919004236027 155.482286 0.000000
1653947919159383490 155.143673 0.000000
1653947919314233764 154.846816 0.000000
1653947919859898636 545.660657 0.000000
1653947920014777674 154.874152 0.000000
1653947920169025294 154.243100 0.000000
1653947920327277304 158.247640 0.000000
1653947920481646341 154.364847 0.000000
1653947920636600759 154.949822 0.000000
1653947920791883248 155.278980 0.000000
1653947921236656851 444.769896 0.000000
1653947921391875697 155.213333 0.000000
1653947921546574745 154.694352 0.000000
1653947921701090712 154.511396 0.000000
1653947921856456089 155.361427 0.000000
1653947922011015171 154.554928 0.000000
1653947922166958348 155.939143 0.000000
1653947922321607565 154.645488 0.000000
1653947922476252811 154.640807 0.000000
1653947922630438305 154.179680 0.000000
1653947922785747218 155.304268 0.000000
1653947922941249547 155.498274 0.000000
1653947923096774327 155.520741 0.000000
1653947924014665508 917.887264 0.000000
1653947924169444663 154.773355 0.000000
1653947924325021724 155.571848 0.000000
1653947924480274581 155.247710 0.000000
1653947924634969736 154.690845 0.000000
1653947924790642283 155.667034 0.000000
1653947924945234781 154.587235 0.000000
1653947925100396705 155.157830 0.000000
1653947925254880709 154.480095 0.000000
1653947925409789445 154.902742 0.000000
1653947925565073493 155.279382 0.000000
1653947926265066569 699.988781 0.000000
1653947926420516250 155.444227 0.000000
1653947926575365949 154.845836 0.000000
1653947926730362127 154.992214 0.000000
1653947926885444199 155.078149 0.000000
1653947927041328462 155.880444 0.000000
1653947927195817821 154.485235 0.000000
1653947927351610589 155.788193 0.000000
1653947927506657965 155.043166 0.000000
1653947927662078580 155.416059 0.000000
1653947927817096401 155.014005 0.000000
1653947927972570702 155.470000 0.000000
1653947928127821149 155.246477 0.000000
1653947928283330144 155.505233 0.000000
1653947928439059645 155.724464 0.000000
1653947928593784504 154.719563 0.000000
1653947928748241765 154.451791 0.000000
1653947928903507206 155.261538 0.000000
1653947929058495499 154.984073 0.000000
1653947929214110943 155.610733 0.000000
1653947929369589720 155.473875 0.000000
1653947929524763428 155.168460 0.000000
1653947929680268380 155.500762 0.000000
1653947929835056146 154.783323 0.000000
1653947929990086190 155.024394 0.000000
1653947930144940850 154.850899 0.000000
1653947930300473541 155.526792 0.000000
1653947930454883869 154.406108 0.000000
1653947930610328726 155.439720 0.000000
1653947930766968190 156.635150 0.000000
1653947930922104286 155.132483 0.000000
1653947931076885282 154.776486 0.000000
1653947931231886863 154.997475 0.000000
1653947931620862760 388.971627 0.000000
1653947931775991516 155.123499 0.000000
1653947931931152282 155.156641 0.000000
1653947932085359201 154.202904 0.000000
1653947932240563712 155.199680 0.000000
1653947932396034171 155.466655 0.000000
1653947932551416075 155.377864 0.000000
1653947932706342380 154.921694 0.000000
1653947932860838204 154.491429 0.000000
1653947933015468742 154.626162 0.000000
1653947933170116032 154.642911 0.000000
1653947933325605334 155.484957 0.000000
1653947933481089204 155.479815 0.000000
1653947933636454759 155.362288 0.000000
1653947933860797971 224.339338 0.000000
1653947934016910316 156.108446 0.000000
1653947934171961505 155.047104 0.000000
1653947934326708005 154.742516 0.000000
1653947934715328183 388.615066 0.000000
1653947934871429151 156.094718 0.000000
1653947935026646535 155.212934 0.000000
1653947935181183101 154.532667 0.000000
1653947935638059242 456.872021 0.000000
1653947935793998267 155.933497 0.000000
1653947935949725656 155.722317 0.000000
1653947936104384420 154.654971 0.000000
1653947936259553395 155.164935 0.000000
1653947936414520661 154.963146 0.000000
1653947936569822876 155.298366 0.000000
1653947936725203932 155.376772 0.000000
1653947936879871469 154.664235 0.000000
1653947937035019440 155.144128 0.000000
1653947937190356464 155.332619 0.000000
1653947937345873387 155.513109 0.000000
1653947937501285090 155.407739 0.000000
1653947937656992179 155.703060 0.000000
1653947937811573823 154.578051 0.000000
1653947937966515363 154.936574 0.000000
1653947938121204993 154.685741 0.000000
1653947938511126511 389.917308 0.000000
1653947938666098431 154.966362 0.000000
1653947938821531960 155.429039 0.000000
1653947938977537034 156.001090 0.000000
1653947939132783061 155.241752 0.000000
1653947939288051308 155.264254 0.000000
1653947939443902716 155.846346 0.000000
1653947939599221978 155.315306 0.000000
1653947939753793606 154.567819 0.000000
1653947939909566564 155.768178 0.000000
1653947940064698432 155.126729 0.000000
1653947940219157944 154.454927 0.000000
1653947940374520741 155.358526 0.000000
1653947940529078928 154.553506 0.000000
1653947940686334984 157.251586 0.000000
1653947940841664964 155.325705 0.000000
1653947940997015472 155.345927 0.000000
1653947941152006411 154.986944 0.000000
1653947941307213452 155.203194 0.000000
1653947941753435929 446.218137 0.000000
1653947942199222502 445.780685 0.000000
1653947942354013118 154.784353 0.000000
1653947942509741025 155.723763 0.000000
1653947942665767675 156.021895 0.000000
1653947943117745510 451.974850 0.000000
1653947943569505200 451.754422 0.000000
1653947943724752856 155.241657 0.000000
1653947943879340414 154.583744 0.000000
1653947944034400110 155.056393 0.000000
1653947944189040957 154.637103 0.000000
1653947944344011914 154.966757 0.000000
1653947944499308698 155.292605 0.000000
1653947944656156797 156.844180 0.000000
1653947944811476420 155.316097 0.000000
1653947944966861294 155.380779 0.000000
1653947945121864275 154.999032 0.000000
1653947945346248421 224.379706 0.000000
1653947945501101108 154.847630 0.000000
1653947945656344311 155.239285 0.000000
1653947945811919407 155.570650 0.000000
1653947945966556552 154.633306 0.000000
1653947946121995520 155.434001 0.000000
1653947946276241159 154.241350 0.000000
1653947946431635118 155.389468 0.000000
1653947946586049868 154.410248 0.000000
1653947946740686123 154.632444 0.000000
1653947946895755186 155.065099 0.000000
1653947947050777077 155.016732 0.000000
1653947947205263630 154.480182 0.000000
1653947947360179335 154.910928 0.000000
1653947947515266324 155.081957 0.000000
1653947947670762965 155.490412 0.000000
1653947947826522311 155.755292 0.000000
1653947948227519884 400.993263 0.000000
1653947948382905897 155.381156 0.000000
1653947948538859281 155.948897 0.000000
1653947948694134359 155.271008 0.000000
1653947948848656404 154.517294 0.000000
1653947949003698657 155.037188 0.000000
1653947949459865512 456.162172 0.000000
1653947949615231006 155.359681 0.000000
1653947949770177562 154.942341 0.000000
1653947949926324391 156.141458 0.000000
1653947950081343476 155.015195 0.000000
1653947950527294758 445.947234 0.000000
1653947950682307161 155.006789 0.000000
1653947950836627060 154.315814 0.000000
1653947950991044681 154.413592 0.000000
1653947951817723891 826.675246 0.000000
1653947951972643452 154.914479 0.000000
1653947952128060533 155.412030 0.000000
1653947952283444583 155.379339 0.000000
1653947952438210220 154.761538 0.000000
1653947952593624925 155.410887 0.000000
1653947952748610050 154.980966 0.000000
1653947952903384668 154.770377 0.000000
1653947953058860787 155.471192 0.000000
1653947953214388624 155.521824 0.000000
1653947953369178873 154.785101 0.000000
1653947953524586171 155.402176 0.000000
1653947953679440308 154.849977 0.000000
1653947953834714307 155.270005 0.000000
1653947953990166479 155.439488 0.000000
1653947954145523473 155.353016 0.000000
1653947954300703165 155.175581 0.000000
1653947954455370810 154.664291 0.000000
1653947954611055401 155.680346 0.000000
1653947954765914609 154.855008 0.000000
1653947954920806130 154.886729 0.000000
1653947955077556765 156.745747 0.000000
1653947955464209929 386.649069 0.000000
1653947955619403514 155.187651 0.000000
1653947955775087458 155.679530 0.000000
1653947955929710525 154.618319 0.000000
1653947957085711064 1155.996657 0.000000
1653947957240645425 154.929369 0.000000
1653947957396207839 155.557718 0.000000
1653947957551353807 155.141557 0.000000
1653947957775951433 224.593371 0.000000
1653947957931373155 155.416846 0.000000
1653947958085720571 154.342620 0.000000
1653947958240603883 154.878194 0.000000
1653947958395865382 155.257430 0.000000
1653947958551116428 155.247047 0.000000
1653947958705981049 154.859505 0.000000
1653947958860910672 154.925568 0.000000
1653947959251244030 390.329067 0.000000
1653947959406898662 155.648301 0.000000
1653947959562630032 155.727510 0.000000
1653947959716971057 154.336950 0.000000
1653947960173440247 456.465140 0.000000
1653947960329101563 155.655503 0.000000
1653947960483459902 154.354110 0.000000
1653947960639570729 156.106802 0.000000
1653947960794204322 154.629183 0.000000
1653947960949706550 155.497592 0.000000
1653947961105119985 155.409165 0.000000
1653947961260432645 155.308375 0.000000
1653947961716012549 455.575894 0.000000
1653947961870937503 154.920264 0.000000
1653947962026254595 155.313247 0.000000
1653947962918419955 892.161065 0.000000
1653947963073300351 154.875331 0.000000
1653947963228132447 154.828734 0.000000
1653947963383942517 155.804377 0.000000
1653947963540618821 156.672406 0.000000
1653947963695327701 154.704155 0.000000
1653947963851060146 155.728596 0.000000
1653947964006308826 155.244475 0.000000
1653947964161868903 155.554906 0.000000
1653947964317268950 155.396348 0.000000
1653947964472496560 155.222588 0.000000
1653947964627116063 154.615368 0.000000
1653947964782152394 155.032497 0.000000
1653947964937348341 155.191712 0.000000
1653947965092342879 154.990454 0.000000
1653947965247636385 155.289376 0.000000
1653947965402753536 155.113408 0.000000
1653947965559039745 156.281884 0.000000
1653947965714226981 155.182961 0.000000
1653947966483649546 769.418301 0.000000
1653947966638333747 154.678709 0.000000
1653947966793060102 154.721283 0.000000
1653947966947680246 154.615775 0.000000
1653947967102132977 154.447581 0.000000
1653947967257520793 155.383222 0.000000
1653947967412144622 154.619004 0.000000
1653947967567197905 155.048692 0.000000
1653947967721826972 154.624572 0.000000
1653947967877287516 155.456780 0.000000
1653947968032091419 154.799984 0.000000
1653947968187638223 155.542244 0.000000
1653947968343028353 155.385834 0.000000
1653947968497842735 154.810297 0.000000
1653947968652860529 155.010833 0.000000
1653947968807760480 154.895756 0.000000
1653947968962434345 154.669500 0.000000
1653947969397255679 434.815159 0.000000
1653947969552511019 155.249503 0.000000
1653947969708069565 155.552847 0.000000
1653947969865339947 157.265953 0.000000
1653947970253401427 388.057335 0.000000
1653947970642624475 389.217630 0.000000
1653947970797703514 155.073521 0.000000
1653947970952857664 155.150215 0.000000
1653947971108621931 155.760463 0.000000
1653947971262926977 154.301227 0.000000
1653947971417581450 154.650544 0.000000
1653947971573222274 155.636559 0.000000
1653947971728504426 155.276570 0.000000
1653947971883397388 154.889384 0.000000
1653947972038489442 155.088250 0.000000
1653947972193951445 155.458009 0.000000
1653947972349256254 155.299631 0.000000
1653947972503628449 154.366764 0.000000
1653947972659197596 155.565018 0.000000
1653947972814265439 155.063723 0.000000
1653947972968890718 154.619361 0.000000
1653947973124554488 155.659097 0.000000
1653947973281307017 156.747942 0.000000
1653947973733114469 451.802568 0.000000
1653947973887521966 154.402497 0.000000
1653947974041985904 154.459939 0.000000
1653947974197140251 155.150112 0.000000
1653947974352407890 155.263970 0.000000
1653947974507522014 155.109897 0.000000
1653947974964415507 456.889333 0.000000
1653947975119192903 154.771922 0.000000
1653947975274593421 155.396038 0.000000
1653947975430071750 155.473708 0.000000
1653947975584849928 154.774040 0.000000
1653947975739531619 154.677956 0.000000
1653947975894660115 155.124542 0.000000
1653947976050419337 155.754762 0.000000
1653947976204901380 154.478118 0.000000
1653947976360339023 155.434366 0.000000
1653947976808412802 448.069861 0.000000
1653947976963264375 154.846442 0.000000
1653947977117858522 154.589920 0.000000
1653947977272371877 154.509160 0.000000
1653947977427571729 155.195012 0.000000
1653947977582885562 155.310277 0.000000
1653947977738042522 155.151537 0.000000
1653947977893074336 155.027730 0.000000
1653947978048317728 155.238710 0.000000
1653947978203990228 155.668442 0.000000
1653947978358398661 154.404542 0.000000
1653947978514131077 155.727901 0.000000
1653947978669705362 155.569163 0.000000
1653947978824886994 155.177237 0.000000
1653947978980019929 155.127924 0.000000
1653947979134935115 154.911488 0.000000
1653947979289846723 154.907679 0.000000
1653947979445360877 155.509152 0.000000
1653947979600799194 155.433130 0.000000
1653947979756056126 155.253078 0.000000
1653947979911523876 155.463461 0.000000
1653947980067294510 155.765567 0.000000
1653947980222394827 155.095681 0.000000
1653947980377411083 155.012445 0.000000
1653947980532792011 155.375856 0.000000
1653947980687956497 155.159995 0.000000
1653947980843761951 155.800633 0.000000
1653947980999235089 155.469289 0.000000
1653947981154679860 155.440641 0.000000
1653947981310118417 155.434417 0.000000
1653947981465623036 155.501026 0.000000
1653947981620434375 154.807535 0.000000
1653947981775608482 155.169617 0.000000
1653947981931181287 155.568851 0.000000
1653947982086353794 155.169209 0.000000
1653947982241622028 155.264161 0.000000
1653947982396306156 154.680113 0.000000
1653947982551180450 154.869693 0.000000
1653947982707253210 156.068675 0.000000
1653947982862552632 155.295378 0.000000
1653947983017908100 155.350727 0.000000
1653947983173305273 155.392608 0.000000
1653947983328242333 154.932925 0.000000
1653947983482880513 154.634221 0.000000
1653947983638004102 155.119374 0.000000
1653947983793472480 155.464995 0.000000
1653947983948941546 155.464831 0.000000
1653947984104749277 155.803544 0.000000
1653947984259814249 155.060917 0.000000
1653947984415218347 155.399864 0.000000
1653947984570061723 154.839386 0.000000
1653947984725180029 155.114151 0.000000
1653947984879906105 154.721837 0.000000
1653947985034733727 154.824007 0.000000
1653947985190365298 155.626905 0.000000
1653947985344825742 154.455513 0.000000
1653947985499687467 154.857376 0.000000
1653947985654649212 154.957916 0.000000
1653947985809517410 154.864344 0.000000
1653947985964565355 155.043977 0.000000
1653947986120300988 155.731533 0.000000
1653947986277303900 156.998692 0.000000
1653947986432007551 154.698469 0.000000
1653947986586907712 154.895801 0.000000
1653947986742176209 155.263892 0.000000
1653947986897790196 155.608999 0.000000
1653947987053338786 155.545014 0.000000
1653947987208064642 154.720153 0.000000
1653947987364225418 156.156866 0.000000
1653947987520069536 155.840716 0.000000
1653947987674677397 154.603296 0.000000
1653947988131617378 456.935421 0.000000
1653947988286261343 154.622783 0.000000
1653947988440901923 154.636760 0.000000
1653947988595773311 154.867594 0.000000
1653947988751411257 155.633328 0.000000
1653947988906555723 155.141225 0.000000
1653947989061968278 155.408300 0.000000
1653947989217723455 155.751027 0.000000
1653947989372654294 154.926486 0.000000
1653947989529744352 157.086369 0.000000
1653947989685182557 155.434179 0.000000
1653947989839859692 154.673250 0.000000
1653947989994773433 154.909068 0.000000
1653947990149566958 154.788333 0.000000
1653947990304937873 155.361657 0.000000
1653947990459719493 154.776775 0.000000
1653947990615058243 155.333675 0.000000
1653947990770212934 155.151528 0.000000
1653947990925562948 155.345268 0.000000
1653947991081289531 155.722328 0.000000
1653947991236234879 154.941335 0.000000
1653947991391230431 154.991631 0.000000
1653947991547163998 155.929325 0.000000
1653947991701910933 154.742623 0.000000
1653947991857911482 155.995452 0.000000
1653947992012571066 154.654407 0.000000
1653947992167698315 155.122343 0.000000
1653947992322292872 154.590598 0.000000
1653947992478122282 155.823622 0.000000
1653947992634430662 156.303884 0.000000
1653947992789491546 155.056128 0.000000
1653947992944156136 154.660600 0.000000
1653947993100271706 156.110293 0.000000
1653947993255351256 155.074774 0.000000
1653947993410058837 154.704124 0.000000
1653947993565644205 155.581755 0.000000
1653947993721072544 155.424485 0.000000
1653947993875609572 154.532948 0.000000
1653947994030367787 154.754377 0.000000
1653947994184970646 154.598033 0.000000
1653947994340336691 155.361911 0.000000
1653947994495797813 155.457844 0.000000
1653947994651429733 155.626918 0.000000
1653947994806999920 155.566232 0.000000
1653947994961733288 154.729448 0.000000
1653947995116446052 154.709106 0.000000
1653947995271507220 155.056362 0.000000
1653947995427015663 155.504779 0.000000
