1653947800216453634 241.184179 4.145154 4 0 0.000000
1653947801183754059 322.429011 3.101415 3 0 0.000000
1653947802188307104 167.420719 5.972806 6 0 0.000000
1653947803192680027 167.390609 5.973877 6 0 0.000000
1653947804119331334 231.657743 4.316618 4 0 0.000000
1653947804960067048 168.142440 5.947172 5 0 0.000000
1653947806103234772 228.629228 4.373811 5 0 0.000000
1653947807103154388 166.647882 6.000482 6 0 0.000000
1653947808102945405 166.626806 6.001254 6 0 0.000000
1653947808769071059 166.526654 6.004873 4 0 0.000000
1653947810135203033 227.684212 4.391962 6 0 0.000000
1653947811221504853 217.255200 4.602772 5 0 0.000000
1653947812052900901 166.274020 6.013981 5 0 0.000000
1653947813108753712 175.969688 5.682610 6 0 0.000000
1653947814106365805 166.263972 6.014362 6 0 0.000000
1653947815102391813 165.999266 6.023939 6 0 0.000000
1653947815969991033 289.195254 3.457818 3 0 0.000000
1653947817137173474 291.790556 3.427056 4 0 0.000000
1653947818135018510 166.302631 6.012958 6 0 0.000000
1653947819134561680 166.585342 6.002742 6 0 0.000000
1653947820133984293 166.565553 6.003466 6 0 0.000000
1653947821204959688 214.190061 4.668641 5 0 0.000000
1653947822199188287 165.699670 6.034829 6 0 0.000000
1653947823236254913 207.408149 4.821291 5 0 0.000000
1653947824231857554 165.928932 6.026501 6 0 0.000000
1653947825228961415 166.178986 6.017427 6 0 0.000000
1653947826244250102 253.817633 3.939766 4 0 0.000000
1653947827131630863 177.471565 5.634560 5 0 0.000000
1653947828125636277 165.662341 6.036184 6 0 0.000000
1653947829250087143 281.107470 3.557292 4 0 0.000000
1653947830242974775 165.476360 6.042980 6 0 0.000000
1653947831236739654 165.622434 6.037645 6 0 0.000000
1653947832233559757 166.131715 6.019141 6 0 0.000000
1653947833063397554 165.963004 6.025274 5 0 0.000000
1653947834264786717 200.226101 4.994219 6 0 0.000000
1653947835260063890 165.874814 6.028471 6 0 0.000000
1653947836256342989 166.041568 6.022409 6 0 0.000000
1653947837249790245 165.569342 6.039576 6 0 0.000000
1653947838118883426 217.268300 4.602498 4 0 0.000000
1653947839114821442 165.985425 6.024471 6 0 0.000000
1653947840273175383 165.474154 6.043058 7 0 0.000000
1653947841266483217 165.547025 6.040424 6 0 0.000000
1653947842263341192 166.135261 6.018912 6 0 0.000000
1653947843258160860 165.798848 6.031244 6 0 0.000000
1653947844253486660 165.882678 6.028177 6 0 0.000000
1653947845281009425 205.499351 4.866072 5 0 0.000000
1653947846192469269 227.860432 4.388564 4 0 0.000000
1653947847185090066 165.431924 6.044605 6 0 0.000000
1653947848180159627 165.840591 6.029729 6 0 0.000000
1653947848842649774 165.617686 6.037826 4 0 0.000000
1653947850134161828 258.297582 3.871431 5 0 0.000000
1653947851127585877 165.566556 6.039717 6 0 0.000000
1653947852121650356 165.673340 6.035826 6 0 0.000000
1653947853283496253 165.972979 6.024895 7 0 0.000000
1653947854277532155 165.667774 6.035999 6 0 0.000000
1653947855271316792 165.624270 6.037526 6 0 0.000000
1653947856266802691 165.909922 6.027207 6 0 0.000000
1653947857263666934 166.139447 6.018874 6 0 0.000000
1653947858259189009 165.915933 6.026988 6 0 0.000000
1653947859254171089 165.825892 6.030259 6 0 0.000000
1653947860213735551 319.849511 3.126418 3 0 0.000000
1653947861291650326 215.577938 4.638586 5 0 0.000000
1653947862285942085 165.710635 6.034446 6 0 0.000000
1653947863282643597 166.111999 6.019857 6 0 0.000000
1653947864278239213 165.927976 6.026543 6 0 0.000000
1653947864942963429 166.175518 6.017533 4 0 0.000000
1653947865901404791 319.474860 3.130082 3 0 0.000000
1653947867282660094 276.246396 3.619896 5 0 0.000000
1653947868278876303 166.031519 6.022789 6 0 0.000000
1653947869274183481 165.879300 6.028290 6 0 0.000000
1653947870144681822 217.619729 4.595069 4 0 0.000000
1653947871213360069 267.164447 3.742941 4 0 0.000000
1653947872208472652 165.846966 6.029469 6 0 0.000000
1653947873203881581 331.797390 3.013837 3 0 0.000000
1653947874198778277 165.811005 6.030777 6 0 0.000000
1653947875193875467 165.844764 6.029562 6 0 0.000000
1653947876266436063 214.507456 4.661741 5 0 0.000000
1653947877261238562 165.793036 6.031348 6 0 0.000000
1653947878256615002 165.891399 6.027870 6 0 0.000000
1653947879161852151 226.304296 4.418731 4 0 0.000000
1653947880198252201 207.275362 4.824392 5 0 0.000000
1653947881191146899 165.474049 6.042937 6 0 0.000000
1653947882186983786 165.968164 6.025083 6 0 0.000000
1653947883183276672 166.044243 6.022325 6 0 0.000000
1653947884178523006 165.869571 6.028658 6 0 0.000000
1653947885172592193 165.674100 6.035797 6 0 0.000000
1653947886203491952 206.175492 4.850132 5 0 0.000000
1653947887198837804 165.886776 6.028056 6 0 0.000000
1653947888192793069 165.654730 6.036489 6 0 0.000000
1653947889232814943 208.000120 4.807591 5 0 0.000000
1653947890227445134 165.766918 6.032393 6 0 0.000000
1653947891221688339 165.702657 6.034741 6 0 0.000000
1653947892216592835 165.813192 6.030730 6 0 0.000000
1653947893209475358 165.476166 6.043011 6 0 0.000000
1653947894205305037 165.964119 6.025127 6 0 0.000000
1653947895199644929 165.718728 6.034154 6 0 0.000000
1653947896030770921 166.220743 6.015935 5 0 0.000000
1653947896778974948 249.396734 4.009602 3 0 0.000000
1653947898224981692 240.996200 4.149358 6 0 0.000000
1653947899196580583 242.895462 4.116925 4 0 0.000000
1653947899859362899 165.690686 6.035164 4 0 0.000000
1653947901156447673 259.412257 3.854798 5 0 0.000000
1653947902209991658 175.586320 5.695064 6 0 0.000000
1653947903205356388 165.889728 6.027941 6 0 0.000000
1653947904202016611 166.105198 6.020106 6 0 0.000000
1653947905284904670 216.572665 4.617282 5 0 0.000000
1653947906280458766 165.920892 6.026795 6 0 0.000000
1653947906943726080 165.812365 6.030751 4 0 0.000000
1653947908188432625 207.446546 4.820413 6 0 0.000000
1653947909183308218 165.807816 6.030905 6 0 0.000000
1653947910178901955 165.927868 6.026555 6 0 0.000000
1653947911010524149 166.319617 6.012345 5 0 0.000000
1653947912215030079 200.746439 4.981296 6 0 0.000000
1653947913209891023 165.805861 6.030994 6 0 0.000000
1653947914240485831 206.114975 4.851567 5 0 0.000000
1653947915235633158 165.852827 6.029258 6 0 0.000000
1653947916264159971 205.700425 4.861322 5 0 0.000000
1653947917182552630 229.593754 4.355436 4 0 0.000000
1653947918222618708 208.008527 4.807387 5 0 0.000000
1653947919260553378 207.582794 4.817259 5 0 0.000000
1653947920177901909 229.332642 4.360393 4 0 0.000000
1653947921253932474 215.201937 4.646708 5 0 0.000000
1653947922249976281 166.002855 6.023831 6 0 0.000000
1653947923079765379 165.953336 6.025628 5 0 0.000000
1653947924217693201 227.580743 4.393952 5 0 0.000000
1653947925214168399 166.074386 6.021220 6 0 0.000000
1653947926212057095 166.309530 6.012698 6 0 0.000000
1653947927206387300 165.717014 6.034213 6 0 0.000000
1653947928202138461 165.954828 6.025602 6 0 0.000000
1653947929328704947 225.308432 4.438264 5 0 0.000000
1653947930190809881 215.521416 4.639806 4 0 0.000000
1653947931186834561 166.000377 6.023947 6 0 0.000000
1653947932105460113 229.651999 4.354331 4 0 0.000000
1653947933181194332 215.142106 4.647988 5 0 0.000000
1653947934210279181 205.812580 4.858686 5 0 0.000000
1653947935286071283 215.153825 4.647738 5 0 0.000000
1653947936204053916 229.491240 4.357381 4 0 0.000000
1653947937033345681 165.854517 6.029241 5 0 0.000000
1653947938279628589 207.709075 4.814316 6 0 0.000000
1653947939275072229 165.903288 6.027463 6 0 0.000000
1653947940272074624 166.162827 6.018040 6 0 0.000000
1653947941266240811 165.689862 6.035208 6 0 0.000000
1653947942263199917 166.155573 6.018301 6 0 0.000000
1653947943257910698 165.780914 6.031904 6 0 0.000000
1653947944230294501 243.091725 4.113602 4 0 0.000000
1653947945227919947 166.266877 6.014281 6 0 0.000000
1653947946223381580 165.905918 6.027354 6 0 0.000000
1653947947219589769 166.030161 6.022837 6 0 0.000000
1653947948215394025 165.962707 6.025281 6 0 0.000000
1653947949215792603 166.729037 5.997610 6 0 0.000000
1653947950245291154 205.894990 4.856733 5 0 0.000000
1653947951321560682 215.249616 4.645676 5 0 0.000000
1653947952317424374 165.972089 6.024921 6 0 0.000000
1653947953314425807 166.162204 6.018046 6 0 0.000000
1653947954060178380 248.579482 4.022782 3 0 0.000000
1653947955262455582 200.375293 4.990530 6 0 0.000000
1653947956260095588 166.268912 6.014193 6 0 0.000000
1653947957255554764 165.905356 6.027369 6 0 0.000000
1653947958251877209 166.048990 6.022147 6 0 0.000000
1653947959247921962 166.003057 6.023826 6 0 0.000000
1653947959913238097 166.324680 6.012180 4 0 0.000000
1653947961289245296 343.997264 2.906961 4 0 0.000000
1653947962286618515 166.224439 6.015803 6 0 0.000000
1653947963283158642 166.085600 6.020831 6 0 0.000000
1653947964321891768 207.742413 4.813556 5 0 0.000000
1653947965316646733 165.788189 6.031636 6 0 0.000000
1653947966236634333 229.992540 4.347885 4 0 0.000000
1653947967235634630 166.496182 6.006004 6 0 0.000000
1653947968230693970 165.839422 6.029791 6 0 0.000000
1653947969228225619 166.251164 6.014847 6 0 0.000000
1653947970225983051 166.288757 6.013486 6 0 0.000000
1653947971221907626 165.983232 6.024553 6 0 0.000000
1653947972217497442 165.927482 6.026578 6 0 0.000000
1653947973273679247 176.025565 5.680840 6 0 0.000000
1653947974243691945 242.494252 4.123657 4 0 0.000000
1653947975242452814 166.455852 6.007444 6 0 0.000000
1653947976236785537 165.718000 6.034197 6 0 0.000000
1653947977292556646 175.957979 5.683050 6 0 0.000000
1653947978211344285 229.692845 4.353563 4 0 0.000000
1653947979210413144 166.506928 6.005592 6 0 0.000000
1653947980206440634 166.000204 6.023930 6 0 0.000000
1653947981203613308 166.191318 6.017012 6 0 0.000000
1653947982201649351 166.335124 6.011807 6 0 0.000000
1653947983284848342 216.635587 4.615957 5 0 0.000000
1653947984282519523 166.274156 6.014006 6 0 0.000000
1653947985278031498 165.914782 6.027050 6 0 0.000000
1653947986274892907 166.139477 6.018890 6 0 0.000000
1653947987360904979 217.198341 4.604001 5 0 0.000000
1653947988358976095 166.340742 6.011596 6 0 0.000000
1653947989249089786 178.014219 5.617260 5 0 0.000000
1653947990080040096 166.185844 6.017207 5 0 0.000000
1653947991331228985 208.527320 4.795439 6 0 0.000000
1653947992327346532 166.015769 6.023386 6 0 0.000000
1653947993325621772 166.374914 6.010366 6 0 0.000000
1653947994324024632 166.396437 6.009598 6 0 0.000000
1653947995322439105 166.398496 6.009528 6 0 0.000000
1653947996320333939 166.312175 6.012658 6 0 0.000000
1653947997318636253 166.380010 6.010203 6 0 0.000000
1653947998318100285 166.573946 6.003218 6 0 0.000000
