1653947799382549093 189.929206 5.262698 5 0 0.000000
1653947800321356685 156.462931 6.391086 6 0 0.000000
1653947800634367161 156.501471 6.389562 2 0 0.000000
1653947802314340404 419.988776 2.380990 4 0 0.000000
1653947803095391440 156.204877 6.401630 5 0 0.000000
1653947804434516678 191.298006 5.227293 7 0 0.000000
1653947804971642023 179.036447 5.585288 3 0 0.000000
1653947806423236289 362.894189 2.755591 4 0 0.000000
1653947807375261364 238.001018 4.201570 4 0 0.000000
1653947808306490269 155.200345 6.443099 6 0 0.000000
1653947809388424555 216.381461 4.621353 5 0 0.000000
1653947810387860600 166.567652 6.003386 6 0 0.000000
1653947811321679602 155.631385 6.425228 6 0 0.000000
1653947812320012775 166.384000 6.010018 6 0 0.000000
1653947813234192524 228.539740 4.375507 4 0 0.000000
1653947814312369731 215.630111 4.637457 5 0 0.000000
1653947815399698061 155.327689 6.437798 7 0 0.000000
1653947816407810687 201.617396 4.959763 5 0 0.000000
1653947817428241730 204.081124 4.899890 5 0 0.000000
1653947818437999314 252.434457 3.961347 4 0 0.000000
1653947819056854745 154.708528 6.463545 4 0 0.000000
1653947820302841751 207.659425 4.815460 6 0 0.000000
1653947821386578258 154.815302 6.459135 7 0 0.000000
1653947822316168649 154.926842 6.454456 6 0 0.000000
1653947823401353294 155.021310 6.450515 7 0 0.000000
1653947824331384751 155.000633 6.451395 6 0 0.000000
1653947825105417330 154.801564 6.459676 5 0 0.000000
1653947826424618901 188.452434 5.306240 7 0 0.000000
1653947827355852123 155.200729 6.443069 6 0 0.000000
1653947828430208615 214.866995 4.653949 5 0 0.000000
1653947829347997565 229.441974 4.358300 4 0 0.000000
1653947830434370997 155.191294 6.443457 7 0 0.000000
1653947831449043630 202.930013 4.927698 5 0 0.000000
1653947832377363296 154.714913 6.463291 6 0 0.000000
1653947833239891979 215.627598 4.637527 4 0 0.000000
1653947833849891250 304.994940 3.278693 2 0 0.000000
1653947835423046390 224.731348 4.449657 7 0 0.000000
1653947836352495743 154.903877 6.455435 6 0 0.000000
1653947837435199388 154.667794 6.465296 7 0 0.000000
1653947838362111545 154.480749 6.473105 6 0 0.000000
1653947839133570625 154.287207 6.481225 5 0 0.000000
1653947840441757093 261.632306 3.822085 5 0 0.000000
1653947841372490351 155.117336 6.446530 6 0 0.000000
1653947842448680311 215.232523 4.646020 5 0 0.000000
1653947843220348004 154.328990 6.479473 5 0 0.000000
1653947844392948662 195.428950 5.116831 6 0 0.000000
1653947845320196812 154.536994 6.470760 6 0 0.000000
1653947846334782068 202.912531 4.928122 5 0 0.000000
1653947847421297491 155.211777 6.442614 7 0 0.000000
1653947848349344563 154.669756 6.465189 6 0 0.000000
1653947849434035642 154.951396 6.453450 7 0 0.000000
1653947850361162554 154.516855 6.471606 6 0 0.000000
1653947851446406968 155.029828 6.450160 7 0 0.000000
1653947852135202306 172.194376 5.807240 4 0 0.000000
1653947853344612690 302.347779 3.307397 4 0 0.000000
1653947854361972611 203.467780 4.914681 5 0 0.000000
1653947855368943293 201.389427 4.965388 5 0 0.000000
1653947856452643791 154.809373 6.459349 7 0 0.000000
1653947857352678534 450.012342 2.222137 2 0 0.000000
1653947858434853284 154.592008 6.468456 7 0 0.000000
1653947859364574028 154.947746 6.453551 6 0 0.000000
1653947860448763167 154.880120 6.456438 7 0 0.000000
1653947861379942677 155.191871 6.443441 6 0 0.000000
1653947862308768658 154.799840 6.459767 6 0 0.000000
1653947863308923265 166.687040 5.999072 6 0 0.000000
1653947864440268525 1131.339036 0.883903 1 0 0.000000
1653947865370578878 155.043080 6.449461 6 0 0.000000
1653947865924284934 276.847571 3.612025 2 0 0.000000
1653947867377258535 363.238473 2.752975 4 0 0.000000
1653947868374431134 166.190713 6.017012 6 0 0.000000
1653947869458781047 154.902272 6.455481 7 0 0.000000
1653947870386830783 154.670116 6.465171 6 0 0.000000
1653947871374175334 329.110375 3.038453 3 0 0.000000
1653947872139484486 255.097052 3.919985 3 0 0.000000
1653947873457545161 188.289623 5.310833 7 0 0.000000
1653947874384760778 154.530985 6.470987 6 0 0.000000
1653947875467270346 154.639675 6.466456 7 0 0.000000
1653947876085778503 309.249012 3.233587 2 0 0.000000
1653947877456492855 274.137799 3.647733 5 0 0.000000
1653947878385317704 154.799084 6.459776 6 0 0.000000
1653947879384601746 166.542582 6.004299 6 0 0.000000
1653947880471384590 155.249978 6.441029 7 0 0.000000
1653947881090684196 154.820121 6.458909 4 0 0.000000
1653947882465094491 196.340137 5.093093 7 0 0.000000
1653947883397102903 155.330498 6.437710 6 0 0.000000
1653947884325101915 154.662230 6.465524 6 0 0.000000
1653947885476476390 230.270287 4.342636 5 0 0.000000
1653947886404643588 154.690232 6.464353 6 0 0.000000
1653947887334752260 155.013772 6.450859 6 0 0.000000
1653947888419686956 154.986095 6.452001 7 0 0.000000
1653947889429640932 201.985918 4.950721 5 0 0.000000
1653947890359083395 154.901937 6.455483 6 0 0.000000
1653947891434450059 215.068432 4.649577 5 0 0.000000
1653947892443278336 201.760088 4.956245 5 0 0.000000
1653947893373085912 154.963428 6.452948 6 0 0.000000
1653947894457387523 154.892708 6.455768 7 0 0.000000
1653947895231792930 154.876618 6.456566 5 0 0.000000
1653947896401141934 194.886325 5.131060 6 0 0.000000
1653947897484667986 154.784895 6.460389 7 0 0.000000
1653947898411470576 154.462629 6.473871 6 0 0.000000
1653947898720890912 154.705807 6.463699 2 0 0.000000
1653947900411493663 422.645742 2.366020 4 0 0.000000
1653947901341161997 154.940264 6.453915 6 0 0.000000
1653947902426009819 154.974022 6.452518 7 0 0.000000
1653947903483702418 352.559932 2.836363 3 0 0.000000
1653947904399703434 228.995646 4.366807 4 0 0.000000
1653947905483444024 154.815493 6.459110 7 0 0.000000
1653947906482802869 166.555629 6.003849 6 0 0.000000
1653947907403989295 230.291793 4.342226 4 0 0.000000
1653947908487901124 154.840725 6.458090 7 0 0.000000
1653947909417338949 154.902018 6.455515 6 0 0.000000
1653947910416785047 166.570169 6.003325 6 0 0.000000
1653947911502104817 155.041397 6.449712 7 0 0.000000
1653947912431332390 154.866926 6.456976 6 0 0.000000
1653947913359838851 154.746669 6.461991 6 0 0.000000
1653947914374667931 338.270303 2.956163 3 0 0.000000
1653947915460296519 155.085228 6.447877 7 0 0.000000
1653947916380395191 230.020206 4.347360 4 0 0.000000
1653947917454388806 214.793714 4.655521 5 0 0.000000
1653947918384267139 154.975234 6.452457 6 0 0.000000
1653947919314233764 154.990616 6.451844 6 0 0.000000
1653947920481646341 233.478079 4.282976 5 0 0.000000
1653947921391875697 227.553008 4.394497 4 0 0.000000
1653947922476252811 154.906792 6.455319 7 0 0.000000
1653947923096774327 155.125741 6.446191 4 0 0.000000
1653947924480274581 345.870044 2.891217 4 0 0.000000
1653947925409789445 154.914297 6.454980 6 0 0.000000
1653947926420516250 336.904130 2.968161 3 0 0.000000
1653947927506657965 155.159034 6.444831 7 0 0.000000
1653947928439059645 155.396040 6.434995 6 0 0.000000
1653947929369589720 155.083596 6.447938 6 0 0.000000
1653947930454883869 155.037248 6.449864 7 0 0.000000
1653947931231886863 155.396263 6.434982 5 0 0.000000
1653947932396034171 194.020168 5.153987 6 0 0.000000
1653947933481089204 155.003547 6.451286 7 0 0.000000
1653947934326708005 169.119938 5.912830 5 0 0.000000
1653947935181183101 213.613846 4.681237 4 0 0.000000
1653947936414520661 205.551815 4.864848 6 0 0.000000
1653947937501285090 155.248138 6.441138 7 0 0.000000
1653947938511126511 201.964147 4.951272 5 0 0.000000
1653947939443902716 155.458141 6.432411 6 0 0.000000
1653947940374520741 155.098581 6.447328 6 0 0.000000
1653947941307213452 155.444477 6.432987 6 0 0.000000
1653947942509741025 300.626734 3.326327 4 0 0.000000
1653947943117745510 303.998373 3.289449 2 0 0.000000
1653947944499308698 197.361812 5.066725 7 0 0.000000
1653947945501101108 166.961237 5.989265 6 0 0.000000
1653947946431635118 155.084677 6.447910 6 0 0.000000
1653947947515266324 154.799656 6.459762 7 0 0.000000
1653947948382905897 216.905031 4.610209 4 0 0.000000
1653947949459865512 215.387312 4.642700 5 0 0.000000
1653947950527294758 213.481182 4.684151 5 0 0.000000
1653947950991044681 154.578732 6.469004 3 0 0.000000
1653947952438210220 289.428526 3.455030 5 0 0.000000
1653947953524586171 155.191789 6.443442 7 0 0.000000
1653947954455370810 155.125393 6.446174 6 0 0.000000
1653947955464209929 201.763380 4.956192 5 0 0.000000
1653947955929710525 155.161833 6.444675 3 0 0.000000
1653947957396207839 488.827915 2.045691 3 0 0.000000
1653947958395865382 166.605003 6.002056 6 0 0.000000
1653947959406898662 202.201898 4.945436 5 0 0.000000
1653947960483459902 215.307843 4.644418 5 0 0.000000
1653947961260432645 155.390223 6.435232 5 0 0.000000
1653947962026254595 255.269802 3.917360 3 0 0.000000
1653947963383942517 339.417377 2.946185 4 0 0.000000
1653947964472496560 155.503353 6.430549 7 0 0.000000
1653947965402753536 155.038803 6.449831 6 0 0.000000
1653947966483649546 360.294382 2.775475 3 0 0.000000
1653947967412144622 154.744262 6.462070 6 0 0.000000
1653947968497842735 155.095486 6.447464 7 0 0.000000
1653947969397255679 224.847812 4.447345 4 0 0.000000
1653947970253401427 214.031409 4.672102 4 0 0.000000
1653947971417581450 194.025600 5.153842 6 0 0.000000
1653947972503628449 155.145024 6.445393 7 0 0.000000
1653947973281307017 155.531028 6.429392 5 0 0.000000
1653947974507522014 204.364831 4.893106 6 0 0.000000
1653947975430071750 230.632750 4.335810 4 0 0.000000
1653947976360339023 155.040631 6.449759 6 0 0.000000
1653947977427571729 213.442079 4.685014 5 0 0.000000
1653947978514131077 155.218448 6.442354 7 0 0.000000
1653947979445360877 155.200441 6.443093 6 0 0.000000
1653947980532792011 155.342745 6.437189 7 0 0.000000
1653947981465623036 155.467667 6.432033 6 0 0.000000
1653947982551180450 155.075597 6.448300 7 0 0.000000
1653947983482880513 155.279089 6.439841 6 0 0.000000
1653947984415218347 155.385588 6.435435 6 0 0.000000
1653947985499687467 154.919882 6.454771 7 0 0.000000
1653947986432007551 155.382489 6.435558 6 0 0.000000
1653947987520069536 155.433063 6.433457 7 0 0.000000
1653947988440901923 230.199565 4.343896 4 0 0.000000
1653947989529744352 155.544904 6.428846 7 0 0.000000
1653947990459719493 154.990544 6.451785 6 0 0.000000
1653947991547163998 155.345013 6.437110 7 0 0.000000
1653947992478122282 155.154841 6.444972 6 0 0.000000
1653947993410058837 155.318300 6.438206 6 0 0.000000
1653947994495797813 155.101622 6.447222 7 0 0.000000
1653947995427015663 155.198807 6.443175 6 0 0.000000
