1653947798243556782 160.097511 6.243804 6 0 0.000000
1653947799276490280 129.111150 7.744932 8 0 0.000000
1653947800170456799 127.703914 7.830271 7 0 0.000000
1653947801219179506 209.739816 4.767704 5 0 0.000000
1653947802227684034 126.057590 7.932538 8 0 0.000000
1653947803237405032 126.209932 7.922981 8 0 0.000000
1653947804254549086 145.300686 6.882014 7 0 0.000000
1653947805186025936 155.241184 6.441384 6 0 0.000000
1653947806187494392 125.178773 7.988270 8 0 0.000000
1653947807246951641 132.426922 7.551036 8 0 0.000000
1653947808256066841 144.154181 6.936770 7 0 0.000000
1653947809048730475 158.527588 6.307846 5 0 0.000000
1653947810252336824 300.887559 3.323346 4 0 0.000000
1653947811176702620 132.047738 7.572760 7 0 0.000000
1653947812179778609 125.379473 7.975467 8 0 0.000000
1653947813182453833 125.328720 7.978655 8 0 0.000000
1653947814247674642 152.169104 6.571408 7 0 0.000000
1653947815204151797 191.290370 5.227516 5 0 0.000000
1653947816230957525 128.345815 7.791152 8 0 0.000000
1653947817272417618 148.774551 6.721333 7 0 0.000000
1653947818187963996 152.585898 6.553464 6 0 0.000000
1653947819197225380 144.175218 6.935765 7 0 0.000000
1653947820237240452 148.567854 6.730672 7 0 0.000000
1653947821236778940 124.937378 8.003694 8 0 0.000000
1653947822257934575 127.639774 7.834261 8 0 0.000000
1653947823255746518 124.721158 8.017543 8 0 0.000000
1653947824253246563 124.683070 8.020050 8 0 0.000000
1653947825291771292 148.355747 6.740331 7 0 0.000000
1653947826290944068 124.891408 8.006623 8 0 0.000000
1653947827288011932 124.627282 8.023526 8 0 0.000000
1653947828284175672 124.515639 8.030808 8 0 0.000000
1653947829279930482 124.464468 8.034106 8 0 0.000000
1653947830279912540 124.993300 8.000143 8 0 0.000000
1653947831220434042 156.748707 6.379440 6 0 0.000000
1653947832093761528 124.756376 8.015321 7 0 0.000000
1653947833188430284 156.376718 6.394628 7 0 0.000000
1653947834226122966 148.237049 6.745735 7 0 0.000000
1653947835262028377 147.981964 6.757374 7 0 0.000000
1653947836261644597 124.947213 8.003072 8 0 0.000000
1653947837261925708 125.029624 7.997752 8 0 0.000000
1653947838261627679 124.958223 8.002385 8 0 0.000000
1653947839012853363 125.199626 7.986947 6 0 0.000000
1653947840213292339 171.486103 5.831200 7 0 0.000000
1653947841210707920 124.672513 8.020729 8 0 0.000000
1653947842208507658 124.720575 8.017641 8 0 0.000000
1653947843245145109 148.086465 6.752602 7 0 0.000000
1653947844244683244 124.937555 8.003697 8 0 0.000000
1653947845241753941 124.629382 8.023503 8 0 0.000000
1653947846241619842 124.979221 8.001073 8 0 0.000000
1653947847278233060 148.082670 6.752760 7 0 0.000000
1653947848226529135 189.654935 5.272615 5 0 0.000000
1653947849225807611 124.904958 8.005776 8 0 0.000000
1653947850221310706 124.433201 8.036138 8 0 0.000000
1653947851217875091 124.565950 8.027580 8 0 0.000000
1653947852257008982 148.442670 6.736379 7 0 0.000000
1653947853253585085 124.567711 8.027485 8 0 0.000000
1653947854251602671 124.747893 8.015891 8 0 0.000000
1653947855249233316 124.699712 8.019000 8 0 0.000000
1653947856245256713 124.498300 8.031940 8 0 0.000000
1653947857241131999 124.480106 8.033134 8 0 0.000000
1653947858276022723 147.836786 6.763999 7 0 0.000000
1653947859277149826 125.136361 7.990993 8 0 0.000000
1653947860300188898 127.875304 7.819838 8 0 0.000000
1653947861299665338 124.929942 8.004191 8 0 0.000000
1653947862299411867 124.963592 8.002028 8 0 0.000000
1653947863300279653 125.103550 7.993064 8 0 0.000000
1653947864254743109 190.887663 5.238545 5 0 0.000000
1653947865256164194 125.172690 7.988647 8 0 0.000000
1653947866257347350 125.141744 7.990546 8 0 0.000000
1653947867256097737 124.839270 8.010009 8 0 0.000000
1653947868294659110 148.359127 6.740093 7 0 0.000000
1653947869295084086 125.048065 7.996602 8 0 0.000000
1653947870294690076 124.945948 8.003153 8 0 0.000000
1653947871292217025 124.685607 8.019834 8 0 0.000000
1653947872288798833 124.567831 8.027439 8 0 0.000000
1653947873286722572 124.735983 8.016645 8 0 0.000000
1653947874323201108 148.063761 6.753637 7 0 0.000000
1653947875279549809 191.264544 5.228219 5 0 0.000000
1653947876278757567 124.895864 8.006343 8 0 0.000000
1653947877316519918 148.247436 6.745282 7 0 0.000000
1653947878313971020 124.677387 8.020443 8 0 0.000000
1653947879312659501 124.831740 8.010506 8 0 0.000000
1653947880304287633 165.262762 6.050655 6 0 0.000000
1653947881303065060 124.842894 8.009793 8 0 0.000000
1653947882299984355 124.610405 8.024722 8 0 0.000000
1653947883171923749 124.557955 8.028081 7 0 0.000000
1653947884248168779 179.367561 5.574939 6 0 0.000000
1653947885233580540 197.078038 5.074021 5 0 0.000000
1653947886233238187 124.952640 8.002740 8 0 0.000000
1653947887005308319 128.674047 7.771314 6 0 0.000000
1653947888262456380 179.587215 5.568159 7 0 0.000000
1653947889261696330 124.899945 8.006085 8 0 0.000000
1653947890327256503 152.218236 6.569315 7 0 0.000000
1653947891328383066 125.136367 7.990998 8 0 0.000000
1653947892326697879 124.785252 8.013504 8 0 0.000000
1653947893076003248 124.880183 8.007416 6 0 0.000000
1653947894240726186 145.585962 6.868586 8 0 0.000000
1653947895237938961 124.647206 8.022360 8 0 0.000000
1653947896235292528 124.665138 8.021228 8 0 0.000000
1653947897234388347 124.882268 8.007240 8 0 0.000000
1653947898291098327 150.953821 6.624334 7 0 0.000000
1653947899303399810 202.455006 4.939240 5 0 0.000000
1653947900302119335 124.835744 8.010257 8 0 0.000000
1653947901301478332 124.915789 8.005131 8 0 0.000000
1653947902338601464 148.155725 6.749440 7 0 0.000000
1653947903336725290 124.760750 8.015037 8 0 0.000000
1653947904337884833 125.140362 7.990734 8 0 0.000000
1653947905257350192 183.888452 5.437943 5 0 0.000000
1653947906253041732 124.457150 8.034617 8 0 0.000000
1653947907300855517 174.630697 5.726208 6 0 0.000000
1653947908357678321 150.968999 6.623627 7 0 0.000000
1653947909232399263 124.955873 8.002552 7 0 0.000000
1653947910270347491 148.272714 6.744074 7 0 0.000000
1653947911307955055 148.224709 6.746289 7 0 0.000000
1653947912341880999 258.476919 3.868749 4 0 0.000000
1653947913341525470 124.951104 8.002845 8 0 0.000000
1653947913965388734 124.767881 8.014577 5 0 0.000000
1653947914952543343 197.426331 5.065063 5 0 0.000000
1653947916356707070 280.827932 3.560838 5 0 0.000000
1653947917269225961 152.082028 6.575206 6 0 0.000000
1653947918266328641 124.633001 8.023246 8 0 0.000000
1653947919269029733 125.333304 7.978449 8 0 0.000000
1653947920364735562 156.525024 6.388576 7 0 0.000000
1653947921364881751 125.014250 7.998831 8 0 0.000000
1653947922262730064 128.259356 7.796417 7 0 0.000000
1653947923260910180 124.767735 8.014586 8 0 0.000000
1653947924260866268 124.989833 8.000351 8 0 0.000000
1653947925253154287 165.376603 6.046632 6 0 0.000000
1653947926255516281 125.290818 7.981148 8 0 0.000000
1653947927331911340 179.394763 5.574161 6 0 0.000000
1653947928354340648 127.799277 7.824502 8 0 0.000000
1653947929356085342 125.213551 7.986067 8 0 0.000000
1653947930307089853 190.195929 5.257599 5 0 0.000000
1653947931306045399 124.864479 8.008365 8 0 0.000000
1653947932346755913 148.666315 6.726174 7 0 0.000000
1653947933346186207 124.924407 8.004560 8 0 0.000000
1653947934346249222 125.003268 7.999496 8 0 0.000000
1653947935345783305 124.937283 8.003729 8 0 0.000000
1653947936346036952 125.027744 7.997971 8 0 0.000000
1653947937300229002 190.833816 5.240035 5 0 0.000000
1653947938340209440 148.564253 6.730896 7 0 0.000000
1653947939340242490 124.996148 7.999736 8 0 0.000000
1653947940341399900 125.139682 7.990751 8 0 0.000000
1653947941215222558 124.826574 8.010779 7 0 0.000000
1653947942379807514 145.568486 6.869400 8 0 0.000000
1653947943316315421 156.080040 6.406780 6 0 0.000000
1653947944316101801 124.969013 8.001709 8 0 0.000000
1653947945190917591 124.969586 8.001685 7 0 0.000000
1653947946340114989 287.294009 3.480690 4 0 0.000000
1653947947338438783 124.785573 8.013432 8 0 0.000000
1653947948340828086 125.294275 7.980931 8 0 0.000000
1653947949377077937 148.031594 6.755128 7 0 0.000000
1653947950377073580 124.995074 8.000035 8 0 0.000000
1653947951341494625 160.732761 6.221349 6 0 0.000000
1653947952340100204 124.820859 8.011171 8 0 0.000000
1653947953292895473 190.553609 5.247717 5 0 0.000000
1653947954292454373 124.939767 8.003530 8 0 0.000000
1653947955292337307 124.981245 8.000937 8 0 0.000000
1653947956331394275 148.432379 6.736878 7 0 0.000000
1653947957331468030 125.004739 7.999410 8 0 0.000000
1653947958329865724 124.795525 8.012839 8 0 0.000000
1653947959352258310 127.794771 7.824783 8 0 0.000000
1653947960352484292 125.023995 7.998193 8 0 0.000000
1653947961355267410 125.343924 7.977797 8 0 0.000000
1653947962355904489 125.075023 7.994906 8 0 0.000000
1653947963356801649 125.108242 7.992829 8 0 0.000000
1653947964356342608 124.938321 8.003674 8 0 0.000000
1653947965354959129 124.822940 8.011083 8 0 0.000000
1653947966320150177 160.860799 6.216386 6 0 0.000000
1653947967358988509 148.400816 6.738296 7 0 0.000000
1653947968359895848 125.108744 7.992748 8 0 0.000000
1653947969360592095 125.082341 7.994434 8 0 0.000000
1653947970361724441 125.137591 7.990952 8 0 0.000000
1653947971306081912 157.388362 6.353526 6 0 0.000000
1653947972305923086 124.974121 8.001271 8 0 0.000000
1653947973305060271 124.887937 8.006909 8 0 0.000000
1653947974304859515 124.970745 8.001606 8 0 0.000000
1653947975312610604 143.959571 6.946160 7 0 0.000000
1653947976312716642 125.008976 7.999152 8 0 0.000000
1653947977336163797 127.926547 7.816720 8 0 0.000000
1653947978235736170 128.506418 7.781475 7 0 0.000000
1653947979396675406 232.183559 4.306858 5 0 0.000000
1653947980400368165 125.457659 7.970567 8 0 0.000000
1653947981403611909 125.401284 7.974134 8 0 0.000000
1653947982316726070 152.181422 6.570920 6 0 0.000000
1653947983317040024 125.035083 7.997489 8 0 0.000000
1653947984395563629 179.749323 5.563161 6 0 0.000000
1653947985145982738 125.065501 7.995532 6 0 0.000000
1653947986340998125 149.372951 6.694474 8 0 0.000000
1653947987342319730 125.160721 7.989441 8 0 0.000000
1653947988343544739 125.148740 7.990212 8 0 0.000000
1653947989387469352 149.127906 6.705464 7 0 0.000000
1653947990387645182 125.017662 7.998594 8 0 0.000000
1653947991388741449 125.133018 7.991240 8 0 0.000000
1653947992389889059 125.138856 7.990830 8 0 0.000000
1653947993346040218 191.225177 5.229299 5 0 0.000000
1653947994350922756 125.604857 7.961130 8 0 0.000000
1653947995353999814 125.379203 7.975459 8 0 0.000000
1653947996357066827 125.378947 7.975539 8 0 0.000000
