1653785641185225244 413.633420 0.000000
1653785641390242721 205.012848 0.000000
1653785641594829160 204.583333 0.000000
1653785641799502942 204.670556 0.000000
1653785642004477960 204.973425 0.000000
1653785642209211883 204.732851 0.000000
1653785642413113256 203.900442 0.000000
1653785642615980201 202.865993 0.000000
1653785642820270262 204.286424 0.000000
1653785643024454626 204.182119 0.000000
1653785643227301651 202.844841 0.000000
1653785643430628636 203.323248 0.000000
1653785643633833222 203.201891 0.000000
1653785643837413832 203.578907 0.000000
1653785644039897266 202.482071 0.000000
1653785644854602518 814.703078 0.000000
1653785645057825486 203.220694 0.000000
1653785645261115559 203.289181 0.000000
1653785646067855475 806.736319 0.000000
1653785646301080110 233.221439 0.000000
1653785646503320644 202.237278 0.000000
1653785646706404588 203.079826 0.000000
1653785646909462575 203.056484 0.000000
1653785647112639622 203.175925 0.000000
1653785647315956371 203.315166 0.000000
1653785647519171921 203.213757 0.000000
1653785647722563470 203.389986 0.000000
1653785647924656856 202.091402 0.000000
1653785648127630642 202.972263 0.000000
1653785648395124711 267.491153 0.000000
1653785648598674686 203.540497 0.000000
1653785648801840411 203.163972 0.000000
1653785649005080364 203.238981 0.000000
1653785649208056252 202.974465 0.000000
1653785649411083745 203.025750 0.000000
1653785649614134603 203.049525 0.000000
1653785649817199557 203.063191 0.000000
1653785650020231870 203.031091 0.000000
1653785650222785384 202.552492 0.000000
1653785650424869989 202.082000 0.000000
1653785650627958546 203.087084 0.000000
1653785650830907130 202.947772 0.000000
1653785651440916180 610.007086 0.000000
1653785651643023336 202.103629 0.000000
1653785651845544037 202.517255 0.000000
1653785652048536441 202.990761 0.000000
1653785652251565273 203.025255 0.000000
1653785652454261121 202.693604 0.000000
1653785652657142185 202.879792 0.000000
1653785652860255024 203.111536 0.000000
1653785653470973384 610.716366 0.000000
1653785653673112787 202.137830 0.000000
1653785653875992237 202.877427 0.000000
1653785654078734178 202.740059 0.000000
1653785654281382343 202.646852 0.000000
1653785654483987047 202.603381 0.000000
1653785654686884610 202.896571 0.000000
1653785654888494458 201.608796 0.000000
1653785655091262978 202.765234 0.000000
1653785655294122958 202.858047 0.000000
1653785655496829411 202.703317 0.000000
1653785655698934657 202.103442 0.000000
1653785655901721570 202.784879 0.000000
1653785656103370490 201.648028 0.000000
1653785656336952487 233.581095 0.000000
1653785656539472348 202.518739 0.000000
1653785656742207182 202.731868 0.000000
1653785656944886042 202.677026 0.000000
1653785657147068600 202.180144 0.000000
1653785657349720117 202.650675 0.000000
1653785657552307523 202.586204 0.000000
1653785657754917231 202.606051 0.000000
1653785657957594335 202.675461 0.000000
1653785658160435877 202.839959 0.000000
1653785658362939916 202.501173 0.000000
1653785658565905850 202.964932 0.000000
1653785658768509375 202.602583 0.000000
1653785658971011570 202.500411 0.000000
1653785659173440316 202.427755 0.000000
1653785659376098552 202.656983 0.000000
1653785659578632315 202.532640 0.000000
1653785659780330762 201.694601 0.000000
1653785659982764608 202.432673 0.000000
1653785660593489506 610.723766 0.000000
1653785660795786073 202.295365 0.000000
1653785660998302441 202.515456 0.000000
1653785661200681070 202.376845 0.000000
1653785661403553855 202.870861 0.000000
1653785661605958032 202.401031 0.000000
1653785661808371246 202.411751 0.000000
1653785662838701187 1030.328889 0.000000
1653785663041251786 202.548165 0.000000
1653785663243669656 202.416948 0.000000
1653785663446176912 202.505523 0.000000
1653785663648696753 202.518889 0.000000
1653785663852124996 203.426550 0.000000
1653785664054293047 202.167189 0.000000
1653785664257728632 203.433581 0.000000
1653785664460087369 202.357745 0.000000
1653785665069646945 609.556570 0.000000
1653785665272002153 202.353054 0.000000
1653785665474426922 202.423888 0.000000
1653785665677919392 203.488983 0.000000
1653785666285300238 607.378992 0.000000
1653785666487656998 202.353765 0.000000
1653785666690099018 202.439485 0.000000
1653785666892701329 202.601269 0.000000
1653785667095240601 202.538090 0.000000
1653785667297680655 202.439172 0.000000
1653785667499996368 202.314701 0.000000
1653785667702451090 202.453831 0.000000
1653785667904058104 201.605912 0.000000
1653785668106437985 202.378418 0.000000
1653785668308919877 202.480810 0.000000
1653785668512322685 203.400584 0.000000
1653785668714577872 202.252953 0.000000
1653785668917113014 202.533850 0.000000
1653785669119755124 202.641048 0.000000
1653785669322256100 202.497740 0.000000
1653785669524825866 202.568283 0.000000
1653785669726383794 201.556936 0.000000
1653785669928159711 201.774354 0.000000
1653785670130915885 202.755122 0.000000
1653785670333286205 202.369368 0.000000
1653785670535558841 202.271685 0.000000
1653785670737782646 202.222352 0.000000
1653785670940287579 202.503721 0.000000
1653785671141959910 201.671189 0.000000
1653785671372351741 230.390459 0.000000
1653785671574005928 201.652053 0.000000
1653785671775341827 201.333074 0.000000
1653785671976783054 201.439223 0.000000
1653785672178089087 201.305071 0.000000
1653785672380487025 202.396846 0.000000
1653785672582804814 202.316426 0.000000
1653785672784779770 201.973513 0.000000
1653785672987352376 202.569150 0.000000
1653785673189682476 202.328848 0.000000
1653785673392182895 202.491753 0.000000
1653785673594600098 202.416271 0.000000
1653785673796958181 202.357151 0.000000
1653785673999416982 202.457629 0.000000
1653785674201402725 201.984791 0.000000
1653785674402674120 201.270373 0.000000
1653785674605169899 202.492714 0.000000
1653785674807582682 202.411561 0.000000
1653785675010112405 202.528150 0.000000
1653785675212647025 202.532867 0.000000
1653785675415076188 202.426728 0.000000
1653785675617652427 202.575227 0.000000
1653785675820615911 202.961922 0.000000
1653785676022949153 202.332212 0.000000
1653785676226318316 203.368010 0.000000
1653785676428708384 202.388856 0.000000
1653785676630953330 202.243793 0.000000
1653785676833360230 202.403143 0.000000
1653785677036418319 203.055454 0.000000
1653785677239733460 203.313918 0.000000
1653785677442263909 202.528395 0.000000
1653785677643615930 201.350418 0.000000
1653785677846281954 202.665052 0.000000
1653785678048699131 202.413360 0.000000
1653785678250858144 202.155937 0.000000
1653785678454113410 203.252161 0.000000
1653785678656324690 202.210318 0.000000
1653785678858972478 202.646836 0.000000
1653785679061251455 202.278145 0.000000
1653785679263579993 202.327556 0.000000
1653785679464925960 201.344464 0.000000
1653785679666246690 201.319077 0.000000
1653785679868700222 202.451970 0.000000
1653785680071983790 203.282355 0.000000
1653785680274446729 202.461517 0.000000
1653785680477084866 202.636304 0.000000
1653785680678738659 201.652330 0.000000
1653785680881998181 203.258139 0.000000
1653785681084206812 202.207760 0.000000
1653785681285505788 201.297935 0.000000
1653785681486957260 201.447365 0.000000
1653785681688581246 201.621711 0.000000
1653785681891276679 202.694061 0.000000
1653785682093756157 202.476392 0.000000
1653785682295465901 201.708171 0.000000
1653785682497766222 202.299450 0.000000
1653785682699579110 201.809110 0.000000
1653785682901874632 202.293980 0.000000
1653785683104358226 202.482261 0.000000
1653785683306674787 202.315298 0.000000
1653785684115467460 808.791751 0.000000
1653785684317660027 202.191204 0.000000
1653785684519147672 201.486603 0.000000
1653785684721495820 202.347196 0.000000
1653785684924028915 202.531863 0.000000
1653785685125656682 201.626335 0.000000
1653785685328783408 203.124482 0.000000
1653785685531124681 202.339480 0.000000
1653785685733524525 202.398782 0.000000
1653785685935778155 202.252648 0.000000
1653785686139130743 203.351326 0.000000
1653785686373149466 234.017772 0.000000
1653785686574947050 201.794247 0.000000
1653785686777119466 202.169511 0.000000
1653785686979466669 202.346031 0.000000
1653785687181880256 202.412555 0.000000
1653785687383687606 201.805437 0.000000
1653785687586103677 202.414718 0.000000
1653785687788508257 202.403618 0.000000
1653785687990677115 202.167916 0.000000
1653785688193037931 202.358842 0.000000
1653785688396518576 203.479412 0.000000
1653785688599731319 203.211210 0.000000
1653785688802992803 203.260552 0.000000
1653785689006350848 203.356673 0.000000
1653785689207788202 201.436282 0.000000
1653785689410003534 202.214421 0.000000
1653785689612268941 202.262952 0.000000
1653785689815492532 203.222509 0.000000
1653785690017678840 202.185005 0.000000
1653785690220327112 202.647370 0.000000
1653785690421766859 201.438054 0.000000
1653785690624228342 202.460611 0.000000
1653785690825812640 201.583296 0.000000
1653785691027463193 201.649521 0.000000
1653785691229719979 202.255896 0.000000
1653785691432025338 202.304357 0.000000
1653785691634244695 202.217934 0.000000
1653785692242934090 608.686810 0.000000
1653785692444125390 201.189366 0.000000
1653785692646242984 202.116682 0.000000
1653785692848591893 202.347716 0.000000
1653785693051108435 202.513937 0.000000
1653785693252340269 201.228618 0.000000
1653785693454695819 202.352124 0.000000
1653785693656974705 202.277544 0.000000
1653785693859203045 202.226336 0.000000
1653785694060810483 201.605724 0.000000
1653785694263066104 202.254689 0.000000
1653785694465270579 202.203523 0.000000
1653785694667699665 202.427693 0.000000
1653785694869101877 201.398825 0.000000
1653785695070642838 201.539278 0.000000
1653785695272809451 202.164980 0.000000
1653785695476117913 203.306549 0.000000
1653785695678522573 202.403507 0.000000
1653785695881146311 202.622808 0.000000
1653785696083516335 202.369112 0.000000
1653785696286895850 203.377732 0.000000
1653785696488619941 201.722949 0.000000
1653785696691009511 202.386574 0.000000
1653785696894396169 203.383202 0.000000
1653785697097622976 203.224182 0.000000
1653785697299863835 202.239717 0.000000
1653785697502285443 202.419915 0.000000
1653785697704909550 202.621182 0.000000
1653785697907189213 202.278230 0.000000
1653785698109552791 202.361955 0.000000
1653785698310987909 201.434146 0.000000
1653785698513293989 202.304647 0.000000
1653785698715693825 202.397782 0.000000
1653785699322860319 607.165652 0.000000
1653785699525138696 202.275562 0.000000
1653785699727507372 202.367835 0.000000
1653785699929149897 201.641403 0.000000
1653785700131435397 202.283226 0.000000
1653785700333737507 202.300407 0.000000
1653785700535085629 201.346249 0.000000
1653785700737411394 202.324623 0.000000
1653785700939703825 202.290588 0.000000
1653785701141990195 202.285438 0.000000
1653785701344218696 202.227679 0.000000
1653785702358982173 1014.761784 0.000000
1653785702560348887 201.364200 0.000000
1653785702762828267 202.476053 0.000000
1653785702965075742 202.246433 0.000000
1653785703576314259 611.237575 0.000000
1653785703778748993 202.433933 0.000000
1653785703980981279 202.229490 0.000000
1653785704183143271 202.160740 0.000000
1653785704385404048 202.259875 0.000000
1653785704587582742 202.177782 0.000000
1653785704789911056 202.327332 0.000000
1653785704992177143 202.264133 0.000000
1653785705194538248 202.360163 0.000000
1653785705396850540 202.310659 0.000000
1653785705599936563 203.084350 0.000000
1653785705802017702 202.080177 0.000000
1653785706003840357 201.821883 0.000000
1653785706206188315 202.346866 0.000000
1653785706436467331 230.277903 0.000000
1653785706638039415 201.570381 0.000000
1653785706840455310 202.412819 0.000000
1653785707041753601 201.297129 0.000000
1653785707244026167 202.271013 0.000000
1653785707446161356 202.134317 0.000000
1653785708056185039 610.021930 0.000000
1653785708258270303 202.083641 0.000000
1653785708460655749 202.379796 0.000000
1653785708662895281 202.237949 0.000000
1653785709269342307 606.445274 0.000000
1653785709877832862 608.489362 0.000000
1653785710080888602 203.054157 0.000000
1653785710283118293 202.227988 0.000000
1653785710485488467 202.368472 0.000000
1653785710687762301 202.272612 0.000000
1653785711297532898 609.769665 0.000000
1653785711498792411 201.257379 0.000000
1653785711701173695 202.379881 0.000000
1653785711903362398 202.187801 0.000000
1653785712106725922 203.361981 0.000000
1653785712309007418 202.280644 0.000000
1653785712510372928 201.363847 0.000000
1653785712712653553 202.279723 0.000000
1653785712914735374 202.080008 0.000000
1653785713117052106 202.315469 0.000000
1653785713318809709 201.756722 0.000000
1653785713520979574 202.168964 0.000000
1653785713723444853 202.464417 0.000000
1653785713925751986 202.306211 0.000000
1653785714128039822 202.286914 0.000000
1653785714329313828 201.273044 0.000000
1653785714531563692 202.248983 0.000000
1653785714733788469 202.223064 0.000000
1653785714936058050 202.268779 0.000000
1653785715138324024 202.264381 0.000000
1653785715340676860 202.349640 0.000000
1653785715542914239 202.236297 0.000000
1653785715745180884 202.265182 0.000000
1653785715947573154 202.391078 0.000000
1653785716149827945 202.253659 0.000000
1653785716352097604 202.268707 0.000000
1653785716554449597 202.351011 0.000000
1653785716756291254 201.840134 0.000000
1653785716958481544 202.186914 0.000000
1653785717160853544 202.370968 0.000000
1653785717362943665 202.088889 0.000000
1653785717565364466 202.419569 0.000000
1653785717767713553 202.347785 0.000000
1653785717969270284 201.555529 0.000000
1653785718171508491 202.237396 0.000000
1653785718373793977 202.284594 0.000000
1653785718979192713 605.397804 0.000000
1653785719588248940 609.055175 0.000000
1653785719789691265 201.440842 0.000000
1653785719991832790 202.140423 0.000000
1653785720600760672 608.926790 0.000000
1653785720803099896 202.338022 0.000000
1653785721005212696 202.111608 0.000000
1653785721207739481 202.525693 0.000000
1653785721409261523 201.518255 0.000000
1653785721611746870 202.483213 0.000000
1653785722222597269 610.846462 0.000000
1653785722424357446 201.757452 0.000000
1653785722626584438 202.224788 0.000000
1653785722828851814 202.265654 0.000000
1653785723030140889 201.287351 0.000000
1653785723232416470 202.274579 0.000000
1653785723433779041 201.361068 0.000000
1653785723635149356 201.368602 0.000000
1653785723836554105 201.402736 0.000000
1653785724038142339 201.584526 0.000000
1653785724240423610 202.279507 0.000000
1653785724442836608 202.412156 0.000000
1653785725052389296 609.549622 0.000000
1653785725254808423 202.416814 0.000000
1653785725457385738 202.575862 0.000000
1653785725659645918 202.258196 0.000000
1653785725862010864 202.363934 0.000000
1653785726064222053 202.210067 0.000000
1653785726266723072 202.500069 0.000000
1653785726479296094 212.571969 0.000000
1653785726680939408 201.641611 0.000000
1653785726882161822 201.219419 0.000000
1653785727084491761 202.327505 0.000000
1653785727286851054 202.358382 0.000000
1653785727490219339 203.367082 0.000000
1653785727692469026 202.248485 0.000000
1653785727894762747 202.292719 0.000000
1653785728097090271 202.325580 0.000000
1653785728299438913 202.347480 0.000000
1653785728501967843 202.527657 0.000000
1653785728704353425 202.384620 0.000000
1653785728906655400 202.301053 0.000000
1653785729109023107 202.366615 0.000000
1653785729311352081 202.328042 0.000000
1653785729514604215 203.251163 0.000000
1653785729716908273 202.303116 0.000000
1653785729919144193 202.235018 0.000000
1653785730121523521 202.376773 0.000000
1653785730323697464 202.172450 0.000000
1653785730525888588 202.190293 0.000000
1653785730728395435 202.505985 0.000000
1653785730930764473 202.368187 0.000000
1653785731133120476 202.355171 0.000000
1653785731334669727 201.546245 0.000000
1653785731536915854 202.242911 0.000000
1653785731739240508 202.321247 0.000000
1653785731941637217 202.395547 0.000000
1653785732144071045 202.432947 0.000000
1653785732346268238 202.196292 0.000000
1653785732548405069 202.135969 0.000000
1653785732750862130 202.455578 0.000000
1653785732953777639 202.914618 0.000000
1653785733156067196 202.288545 0.000000
1653785733359331107 203.262950 0.000000
1653785733560832095 201.498593 0.000000
1653785733762623117 201.789759 0.000000
1653785733964235804 201.611755 0.000000
1653785734165688662 201.451004 0.000000
1653785734367911261 202.221337 0.000000
1653785734570415418 202.502333 0.000000
1653785734773669470 203.252950 0.000000
1653785734976064351 202.393729 0.000000
1653785735177689521 201.624248 0.000000
1653785735380013368 202.322896 0.000000
1653785735582273807 202.259547 0.000000
1653785735784658900 202.384221 0.000000
1653785735987178283 202.515586 0.000000
1653785736188736766 201.556539 0.000000
1653785736390649262 201.909420 0.000000
1653785736593029655 202.379351 0.000000
1653785736795315290 202.283531 0.000000
1653785736997567562 202.251330 0.000000
1653785737602461135 604.891900 0.000000
1653785737803789876 201.327078 0.000000
1653785738005288095 201.494923 0.000000
1653785738208674841 203.385864 0.000000
1653785738411134279 202.458487 0.000000
1653785738614542956 203.407816 0.000000
1653785738817132197 202.588339 0.000000
1653785739019420034 202.286234 0.000000
1653785739221099199 201.677181 0.000000
1653785739423519042 202.418450 0.000000
1653785739625749090 202.228926 0.000000
1653785739827330922 201.580621 0.000000
1653785740029766024 202.433959 0.000000
1653785740231616780 201.849894 0.000000
1653785740434828195 203.209722 0.000000
1653785740636975957 202.146670 0.000000
1653785740839235228 202.258249 0.000000
1653785741041548230 202.311990 0.000000
1653785741243157542 201.608260 0.000000
1653785741445355557 202.196873 0.000000
1653785741647637559 202.281181 0.000000
1653785741848897136 201.256581 0.000000
1653785742050982630 202.083961 0.000000
1653785742253257598 202.274087 0.000000
1653785742455499645 202.241195 0.000000
1653785742657875833 202.375206 0.000000
1653785742859424701 201.548027 0.000000
1653785743465388539 605.960772 0.000000
1653785743668679921 203.289488 0.000000
1653785743870932236 202.251042 0.000000
1653785744072993592 202.060375 0.000000
1653785744678198094 605.202829 0.000000
1653785744881452255 203.252798 0.000000
1653785745083847055 202.392756 0.000000
1653785745286409759 202.560771 0.000000
1653785745892543819 606.133199 0.000000
1653785746095716736 203.171924 0.000000
1653785746298188779 202.469709 0.000000
1653785746528787439 230.597628 0.000000
1653785746731192797 202.403474 0.000000
1653785746933615388 202.421429 0.000000
1653785747136002790 202.386220 0.000000
1653785747338323830 202.320138 0.000000
1653785747540722925 202.397993 0.000000
1653785747743098145 202.374078 0.000000
1653785747945481030 202.381863 0.000000
1653785748147814772 202.332820 0.000000
1653785748350085606 202.269832 0.000000
1653785748552147719 202.061191 0.000000
1653785748754457976 202.309396 0.000000
1653785748957902209 203.442540 0.000000
1653785749160484576 202.581465 0.000000
1653785749361853729 201.367480 0.000000
1653785749564249386 202.394214 0.000000
1653785749766702289 202.451310 0.000000
1653785749968345366 201.641494 0.000000
1653785750170933783 202.585642 0.000000
1653785750373632796 202.696498 0.000000
1653785750575907596 202.273818 0.000000
1653785750779257910 203.348541 0.000000
1653785750982436312 203.177561 0.000000
1653785751184289611 201.852107 0.000000
1653785751387483490 203.192978 0.000000
1653785751589809945 202.325383 0.000000
1653785751793220752 203.409154 0.000000
1653785751994574995 201.351107 0.000000
1653785752196109445 201.532526 0.000000
1653785752397496028 201.384469 0.000000
1653785752599974647 202.477177 0.000000
1653785752801588666 201.613088 0.000000
1653785753004157102 202.567405 0.000000
1653785753206332763 202.174578 0.000000
1653785753408665337 202.331653 0.000000
1653785753610998301 202.329668 0.000000
1653785753813378655 202.379392 0.000000
1653785754015731477 202.351940 0.000000
1653785754218030558 202.297418 0.000000
1653785754420384731 202.353282 0.000000
1653785754623919988 203.533884 0.000000
1653785754826563944 202.643055 0.000000
1653785755436688759 610.123733 0.000000
1653785756042923175 606.232452 0.000000
1653785756245075038 202.150951 0.000000
1653785756447455708 202.379618 0.000000
1653785756649078039 201.620698 0.000000
1653785756851423784 202.344653 0.000000
1653785757053869447 202.444500 0.000000
1653785757256351517 202.480958 0.000000
1653785757458613585 202.259864 0.000000
1653785757661048717 202.433329 0.000000
1653785757863324570 202.274811 0.000000
1653785758065532456 202.187437 0.000000
1653785758268768608 203.234679 0.000000
1653785758471227213 202.457213 0.000000
1653785759079874890 608.646535 0.000000
1653785759283240243 203.362137 0.000000
1653785759485500996 202.259571 0.000000
1653785759687828514 202.326506 0.000000
1653785759890095389 202.265923 0.000000
1653785760092366922 202.270581 0.000000
1653785760294646339 202.278355 0.000000
1653785760497025694 202.378423 0.000000
1653785760698693755 201.667039 0.000000
1653785760900983813 202.289226 0.000000
1653785761103274260 202.289626 0.000000
1653785761305507479 202.232388 0.000000
1653785761542824538 237.315947 0.000000
1653785761744209829 201.381825 0.000000
1653785761946465129 202.253587 0.000000
1653785762148728605 202.262604 0.000000
1653785762351987475 203.257488 0.000000
1653785762555139645 203.151118 0.000000
1653785762757433587 202.293010 0.000000
1653785762960658063 203.223554 0.000000
1653785763163027707 202.368702 0.000000
1653785763365722559 202.693279 0.000000
1653785763568011611 202.288010 0.000000
1653785763771246234 203.233801 0.000000
1653785763974683648 203.434578 0.000000
1653785764176357226 201.671694 0.000000
1653785764378600231 202.242133 0.000000
1653785764580800946 202.199753 0.000000
1653785764782977727 202.175909 0.000000
1653785764985191778 202.213139 0.000000
1653785765188424526 203.231726 0.000000
1653785765390753110 202.327392 0.000000
1653785765592385871 201.631268 0.000000
1653785765794710758 202.323294 0.000000
1653785766403796342 609.083891 0.000000
1653785766606061496 202.263832 0.000000
1653785766807491787 201.426804 0.000000
1653785767009602952 202.110093 0.000000
1653785767211798996 202.194972 0.000000
1653785767414120104 202.320176 0.000000
1653785767616367374 202.246078 0.000000
1653785767818657634 202.289278 0.000000
1653785768021183215 202.522645 0.000000
1653785768223812700 202.628052 0.000000
1653785768449213355 225.395626 0.000000
1653785768651555311 202.339221 0.000000
1653785768853865089 202.308716 0.000000
1653785769056101571 202.235560 0.000000
1653785769258342267 202.239754 0.000000
1653785770067832738 809.489479 0.000000
1653785770269654344 201.818100 0.000000
1653785770471940595 202.285229 0.000000
1653785770674191650 202.248189 0.000000
1653785770877441195 203.248102 0.000000
1653785771079772196 202.329248 0.000000
1653785771282089368 202.314788 0.000000
1653785771484537928 202.447407 0.000000
1653785771687957365 203.417724 0.000000
1653785771889203641 201.243711 0.000000
1653785772092472872 203.268369 0.000000
1653785772295283126 202.809242 0.000000
1653785772496788523 201.503804 0.000000
1653785772699178945 202.389380 0.000000
1653785772901450124 202.270307 0.000000
1653785773103728422 202.276475 0.000000
1653785773305547673 201.818088 0.000000
1653785773507934873 202.386168 0.000000
1653785773710209671 202.273616 0.000000
1653785774318872134 608.661391 0.000000
1653785774521503666 202.629639 0.000000
1653785774724729538 203.224840 0.000000
1653785774927163528 202.430364 0.000000
1653785775129558140 202.393219 0.000000
1653785775331979169 202.418715 0.000000
1653785775534338893 202.357910 0.000000
1653785775736819224 202.477375 0.000000
1653785775939261563 202.438321 0.000000
1653785776141640187 202.377392 0.000000
1653785776344020533 202.379504 0.000000
1653785776573351584 229.330169 0.000000
1653785777178788998 605.436111 0.000000
1653785777381982197 203.189882 0.000000
1653785777583729924 201.745994 0.000000
1653785777785320817 201.587245 0.000000
1653785777987004505 201.681363 0.000000
1653785778189261946 202.256389 0.000000
1653785778392486586 203.222948 0.000000
1653785778595069108 202.581570 0.000000
1653785779201112090 606.041358 0.000000
1653785779402475581 201.361688 0.000000
1653785779604676527 202.200045 0.000000
1653785779806956724 202.277241 0.000000
1653785780009141691 202.183775 0.000000
1653785780210848581 201.705918 0.000000
1653785780413296275 202.445410 0.000000
1653785780614746222 201.448404 0.000000
1653785780816168246 201.420281 0.000000
1653785781018554153 202.384294 0.000000
1653785781219954830 201.398553 0.000000
1653785781422339338 202.382905 0.000000
1653785781626174738 203.833626 0.000000
1653785781828494114 202.318194 0.000000
1653785782030790636 202.293687 0.000000
1653785782639787230 608.995441 0.000000
1653785782841430987 201.641172 0.000000
1653785783043868418 202.436459 0.000000
1653785783246037217 202.167908 0.000000
1653785783448273442 202.235053 0.000000
1653785783650545035 202.267195 0.000000
1653785783852817669 202.271712 0.000000
1653785784054941081 202.120837 0.000000
1653785784257204772 202.261507 0.000000
1653785784460577991 203.372117 0.000000
1653785784662822615 202.242691 0.000000
1653785784865349982 202.525774 0.000000
1653785785067647975 202.296490 0.000000
1653785785269157179 201.508282 0.000000
1653785785471644845 202.486554 0.000000
1653785785674285097 202.639210 0.000000
1653785785876535847 202.248786 0.000000
1653785786483323626 606.786176 0.000000
1653785786685279554 201.954075 0.000000
1653785786887753476 202.472971 0.000000
1653785787090042148 202.287790 0.000000
1653785787292381360 202.337739 0.000000
1653785787494175477 201.792364 0.000000
1653785787696455929 202.279510 0.000000
1653785787898465852 202.006867 0.000000
1653785788100950696 202.482991 0.000000
1653785788303260246 202.308629 0.000000
1653785788504831095 201.569176 0.000000
1653785788707241175 202.408416 0.000000
1653785788909644441 202.401653 0.000000
1653785789111918380 202.272917 0.000000
1653785789314332210 202.412477 0.000000
1653785789516663143 202.327547 0.000000
1653785789718600356 201.936051 0.000000
1653785789920817646 202.216288 0.000000
1653785790123187709 202.369142 0.000000
1653785790325416694 202.227993 0.000000
1653785790527746459 202.328933 0.000000
1653785790729963231 202.215680 0.000000
1653785790932203948 202.239044 0.000000
1653785791133782935 201.577494 0.000000
1653785791336997238 203.212740 0.000000
1653785791540284197 203.285987 0.000000
1653785791742790828 202.505429 0.000000
1653785791945165350 202.372078 0.000000
1653785792148366814 203.199330 0.000000
1653785792349686885 201.318148 0.000000
1653785792551985528 202.297320 0.000000
1653785792755281477 203.294877 0.000000
1653785792957629573 202.347074 0.000000
1653785793159996721 202.366226 0.000000
1653785793362230014 202.230558 0.000000
1653785793565508063 203.276587 0.000000
1653785793767840272 202.330787 0.000000
1653785793971164448 203.322312 0.000000
1653785794173218539 202.052788 0.000000
1653785794374577360 201.357188 0.000000
1653785794576357665 201.778662 0.000000
1653785794779579411 203.220815 0.000000
1653785794981281047 201.700615 0.000000
1653785795184592828 203.310548 0.000000
1653785795386700422 202.106502 0.000000
1653785795589119241 202.416956 0.000000
1653785795790594315 201.472600 0.000000
1653785795993908168 203.312310 0.000000
1653785796197069357 203.159506 0.000000
1653785796824574614 627.504405 0.000000
1653785797025916139 201.340323 0.000000
1653785797228251548 202.334468 0.000000
1653785797429624197 201.371015 0.000000
1653785797631816426 202.190467 0.000000
1653785797835185461 203.367361 0.000000
1653785798037461848 202.274464 0.000000
1653785798238909361 201.445769 0.000000
1653785798442026574 203.116261 0.000000
1653785798644773722 202.746076 0.000000
1653785798846350668 201.573570 0.000000
1653785799048642298 202.289646 0.000000
1653785799250160105 201.515423 0.000000
1653785799451570271 201.408522 0.000000
1653785799654750367 203.178152 0.000000
1653785799857014159 202.262860 0.000000
1653785800058454550 201.438688 0.000000
1653785800260810939 202.354525 0.000000
1653785800463238633 202.424558 0.000000
1653785800664889225 201.648839 0.000000
1653785800867440932 202.550184 0.000000
1653785801069725423 202.283459 0.000000
1653785801271996496 202.269530 0.000000
1653785801475285153 203.287134 0.000000
1653785801678680641 203.393975 0.000000
1653785802288033008 609.349321 0.000000
1653785802490053543 202.017410 0.000000
1653785802692437020 202.382315 0.000000
1653785802895711054 203.272892 0.000000
1653785803097982007 202.269781 0.000000
1653785803300393932 202.411024 0.000000
1653785803502707051 202.312168 0.000000
1653785803705375729 202.667756 0.000000
1653785803907861743 202.484832 0.000000
1653785804110200097 202.337452 0.000000
1653785804313461113 203.259173 0.000000
1653785804515083716 201.619608 0.000000
1653785804717349120 202.262889 0.000000
1653785805323333982 605.983209 0.000000
1653785805526703176 203.366539 0.000000
1653785806133682115 606.978007 0.000000
1653785806335838971 202.154903 0.000000
1653785806537503622 201.663739 0.000000
1653785806745670774 208.166160 0.000000
1653785806947239845 201.566687 0.000000
1653785807150619156 203.378119 0.000000
1653785807352044961 201.422830 0.000000
1653785807960907191 608.860596 0.000000
1653785808162389727 201.480803 0.000000
1653785808364647311 202.256081 0.000000
1653785808566948967 202.300745 0.000000
1653785808769267555 202.317005 0.000000
1653785808971612583 202.343755 0.000000
1653785809173753652 202.140118 0.000000
1653785809376143167 202.388623 0.000000
1653785809578580263 202.436144 0.000000
1653785809780942887 202.361021 0.000000
1653785809982281195 201.335413 0.000000
1653785810183621171 201.338002 0.000000
1653785810386301156 202.678413 0.000000
1653785810588531446 202.229187 0.000000
1653785811194179017 605.646338 0.000000
1653785811397577367 203.395084 0.000000
1653785811631525493 233.946664 0.000000
1653785811833228134 201.700538 0.000000
1653785812036461242 203.232086 0.000000
1653785812239613123 203.150548 0.000000
1653785812442091177 202.476941 0.000000
1653785812645354067 203.261077 0.000000
1653785812847801392 202.446323 0.000000
1653785813050119033 202.315947 0.000000
1653785813252088724 201.968729 0.000000
1653785813455375823 203.286167 0.000000
1653785813656718445 201.341379 0.000000
1653785813858954096 202.234439 0.000000
1653785814061232376 202.277198 0.000000
1653785814264610250 203.376652 0.000000
1653785814465892132 201.280970 0.000000
1653785814668244036 202.350251 0.000000
1653785814869666211 201.420472 0.000000
1653785815071910791 202.243478 0.000000
1653785815275154536 203.242763 0.000000
1653785815478706582 203.551094 0.000000
1653785815680962089 202.254495 0.000000
1653785815883241210 202.278059 0.000000
1653785816085686831 202.443908 0.000000
1653785816695857526 610.169743 0.000000
1653785816897231409 201.370036 0.000000
1653785817098608784 201.374400 0.000000
1653785817300797032 202.186474 0.000000
1653785817503326653 202.528579 0.000000
1653785817705478041 202.150326 0.000000
1653785817907716614 202.237511 0.000000
1653785818110235141 202.515281 0.000000
1653785818313572214 203.335981 0.000000
1653785818515833984 202.260758 0.000000
1653785818718151479 202.316563 0.000000
1653785818920507096 202.354515 0.000000
1653785819122910179 202.400187 0.000000
1653785819326098887 203.187095 0.000000
1653785819528404504 202.304214 0.000000
1653785819730796494 202.390998 0.000000
1653785819933402135 202.604619 0.000000
1653785820136624743 203.215916 0.000000
1653785820338894276 202.268501 0.000000
1653785820541194457 202.299199 0.000000
1653785820743570040 202.374170 0.000000
1653785820946029450 202.458439 0.000000
1653785821148349845 202.319093 0.000000
1653785821350151061 201.800124 0.000000
1653785821551616366 201.464323 0.000000
1653785821756947311 205.329793 0.000000
1653785821958114104 201.163918 0.000000
1653785822160497441 202.381824 0.000000
1653785822362780458 202.281354 0.000000
1653785822565130591 202.348480 0.000000
1653785822767329660 202.197276 0.000000
1653785822969872656 202.541924 0.000000
1653785823172224346 202.349857 0.000000
1653785823374562521 202.337083 0.000000
1653785823577756905 203.193453 0.000000
1653785823780170923 202.412845 0.000000
1653785823982791499 202.619363 0.000000
1653785824185159534 202.367003 0.000000
1653785824387670388 202.509110 0.000000
1653785824589988209 202.316188 0.000000
1653785825199708288 609.719118 0.000000
1653785825401356533 201.646784 0.000000
1653785825603879003 202.521618 0.000000
1653785825806278622 202.397996 0.000000
1653785826008609230 202.327172 0.000000
1653785826211928934 203.318281 0.000000
1653785826414268253 202.338378 0.000000
1653785826644326971 230.055171 0.000000
1653785826845713429 201.384194 0.000000
1653785827048096890 202.382088 0.000000
1653785827250379177 202.281054 0.000000
1653785827453674959 203.292907 0.000000
1653785827655928421 202.252230 0.000000
1653785827858246895 202.317131 0.000000
1653785828061474798 203.226590 0.000000
1653785828263726382 202.250341 0.000000
1653785828465305560 201.577335 0.000000
1653785828667861425 202.554392 0.000000
1653785828869586989 201.724642 0.000000
1653785829071279237 201.691337 0.000000
1653785829273526757 202.246598 0.000000
1653785829476074421 202.546612 0.000000
1653785829679473726 203.395989 0.000000
1653785829881977698 202.502900 0.000000
1653785830084331746 202.352946 0.000000
1653785830286725254 202.391815 0.000000
1653785830489110547 202.383800 0.000000
1653785830692480722 203.368913 0.000000
1653785831299760295 607.278511 0.000000
1653785831502989770 203.227571 0.000000
1653785831706297912 203.305377 0.000000
1653785831908712485 202.413020 0.000000
1653785832111297535 202.583507 0.000000
1653785832312911015 201.611967 0.000000
1653785832515283222 202.370013 0.000000
1653785832717623740 202.339396 0.000000
1653785832920037335 202.412674 0.000000
1653785833122227516 202.189270 0.000000
1653785833325382409 203.153360 0.000000
1653785833527663199 202.279848 0.000000
1653785833729040038 201.375146 0.000000
1653785833932292555 203.251194 0.000000
1653785834134674000 202.380153 0.000000
1653785834337075080 202.400148 0.000000
1653785834540299388 203.223246 0.000000
1653785834743629936 203.329636 0.000000
1653785834945872367 202.241359 0.000000
1653785835148108122 202.232168 0.000000
1653785835350471466 202.361991 0.000000
1653785835553066345 202.592975 0.000000
1653785835755505034 202.437026 0.000000
1653785835957832134 202.326148 0.000000
1653785836159189208 201.355982 0.000000
1653785836361541249 202.350678 0.000000
1653785836563881750 202.339580 0.000000
1653785836768320013 204.436489 0.000000
