1653421610908535194 414.659491 0.000000
1653421611115785281 207.244425 0.000000
1653421611933634532 817.846647 0.000000
1653421612137727184 204.089717 0.000000
1653421612341450774 203.721315 0.000000
1653421612545317369 203.864231 0.000000
1653421612748895908 203.576906 0.000000
1653421612952836246 203.937833 0.000000
1653421613157531461 204.693181 0.000000
1653421613360627910 203.094034 0.000000
1653421613562768944 202.137528 0.000000
1653421613765422478 202.651460 0.000000
1653421613969193990 203.769618 0.000000
1653421614172740137 203.543021 0.000000
1653421614376087991 203.346441 0.000000
1653421614579139743 203.049067 0.000000
1653421614782320715 203.179990 0.000000
1653421614985027712 202.706165 0.000000
1653421615188674233 203.645639 0.000000
1653421615390609350 201.932462 0.000000
1653421615592460966 201.848881 0.000000
1653421615795339554 202.876364 0.000000
1653421616404544297 609.201897 0.000000
1653421616606945444 202.397820 0.000000
1653421616809034638 202.087281 0.000000
1653421617011915120 202.878468 0.000000
1653421617215175325 203.258802 0.000000
1653421617418291461 203.115024 0.000000
1653421617621440963 203.146937 0.000000
1653421617824634459 203.191813 0.000000
1653421618027652787 203.017537 0.000000
1653421618230539320 202.885701 0.000000
1653421618433448768 202.908646 0.000000
1653421618636417881 202.967930 0.000000
1653421618839099429 202.680085 0.000000
1653421619042346639 203.243743 0.000000
1653421619245417819 203.069377 0.000000
1653421619448273042 202.854061 0.000000
1653421619651137703 202.863118 0.000000
1653421619854076047 202.936290 0.000000
1653421620055986937 201.908836 0.000000
1653421620668242680 612.253860 0.000000
1653421620870186263 201.940818 0.000000
1653421621480249564 610.061157 0.000000
1653421621682866977 202.615209 0.000000
1653421621885750555 202.882135 0.000000
1653421622088368340 202.616031 0.000000
1653421622291046681 202.676829 0.000000
1653421622493902366 202.854111 0.000000
1653421623510317500 1016.413251 0.000000
1653421623712917681 202.597896 0.000000
1653421623915691006 202.771151 0.000000
1653421624118093185 202.400545 0.000000
1653421624320825671 202.730612 0.000000
1653421624523453135 202.625480 0.000000
1653421624725153909 201.695304 0.000000
1653421624927722038 202.566736 0.000000
1653421625130202277 202.477814 0.000000
1653421625739122030 608.918100 0.000000
1653421625941636586 202.513514 0.000000
1653421626143203713 201.565244 0.000000
1653421626345660566 202.455361 0.000000
1653421626548218846 202.555675 0.000000
1653421626750713824 202.493545 0.000000
1653421626952154577 201.437166 0.000000
1653421627153455299 201.298508 0.000000
1653421627354964634 201.507062 0.000000
1653421627556564434 201.597205 0.000000
1653421627759145728 202.579822 0.000000
1653421627961516927 202.369144 0.000000
1653421628163805957 202.287888 0.000000
1653421628365625571 201.816277 0.000000
1653421628566876267 201.248832 0.000000
1653421628768703576 201.825485 0.000000
1653421628970125242 201.420483 0.000000
1653421629171613727 201.487583 0.000000
1653421629374067124 202.451774 0.000000
1653421629576524830 202.456143 0.000000
1653421629778948710 202.422538 0.000000
1653421629981334407 202.384384 0.000000
1653421630183883289 202.545966 0.000000
1653421630386476777 202.591143 0.000000
1653421630588653811 202.175120 0.000000
1653421630790948231 202.292386 0.000000
1653421630994256780 203.305643 0.000000
1653421631601483053 607.225072 0.000000
1653421631803769519 202.283439 0.000000
1653421632006277742 202.506800 0.000000
1653421632208847394 202.566726 0.000000
1653421632410468234 201.619397 0.000000
1653421632612372362 201.902945 0.000000
1653421632813907356 201.533822 0.000000
1653421633016224320 202.315721 0.000000
1653421633219541896 203.316063 0.000000
1653421633421905500 202.362422 0.000000
1653421633624135586 202.229135 0.000000
1653421633825531232 201.391588 0.000000
1653421634029059664 203.525488 0.000000
1653421634231575282 202.514495 0.000000
1653421634433941992 202.365478 0.000000
1653421635449823718 1015.880824 0.000000
1653421635651406404 201.579140 0.000000
1653421636260590387 609.183021 0.000000
1653421636463043574 202.450943 0.000000
1653421636664627042 201.582416 0.000000
1653421636866895132 202.267068 0.000000
1653421637070120860 203.224696 0.000000
1653421637271825713 201.703781 0.000000
1653421637473376899 201.549972 0.000000
1653421637675713140 202.334959 0.000000
1653421637878201876 202.487814 0.000000
1653421638080442051 202.238542 0.000000
1653421638282042943 201.599048 0.000000
1653421638483382501 201.338365 0.000000
1653421638685765492 202.381678 0.000000
1653421638888196026 202.428901 0.000000
1653421639089792860 201.594850 0.000000
1653421639699526223 609.731750 0.000000
1653421639902858357 203.328908 0.000000
1653421640104630780 201.768716 0.000000
1653421640306225069 201.592426 0.000000
1653421640509776456 203.549934 0.000000
1653421640711309617 201.531097 0.000000
1653421640914671669 203.361099 0.000000
1653421641117490371 202.815386 0.000000
1653421641320496476 203.004803 0.000000
1653421641522781788 202.284332 0.000000
1653421641725110655 202.326261 0.000000
1653421641926697220 201.583479 0.000000
1653421642129113646 202.415244 0.000000
1653421642331301360 202.185540 0.000000
1653421642533640948 202.336672 0.000000
1653421642736945689 203.302637 0.000000
1653421642939160937 202.213545 0.000000
1653421643141552875 202.389564 0.000000
1653421643343938753 202.384405 0.000000
1653421643546226901 202.279411 0.000000
1653421643748555688 202.325931 0.000000
1653421643950935303 202.377901 0.000000
1653421644153250825 202.312887 0.000000
1653421644355666079 202.411998 0.000000
1653421644556992921 201.324077 0.000000
1653421644758454664 201.459889 0.000000
1653421644959917389 201.460050 0.000000
1653421645161782040 201.862687 0.000000
1653421645364535277 202.751794 0.000000
1653421645566766295 202.228764 0.000000
1653421645768641166 201.872565 0.000000
1653421645970334867 201.691267 0.000000
1653421646173757595 203.420484 0.000000
1653421646376102504 202.343505 0.000000
1653421646578504101 202.399583 0.000000
1653421646781832217 203.326644 0.000000
1653421646984199378 202.365628 0.000000
1653421647186504088 202.303578 0.000000
1653421647388879094 202.373643 0.000000
1653421647591137926 202.257379 0.000000
1653421647793534474 202.395305 0.000000
1653421647994958234 201.422417 0.000000
1653421648197223588 202.264133 0.000000
1653421648399424027 202.199306 0.000000
1653421648601640417 202.215037 0.000000
1653421648804032046 202.389975 0.000000
1653421649006513467 202.480239 0.000000
1653421649208829449 202.314780 0.000000
1653421649411207782 202.376519 0.000000
1653421649613440754 202.231680 0.000000
1653421649815607027 202.165111 0.000000
1653421650017822806 202.214166 0.000000
1653421650220167012 202.342393 0.000000
1653421650421531208 201.361520 0.000000
1653421650623753229 202.220919 0.000000
1653421650825887770 202.133559 0.000000
1653421651028228450 202.338676 0.000000
1653421651230532550 202.302285 0.000000
1653421651432815949 202.282377 0.000000
1653421651635160486 202.343365 0.000000
1653421651837566252 202.403431 0.000000
1653421652039166633 201.598899 0.000000
1653421652241354367 202.186742 0.000000
1653421652443776084 202.419923 0.000000
1653421652647068431 203.288650 0.000000
1653421652849570793 202.501100 0.000000
1653421653052103363 202.529104 0.000000
1653421653253636925 201.530476 0.000000
1653421653456092697 202.452406 0.000000
1653421653658515305 202.421126 0.000000
1653421653860859732 202.343305 0.000000
1653421654063414024 202.553280 0.000000
1653421654265733062 202.317625 0.000000
1653421654467467051 201.732737 0.000000
1653421654669567447 202.098272 0.000000
1653421654871124354 201.555274 0.000000
1653421655074450276 203.324890 0.000000
1653421655275985541 201.533952 0.000000
1653421655477687007 201.699763 0.000000
1653421655679987840 202.299831 0.000000
1653421656285633062 605.644360 0.000000
1653421656487909157 202.273340 0.000000
1653421656690236010 202.325150 0.000000
1653421657498229286 807.991392 0.000000
1653421657699294414 201.062903 0.000000
1653421657900545891 201.249804 0.000000
1653421658102783993 202.235226 0.000000
1653421658304997467 202.211721 0.000000
1653421658506832020 201.832930 0.000000
1653421658709072877 202.239424 0.000000
1653421658911401684 202.327305 0.000000
1653421659112973370 201.570112 0.000000
1653421659315270415 202.295662 0.000000
1653421659517437801 202.165903 0.000000
1653421659720567123 203.128040 0.000000
1653421659922857335 202.289120 0.000000
1653421660124603147 201.742816 0.000000
1653421660326861809 202.253492 0.000000
1653421660528485495 201.622374 0.000000
1653421660730777681 202.290523 0.000000
1653421660933996496 203.215429 0.000000
1653421661135950229 201.952952 0.000000
1653421661338222427 202.270926 0.000000
1653421661540462572 202.238943 0.000000
1653421661742762924 202.298358 0.000000
1653421661945046694 202.282898 0.000000
1653421662147626215 202.577647 0.000000
1653421662349934934 202.305893 0.000000
1653421662552153798 202.217201 0.000000
1653421662753660338 201.504796 0.000000
1653421662954890484 201.228453 0.000000
1653421663157158303 202.265714 0.000000
1653421663359548138 202.381519 0.000000
1653421663561811549 202.262169 0.000000
1653421663764450925 202.638033 0.000000
1653421663965880567 201.428048 0.000000
1653421664168197160 202.315071 0.000000
1653421664370393882 202.195389 0.000000
1653421664572578050 202.182886 0.000000
1653421664774320595 201.741243 0.000000
1653421664975780024 201.456603 0.000000
1653421665177059305 201.277548 0.000000
1653421665379379435 202.318517 0.000000
1653421665581646222 202.264713 0.000000
1653421665785022571 203.375207 0.000000
1653421665987244542 202.221179 0.000000
1653421666189598568 202.350960 0.000000
1653421666392122822 202.522500 0.000000
1653421666594408546 202.282658 0.000000
1653421666798069885 203.660096 0.000000
1653421667000326783 202.255185 0.000000
1653421667201819015 201.490328 0.000000
1653421667404275449 202.455321 0.000000
1653421667605880779 201.603186 0.000000
1653421667808163086 202.280253 0.000000
1653421668418409500 610.245201 0.000000
1653421668619995854 201.582927 0.000000
1653421668821689645 201.692048 0.000000
1653421669023071043 201.380187 0.000000
1653421669224596089 201.521689 0.000000
1653421669427041731 202.443969 0.000000
1653421669630315602 203.272439 0.000000
1653421669832731788 202.415063 0.000000
1653421670034928410 202.194929 0.000000
1653421670236356919 201.426335 0.000000
1653421670438617184 202.259223 0.000000
1653421670641141588 202.523533 0.000000
1653421670843496876 202.353284 0.000000
1653421671044845301 201.346501 0.000000
1653421671248134893 203.287238 0.000000
1653421671853724106 605.588001 0.000000
1653421672057076459 203.350309 0.000000
1653421672259417339 202.337824 0.000000
1653421672461711369 202.292757 0.000000
1653421672664106304 202.393712 0.000000
1653421672865937610 201.830294 0.000000
1653421673067705955 201.766141 0.000000
1653421673675240645 607.533557 0.000000
1653421673877590462 202.348055 0.000000
1653421674079014403 201.422718 0.000000
1653421674282037180 203.021865 0.000000
1653421674484325789 202.287847 0.000000
1653421674685939364 201.611842 0.000000
1653421674888363155 202.422038 0.000000
1653421675496807992 608.443855 0.000000
1653421675698128572 201.317305 0.000000
1653421676306091929 607.962395 0.000000
1653421676507364778 201.271456 0.000000
1653421676709642897 202.276085 0.000000
1653421676911157602 201.513072 0.000000
1653421677112487000 201.327795 0.000000
1653421677314694883 202.206881 0.000000
1653421677517052667 202.356501 0.000000
1653421677719534719 202.480229 0.000000
1653421677921023705 201.486651 0.000000
1653421678123360207 202.334077 0.000000
1653421678324778857 201.417668 0.000000
1653421678527204100 202.424321 0.000000
1653421678729500104 202.294701 0.000000
1653421678931813862 202.312716 0.000000
1653421679134989473 203.174379 0.000000
1653421679337305375 202.314820 0.000000
1653421679539716191 202.409894 0.000000
1653421679742204766 202.487603 0.000000
1653421679944405055 202.199297 0.000000
1653421680146007750 201.601763 0.000000
1653421680348212207 202.203304 0.000000
1653421680550365766 202.152537 0.000000
1653421680752648654 202.281656 0.000000
1653421680954912526 202.261998 0.000000
1653421681157075593 202.162065 0.000000
1653421681359425140 202.348505 0.000000
1653421681561608406 202.182324 0.000000
1653421681762894320 201.284872 0.000000
1653421681965030815 202.135565 0.000000
1653421682167206838 202.174089 0.000000
1653421682369378271 202.170041 0.000000
1653421682572505980 203.126587 0.000000
1653421682774700798 202.193526 0.000000
1653421682976860559 202.157897 0.000000
1653421683179864389 203.002698 0.000000
1653421683381289873 201.424461 0.000000
1653421683582604752 201.313727 0.000000
1653421683784360453 201.754859 0.000000
1653421683986464275 202.099303 0.000000
1653421684187888005 201.421956 0.000000
1653421684390153490 202.264513 0.000000
1653421684593257343 203.102991 0.000000
1653421684795561242 202.303067 0.000000
1653421684997970855 202.408060 0.000000
1653421685200184650 202.213064 0.000000
1653421685402461667 202.275414 0.000000
1653421685604754504 202.290744 0.000000
1653421685807018346 202.262850 0.000000
1653421686009406057 202.386918 0.000000
1653421686211692372 202.284772 0.000000
1653421686413971172 202.277959 0.000000
1653421686616170419 202.198255 0.000000
1653421686817530736 201.359215 0.000000
1653421687019882007 202.347624 0.000000
1653421687629543983 609.660844 0.000000
1653421687831966851 202.420925 0.000000
1653421688033595777 201.627764 0.000000
1653421688235960784 202.362232 0.000000
1653421688438279020 202.316813 0.000000
1653421688639625711 201.344717 0.000000
1653421688842161047 202.532440 0.000000
1653421689043424898 201.262108 0.000000
1653421689244863737 201.436846 0.000000
1653421689447224406 202.358905 0.000000
1653421689649507835 202.281987 0.000000
1653421689851859135 202.350118 0.000000
1653421690055136163 203.275865 0.000000
1653421690257268761 202.130665 0.000000
1653421690459624911 202.354767 0.000000
1653421690661990569 202.363774 0.000000
1653421690863564309 201.572197 0.000000
1653421691065969042 202.403631 0.000000
1653421691268443240 202.473106 0.000000
1653421691471583553 203.139171 0.000000
1653421691673839810 202.255385 0.000000
1653421691876129251 202.287918 0.000000
1653421692077520078 201.389043 0.000000
1653421692279932706 202.410785 0.000000
1653421692483132034 203.197614 0.000000
1653421692684268129 201.133530 0.000000
1653421692885681469 201.411256 0.000000
1653421693088058258 202.375537 0.000000
1653421693290366155 202.306545 0.000000
1653421693491749096 201.381258 0.000000
1653421693694894068 203.143940 0.000000
1653421693897124696 202.227462 0.000000
1653421694099477790 202.350548 0.000000
1653421694301945665 202.466182 0.000000
1653421694503929967 201.982729 0.000000
1653421694706363245 202.431495 0.000000
1653421694908725096 202.360548 0.000000
1653421695111538168 202.811468 0.000000
1653421695313780639 202.240988 0.000000
1653421695516131618 202.349637 0.000000
1653421695719410689 203.277848 0.000000
1653421695921243359 201.831618 0.000000
1653421696123425994 202.180882 0.000000
1653421696325648275 202.221199 0.000000
1653421696527867841 202.218313 0.000000
1653421696729320597 201.451744 0.000000
1653421697336744653 607.422513 0.000000
1653421697539053711 202.305361 0.000000
1653421697740419219 201.363494 0.000000
1653421697942016444 201.594931 0.000000
1653421698551120533 609.102626 0.000000
1653421698752493264 201.371088 0.000000
1653421698953835637 201.339107 0.000000
1653421699156131861 202.294851 0.000000
1653421699359522919 203.390066 0.000000
1653421699561912703 202.388482 0.000000
1653421699765298651 203.384866 0.000000
1653421699967725797 202.426245 0.000000
1653421700169263317 201.535917 0.000000
1653421700370651539 201.386257 0.000000
1653421700573087853 202.434952 0.000000
1653421700774482377 201.392971 0.000000
1653421700976822195 202.337233 0.000000
1653421701178712225 201.888277 0.000000
1653421701381070098 202.356631 0.000000
1653421701583542201 202.471071 0.000000
1653421701785289717 201.746493 0.000000
1653421701987021862 201.730553 0.000000
1653421702189599299 202.576345 0.000000
1653421702391990847 202.390686 0.000000
1653421702593330705 201.338977 0.000000
1653421702794561072 201.229385 0.000000
1653421702996730941 202.167645 0.000000
1653421703198752225 202.020252 0.000000
1653421703402045173 203.290924 0.000000
1653421703605217638 203.171323 0.000000
1653421703807544512 202.325601 0.000000
1653421704009895882 202.350438 0.000000
1653421704211548163 201.651449 0.000000
1653421704822635000 611.086055 0.000000
1653421705024935292 202.297427 0.000000
1653421705226449135 201.510808 0.000000
1653421705428935156 202.484107 0.000000
1653421705630699273 201.763145 0.000000
1653421705833082314 202.382100 0.000000
1653421706036533027 203.448989 0.000000
1653421706238795015 202.261006 0.000000
1653421706440965606 202.168798 0.000000
1653421706643167789 202.201181 0.000000
1653421706844460356 201.291455 0.000000
1653421707047651367 203.189969 0.000000
1653421707250930218 203.277860 0.000000
1653421707454250749 203.319760 0.000000
1653421707656548407 202.296455 0.000000
1653421707858875250 202.325010 0.000000
1653421708060570303 201.694031 0.000000
1653421708263222324 202.650919 0.000000
1653421708464658478 201.434611 0.000000
1653421708666993477 202.333506 0.000000
1653421708869430443 202.436004 0.000000
1653421709071927865 202.496290 0.000000
1653421709273451918 201.522971 0.000000
1653421709475928590 202.475369 0.000000
1653421709678205527 202.275254 0.000000
1653421709880638945 202.430754 0.000000
1653421710082360951 201.719260 0.000000
1653421710284998474 202.635649 0.000000
1653421710487527035 202.526989 0.000000
1653421710690855181 203.326833 0.000000
1653421710893207944 202.351901 0.000000
1653421711095477266 202.267358 0.000000
1653421711297732331 202.253231 0.000000
1653421711499484173 201.750229 0.000000
1653421711701737775 202.252309 0.000000
1653421711904157427 202.416907 0.000000
1653421712107446497 203.286996 0.000000
1653421712309888863 202.441364 0.000000
1653421712511347460 201.456232 0.000000
1653421712713556285 202.207262 0.000000
1653421712916871977 203.314700 0.000000
1653421713119167690 202.294601 0.000000
1653421713320605927 201.436494 0.000000
