1653785641313979399 412.881705 0.000000
1653785641518455676 204.472420 0.000000
1653785641723396336 204.937434 0.000000
1653785641926873846 203.474235 0.000000
1653785642130730019 203.853708 0.000000
1653785642335453030 204.719274 0.000000
1653785642539799043 204.343619 0.000000
1653785642743619758 203.818020 0.000000
1653785642946726563 203.103398 0.000000
1653785643151065893 204.336755 0.000000
1653785643353819144 202.749875 0.000000
1653785643557805290 203.983571 0.000000
1653785643761613954 203.806931 0.000000
1653785643965185120 203.567489 0.000000
1653785644169038388 203.852206 0.000000
1653785645185330074 1016.290734 0.000000
1653785645387455406 202.123588 0.000000
1653785645590683949 203.226890 0.000000
1653785645794287416 203.602465 0.000000
1653785645997811285 203.520683 0.000000
1653785646201108478 203.296351 0.000000
1653785646403602892 202.493573 0.000000
1653785646605634557 202.028529 0.000000
1653785646808278983 202.642622 0.000000
1653785647010770762 202.489705 0.000000
1653785647212718901 201.946556 0.000000
1653785647414628136 201.906791 0.000000
1653785647617290065 202.658783 0.000000
1653785647821018768 203.725627 0.000000
1653785648024116415 203.094030 0.000000
1653785648227299764 203.181265 0.000000
1653785648430212975 202.912120 0.000000
1653785648633258334 203.043094 0.000000
1653785648836352436 203.092979 0.000000
1653785649445724147 609.370489 0.000000
1653785649648803650 203.076468 0.000000
1653785649851619729 202.814666 0.000000
1653785650054738506 203.117104 0.000000
1653785650257696422 202.956203 0.000000
1653785650460651532 202.953487 0.000000
1653785650663391908 202.739054 0.000000
1653785650866155408 202.761637 0.000000
1653785651069078768 202.921607 0.000000
1653785651271460171 202.378978 0.000000
1653785651474609635 203.144144 0.000000
1653785651677695681 203.084272 0.000000
1653785651880497373 202.800119 0.000000
1653785652487399845 606.899267 0.000000
1653785652689194566 201.792717 0.000000
1653785652892132774 202.936014 0.000000
1653785653095108683 202.974516 0.000000
1653785653325913480 230.801400 0.000000
1653785653528747692 202.830956 0.000000
1653785653731783204 203.032165 0.000000
1653785653934549759 202.763179 0.000000
1653785654137528544 202.975989 0.000000
1653785654339399598 201.869982 0.000000
1653785654542181492 202.780772 0.000000
1653785654744939212 202.756347 0.000000
1653785654947697452 202.757198 0.000000
1653785655150409515 202.710210 0.000000
1653785655760379821 609.967430 0.000000
1653785655962137241 201.754685 0.000000
1653785656164220253 202.080066 0.000000
1653785656366798414 202.576148 0.000000
1653785656568960194 202.160828 0.000000
1653785656771867715 202.906308 0.000000
1653785657379063639 607.194331 0.000000
1653785657581602608 202.537245 0.000000
1653785657784216597 202.612857 0.000000
1653785658389730000 605.511831 0.000000
1653785658592317821 202.585155 0.000000
1653785658794868741 202.549317 0.000000
1653785658998449256 203.578090 0.000000
1653785659201188952 202.738063 0.000000
1653785659403646006 202.455832 0.000000
1653785659605433083 201.785574 0.000000
1653785659807574394 202.139618 0.000000
1653785660011351238 203.776002 0.000000
1653785660213787353 202.435253 0.000000
1653785660416138318 202.349983 0.000000
1653785660618520372 202.381102 0.000000
1653785660821369322 202.847809 0.000000
1653785661023333561 201.963216 0.000000
1653785661225774505 202.438169 0.000000
1653785661428295981 202.520363 0.000000
1653785661630662366 202.365263 0.000000
1653785661833146591 202.483243 0.000000
1653785662035668237 202.520694 0.000000
1653785662238350905 202.680905 0.000000
1653785662441092284 202.740337 0.000000
1653785662643540171 202.446715 0.000000
1653785663252436320 608.892973 0.000000
1653785663454693199 202.254534 0.000000
1653785663656242899 201.545873 0.000000
1653785663858630123 202.385942 0.000000
1653785664061028307 202.395750 0.000000
1653785664263625013 202.595825 0.000000
1653785664466143193 202.516837 0.000000
1653785664668565402 202.421057 0.000000
1653785664870380431 201.814118 0.000000
1653785665072826685 202.442587 0.000000
1653785665275895759 203.067631 0.000000
1653785665478399792 202.502670 0.000000
1653785666087857706 609.456822 0.000000
1653785666290568588 202.709148 0.000000
1653785666492170556 201.599604 0.000000
1653785666694810274 202.638856 0.000000
1653785666897137274 202.326068 0.000000
1653785667099651747 202.512870 0.000000
1653785667302153826 202.499494 0.000000
1653785667504686272 202.530673 0.000000
1653785667707152354 202.465230 0.000000
1653785667909547022 202.393816 0.000000
1653785668111934546 202.386682 0.000000
1653785668328283637 216.348270 0.000000
1653785668530669308 202.384669 0.000000
1653785669138165868 607.495638 0.000000
1653785669341541949 203.373947 0.000000
1653785669543969058 202.425647 0.000000
1653785669747196269 203.226039 0.000000
1653785669949652512 202.455131 0.000000
1653785670152092906 202.439362 0.000000
1653785670354466073 202.372216 0.000000
1653785670962016875 607.549570 0.000000
1653785671164406523 202.386272 0.000000
1653785671366130721 201.721714 0.000000
1653785671568753357 202.620883 0.000000
1653785671772267798 203.513189 0.000000
1653785671975581352 203.312552 0.000000
1653785672178056551 202.474258 0.000000
1653785672787460864 609.403121 0.000000
1653785672989190172 201.728216 0.000000
1653785673191838987 202.647803 0.000000
1653785673394436486 202.596407 0.000000
1653785673596726246 202.288467 0.000000
1653785673799287347 202.560139 0.000000
1653785674002062449 202.774461 0.000000
1653785674204518111 202.453367 0.000000
1653785674406849530 202.330297 0.000000
1653785674609242835 202.391792 0.000000
1653785674811809616 202.566009 0.000000
1653785675014468781 202.658383 0.000000
1653785675217892902 203.423199 0.000000
1653785675419777692 201.882025 0.000000
1653785675622152983 202.374178 0.000000
1653785675824500262 202.346026 0.000000
1653785676027438882 202.937447 0.000000
1653785676229974364 202.532877 0.000000
1653785676432231063 202.254124 0.000000
1653785676635524038 203.291633 0.000000
1653785676837863191 202.337941 0.000000
1653785677039749765 201.885522 0.000000
1653785677242212561 202.461334 0.000000
1653785677444759865 202.544710 0.000000
1653785678055167273 610.406116 0.000000
1653785678256915988 201.744267 0.000000
1653785678459879103 202.959048 0.000000
1653785678662058988 202.177350 0.000000
1653785678864490174 202.429423 0.000000
1653785679066744688 202.252981 0.000000
1653785679268209269 201.463328 0.000000
1653785679471682764 203.472503 0.000000
1653785679675050379 203.366724 0.000000
1653785679878200275 203.149055 0.000000
1653785680080657811 202.456704 0.000000
1653785680282919850 202.260826 0.000000
1653785680485069587 202.148655 0.000000
1653785680687571787 202.501057 0.000000
1653785680889977105 202.401500 0.000000
1653785681092278007 202.299940 0.000000
1653785682107008305 1014.727533 0.000000
1653785682310156318 203.145769 0.000000
1653785682916510143 606.352833 0.000000
1653785683119192912 202.681407 0.000000
1653785683333884710 214.690556 0.000000
1653785683536119157 202.233134 0.000000
1653785683737534675 201.412913 0.000000
1653785683939900880 202.365103 0.000000
1653785684143170000 203.268259 0.000000
1653785684345878899 202.705362 0.000000
1653785684548311077 202.430495 0.000000
1653785684750913505 202.600414 0.000000
1653785684953284338 202.368889 0.000000
1653785685155762613 202.476692 0.000000
1653785685357231572 201.466304 0.000000
1653785685559472441 202.237542 0.000000
1653785685761804181 202.330157 0.000000
1653785685964132264 202.326490 0.000000
1653785686167387288 203.254052 0.000000
1653785686369078404 201.689954 0.000000
1653785686571518588 202.438951 0.000000
1653785686772650524 201.130113 0.000000
1653785686974200184 201.548037 0.000000
1653785687989455399 1015.253902 0.000000
1653785688190912997 201.454332 0.000000
1653785688393269523 202.353420 0.000000
1653785688594665835 201.393427 0.000000
1653785688795915122 201.246571 0.000000
1653785688998335067 202.419084 0.000000
1653785689200516615 202.180506 0.000000
1653785689402747486 202.229799 0.000000
1653785689604993254 202.244806 0.000000
1653785689807292362 202.297856 0.000000
1653785690009653297 202.360033 0.000000
1653785690211169364 201.513784 0.000000
1653785690413649613 202.477143 0.000000
1653785690615905220 202.254044 0.000000
1653785690818257097 202.350295 0.000000
1653785691021465203 203.206814 0.000000
1653785691223678311 202.211855 0.000000
1653785691426072438 202.393325 0.000000
1653785691628375754 202.302394 0.000000
1653785691830577390 202.200754 0.000000
1653785692033756291 203.177970 0.000000
1653785692236051973 202.294861 0.000000
1653785692437370760 201.317224 0.000000
1653785692638698745 201.326122 0.000000
1653785692839991873 201.291355 0.000000
1653785693041767418 201.773571 0.000000
1653785693244043634 202.273220 0.000000
1653785693447298307 203.253120 0.000000
1653785693649598528 202.298858 0.000000
1653785693852907424 203.305479 0.000000
1653785694055299577 202.390520 0.000000
1653785694257591001 202.290132 0.000000
1653785694459173834 201.580929 0.000000
1653785695064666801 605.491195 0.000000
1653785695266887964 202.218768 0.000000
1653785695470111108 203.221911 0.000000
1653785695671897093 201.785093 0.000000
1653785695875037762 203.139777 0.000000
1653785696484098934 609.060360 0.000000
1653785696685629007 201.525315 0.000000
1653785696887899121 202.265957 0.000000
1653785697089196559 201.295784 0.000000
1653785697291505586 202.308226 0.000000
1653785697493827678 202.320549 0.000000
1653785697696175077 202.346618 0.000000
1653785697897554939 201.378188 0.000000
1653785698100695458 203.139718 0.000000
1653785698303243535 202.546925 0.000000
1653785698505715708 202.471322 0.000000
1653785698708014907 202.298107 0.000000
1653785698910405758 202.389869 0.000000
1653785699112846232 202.439603 0.000000
1653785699314416742 201.569377 0.000000
1653785699517693798 203.275934 0.000000
1653785699720051046 202.353911 0.000000
1653785699922424224 202.370603 0.000000
1653785700123928039 201.501841 0.000000
1653785700326252345 202.321451 0.000000
1653785700527778622 201.524604 0.000000
1653785700729316931 201.537227 0.000000
1653785700931194669 201.876195 0.000000
1653785701133625725 202.427139 0.000000
1653785701335017049 201.388368 0.000000
1653785701945274868 610.255876 0.000000
1653785702147572253 202.296003 0.000000
1653785702349880379 202.307264 0.000000
1653785702551827467 201.946136 0.000000
1653785702754161030 202.332221 0.000000
1653785702955931776 201.769945 0.000000
1653785703158095090 202.162432 0.000000
1653785703391652589 233.556527 0.000000
1653785703593991793 202.337781 0.000000
1653785703795500307 201.505257 0.000000
1653785703998222851 202.720981 0.000000
1653785704201656521 203.430504 0.000000
1653785704403059226 201.400200 0.000000
1653785704604457593 201.396824 0.000000
1653785704806693442 202.234988 0.000000
1653785705008959660 202.265366 0.000000
1653785705211401657 202.441206 0.000000
1653785705413657565 202.254796 0.000000
1653785705615970540 202.310731 0.000000
1653785705818504740 202.532387 0.000000
1653785706021448139 202.941205 0.000000
1653785706223699849 202.250467 0.000000
1653785706425987045 202.286265 0.000000
1653785706627568306 201.580219 0.000000
1653785706829789388 202.220200 0.000000
1653785707032003337 202.212647 0.000000
1653785707234332572 202.326159 0.000000
1653785707436720919 202.387485 0.000000
1653785707639120907 202.398455 0.000000
1653785707841479037 202.355996 0.000000
1653785708042983914 201.502853 0.000000
1653785708245249530 202.264704 0.000000
1653785708447655088 202.404656 0.000000
1653785708650008089 202.350366 0.000000
1653785708852557117 202.548237 0.000000
1653785709459666512 607.107812 0.000000
1653785709662862616 203.194611 0.000000
1653785709866221786 203.358268 0.000000
1653785710069515123 203.292495 0.000000
1653785710270968043 201.451908 0.000000
1653785710473811935 202.842430 0.000000
1653785710676565688 202.752601 0.000000
1653785710878917125 202.350476 0.000000
1653785711080652595 201.732214 0.000000
1653785711282170447 201.515538 0.000000
1653785711484577018 202.403566 0.000000
1653785711686734901 202.156851 0.000000
1653785711890091306 203.355383 0.000000
1653785712092380947 202.288389 0.000000
1653785712294621967 202.239887 0.000000
1653785712497049096 202.425546 0.000000
1653785712699406044 202.355936 0.000000
1653785712901752212 202.343703 0.000000
1653785713104117916 202.364071 0.000000
1653785713305494412 201.375705 0.000000
1653785713507307778 201.812064 0.000000
1653785713709765334 202.454050 0.000000
1653785713911100142 201.332764 0.000000
1653785714113238730 202.136805 0.000000
1653785714315565681 202.325919 0.000000
1653785714518830343 203.263511 0.000000
1653785714721458040 202.624591 0.000000
1653785714924787755 203.328162 0.000000
1653785715127112532 202.323915 0.000000
1653785715329403917 202.287618 0.000000
1653785715532083821 202.678181 0.000000
1653785715734402838 202.318085 0.000000
1653785715936826831 202.423152 0.000000
1653785716139420383 202.591869 0.000000
1653785716341694676 202.272780 0.000000
1653785716543628489 201.931920 0.000000
1653785716745838651 202.208579 0.000000
1653785716948068550 202.228156 0.000000
1653785717150343684 202.273902 0.000000
1653785717352700120 202.354814 0.000000
1653785717555245582 202.541374 0.000000
1653785717757684344 202.437920 0.000000
1653785717959428390 201.743114 0.000000
1653785718161741566 202.311873 0.000000
1653785718364205735 202.462246 0.000000
1653785718566642713 202.435996 0.000000
1653785718768037874 201.391554 0.000000
1653785718969555014 201.515046 0.000000
1653785719171878149 202.316282 0.000000
1653785719374131261 202.252181 0.000000
1653785719576580502 202.448149 0.000000
1653785719778749927 202.167412 0.000000
1653785719981139817 202.385702 0.000000
1653785720183628643 202.486522 0.000000
1653785720791080762 607.451107 0.000000
1653785720993420337 202.337922 0.000000
1653785721196674641 203.251589 0.000000
1653785721398833276 202.157724 0.000000
1653785721601446395 202.612097 0.000000
1653785721803852565 202.404918 0.000000
1653785722006360597 202.506850 0.000000
1653785722207831851 201.470252 0.000000
1653785722409230859 201.397264 0.000000
1653785722611071838 201.839616 0.000000
1653785722813361309 202.288509 0.000000
1653785723015631834 202.269664 0.000000
1653785723217887752 202.255056 0.000000
1653785723443975229 226.086545 0.000000
1653785723646223633 202.246601 0.000000
1653785723848659850 202.435045 0.000000
1653785724050936437 202.275776 0.000000
1653785724253226398 202.288900 0.000000
1653785724455252145 202.022791 0.000000
1653785724657423133 202.169846 0.000000
1653785724859217935 201.792938 0.000000
1653785725060735636 201.513122 0.000000
1653785725669844338 609.107720 0.000000
1653785725872125564 202.279333 0.000000
1653785726075339261 203.211022 0.000000
1653785726277512834 202.172231 0.000000
1653785726479099795 201.583334 0.000000
1653785726680890620 201.789392 0.000000
1653785726883375058 202.483305 0.000000
1653785727085787580 202.411110 0.000000
1653785727288280082 202.491480 0.000000
1653785727490386028 202.105115 0.000000
1653785727691925331 201.537209 0.000000
1653785727894060582 202.132115 0.000000
1653785728096445983 202.384489 0.000000
1653785728298732389 202.285434 0.000000
1653785728501191118 202.457838 0.000000
1653785728702898596 201.706155 0.000000
1653785728905313472 202.413083 0.000000
1653785729107562748 202.247512 0.000000
1653785729309569308 202.004676 0.000000
1653785729512847306 203.276695 0.000000
1653785729715301627 202.451486 0.000000
1653785729918676527 203.371955 0.000000
1653785730121027714 202.348231 0.000000
1653785730323012693 201.981933 0.000000
1653785730524493837 201.479080 0.000000
1653785730726976230 202.480660 0.000000
1653785730929746755 202.769383 0.000000
1653785731132158105 202.410228 0.000000
1653785731333389118 201.229881 0.000000
1653785731534941514 201.548970 0.000000
1653785731738047119 203.103671 0.000000
1653785731940423033 202.375023 0.000000
1653785732142180204 201.756129 0.000000
1653785732344561277 202.379811 0.000000
1653785732547810291 203.248052 0.000000
1653785732750169784 202.358712 0.000000
1653785732951772805 201.602119 0.000000
1653785733154080370 202.306332 0.000000
1653785733357372906 203.291544 0.000000
1653785733559575354 202.201035 0.000000
1653785733762922252 203.344544 0.000000
1653785733965579193 202.655398 0.000000
1653785734167851552 202.271377 0.000000
1653785734371199081 203.346667 0.000000
1653785734573311640 202.111366 0.000000
1653785734776446249 203.133697 0.000000
1653785734978665969 202.218818 0.000000
1653785735586385552 607.717479 0.000000
1653785736195899045 609.510938 0.000000
1653785736397954096 202.053338 0.000000
1653785736599770398 201.815310 0.000000
1653785736802228507 202.456456 0.000000
1653785737003874639 201.645070 0.000000
1653785737206782783 202.907262 0.000000
1653785737410276306 203.492581 0.000000
1653785737611845064 201.567856 0.000000
1653785737814175071 202.329076 0.000000
1653785738017432150 203.254745 0.000000
1653785738219689190 202.255998 0.000000
1653785738457965174 238.273389 0.000000
1653785738659593574 201.627047 0.000000
1653785739269797283 610.200413 0.000000
1653785739472123584 202.323676 0.000000
1653785739675163244 203.037948 0.000000
1653785739877566450 202.400360 0.000000
1653785740079886168 202.318225 0.000000
1653785740282358102 202.469480 0.000000
1653785740484763871 202.404356 0.000000
1653785740687057190 202.292447 0.000000
1653785740888574872 201.516800 0.000000
1653785741089928686 201.352862 0.000000
1653785741292102760 202.173012 0.000000
1653785741494475658 202.371365 0.000000
1653785741696829751 202.353021 0.000000
1653785741899080389 202.249557 0.000000
1653785742101414355 202.333034 0.000000
1653785742303723784 202.307756 0.000000
1653785742506004118 202.279412 0.000000
1653785742708572804 202.566903 0.000000
1653785742910825987 202.252161 0.000000
1653785743112500944 201.671059 0.000000
1653785743314659429 202.156311 0.000000
1653785743532712323 218.051651 0.000000
1653785743734098267 201.385093 0.000000
1653785743936764837 202.663774 0.000000
1653785744139222104 202.454612 0.000000
1653785744341709407 202.485570 0.000000
1653785744543420311 201.709521 0.000000
1653785744745719742 202.298198 0.000000
1653785744947978526 202.257732 0.000000
1653785745149889135 201.909668 0.000000
1653785745756891070 607.001003 0.000000
1653785745959119226 202.226453 0.000000
1653785746161598114 202.477956 0.000000
1653785746363110015 201.510809 0.000000
1653785746565466742 202.355795 0.000000
1653785746767763347 202.295282 0.000000
1653785746971102922 203.338262 0.000000
1653785747173519632 202.415708 0.000000
1653785747375836165 202.315651 0.000000
1653785747578040165 202.202998 0.000000
1653785747780428262 202.387185 0.000000
1653785747982040692 201.610957 0.000000
1653785748185250483 203.206304 0.000000
1653785748386992345 201.736853 0.000000
1653785748589460893 202.467646 0.000000
1653785748791010254 201.546225 0.000000
1653785748994365177 203.353621 0.000000
1653785749196664608 202.298629 0.000000
1653785749399943057 203.276826 0.000000
1653785749603203062 203.259104 0.000000
1653785749805546655 202.342742 0.000000
1653785750008009612 202.461945 0.000000
1653785750209645466 201.635083 0.000000
1653785750411959564 202.312224 0.000000
1653785750615276465 203.315338 0.000000
1653785750817526343 202.248736 0.000000
1653785751019690579 202.162784 0.000000
1653785751221864864 202.173333 0.000000
1653785751424041063 202.175357 0.000000
1653785751626448867 202.406070 0.000000
1653785751827802901 201.350428 0.000000
1653785752029316044 201.510959 0.000000
1653785752232631333 203.312694 0.000000
1653785752435899593 203.266968 0.000000
1653785752638190898 202.290032 0.000000
1653785752840316141 202.123971 0.000000
1653785753042443168 202.123510 0.000000
1653785753244790709 202.346399 0.000000
1653785753476880081 232.086677 0.000000
1653785753679159423 202.277008 0.000000
1653785753881509609 202.349174 0.000000
1653785754083247104 201.735832 0.000000
1653785754285642004 202.393758 0.000000
1653785754487849762 202.206065 0.000000
1653785754690369917 202.519334 0.000000
1653785754892933684 202.561263 0.000000
1653785755096422258 203.487693 0.000000
1653785755298872141 202.449011 0.000000
1653785755501297718 202.424645 0.000000
1653785755702922411 201.623651 0.000000
1653785755905244504 202.321031 0.000000
1653785756107789566 202.543609 0.000000
1653785756309314872 201.523613 0.000000
1653785756511634410 202.318356 0.000000
1653785756714058104 202.389760 0.000000
1653785756916365659 202.306744 0.000000
1653785757118067727 201.699313 0.000000
1653785757320408656 202.340017 0.000000
1653785757522516977 202.107430 0.000000
1653785757723926335 201.406021 0.000000
1653785757926524056 202.596689 0.000000
1653785758128993075 202.467987 0.000000
1653785758331450192 202.456105 0.000000
1653785758532959849 201.508585 0.000000
1653785758735549504 202.586780 0.000000
1653785758937843945 202.293208 0.000000
1653785759139312815 201.467156 0.000000
1653785759340687388 201.373080 0.000000
1653785759542014001 201.325000 0.000000
1653785759744583419 202.568416 0.000000
1653785760353861982 609.276870 0.000000
1653785760555503616 201.639671 0.000000
1653785760757756179 202.251601 0.000000
1653785760960193518 202.436217 0.000000
1653785761162469565 202.275055 0.000000
1653785761364839187 202.368660 0.000000
1653785761567163654 202.323635 0.000000
1653785761769363918 202.198480 0.000000
1653785761971644484 202.278912 0.000000
1653785762174788721 203.143255 0.000000
1653785762376994536 202.204462 0.000000
1653785762578313074 201.315813 0.000000
1653785762780355972 202.041706 0.000000
1653785762982898880 202.541315 0.000000
1653785763590241737 607.341835 0.000000
1653785763793336441 203.091719 0.000000
1653785763996510976 203.173453 0.000000
1653785764198264511 201.752343 0.000000
1653785764400541319 202.275776 0.000000
1653785764603130253 202.587842 0.000000
1653785764805463857 202.331791 0.000000
1653785765007795037 202.329737 0.000000
1653785765211145102 203.348942 0.000000
1653785765412680587 201.533140 0.000000
1653785765615878886 203.197056 0.000000
1653785765818164831 202.284522 0.000000
1653785766020392577 202.226113 0.000000
1653785766222878358 202.484749 0.000000
1653785766426199909 203.319477 0.000000
1653785766627899332 201.698442 0.000000
1653785766830252884 202.352230 0.000000
1653785767033028169 202.773822 0.000000
1653785767235376872 202.347731 0.000000
1653785767437686932 202.308808 0.000000
1653785767641059288 203.371384 0.000000
1653785767843334233 202.274073 0.000000
1653785768045513307 202.177090 0.000000
1653785768247799022 202.284502 0.000000
1653785768449254427 201.454483 0.000000
1653785768650702879 201.446959 0.000000
1653785768853117095 202.413194 0.000000
1653785769055544426 202.426339 0.000000
1653785769257727719 202.182201 0.000000
1653785769460078916 202.349634 0.000000
1653785770064765002 604.684593 0.000000
1653785770267223952 202.455064 0.000000
1653785770468448404 201.221275 0.000000
1653785770669946559 201.495070 0.000000
1653785770871470283 201.521590 0.000000
1653785771073895720 202.424576 0.000000
1653785771276446312 202.549390 0.000000
1653785771882683482 606.236288 0.000000
1653785772085203838 202.518773 0.000000
1653785772286541382 201.335470 0.000000
1653785772488068211 201.524395 0.000000
1653785772690354476 202.283610 0.000000
1653785772892587613 202.231854 0.000000
1653785773095221602 202.632296 0.000000
1653785773297588559 202.364322 0.000000
1653785773534109116 236.519655 0.000000
1653785773736373561 202.263443 0.000000
1653785773938768170 202.393858 0.000000
1653785774141356534 202.587021 0.000000
1653785774344616469 203.257350 0.000000
1653785774547052626 202.434865 0.000000
1653785774749445343 202.391845 0.000000
1653785774951730306 202.284072 0.000000
1653785775155012452 203.280884 0.000000
1653785775357523321 202.508124 0.000000
1653785775559833631 202.309138 0.000000
1653785775762163449 202.328917 0.000000
1653785775963631548 201.466806 0.000000
1653785776570435012 606.802512 0.000000
1653785776773051859 202.615414 0.000000
1653785776974384975 201.332024 0.000000
1653785777176719732 202.333244 0.000000
1653785777378939132 202.217948 0.000000
1653785777582276603 203.336480 0.000000
1653785777784672224 202.393137 0.000000
1653785777986864854 202.190726 0.000000
1653785778188743935 201.877348 0.000000
1653785778390783007 202.038010 0.000000
1653785778593220917 202.437059 0.000000
1653785778794634103 201.412125 0.000000
1653785778996377159 201.739118 0.000000
1653785779198575840 202.197749 0.000000
1653785779401021927 202.443161 0.000000
1653785779604284507 203.261478 0.000000
1653785780211529310 607.243892 0.000000
1653785780822223663 610.693111 0.000000
1653785781023533275 201.306386 0.000000
1653785781225823037 202.288229 0.000000
1653785781428856788 203.032679 0.000000
1653785781631135930 202.278100 0.000000
1653785781833409763 202.272942 0.000000
1653785782035499650 202.088765 0.000000
1653785782237871146 202.369893 0.000000
1653785782440111456 202.239428 0.000000
1653785782642643864 202.529182 0.000000
1653785782844949356 202.304540 0.000000
1653785783047187833 202.237685 0.000000
1653785783249258033 202.069329 0.000000
1653785783451546222 202.285996 0.000000
1653785783653956151 202.408015 0.000000
1653785783857710665 203.752761 0.000000
1653785784059864422 202.151232 0.000000
1653785784262062843 202.197269 0.000000
1653785784464328831 202.264936 0.000000
1653785784666600811 202.271108 0.000000
1653785784868775206 202.172812 0.000000
1653785785071970079 203.193911 0.000000
1653785785274655245 202.684023 0.000000
1653785785476490143 201.834056 0.000000
1653785785678921802 202.428904 0.000000
1653785785881163024 202.240110 0.000000
1653785786083506277 202.341971 0.000000
1653785786286086595 202.579467 0.000000
1653785786488329390 202.241983 0.000000
1653785786691612388 203.275354 0.000000
1653785786894654213 203.040833 0.000000
1653785787503787205 609.131970 0.000000
1653785787705251045 201.461757 0.000000
1653785787908462289 203.210252 0.000000
1653785788110665279 202.202118 0.000000
1653785788313131413 202.465232 0.000000
1653785788516269279 203.137004 0.000000
1653785788718588707 202.318567 0.000000
1653785788920237506 201.645412 0.000000
1653785789122365985 202.127217 0.000000
1653785789323798508 201.431381 0.000000
1653785789526033558 202.233868 0.000000
1653785789729420081 203.385641 0.000000
1653785789931310834 201.889731 0.000000
1653785790133013434 201.701719 0.000000
1653785790335444813 202.430207 0.000000
1653785790536807404 201.358664 0.000000
1653785790739933037 203.123790 0.000000
1653785790942377169 202.443291 0.000000
1653785791143862050 201.482116 0.000000
1653785791752333668 608.470496 0.000000
1653785791954678364 202.343183 0.000000
1653785792156896763 202.217347 0.000000
1653785792358828583 201.930969 0.000000
1653785792561054787 202.225312 0.000000
1653785792763321867 202.265998 0.000000
1653785792965591782 202.268803 0.000000
1653785793167970191 202.377547 0.000000
1653785793370319035 202.347982 0.000000
1653785793593670624 223.348674 0.000000
1653785793795267515 201.595829 0.000000
1653785793997060745 201.791948 0.000000
1653785794199515278 202.451657 0.000000
1653785794401821581 202.304310 0.000000
1653785794604367174 202.543910 0.000000
1653785794806750242 202.382217 0.000000
1653785795009036088 202.284954 0.000000
1653785795212401041 203.363350 0.000000
1653785795414986189 202.584307 0.000000
1653785795618073329 203.085628 0.000000
1653785795820287820 202.213649 0.000000
1653785796022721143 202.432471 0.000000
1653785796832644670 809.922696 0.000000
1653785797035064187 202.417323 0.000000
1653785797238337518 203.272469 0.000000
1653785797441635174 203.296274 0.000000
1653785797643178163 201.539763 0.000000
1653785797844854354 201.675139 0.000000
1653785798047792364 202.937088 0.000000
1653785798652720717 604.925107 0.000000
1653785798854916192 202.192179 0.000000
1653785799057183353 202.266219 0.000000
1653785799259605535 202.421330 0.000000
1653785799462010163 202.403546 0.000000
1653785799665481606 203.470501 0.000000
1653785799867950044 202.466205 0.000000
1653785800476560674 608.608586 0.000000
1653785800679139089 202.575549 0.000000
1653785800953583278 274.441013 0.000000
1653785801155937452 202.352972 0.000000
1653785801358351929 202.412354 0.000000
1653785801561695622 203.341919 0.000000
1653785801764211299 202.514164 0.000000
1653785801967007914 202.795753 0.000000
1653785802168507152 201.496172 0.000000
1653785802370040624 201.529484 0.000000
1653785802571326391 201.283733 0.000000
1653785802773725239 202.396373 0.000000
1653785802976148763 202.422642 0.000000
1653785803178625387 202.475812 0.000000
1653785803381083707 202.456867 0.000000
1653785803614785940 233.699398 0.000000
1653785803816508116 201.719481 0.000000
1653785804018761802 202.250770 0.000000
1653785804220897806 202.134842 0.000000
1653785804423755135 202.856408 0.000000
1653785804627069703 203.313677 0.000000
1653785804829744309 202.673684 0.000000
1653785805032128018 202.381665 0.000000
1653785805234559728 202.429235 0.000000
1653785805437033607 202.472507 0.000000
1653785805639438847 202.403637 0.000000
1653785805841779084 202.339185 0.000000
1653785806043787228 202.006521 0.000000
1653785806246118239 202.330099 0.000000
1653785806853444426 607.325155 0.000000
1653785807055841260 202.395512 0.000000
1653785807257720522 201.878120 0.000000
1653785807460074295 202.352751 0.000000
1653785807662633514 202.558157 0.000000
1653785807864361873 201.727477 0.000000
1653785808066748167 202.385292 0.000000
1653785808270094505 203.345426 0.000000
1653785808472359191 202.263835 0.000000
1653785808674549166 202.188262 0.000000
1653785808876824171 202.274183 0.000000
1653785809078401065 201.576052 0.000000
1653785809280821824 202.419577 0.000000
1653785809483208539 202.385773 0.000000
1653785809684659156 201.447441 0.000000
1653785809886931116 202.269886 0.000000
1653785810089383103 202.450094 0.000000
1653785810291619255 202.234138 0.000000
1653785810493803039 202.182451 0.000000
1653785810696079658 202.275487 0.000000
1653785810898480349 202.397906 0.000000
1653785811102032213 203.550241 0.000000
1653785811304307038 202.273903 0.000000
1653785811507769183 203.459891 0.000000
1653785811711284359 203.514154 0.000000
1653785811914569211 203.283430 0.000000
1653785812117048740 202.478637 0.000000
1653785812320293547 203.243955 0.000000
1653785812523630308 203.335939 0.000000
1653785812725038885 201.407726 0.000000
1653785812927397467 202.356097 0.000000
1653785813129462288 202.063718 0.000000
1653785813331269664 201.804241 0.000000
1653785813533582080 202.311475 0.000000
1653785813736154705 202.569128 0.000000
1653785813938549224 202.392265 0.000000
1653785814545480931 606.930464 0.000000
1653785814747701474 202.218760 0.000000
1653785814949984815 202.282329 0.000000
1653785815152536851 202.550253 0.000000
1653785815355744268 203.206315 0.000000
1653785815558248694 202.503515 0.000000
1653785815761537334 203.287288 0.000000
1653785816367728419 606.189502 0.000000
1653785816569141445 201.410561 0.000000
1653785816770722737 201.578777 0.000000
1653785816973014143 202.290554 0.000000
1653785817174494866 201.478408 0.000000
1653785817376809687 202.313899 0.000000
1653785817579242078 202.431289 0.000000
1653785817781768055 202.525085 0.000000
1653785817985215292 203.444372 0.000000
1653785818187605063 202.385823 0.000000
1653785818389964597 202.357811 0.000000
1653785818628074921 238.109071 0.000000
1653785818829802037 201.725953 0.000000
1653785819031398819 201.594097 0.000000
1653785819234693490 203.293048 0.000000
1653785819436987962 202.293631 0.000000
1653785819639201762 202.212758 0.000000
1653785819841586383 202.383749 0.000000
1653785820044893207 203.305721 0.000000
1653785820246803878 201.909829 0.000000
1653785820448228456 201.422985 0.000000
1653785820650537185 202.307186 0.000000
1653785820852934971 202.396224 0.000000
1653785821055137199 202.200987 0.000000
1653785821256373043 201.234190 0.000000
1653785821459865926 203.490138 0.000000
1653785821661215413 201.348144 0.000000
1653785821864458798 203.242504 0.000000
1653785822066643032 202.183443 0.000000
1653785822267943357 201.297479 0.000000
1653785822470302370 202.357931 0.000000
1653785822673662564 203.359302 0.000000
1653785822875398908 201.735332 0.000000
1653785823078712504 203.311853 0.000000
1653785823690489704 611.776128 0.000000
1653785823893711017 203.220261 0.000000
1653785824095323127 201.610277 0.000000
1653785824296833536 201.508545 0.000000
1653785824500237823 203.403485 0.000000
1653785824703535339 203.296273 0.000000
1653785824906627871 203.090228 0.000000
1653785825109158125 202.529443 0.000000
1653785825313117265 203.957967 0.000000
1653785825515530199 202.411322 0.000000
1653785825718870626 203.338252 0.000000
1653785825920274445 201.401995 0.000000
1653785826121731784 201.455606 0.000000
1653785826323113723 201.378823 0.000000
1653785826525411911 202.295874 0.000000
1653785826728847497 203.430065 0.000000
1653785826931063181 202.214702 0.000000
1653785827133482998 202.417923 0.000000
1653785827336689925 203.206015 0.000000
1653785827539008843 202.318077 0.000000
1653785827740434212 201.424337 0.000000
1653785827943700710 203.265636 0.000000
1653785828146597564 202.895862 0.000000
1653785828349060422 202.461837 0.000000
1653785828551646673 202.585439 0.000000
1653785828754588130 202.939924 0.000000
1653785828957674590 203.085277 0.000000
1653785829160269446 202.591781 0.000000
1653785829362699122 202.428193 0.000000
1653785829565619581 202.919607 0.000000
1653785829768039869 202.419327 0.000000
1653785829971466318 203.423603 0.000000
1653785830173682974 202.215544 0.000000
1653785830377111306 203.426709 0.000000
1653785830579391030 202.278632 0.000000
1653785830782444148 203.052006 0.000000
1653785830984844077 202.399019 0.000000
