1653421610861356785 412.734449 0.000000
1653421611066463626 205.069869 0.000000
1653421611270220289 203.753807 0.000000
1653421611474698391 204.476498 0.000000
1653421611679576217 204.872656 0.000000
1653421611882420330 202.841248 0.000000
1653421612085467457 203.044522 0.000000
1653421612288624828 203.153613 0.000000
1653421612492448140 203.820556 0.000000
1653421612696476290 204.025695 0.000000
1653421612899673317 203.191216 0.000000
1653421613103530045 203.854062 0.000000
1653421613306999951 203.468754 0.000000
1653421613509610141 202.607825 0.000000
1653421613712849190 203.236975 0.000000
1653421613916325179 203.474926 0.000000
1653421614729572671 813.246651 0.000000
1653421614932766562 203.191266 0.000000
1653421615135874437 203.106092 0.000000
1653421615339177841 203.300188 0.000000
1653421615542585798 203.405252 0.000000
1653421615745898430 203.311129 0.000000
1653421615949122190 203.222788 0.000000
1653421616151883292 202.758277 0.000000
1653421616354986217 203.100410 0.000000
1653421616557349819 202.358542 0.000000
1653421616760377068 203.025646 0.000000
1653421616963735037 203.356988 0.000000
1653421617166575193 202.839095 0.000000
1653421617369512467 202.935991 0.000000
1653421617571558243 202.044683 0.000000
1653421617774275020 202.715635 0.000000
1653421617977311697 203.035385 0.000000
1653421618180163975 202.851087 0.000000
1653421618383280457 203.114970 0.000000
1653421618586243581 202.961812 0.000000
1653421618789367798 203.122834 0.000000
1653421618992207413 202.837951 0.000000
1653421619195167562 202.959047 0.000000
1653421619396846486 201.675908 0.000000
1653421619600069755 203.221425 0.000000
1653421619803173401 203.101322 0.000000
1653421620005126978 201.952084 0.000000
1653421620208001641 202.873400 0.000000
1653421620411181526 203.178302 0.000000
1653421620613977937 202.794568 0.000000
1653421620817027368 203.047127 0.000000
1653421621019940765 202.910993 0.000000
1653421621222873822 202.931594 0.000000
1653421621425947631 203.071915 0.000000
1653421621628924693 202.975499 0.000000
1653421621830854353 201.926514 0.000000
1653421622032525843 201.668564 0.000000
1653421622233936687 201.407778 0.000000
1653421622435728450 201.789418 0.000000
1653421622637770980 202.040356 0.000000
1653421622840501323 202.728579 0.000000
1653421623043138315 202.635860 0.000000
1653421623245811226 202.671919 0.000000
1653421623448006532 202.194485 0.000000
1653421623650602715 202.594710 0.000000
1653421623853623581 203.019384 0.000000
1653421624056526669 202.901665 0.000000
1653421624258669974 202.140530 0.000000
1653421624461257639 202.584790 0.000000
1653421624662739542 201.479408 0.000000
1653421624865150096 202.409121 0.000000
1653421625067857043 202.705805 0.000000
1653421625270359314 202.501149 0.000000
1653421625472394308 202.034114 0.000000
1653421625673764124 201.368022 0.000000
1653421625875337193 201.572237 0.000000
1653421626078094658 202.755782 0.000000
1653421626280520851 202.424930 0.000000
1653421626481940453 201.418239 0.000000
1653421626683543651 201.600703 0.000000
1653421626885711513 202.166900 0.000000
1653421627088093611 202.381276 0.000000
1653421627290701266 202.606703 0.000000
1653421627493022265 202.319937 0.000000
1653421627695733371 202.708681 0.000000
1653421627898136670 202.400003 0.000000
1653421628099685111 201.545726 0.000000
1653421628301291946 201.605863 0.000000
1653421628503731856 202.439069 0.000000
1653421628706091180 202.358361 0.000000
1653421628908423891 202.331731 0.000000
1653421629112114236 203.689142 0.000000
1653421629314634552 202.519054 0.000000
1653421629516843353 202.207850 0.000000
1653421629719160114 202.315889 0.000000
1653421629921432259 202.271303 0.000000
1653421630123093229 201.657703 0.000000
1653421630324680765 201.584101 0.000000
1653421630526210291 201.527471 0.000000
1653421630728625152 202.412557 0.000000
1653421630930160719 201.532040 0.000000
1653421631738248737 808.086585 0.000000
1653421631940784823 202.532509 0.000000
1653421632143610802 202.824416 0.000000
1653421632345257774 201.646010 0.000000
1653421632954806656 609.547940 0.000000
1653421633156186420 201.369274 0.000000
1653421633357808525 201.620812 0.000000
1653421633560176004 202.365836 0.000000
1653421633762731388 202.553891 0.000000
1653421634372807091 610.073519 0.000000
1653421634573989944 201.180137 0.000000
1653421634776611987 202.620911 0.000000
1653421634977872320 201.258770 0.000000
1653421635179343462 201.468086 0.000000
1653421635381108382 201.763297 0.000000
1653421635582451546 201.340709 0.000000
1653421635784905323 202.452144 0.000000
1653421635987500114 202.592797 0.000000
1653421636189899525 202.397839 0.000000
1653421636392487491 202.587105 0.000000
1653421636593741773 201.251536 0.000000
1653421636795975042 202.232357 0.000000
1653421636998549553 202.573359 0.000000
1653421637200016066 201.464730 0.000000
1653421637402492536 202.474546 0.000000
1653421637604952876 202.457945 0.000000
1653421637806507028 201.551508 0.000000
1653421638009013618 202.504335 0.000000
1653421638211293828 202.276904 0.000000
1653421638412849654 201.554233 0.000000
1653421638615201122 202.349464 0.000000
1653421638818576446 203.373891 0.000000
1653421639020205474 201.627435 0.000000
1653421639222714197 202.507351 0.000000
1653421639425304439 202.587356 0.000000
1653421639627842839 202.536607 0.000000
1653421639829298361 201.454029 0.000000
1653421640030556279 201.254131 0.000000
1653421640232321862 201.763499 0.000000
1653421640434949315 202.626011 0.000000
1653421640637349148 202.398080 0.000000
1653421640839793957 202.439189 0.000000
1653421641042216563 202.421465 0.000000
1653421641244461776 202.243279 0.000000
1653421641446835627 202.372028 0.000000
1653421642057317759 610.478595 0.000000
1653421642258990782 201.670608 0.000000
1653421642460690787 201.696790 0.000000
1653421642664336876 203.644435 0.000000
1653421642867197542 202.857861 0.000000
1653421643473283389 606.083584 0.000000
1653421643675754740 202.469246 0.000000
1653421644282992231 607.234565 0.000000
1653421644485464604 202.470139 0.000000
1653421644687912830 202.447124 0.000000
1653421644890315999 202.401957 0.000000
1653421645092928784 202.609809 0.000000
1653421645294650822 201.720154 0.000000
1653421645497381806 202.728529 0.000000
1653421645698995024 201.611945 0.000000
1653421645900350491 201.354405 0.000000
1653421646102876348 202.524104 0.000000
1653421646305353029 202.475659 0.000000
1653421646507695851 202.340588 0.000000
1653421646709892729 202.195555 0.000000
1653421646911602915 201.706789 0.000000
1653421647114072021 202.467884 0.000000
1653421647316479248 202.406365 0.000000
1653421647518740652 202.258799 0.000000
1653421648130042111 611.300148 0.000000
1653421648331422067 201.377751 0.000000
1653421648532989906 201.566166 0.000000
1653421648735282039 202.289950 0.000000
1653421649339713800 604.428825 0.000000
1653421649542005182 202.289628 0.000000
1653421649744547000 202.539924 0.000000
1653421649945795179 201.246416 0.000000
1653421650147264417 201.467094 0.000000
1653421650349470704 202.204583 0.000000
1653421650552824506 203.352790 0.000000
1653421650754224089 201.398621 0.000000
1653421650956649441 202.424220 0.000000
1653421651159005879 202.355646 0.000000
1653421651360551906 201.545175 0.000000
1653421651563800785 203.248077 0.000000
1653421651766151922 202.350346 0.000000
1653421651968642952 202.489998 0.000000
1653421652170977527 202.332621 0.000000
1653421652373221738 202.243109 0.000000
1653421652575573637 202.350787 0.000000
1653421652777897342 202.322482 0.000000
1653421652979507053 201.608508 0.000000
1653421653181922084 202.413418 0.000000
1653421653384368557 202.445601 0.000000
1653421653586690588 202.320608 0.000000
1653421653789182309 202.490338 0.000000
1653421653991450867 202.267416 0.000000
1653421654597804253 606.352534 0.000000
1653421654801029526 203.223539 0.000000
1653421655003355555 202.325168 0.000000
1653421655205627670 202.271313 0.000000
1653421655407979780 202.350597 0.000000
1653421655610311661 202.329977 0.000000
1653421655812646076 202.333384 0.000000
1653421656015299450 202.651690 0.000000
1653421656217619989 202.319547 0.000000
1653421656420186464 202.564962 0.000000
1653421656621672535 201.485269 0.000000
1653421656824113617 202.439460 0.000000
1653421657025652680 201.537239 0.000000
1653421657228018467 202.362841 0.000000
1653421657429832624 201.812464 0.000000
1653421657632233328 202.397758 0.000000
1653421657834616148 202.380645 0.000000
1653421658037133718 202.516729 0.000000
1653421658238397037 201.262428 0.000000
1653421658441752452 203.353852 0.000000
1653421658643284912 201.530586 0.000000
1653421658844657002 201.370727 0.000000
1653421659452614599 607.956485 0.000000
1653421659655060802 202.444359 0.000000
1653421659857532173 202.469588 0.000000
1653421660058980340 201.445752 0.000000
1653421660262331166 203.349063 0.000000
1653421660464632388 202.300350 0.000000
1653421660666925823 202.291913 0.000000
1653421660868825807 201.899082 0.000000
1653421661071131116 202.304177 0.000000
1653421661273329928 202.197920 0.000000
1653421661475541606 202.210746 0.000000
1653421661678736540 203.193762 0.000000
1653421661881055696 202.318314 0.000000
1653421662084239639 203.182761 0.000000
1653421662286376702 202.135530 0.000000
1653421662489006129 202.628475 0.000000
1653421662692366875 203.358812 0.000000
1653421662894693705 202.325498 0.000000
1653421663097151521 202.456042 0.000000
1653421663300433594 203.281042 0.000000
1653421663502887510 202.452494 0.000000
1653421663705165888 202.277606 0.000000
1653421663907421460 202.254831 0.000000
1653421664109075517 201.652534 0.000000
1653421664311373091 202.296782 0.000000
1653421664514609506 203.235373 0.000000
1653421664716919143 202.308846 0.000000
1653421664919167682 202.247016 0.000000
1653421665120805968 201.636733 0.000000
1653421665322984151 202.177261 0.000000
1653421665524638057 201.652413 0.000000
1653421665727810267 203.170787 0.000000
1653421665930076400 202.265352 0.000000
1653421666538179800 608.100234 0.000000
1653421666740584031 202.401356 0.000000
1653421666942903808 202.318465 0.000000
1653421667144142690 201.236868 0.000000
1653421667345383124 201.239623 0.000000
1653421667548743629 203.358902 0.000000
1653421667750386153 201.641662 0.000000
1653421667952269444 201.882450 0.000000
1653421668154313707 202.043210 0.000000
1653421668356507861 202.193282 0.000000
1653421668558708287 202.199374 0.000000
1653421668759954903 201.245054 0.000000
1653421668962209053 202.253128 0.000000
1653421669164372467 202.162623 0.000000
1653421669366587351 202.214012 0.000000
1653421669568781846 202.193643 0.000000
1653421670174362334 605.579597 0.000000
1653421670376933910 202.570654 0.000000
1653421670578568217 201.632724 0.000000
1653421670781843327 203.273547 0.000000
1653421671385980748 604.136399 0.000000
1653421671587534168 201.552619 0.000000
1653421671788924323 201.389153 0.000000
1653421671991254160 202.328885 0.000000
1653421672193451901 202.196899 0.000000
1653421672395646776 202.193292 0.000000
1653421672598006300 202.358742 0.000000
1653421672800290508 202.283276 0.000000
1653421673002593093 202.301202 0.000000
1653421673204800512 202.206438 0.000000
1653421673406062689 201.261385 0.000000
1653421673607518190 201.454700 0.000000
1653421673808850683 201.331501 0.000000
1653421674011078472 202.226938 0.000000
1653421674214178272 203.098948 0.000000
1653421674416488961 202.309829 0.000000
1653421674618709897 202.219393 0.000000
1653421674820873832 202.163093 0.000000
1653421675022357478 201.482844 0.000000
1653421675224472137 202.113708 0.000000
1653421675426803257 202.329487 0.000000
1653421675629771171 202.966341 0.000000
1653421675832908413 203.139707 0.000000
1653421676035278187 202.365536 0.000000
1653421676238787070 203.508021 0.000000
1653421676440137238 201.349286 0.000000
1653421676641984529 201.846400 0.000000
1653421676844163072 202.177511 0.000000
1653421677046410619 202.246655 0.000000
1653421677249137917 202.726005 0.000000
1653421677451426564 202.287726 0.000000
1653421677653840283 202.412327 0.000000
1653421677855184429 201.343274 0.000000
1653421678057311062 202.125140 0.000000
1653421678259591423 202.279500 0.000000
1653421678461947901 202.355496 0.000000
1653421678664167124 202.218111 0.000000
1653421679270525350 606.354910 0.000000
1653421679473746845 203.219582 0.000000
1653421679675748746 202.001059 0.000000
1653421679878009329 202.259611 0.000000
1653421680079404834 201.394603 0.000000
1653421680281679795 202.273708 0.000000
1653421680483911852 202.231196 0.000000
1653421680686162555 202.249591 0.000000
1653421680888498574 202.335015 0.000000
1653421681090891262 202.391116 0.000000
1653421681293214857 202.322663 0.000000
1653421681495415453 202.199454 0.000000
1653421681697619516 202.203191 0.000000
1653421681898783663 201.163295 0.000000
1653421682101242610 202.457935 0.000000
1653421682303466071 202.222619 0.000000
1653421682505790537 202.323655 0.000000
1653421682708911498 203.119278 0.000000
1653421683314313360 605.400850 0.000000
1653421683517396798 203.082406 0.000000
1653421683720629185 203.231425 0.000000
1653421683922876672 202.246134 0.000000
1653421684532065267 609.185970 0.000000
1653421684733360397 201.294319 0.000000
1653421684935612123 202.250653 0.000000
1653421685137233666 201.619148 0.000000
1653421685339483789 202.249271 0.000000
1653421685541606234 202.121594 0.000000
1653421685744090730 202.482863 0.000000
1653421685946397552 202.302143 0.000000
1653421686554443611 608.044897 0.000000
1653421686755665220 201.219414 0.000000
1653421686958173903 202.507702 0.000000
1653421687160397694 202.222940 0.000000
1653421687361638330 201.236447 0.000000
1653421687564121373 202.482173 0.000000
1653421687766518210 202.395965 0.000000
1653421687968828319 202.309247 0.000000
1653421688170154421 201.323627 0.000000
1653421688371695789 201.539745 0.000000
1653421688977171605 605.475014 0.000000
1653421689179516320 202.343192 0.000000
1653421689381788175 202.270973 0.000000
1653421689584004692 202.215706 0.000000
1653421689786328407 202.322112 0.000000
1653421689988146471 201.815771 0.000000
1653421690189423226 201.274842 0.000000
1653421690391879619 202.454869 0.000000
1653421690594227040 202.345798 0.000000
1653421690796412116 202.184325 0.000000
1653421690998400561 201.986842 0.000000
1653421691201570026 203.168553 0.000000
1653421691403741766 202.170017 0.000000
1653421691606249748 202.507130 0.000000
1653421691808643920 202.393270 0.000000
1653421692010930042 202.285351 0.000000
1653421692213133324 202.201328 0.000000
1653421692415636877 202.502702 0.000000
1653421692618035237 202.396506 0.000000
1653421692820194463 202.158034 0.000000
1653421693022496095 202.300310 0.000000
1653421693224707623 202.210626 0.000000
1653421693426949559 202.240794 0.000000
1653421693629025153 202.074301 0.000000
1653421693830505713 201.477093 0.000000
1653421694033890345 203.383339 0.000000
1653421694640223964 606.332517 0.000000
1653421694841503915 201.277636 0.000000
1653421695043696075 202.190316 0.000000
1653421695246082422 202.385094 0.000000
1653421695449284400 203.201147 0.000000
1653421695652412805 203.127493 0.000000
1653421695854397543 201.980149 0.000000
1653421696057607066 203.208571 0.000000
1653421696258854093 201.246216 0.000000
1653421696461109786 202.254791 0.000000
1653421696663700148 202.589460 0.000000
1653421696866063149 202.361949 0.000000
1653421697069240660 203.176669 0.000000
1653421697674645879 605.404438 0.000000
1653421697877898495 203.250883 0.000000
1653421698080182042 202.282755 0.000000
1653421698282455229 202.272235 0.000000
1653421698484686735 202.229752 0.000000
1653421699089797444 605.107402 0.000000
1653421699293141197 203.342100 0.000000
1653421699495217021 202.074793 0.000000
1653421699697410864 202.192831 0.000000
1653421700303445543 606.033558 0.000000
1653421700505823454 202.376278 0.000000
1653421700708340644 202.515025 0.000000
1653421700910662425 202.318916 0.000000
1653421701112967094 202.303376 0.000000
1653421701315279577 202.311472 0.000000
1653421701517576630 202.296172 0.000000
1653421701719819819 202.242308 0.000000
1653421702325755477 605.934716 0.000000
1653421702529004716 203.248378 0.000000
1653421702730475938 201.470350 0.000000
1653421703340040161 609.563372 0.000000
1653421703542314320 202.273036 0.000000
1653421703744505729 202.190577 0.000000
1653421703946686948 202.180277 0.000000
1653421704150284413 203.596543 0.000000
1653421704352463347 202.177612 0.000000
1653421704554806370 202.342200 0.000000
1653421704757122140 202.314959 0.000000
1653421704959312606 202.189384 0.000000
1653421705162602925 203.289157 0.000000
1653421705364828119 202.224332 0.000000
1653421705567137066 202.308115 0.000000
1653421705769008494 201.870627 0.000000
1653421705972100148 203.090812 0.000000
1653421706174315483 202.214533 0.000000
1653421706376555506 202.239181 0.000000
1653421706578688852 202.132535 0.000000
1653421706781970004 203.280341 0.000000
1653421707392079123 610.108318 0.000000
1653421707594340908 202.260613 0.000000
1653421708203411885 609.070055 0.000000
1653421708405842046 202.428659 0.000000
