1653785641650691957 274.013908 3.649147 3 0 0.000000
1653785642669898713 203.839347 4.905776 5 0 0.000000
1653785643688193117 203.656468 4.910171 5 0 0.000000
1653785644704302721 203.220236 4.920729 5 0 0.000000
1653785645717893186 202.715919 4.932959 5 0 0.000000
1653785646729466495 202.311965 4.942795 5 0 0.000000
1653785647745903233 203.286019 4.919145 5 0 0.000000
1653785648761453569 203.107492 4.923439 5 0 0.000000
1653785649370146075 202.895472 4.928597 3 0 0.000000
1653785650788328799 472.725371 2.115383 3 0 0.000000
1653785651803945009 203.121463 4.923119 5 0 0.000000
1653785652817793451 202.767536 4.931704 5 0 0.000000
1653785653830851170 202.609811 4.935553 5 0 0.000000
1653785654641590382 405.368128 2.466885 2 0 0.000000
1653785655656361638 338.255733 2.956331 3 0 0.000000
1653785656669691469 202.662987 4.934228 5 0 0.000000
1653785657683241162 202.707839 4.933157 5 0 0.000000
1653785658695664542 202.482187 4.938646 5 0 0.000000
1653785659707518163 202.368802 4.941426 5 0 0.000000
1653785660720354438 202.565476 4.936633 5 0 0.000000
1653785661733919742 337.853532 2.959849 3 0 0.000000
1653785662341268971 202.448384 4.939498 3 0 0.000000
1653785663771274334 285.998808 3.496490 5 0 0.000000
1653785664781423207 202.027777 4.949765 5 0 0.000000
1653785665793919957 202.497308 4.938288 5 0 0.000000
1653785666803925952 201.999674 4.950466 5 0 0.000000
1653785667814938057 202.200607 4.945539 5 0 0.000000
1653785668827566906 202.523908 4.937643 5 0 0.000000
1653785669840029103 337.485735 2.963074 3 0 0.000000
1653785670648315157 202.068984 4.948743 4 0 0.000000
1653785671658687261 202.072369 4.948672 5 0 0.000000
1653785672671592140 202.578788 4.936298 5 0 0.000000
1653785673683728878 202.425344 4.940044 5 0 0.000000
1653785674697328221 202.718352 4.932916 5 0 0.000000
1653785675709298888 202.392691 4.940855 5 0 0.000000
1653785676720505742 202.239190 4.944587 5 0 0.000000
1653785677730871917 202.071355 4.948701 5 0 0.000000
1653785678740893797 202.002960 4.950388 5 0 0.000000
1653785679752377038 337.159291 2.965941 3 0 0.000000
1653785680560695586 404.157661 2.474272 2 0 0.000000
1653785681773759899 303.263969 3.297434 4 0 0.000000
1653785682801320836 205.510362 4.865891 5 0 0.000000
1653785683813851892 202.504665 4.938120 5 0 0.000000
1653785684420911140 202.351937 4.941857 3 0 0.000000
1653785685837384724 283.292368 3.529893 5 0 0.000000
1653785686849270150 202.375570 4.941271 5 0 0.000000
1653785687253463480 202.095287 4.948127 2 0 0.000000
1653785688673568773 473.367265 2.112519 3 0 0.000000
1653785689684776849 202.239604 4.944581 5 0 0.000000
1653785690695455230 202.134436 4.947172 5 0 0.000000
1653785691707100538 202.327158 4.942444 5 0 0.000000
1653785692718017087 202.180623 4.946007 5 0 0.000000
1653785693730260979 202.446530 4.939521 5 0 0.000000
1653785694742116433 202.369916 4.941417 5 0 0.000000
1653785695754205726 202.415805 4.940276 5 0 0.000000
1653785696765374962 202.231631 4.944771 5 0 0.000000
1653785697811804915 209.284201 4.778151 5 0 0.000000
1653785698822545658 202.146287 4.946867 5 0 0.000000
1653785699832431627 201.975166 4.951054 5 0 0.000000
1653785700843468066 337.010256 2.967252 3 0 0.000000
1653785701853118464 201.928288 4.952209 5 0 0.000000
1653785702659626503 201.624996 4.959653 4 0 0.000000
1653785703693052300 206.681955 4.838277 5 0 0.000000
1653785704703119111 202.011671 4.950168 5 0 0.000000
1653785705715309609 202.436124 4.939781 5 0 0.000000
1653785706727685155 202.473490 4.938879 5 0 0.000000
1653785707739650001 202.391384 4.940883 5 0 0.000000
1653785708750906597 202.247418 4.944344 5 0 0.000000
1653785709763088290 202.434038 4.939825 5 0 0.000000
1653785710774461707 202.272715 4.943772 5 0 0.000000
1653785711786923989 337.485143 2.963073 3 0 0.000000
1653785712831499989 208.913517 4.786631 5 0 0.000000
1653785713841072067 201.912255 4.952594 5 0 0.000000
1653785714851744830 202.133106 4.947200 5 0 0.000000
1653785715053965391 202.219518 4.945095 1 0 0.000000
1653785716675310114 405.334247 2.467088 4 0 0.000000
1653785717686272382 202.190390 4.945783 5 0 0.000000
1653785718695788858 201.901195 4.952866 5 0 0.000000
1653785719704166025 336.123565 2.975077 3 0 0.000000
1653785720717145381 202.594759 4.935935 5 0 0.000000
1653785721728127158 202.194568 4.945688 5 0 0.000000
1653785722334517863 202.128458 4.947305 3 0 0.000000
1653785723754265291 283.947576 3.521753 5 0 0.000000
1653785724765709107 202.287347 4.943428 5 0 0.000000
1653785725776191969 202.094517 4.948129 5 0 0.000000
1653785726788716956 202.503633 4.938150 5 0 0.000000
1653785727394322488 201.866794 4.953720 3 0 0.000000
1653785728808436856 282.821120 3.535782 5 0 0.000000
1653785729819161484 202.142842 4.946946 5 0 0.000000
1653785730830354242 202.237113 4.944656 5 0 0.000000
1653785731839780424 504.711638 1.981324 2 0 0.000000
1653785732850660697 202.174580 4.946184 5 0 0.000000
1653785733862293933 202.324986 4.942503 5 0 0.000000
1653785734873948960 202.328815 4.942396 5 0 0.000000
1653785735885851784 202.379048 4.941186 5 0 0.000000
1653785736692356821 201.623462 4.959672 4 0 0.000000
1653785737706319361 337.985573 2.958689 3 0 0.000000
1653785738747545568 208.243514 4.802031 5 0 0.000000
1653785739354261327 202.237250 4.944655 3 0 0.000000
1653785740774128632 283.971287 3.521456 5 0 0.000000
1653785741381352916 202.406879 4.940514 3 0 0.000000
1653785742796869545 353.877694 2.825823 4 0 0.000000
1653785743604821602 201.986158 4.950789 4 0 0.000000
1653785744821357641 304.132640 3.288024 4 0 0.000000
1653785745832551489 202.237684 4.944650 5 0 0.000000
1653785746439413374 202.286130 4.943464 3 0 0.000000
1653785747855509855 283.216745 3.530833 5 0 0.000000
1653785748868957214 202.688177 4.933655 5 0 0.000000
1653785749881626362 337.554823 2.962468 3 0 0.000000
1653785750892846211 202.242174 4.944523 5 0 0.000000
1653785751702026416 404.587422 2.471637 2 0 0.000000
1653785752714226765 202.438162 4.939734 5 0 0.000000
1653785753344470242 210.079275 4.760065 3 0 0.000000
1653785754762517840 283.607249 3.525975 5 0 0.000000
1653785755774414872 202.377198 4.941214 5 0 0.000000
1653785756784824752 336.801300 2.969092 3 0 0.000000
1653785757189041490 202.106991 4.947841 2 0 0.000000
1653785758809693035 540.205727 1.851107 3 0 0.000000
1653785759416130288 202.144298 4.946926 3 0 0.000000
1653785760831603147 471.821307 2.119433 3 0 0.000000
1653785761846743469 338.377549 2.955257 3 0 0.000000
1653785762858766521 202.402791 4.940599 5 0 0.000000
1653785763874234058 203.091620 4.923840 5 0 0.000000
1653785764884297984 336.686078 2.970109 3 0 0.000000
1653785765896301540 202.399292 4.940694 5 0 0.000000
1653785766708307786 406.001304 2.463035 2 0 0.000000
1653785767719055435 202.147051 4.946833 5 0 0.000000
1653785768764928970 209.172868 4.780693 5 0 0.000000
1653785769572769817 403.917919 2.475735 2 0 0.000000
1653785770788312446 303.881689 3.290711 4 0 0.000000
1653785771799299878 202.195468 4.945660 5 0 0.000000
1653785772810052981 202.148510 4.946806 5 0 0.000000
1653785773820894119 336.945233 2.967825 3 0 0.000000
1653785774832829661 202.385357 4.941026 5 0 0.000000
1653785775845712083 202.574805 4.936407 5 0 0.000000
1653785776857312647 202.318318 4.942662 5 0 0.000000
1653785777868323286 202.200384 4.945546 5 0 0.000000
1653785778878457980 202.025083 4.949835 5 0 0.000000
1653785779889941226 202.295062 4.943236 5 0 0.000000
1653785780902441512 202.497941 4.938270 5 0 0.000000
1653785781713208676 202.690073 4.933599 4 0 0.000000
1653785782723176329 201.991733 4.950653 5 0 0.000000
1653785783531069059 403.943534 2.475576 2 0 0.000000
1653785784744752425 303.417431 3.295753 4 0 0.000000
1653785785756750520 202.397748 4.940721 5 0 0.000000
1653785786767698234 202.187705 4.945854 5 0 0.000000
1653785787779655744 202.389667 4.940919 5 0 0.000000
1653785788826029047 348.788199 2.867046 3 0 0.000000
1653785789836992021 336.986135 2.967468 3 0 0.000000
1653785790850857774 202.771017 4.931620 5 0 0.000000
1653785791861885180 202.203478 4.945464 5 0 0.000000
1653785792872884664 202.198448 4.945601 5 0 0.000000
1653785793884735676 202.368680 4.941439 5 0 0.000000
1653785794899129964 202.877304 4.929050 5 0 0.000000
1653785795911032894 202.379444 4.941185 5 0 0.000000
1653785796922479510 202.287772 4.943415 5 0 0.000000
1653785797732323306 202.459056 4.939224 4 0 0.000000
1653785798755282001 204.589573 4.887783 5 0 0.000000
1653785799768458485 202.633674 4.934974 5 0 0.000000
1653785800781259313 202.556832 4.936805 5 0 0.000000
1653785801386974562 201.903617 4.952822 3 0 0.000000
1653785802806429341 283.889020 3.522479 5 0 0.000000
1653785803211055606 202.311059 4.942833 2 0 0.000000
1653785804829780627 323.743139 3.088851 5 0 0.000000
1653785805639030392 202.310986 4.942850 4 0 0.000000
1653785806852919898 303.471110 3.295193 4 0 0.000000
1653785807863719042 202.157633 4.946581 5 0 0.000000
1653785808890550821 342.275279 2.921608 3 0 0.000000
1653785809902411529 202.370795 4.941392 5 0 0.000000
1653785810915249502 202.565627 4.936624 5 0 0.000000
1653785811924357593 201.820261 4.954871 5 0 0.000000
1653785812734097731 202.432444 4.939856 4 0 0.000000
1653785813746345898 202.447638 4.939500 5 0 0.000000
1653785814757554243 202.240385 4.944579 5 0 0.000000
1653785815769692564 202.425690 4.940036 5 0 0.000000
1653785816783336052 202.727026 4.932701 5 0 0.000000
1653785817795910262 337.522943 2.962746 3 0 0.000000
1653785818807208207 202.258274 4.944141 5 0 0.000000
1653785819816867687 201.930289 4.952165 5 0 0.000000
1653785820828150355 202.255341 4.944216 5 0 0.000000
1653785821840558545 202.480237 4.938719 5 0 0.000000
1653785822649245329 202.169509 4.946291 4 0 0.000000
1653785823663441526 338.062901 2.958008 3 0 0.000000
1653785824673990528 336.846494 2.968683 3 0 0.000000
1653785825887698642 303.424434 3.295685 4 0 0.000000
1653785826900448286 202.548653 4.937054 5 0 0.000000
1653785827913144630 202.538109 4.937314 5 0 0.000000
1653785828756541309 421.694949 2.371363 2 0 0.000000
1653785829768557628 202.401030 4.940632 5 0 0.000000
1653785830781078854 337.505455 2.962901 3 0 0.000000
1653785831793755232 202.533336 4.937412 5 0 0.000000
1653785832806834366 202.614055 4.935449 5 0 0.000000
