1653785641723396336 274.097186 3.647588 3 0 0.000000
1653785642743619758 204.041771 4.900887 5 0 0.000000
1653785643761613954 203.596106 4.911619 5 0 0.000000
1653785644169038388 203.709847 4.908886 2 0 0.000000
1653785645794287416 406.310919 2.461161 4 0 0.000000
1653785646808278983 202.796352 4.931007 5 0 0.000000
1653785647821018768 202.545492 4.937102 5 0 0.000000
1653785648836352436 203.064698 4.924490 5 0 0.000000
1653785649851619729 338.420541 2.954887 3 0 0.000000
1653785650866155408 202.905497 4.928363 5 0 0.000000
1653785651880497373 202.865824 4.929304 5 0 0.000000
1653785652892132774 337.209333 2.965495 3 0 0.000000
1653785653731783204 209.909759 4.763887 4 0 0.000000
1653785654744939212 202.629254 4.935074 5 0 0.000000
1653785655760379821 338.478279 2.954383 3 0 0.000000
1653785656771867715 202.295607 4.943213 5 0 0.000000
1653785657784216597 337.448144 2.963405 3 0 0.000000
1653785658794868741 336.882101 2.968380 3 0 0.000000
1653785659807574394 202.539435 4.937269 5 0 0.000000
1653785660821369322 202.758030 4.931964 5 0 0.000000
1653785661833146591 202.354051 4.941799 5 0 0.000000
1653785662643540171 202.597163 4.935873 4 0 0.000000
1653785663858630123 303.769831 3.291937 4 0 0.000000
1653785664870380431 202.348717 4.941931 5 0 0.000000
1653785665478399792 202.670963 4.934054 3 0 0.000000
1653785666897137274 283.746100 3.524260 5 0 0.000000
1653785667909547022 202.480417 4.938712 5 0 0.000000
1653785668530669308 207.039874 4.829967 3 0 0.000000
1653785669747196269 304.130318 3.288049 4 0 0.000000
1653785670354466073 202.422236 4.940144 3 0 0.000000
1653785671772267798 283.558326 3.526586 5 0 0.000000
1653785672787460864 338.396644 2.955103 3 0 0.000000
1653785673799287347 202.364206 4.941559 5 0 0.000000
1653785674811809616 202.503185 4.938163 5 0 0.000000
1653785675824500262 202.536762 4.937342 5 0 0.000000
1653785676837863191 202.670804 4.934066 5 0 0.000000
1653785677444759865 202.297189 4.943181 3 0 0.000000
1653785678864490174 283.943241 3.521796 5 0 0.000000
1653785679878200275 202.740918 4.932377 5 0 0.000000
1653785680889977105 202.353748 4.941801 5 0 0.000000
1653785681092278007 202.299940 4.943132 1 0 0.000000
1653785682916510143 608.075378 1.644528 3 0 0.000000
1653785683737534675 205.254503 4.871962 4 0 0.000000
1653785684750913505 202.673927 4.933989 5 0 0.000000
1653785685761804181 202.175917 4.946133 5 0 0.000000
1653785686772650524 202.167912 4.946350 5 0 0.000000
1653785686974200184 201.548037 4.961557 1 0 0.000000
1653785688795915122 364.340330 2.744667 5 0 0.000000
1653785689807292362 202.274410 4.943754 5 0 0.000000
1653785690818257097 202.191060 4.945771 5 0 0.000000
1653785691830577390 202.463028 4.939148 5 0 0.000000
1653785692839991873 201.881506 4.953367 5 0 0.000000
1653785693852907424 202.580850 4.936246 5 0 0.000000
1653785694459173834 202.087194 4.948320 3 0 0.000000
1653785695875037762 283.171349 3.531413 5 0 0.000000
1653785696887899121 337.617211 2.961906 3 0 0.000000
1653785697897554939 201.929873 4.952183 5 0 0.000000
1653785698910405758 202.569188 4.936561 5 0 0.000000
1653785699922424224 202.401886 4.940621 5 0 0.000000
1653785700931194669 201.752264 4.956528 5 0 0.000000
1653785701335017049 201.907754 4.952674 2 0 0.000000
1653785702754161030 283.827500 3.523251 5 0 0.000000
1653785703795500307 208.266388 4.801508 5 0 0.000000
1653785704806693442 202.236699 4.944654 5 0 0.000000
1653785705818504740 202.360897 4.941633 5 0 0.000000
1653785706829789388 202.255671 4.944206 5 0 0.000000
1653785707841479037 202.336148 4.942227 5 0 0.000000
1653785708852557117 202.214163 4.945216 5 0 0.000000
1653785709866221786 337.886897 2.959559 3 0 0.000000
1653785710878917125 202.537982 4.937319 5 0 0.000000
1653785711890091306 202.232710 4.944747 5 0 0.000000
1653785712901752212 202.330692 4.942367 5 0 0.000000
1653785713911100142 201.867731 4.953693 5 0 0.000000
1653785714924787755 202.735798 4.932486 5 0 0.000000
1653785715936826831 202.406190 4.940521 5 0 0.000000
1653785716745838651 202.251287 4.944303 4 0 0.000000
1653785717757684344 202.367233 4.941465 5 0 0.000000
1653785718768037874 202.068957 4.948763 5 0 0.000000
1653785719778749927 202.139814 4.947007 5 0 0.000000
1653785720791080762 337.441110 2.963458 3 0 0.000000
1653785721803852565 202.552850 4.936946 5 0 0.000000
1653785722813361309 201.900498 4.952904 5 0 0.000000
1653785723848659850 207.058582 4.829525 5 0 0.000000
1653785724859217935 202.110050 4.947760 5 0 0.000000
1653785725872125564 337.633392 2.961771 3 0 0.000000
1653785726883375058 202.247857 4.944378 5 0 0.000000
1653785727894060582 202.135406 4.947137 5 0 0.000000
1653785728905313472 202.249400 4.944362 5 0 0.000000
1653785729918676527 202.670465 4.934066 5 0 0.000000
1653785730929746755 202.211857 4.945255 5 0 0.000000
1653785731940423033 202.133555 4.947183 5 0 0.000000
1653785732951772805 202.268965 4.943888 5 0 0.000000
1653785733762922252 202.785864 4.931274 4 0 0.000000
1653785734776446249 202.703701 4.933282 5 0 0.000000
1653785735586385552 404.968148 2.469321 2 0 0.000000
1653785736802228507 303.959010 3.289899 4 0 0.000000
1653785737814175071 202.388369 4.940972 5 0 0.000000
1653785738659593574 211.352795 4.731385 4 0 0.000000
1653785739877566450 304.490599 3.284145 4 0 0.000000
1653785740888574872 202.200262 4.945557 5 0 0.000000
1653785741899080389 202.099963 4.948019 5 0 0.000000
1653785742910825987 202.347853 4.941954 5 0 0.000000
1653785743936764837 205.185578 4.873585 5 0 0.000000
1653785744947978526 202.241127 4.944553 5 0 0.000000
1653785745756891070 404.455336 2.472455 2 0 0.000000
1653785746767763347 202.173259 4.946223 5 0 0.000000
1653785747780428262 202.531961 4.937467 5 0 0.000000
1653785748791010254 202.113597 4.947644 5 0 0.000000
1653785749805546655 202.906184 4.928359 5 0 0.000000
1653785750817526343 202.394665 4.940811 5 0 0.000000
1653785751827802901 202.053594 4.949140 5 0 0.000000
1653785752840316141 202.500925 4.938206 5 0 0.000000
1653785753881509609 208.236554 4.802182 5 0 0.000000
1653785754892933684 202.283250 4.943525 5 0 0.000000
1653785755905244504 202.461206 4.939194 5 0 0.000000
1653785756916365659 202.216416 4.945006 5 0 0.000000
1653785757926524056 202.029894 4.949719 5 0 0.000000
1653785758937843945 202.262533 4.944034 5 0 0.000000
1653785759744583419 201.683413 4.958230 4 0 0.000000
1653785760960193518 303.901090 3.290529 4 0 0.000000
1653785761769363918 202.291458 4.943334 4 0 0.000000
1653785762780355972 202.196830 4.945637 5 0 0.000000
1653785763793336441 337.658290 2.961558 3 0 0.000000
1653785764805463857 202.424241 4.940089 5 0 0.000000
1653785765818164831 202.538679 4.937291 5 0 0.000000
1653785766830252884 202.416202 4.940282 5 0 0.000000
1653785767843334233 202.615164 4.935438 5 0 0.000000
1653785768853117095 201.955246 4.951560 5 0 0.000000
1653785769460078916 202.319391 4.942650 3 0 0.000000
1653785770871470283 282.275518 3.542604 5 0 0.000000
1653785771882683482 337.070085 2.966733 3 0 0.000000
1653785772892587613 201.978820 4.950965 5 0 0.000000
1653785773938768170 209.234715 4.779289 5 0 0.000000
1653785774951730306 202.591031 4.936019 5 0 0.000000
1653785775963631548 202.378774 4.941194 5 0 0.000000
1653785776974384975 336.916650 2.968083 3 0 0.000000
1653785777784672224 202.570202 4.936521 4 0 0.000000
1653785778794634103 201.991054 4.950682 5 0 0.000000
1653785779604284507 202.410377 4.940404 4 0 0.000000
1653785780822223663 608.968502 1.642118 2 0 0.000000
1653785781833409763 202.235667 4.944688 5 0 0.000000
1653785782844949356 202.306362 4.942960 5 0 0.000000
1653785783857710665 202.550757 4.936997 5 0 0.000000
1653785784868775206 202.211471 4.945283 5 0 0.000000
1653785785881163024 202.476201 4.938819 5 0 0.000000
1653785786894654213 202.695922 4.933442 5 0 0.000000
1653785787908462289 337.934660 2.959140 3 0 0.000000
1653785788920237506 202.353667 4.941809 5 0 0.000000
1653785789931310834 202.213568 4.945240 5 0 0.000000
1653785790942377169 202.211534 4.945274 5 0 0.000000
1653785791954678364 337.431932 2.963545 3 0 0.000000
1653785792965591782 202.181686 4.946022 5 0 0.000000
1653785793795267515 207.417508 4.821161 4 0 0.000000
1653785794806750242 202.294808 4.943238 5 0 0.000000
1653785795820287820 202.706378 4.933216 5 0 0.000000
1653785796832644670 506.177583 1.975588 2 0 0.000000
1653785797844854354 202.440194 4.939688 5 0 0.000000
1653785798854916192 336.684791 2.970115 3 0 0.000000
1653785799867950044 202.605560 4.935669 5 0 0.000000
1653785800953583278 361.875049 2.763364 3 0 0.000000
1653785801967007914 202.683432 4.933766 5 0 0.000000
1653785802976148763 201.825681 4.954710 5 0 0.000000
1653785803816508116 210.087889 4.759869 4 0 0.000000
1653785804829744309 202.645876 4.934683 5 0 0.000000
1653785805841779084 202.405246 4.940542 5 0 0.000000
1653785806853444426 337.220592 2.965408 3 0 0.000000
1653785807864361873 202.182403 4.946002 5 0 0.000000
1653785808876824171 202.491400 4.938455 5 0 0.000000
1653785809886931116 202.019746 4.949971 5 0 0.000000
1653785810898480349 202.308015 4.942913 5 0 0.000000
1653785811914569211 203.216324 4.920829 5 0 0.000000
1653785812927397467 202.564471 4.936671 5 0 0.000000
1653785813938549224 202.228165 4.944856 5 0 0.000000
1653785814949984815 337.143851 2.966081 3 0 0.000000
1653785815761537334 202.886843 4.928825 4 0 0.000000
1653785816973014143 302.867348 3.301755 4 0 0.000000
1653785817985215292 202.438611 4.939730 5 0 0.000000
1653785818829802037 211.144665 4.736044 4 0 0.000000
1653785819841586383 202.355457 4.941765 5 0 0.000000
1653785820852934971 202.268389 4.943894 5 0 0.000000
1653785821864458798 202.303193 4.943037 5 0 0.000000
1653785822875398908 202.186697 4.945891 5 0 0.000000
1653785823893711017 339.436081 2.946052 3 0 0.000000
1653785824906627871 202.581762 4.936239 5 0 0.000000
1653785825920274445 202.727796 4.932686 5 0 0.000000
1653785826931063181 202.155014 4.946632 5 0 0.000000
1653785827943700710 202.526398 4.937601 5 0 0.000000
1653785828957674590 202.793668 4.931094 5 0 0.000000
1653785829971466318 202.756502 4.931979 5 0 0.000000
1653785830984844077 202.674382 4.933994 5 0 0.000000
