1653421611115785281 310.951958 3.215545 2 0 0.000000
1653421612341450774 408.552560 2.447650 3 0 0.000000
1653421613360627910 203.833237 4.905918 5 0 0.000000
1653421614376087991 203.089614 4.923877 5 0 0.000000
1653421615390609350 202.902665 4.928432 5 0 0.000000
1653421616404544297 337.975714 2.958770 3 0 0.000000
1653421617418291461 202.747479 4.932196 5 0 0.000000
1653421618433448768 203.030127 4.925345 5 0 0.000000
1653421619448273042 202.963039 4.926961 5 0 0.000000
1653421620055986937 202.569415 4.936533 3 0 0.000000
1653421621480249564 474.751945 2.106353 3 0 0.000000
1653421622493902366 202.728863 4.932655 5 0 0.000000
1653421623501012228 0.000000 0.000000 0 0 0.000000
1653421624320825671 365.382691 6.098949 5 0 0.000000
1653421625130202277 202.341333 4.942075 4 0 0.000000
1653421626345660566 303.863055 3.290940 4 0 0.000000
1653421627354964634 201.858391 4.953908 5 0 0.000000
1653421628365625571 202.130067 4.947258 5 0 0.000000
1653421629374067124 201.686831 4.958146 5 0 0.000000
1653421630386476777 202.480035 4.938712 5 0 0.000000
1653421630994256780 202.591050 4.935997 3 0 0.000000
1653421632410468234 283.240287 3.530546 5 0 0.000000
1653421633421905500 202.286195 4.943460 5 0 0.000000
1653421634433941992 202.405237 4.940533 5 0 0.000000
1653421635449823718 1015.880824 0.984366 1 0 0.000000
1653421636463043574 337.737701 2.960858 3 0 0.000000
1653421637473376899 202.065587 4.948862 5 0 0.000000
1653421638483382501 201.999746 4.950468 5 0 0.000000
1653421639089792860 202.135143 4.947145 3 0 0.000000
1653421640509776456 283.994347 3.521167 5 0 0.000000
1653421641320496476 202.678096 4.933886 4 0 0.000000
1653421642331301360 202.158971 4.946553 5 0 0.000000
1653421643343938753 202.525365 4.937602 5 0 0.000000
1653421644355666079 202.341626 4.942043 5 0 0.000000
1653421645364535277 201.771699 4.956044 5 0 0.000000
1653421646376102504 202.311317 4.942825 5 0 0.000000
1653421647388879094 202.553815 4.936923 5 0 0.000000
1653421648399424027 202.107708 4.947826 5 0 0.000000
1653421649411207782 202.355310 4.941767 5 0 0.000000
1653421650421531208 202.062974 4.948910 5 0 0.000000
1653421651432815949 202.255563 4.944206 5 0 0.000000
1653421652443776084 202.190472 4.945793 5 0 0.000000
1653421653456092697 202.460347 4.939166 5 0 0.000000
1653421654467467051 202.273615 4.943768 5 0 0.000000
1653421655477687007 202.042430 4.949417 5 0 0.000000
1653421656487909157 336.739177 2.969644 3 0 0.000000
1653421657498229286 505.158271 1.979571 2 0 0.000000
1653421658506832020 201.718517 4.957353 5 0 0.000000
1653421659517437801 202.119681 4.947528 5 0 0.000000
1653421660326861809 202.353367 4.941786 4 0 0.000000
1653421661338222427 202.270441 4.943835 5 0 0.000000
1653421662349934934 202.340748 4.942115 5 0 0.000000
1653421663359548138 201.919537 4.952391 5 0 0.000000
1653421664370393882 202.167742 4.946354 5 0 0.000000
1653421665379379435 201.795359 4.955472 5 0 0.000000
1653421666392122822 202.546912 4.937085 5 0 0.000000
1653421667404275449 202.428718 4.939967 5 0 0.000000
1653421668418409500 338.042880 2.958189 3 0 0.000000
1653421669427041731 201.724164 4.957208 5 0 0.000000
1653421670438617184 202.313598 4.942785 5 0 0.000000
1653421671248134893 202.377639 4.941214 4 0 0.000000
1653421672461711369 303.392223 3.296043 4 0 0.000000
1653421673067705955 201.996716 4.950539 3 0 0.000000
1653421674484325789 283.322808 3.529528 5 0 0.000000
1653421675496807992 337.492578 2.963015 3 0 0.000000
1653421676507364778 336.850385 2.968661 3 0 0.000000
1653421677517052667 201.936067 4.952025 5 0 0.000000
1653421678527204100 202.028589 4.949753 5 0 0.000000
1653421679337305375 202.524154 4.937654 4 0 0.000000
1653421680348212207 202.180372 4.946054 5 0 0.000000
1653421681359425140 202.241352 4.944557 5 0 0.000000
1653421682369378271 201.989378 4.950725 5 0 0.000000
1653421683381289873 202.381034 4.941143 5 0 0.000000
1653421684390153490 201.770872 4.956071 5 0 0.000000
1653421685402461667 202.460519 4.939207 5 0 0.000000
1653421686413971172 202.300649 4.943107 5 0 0.000000
1653421687019882007 201.968365 4.951224 3 0 0.000000
1653421688438279020 283.677716 3.525106 5 0 0.000000
1653421689447224406 201.787003 4.955670 5 0 0.000000
1653421690459624911 202.478680 4.938757 5 0 0.000000
1653421691471583553 202.390376 4.940913 5 0 0.000000
1653421692483132034 202.308149 4.942917 5 0 0.000000
1653421693491749096 201.721625 4.957283 5 0 0.000000
1653421694503929967 202.434172 4.939828 5 0 0.000000
1653421695516131618 202.438827 4.939727 5 0 0.000000
1653421696527867841 202.345972 4.942000 5 0 0.000000
1653421697539053711 337.059873 2.966814 3 0 0.000000
1653421697942016444 201.479213 4.963238 2 0 0.000000
1653421699359522919 283.499548 3.527321 5 0 0.000000
1653421700370651539 202.224353 4.944969 5 0 0.000000
1653421701381070098 202.082013 4.948444 5 0 0.000000
1653421702391990847 202.183030 4.945986 5 0 0.000000
1653421703402045173 202.009437 4.950229 5 0 0.000000
1653421704211548163 202.374703 4.941303 4 0 0.000000
1653421705428935156 304.344599 3.285726 4 0 0.000000
1653421706440965606 202.404808 4.940563 5 0 0.000000
1653421707454250749 202.656045 4.934445 5 0 0.000000
1653421708464658478 202.080205 4.948497 5 0 0.000000
1653421709475928590 202.252828 4.944277 5 0 0.000000
1653421710487527035 202.317581 4.942673 5 0 0.000000
1653421711499484173 202.389910 4.940921 5 0 0.000000
1653421712511347460 202.370762 4.941379 5 0 0.000000
1653421713320605927 202.313264 4.942797 4 0 0.000000
