1653785641594829160 274.409867 3.642778 3 0 0.000000
1653785642615980201 204.228653 4.896435 5 0 0.000000
1653785643633833222 203.567705 4.912301 5 0 0.000000
1653785644039897266 203.030489 4.925331 2 0 0.000000
1653785645261115559 407.070984 2.456563 3 0 0.000000
1653785646706404588 361.318715 2.767613 4 0 0.000000
1653785647722563470 203.230264 4.920490 5 0 0.000000
1653785648598674686 219.023829 4.565630 4 0 0.000000
1653785649614134603 203.090539 4.923877 5 0 0.000000
1653785650627958546 202.763172 4.931823 5 0 0.000000
1653785651643023336 338.352829 2.955476 3 0 0.000000
1653785652657142185 202.821333 4.930389 5 0 0.000000
1653785653673112787 338.655244 2.952841 3 0 0.000000
1653785654686884610 202.752858 4.932076 5 0 0.000000
1653785655698934657 202.407767 4.940467 5 0 0.000000
1653785656742207182 208.652922 4.792612 5 0 0.000000
1653785657754917231 202.540020 4.937247 5 0 0.000000
1653785658768509375 202.716822 4.932951 5 0 0.000000
1653785659780330762 202.362478 4.941584 5 0 0.000000
1653785660593489506 406.578219 2.459544 2 0 0.000000
1653785661605958032 202.491912 4.938425 5 0 0.000000
1653785661808371246 202.411751 4.940389 1 0 0.000000
1653785663648696753 368.063683 2.716911 5 0 0.000000
1653785664460087369 202.846266 4.929807 4 0 0.000000
1653785665677919392 304.455624 3.284526 4 0 0.000000
1653785666690099018 337.390747 2.963901 3 0 0.000000
1653785667702451090 202.469413 4.938993 5 0 0.000000
1653785668714577872 202.423735 4.940093 5 0 0.000000
1653785669726383794 202.359571 4.941659 5 0 0.000000
1653785670737782646 202.278576 4.943648 5 0 0.000000
1653785671775341827 207.510099 4.819002 5 0 0.000000
1653785672784779770 201.886216 4.953252 5 0 0.000000
1653785673594600098 202.451505 4.939367 4 0 0.000000
1653785674605169899 202.112532 4.947704 5 0 0.000000
1653785675617652427 202.494907 4.938357 5 0 0.000000
1653785676630953330 202.658959 4.934368 5 0 0.000000
1653785677643615930 202.530266 4.937479 5 0 0.000000
1653785678656324690 202.539366 4.937254 5 0 0.000000
1653785679666246690 201.983216 4.950877 5 0 0.000000
1653785680678738659 202.496895 4.938311 5 0 0.000000
1653785681688581246 201.966582 4.951267 5 0 0.000000
1653785682699579110 202.197437 4.945609 5 0 0.000000
1653785683306674787 202.363846 4.941560 3 0 0.000000
1653785684721495820 353.704188 2.827213 4 0 0.000000
1653785685733524525 202.404188 4.940571 5 0 0.000000
1653785686777119466 208.717101 4.791131 5 0 0.000000
1653785687788508257 202.276472 4.943697 5 0 0.000000
1653785688599731319 202.804345 4.930826 4 0 0.000000
1653785689612268941 202.506176 4.938088 5 0 0.000000
1653785690624228342 202.390710 4.940910 5 0 0.000000
1653785691634244695 202.002201 4.950415 5 0 0.000000
1653785692646242984 337.330953 2.964432 3 0 0.000000
1653785693656974705 202.143988 4.946911 5 0 0.000000
1653785694667699665 202.143593 4.946944 5 0 0.000000
1653785695678522573 202.162628 4.946465 5 0 0.000000
1653785696691009511 202.495835 4.938335 5 0 0.000000
1653785697704909550 202.777640 4.931453 5 0 0.000000
1653785698715693825 202.155352 4.946654 5 0 0.000000
1653785699727507372 337.269683 2.964973 3 0 0.000000
1653785700737411394 201.979182 4.950965 5 0 0.000000
1653785701344218696 202.267902 4.943909 3 0 0.000000
1653785702762828267 472.867346 2.114747 3 0 0.000000
1653785703778748993 338.639314 2.952986 3 0 0.000000
1653785704789911056 202.231044 4.944806 5 0 0.000000
1653785705802017702 202.419896 4.940191 5 0 0.000000
1653785706638039415 209.004258 4.784565 4 0 0.000000
1653785707446161356 202.028819 4.949748 4 0 0.000000
1653785708662895281 304.180829 3.287489 4 0 0.000000
1653785709269342307 606.445274 1.648949 1 0 0.000000
1653785710687762301 283.682518 3.525049 5 0 0.000000
1653785711701173695 337.802308 2.960298 3 0 0.000000
1653785712712653553 202.294799 4.943252 5 0 0.000000
1653785713723444853 202.157116 4.946620 5 0 0.000000
1653785714733788469 202.067643 4.948811 5 0 0.000000
1653785715745180884 202.276856 4.943680 5 0 0.000000
1653785716756291254 202.220918 4.945058 5 0 0.000000
1653785717767713553 202.282825 4.943534 5 0 0.000000
1653785718373793977 202.025840 4.949838 3 0 0.000000
1653785719789691265 471.964607 2.118798 3 0 0.000000
1653785720803099896 337.801745 2.960306 3 0 0.000000
1653785721611746870 202.159692 4.946534 4 0 0.000000
1653785722626584438 338.276234 2.956138 3 0 0.000000
1653785723635149356 201.711451 4.957539 5 0 0.000000
1653785724442836608 201.919731 4.952412 4 0 0.000000
1653785725659645918 304.200124 3.287286 4 0 0.000000
1653785726680939408 204.257530 4.895752 5 0 0.000000
1653785727692469026 202.304175 4.943009 5 0 0.000000
1653785728704353425 202.375611 4.941276 5 0 0.000000
1653785729716908273 202.509998 4.938004 5 0 0.000000
1653785730728395435 202.296104 4.943217 5 0 0.000000
1653785731739240508 202.166752 4.946356 5 0 0.000000
1653785732750862130 202.323267 4.942559 5 0 0.000000
1653785733762623117 202.350893 4.941879 5 0 0.000000
1653785734773669470 202.207876 4.945372 5 0 0.000000
1653785735784658900 202.196928 4.945650 5 0 0.000000
1653785736795315290 202.128885 4.947280 5 0 0.000000
1653785737803789876 336.156769 2.974790 3 0 0.000000
1653785738817132197 202.667086 4.934167 5 0 0.000000
1653785739827330922 202.038282 4.949521 5 0 0.000000
1653785740636975957 202.410061 4.940437 4 0 0.000000
1653785741647637559 202.131311 4.947254 5 0 0.000000
1653785742657875833 202.046206 4.949327 5 0 0.000000
1653785743668679921 336.932762 2.967934 3 0 0.000000
1653785744678198094 336.504749 2.971715 3 0 0.000000
1653785745286409759 202.735442 4.932493 3 0 0.000000
1653785746731192797 288.955187 3.460727 5 0 0.000000
1653785747743098145 202.379972 4.941174 5 0 0.000000
1653785748754457976 202.271020 4.943839 5 0 0.000000
1653785749766702289 202.447402 4.939519 5 0 0.000000
1653785750779257910 202.509199 4.938000 5 0 0.000000
1653785751793220752 202.791437 4.931147 5 0 0.000000
1653785752801588666 201.671673 4.958508 5 0 0.000000
1653785753813378655 202.356539 4.941737 5 0 0.000000
1653785754826563944 202.635916 4.934932 5 0 0.000000
1653785755436688759 610.123733 1.639009 1 0 0.000000
1653785756649078039 303.095930 3.299270 4 0 0.000000
1653785757661048717 202.392661 4.940855 5 0 0.000000
1653785758471227213 202.538535 4.937183 4 0 0.000000
1653785759687828514 304.148687 3.287848 4 0 0.000000
1653785760698693755 202.172064 4.946258 5 0 0.000000
1653785761744209829 209.101802 4.782327 5 0 0.000000
1653785762757433587 202.643561 4.934744 5 0 0.000000
1653785763771246234 202.761469 4.931878 5 0 0.000000
1653785764782977727 202.344813 4.942023 5 0 0.000000
1653785765794710758 202.345364 4.942015 5 0 0.000000
1653785766807491787 337.591509 2.962141 3 0 0.000000
1653785767818657634 202.232119 4.944787 5 0 0.000000
1653785768651555311 208.221386 4.802511 4 0 0.000000
1653785769258342267 202.261343 4.944075 3 0 0.000000
1653785770674191650 353.960249 2.825159 4 0 0.000000
1653785771687957365 202.751454 4.932106 5 0 0.000000
1653785772699178945 202.242901 4.944515 5 0 0.000000
1653785773710209671 202.204931 4.945448 5 0 0.000000
1653785774724729538 338.171957 2.957064 3 0 0.000000
1653785775736819224 202.415517 4.940273 5 0 0.000000
1653785776573351584 209.131347 4.781644 4 0 0.000000
1653785777785320817 302.989808 3.300413 4 0 0.000000
1653785778595069108 202.435567 4.939807 4 0 0.000000
1653785779806956724 302.970083 3.300636 4 0 0.000000
1653785780816168246 201.840758 4.954363 5 0 0.000000
1653785781828494114 202.463514 4.939121 5 0 0.000000
1653785782841430987 337.643433 2.961685 3 0 0.000000
1653785783852817669 202.275665 4.943707 5 0 0.000000
1653785784662822615 202.499288 4.938242 4 0 0.000000
1653785785674285097 202.291262 4.943337 5 0 0.000000
1653785786685279554 336.996346 2.967375 3 0 0.000000
1653785787696455929 202.234075 4.944736 5 0 0.000000
1653785788707241175 202.155216 4.946649 5 0 0.000000
1653785789718600356 202.270129 4.943842 5 0 0.000000
1653785790729963231 202.271607 4.943824 5 0 0.000000
1653785791742790828 202.564139 4.936674 5 0 0.000000
1653785792755281477 202.496351 4.938317 5 0 0.000000
1653785793767840272 202.510246 4.937985 5 0 0.000000
1653785794779579411 202.346353 4.941985 5 0 0.000000
1653785795790594315 202.201444 4.945525 5 0 0.000000
1653785796824574614 344.658740 2.901409 3 0 0.000000
1653785797835185461 202.120727 4.947503 5 0 0.000000
1653785798846350668 202.231228 4.944790 5 0 0.000000
1653785799857014159 202.130921 4.947245 5 0 0.000000
1653785800664889225 201.966653 4.951260 4 0 0.000000
1653785801678680641 202.756856 4.931982 5 0 0.000000
1653785802692437020 337.916349 2.959291 3 0 0.000000
1653785803705375729 202.586724 4.936133 5 0 0.000000
1653785804717349120 202.392791 4.940841 5 0 0.000000
1653785805526703176 404.674874 2.471106 2 0 0.000000
1653785806745670774 304.740702 3.281465 4 0 0.000000
1653785807352044961 202.122545 4.947440 3 0 0.000000
1653785808769267555 283.443046 3.528027 5 0 0.000000
1653785809780942887 202.333932 4.942298 5 0 0.000000
1653785810588531446 201.895254 4.953017 4 0 0.000000
1653785811833228134 311.172156 3.213634 4 0 0.000000
1653785812847801392 202.913395 4.928180 5 0 0.000000
1653785813858954096 202.229332 4.944852 5 0 0.000000
1653785814869666211 202.141109 4.947007 5 0 0.000000
1653785815680962089 202.822958 4.930384 4 0 0.000000
1653785816695857526 338.297237 2.955969 3 0 0.000000
1653785817705478041 201.921963 4.952357 5 0 0.000000
1653785818718151479 202.533219 4.937426 5 0 0.000000
1653785819730796494 202.527402 4.937564 5 0 0.000000
1653785820743570040 202.552481 4.936938 5 0 0.000000
1653785821756947311 202.674354 4.933997 5 0 0.000000
1653785822767329660 202.074570 4.948622 5 0 0.000000
1653785823780170923 202.567032 4.936608 5 0 0.000000
1653785824589988209 202.452916 4.939386 4 0 0.000000
1653785825806278622 304.071379 3.288688 4 0 0.000000
1653785826845713429 207.884639 4.810307 5 0 0.000000
1653785827858246895 202.505082 4.938108 5 0 0.000000
1653785828869586989 202.266660 4.943935 5 0 0.000000
1653785829679473726 202.470134 4.938962 4 0 0.000000
1653785830692480722 202.600075 4.935800 5 0 0.000000
1653785831706297912 337.937153 2.959113 3 0 0.000000
1653785832717623740 202.263581 4.944005 5 0 0.000000
1653785833729040038 202.282060 4.943563 5 0 0.000000
1653785834743629936 202.916875 4.928099 5 0 0.000000
1653785835755505034 202.373104 4.941321 5 0 0.000000
1653785836768320013 202.561775 4.936736 5 0 0.000000
